147
190
227
218
159
76
-15
-99
-156
-165
-138
-101
-68
-41
-24
-29
-59
-100
-134
-146
-137
-100
-4
149
295
334
236
71
-60
-100
-72
-34
-34
-76
-137
-182
-187
-158
-137
-179
-278
-362
-356
-275
-193
-149
-99
5
129
207
212
170
100
26
-18
-11
28
63
91
137
204
252
243
187
140
123
115
75
6
-73
-142
-195
-218
-217
-205
-194
-194
-201
-208
-196
-167
-125
-68
-11
24
29
31
42
50
58
89
139
156
101
18
-12
52
174
283
358
428
510
565
561
505
436
378
341
329
326
295
204
97
49
88
164
210
199
159
127
122
126
97
10
-118
-214
-211
-114
2
75
97
103
110
112
105
92
83
81
87
99
121
135
124
76
10
-31
-26
0
2
-36
-81
-97
-97
-124
-214
-342
-452
-492
-457
-392
-348
-360
-406
-444
-444
-422
-394
-367
-327
-274
-216
-159
-108
-64
-40
-32
-33
-31
-34
-58
-111
-181
-248
-317
-395
-464
-483
-447
-406
-403
-415
-394
-335
-274
-247
-254
-273
-278
-261
-237
-204
-156
-91
-22
39
84
111
117
115
117
138
175
199
180
119
62
50
81
119
116
57
-16
-20
102
297
449
467
405
376
425
487
479
395
285
182
83
2
-16
21
68
88
106
154
210
239
236
238
272
329
386
425
444
437
421
422
439
450
432
386
325
260
209
180
180
204
251
316
370
395
374
310
198
51
-100
-210
-237
-185
-108
-79
-127
-203
-222
-144
-11
80
74
10
-21
14
68
81
41
-38
-151
-251
-284
-248
-218
-250
-309
-329
-301
-284
-322
-397
-444
-438
-394
-355
-338
-335
-315
-272
-226
-202
-193
-200
-228
-270
-287
-259
-217
-188
-160
-100
-7
87
150
168
158
147
146
138
105
40
-30
-64
-31
48
115
149
171
208
250
276
262
189
66
-55
-108
-83
-35
-16
-51
-112
-160
-161
-138
-147
-202
-251
-244
-187
-127
-94
-80
-60
-11
63
135
164
136
66
-2
-30
-27
-39
-110
-225
-316
-334
-296
-265
-265
-256
-195
-96
-31
-53
-154
-266
-323
-298
-222
-152
-132
-165
-206
-212
-180
-140
-99
-42
35
102
140
143
106
34
-37
-54
-19
34
90
177
301
399
427
399
356
304
229
148
96
89
120
176
237
291
321
323
321
338
388
450
499
525
530
528
518
476
383
258
181
207
318
409
406
312
204
149
139
141
128
110
95
104
127
124
54
-74
-192
-242
-230
-216
-250
-330
-412
-442
-395
-315
-260
-257
-265
-235
-180
-144
-146
-149
-121
-81
-70
-76
-51
29
110
129
87
34
5
-27
-110
-236
-330
-310
-184
-44
27
8
-59
-122
-152
-143
-95
-28
-1
-82
-275
-474
-549
-434
-210
-37
-20
-109
-155
-69
90
193
188
129
101
123
159
159
112
25
-81
-188
-277
-330
-338
-303
-240
-169
-106
-73
-61
-41
5
82
176
246
217
67
-126
-230
-209
-126
-84
-131
-229
-295
-274
-188
-86
2
76
151
240
344
444
513
533
524
507
491
455
374
251
122
28
-23
-58
-81
-68
-9
66
107
95
42
-36
-110
-148
-150
-157
-193
-214
-174
-108
-97
-182
-302
-380
-355
-239
-97
-15
-5
-7
41
136
226
274
268
228
201
222
273
303
281
227
172
146
155
179
198
196
180
171
183
209
201
127
27
-33
-26
14
33
0
-71
-136
-162
-149
-122
-98
-77
-40
33
112
163
171
161
163
184
207
212
179
105
32
5
21
34
1
-78
-178
-261
-314
-342
-365
-389
-411
-421
-404
-355
-284
-210
-154
-118
-101
-102
-119
-136
-104
1
132
213
204
145
102
95
109
108
79
47
43
72
93
92
81
77
58
7
-58
-87
-59
0
61
110
129
95
15
-48
-30
40
62
-33
-201
-333
-373
-353
-334
-337
-354
-365
-354
-313
-273
-274
-315
-334
-279
-171
-84
-64
-89
-123
-137
-137
-121
-90
-42
22
96
168
227
264
273
265
259
267
276
268
220
122
-27
-183
-287
-308
-276
-242
-186
-71
99
240
303
305
298
288
254
183
85
-14
-111
-193
-233
-188
-61
95
228
329
402
443
444
442
491
588
662
630
506
373
286
235
175
94
22
-6
8
23
0
-71
-180
-298
-378
-394
-371
-355
-359
-368
-358
-327
-275
-216
-159
-107
-71
-82
-200
-441
-734
-927
-895
-669
-419
-304
-313
-310
-194
15
251
465
634
723
716
644
572
550
574
606
629
655
694
735
767
801
816
765
625
455
352
371
479
599
685
700
549
74
-760
-1673
-2163
-1912
-1154
-552
-591
-1098
-1412
-1036
-82
880
1360
1290
931
588
414
406
469
493
404
167
-197
-590
-853
-899
-814
-774
-891
-1085
-1144
-891
-361
219
595
659
480
224
59
43
111
123
-12
-280
-575
-773
-810
-695
-490
-252
-27
155
325
550
869
1206
1388
1305
993
632
392
299
223
31
-270
-531
-632
-548
-342
-97
84
123
54
12
87
203
204
15
-281
-550
-726
-825
-888
-911
-892
-841
-792
-757
-700
-584
-382
-119
151
381
546
636
660
628
557
448
305
138
-13
-106
-121
-92
-65
-41
13
101
183
235
273
320
368
380
323
201
48
-86
-156
-170
-199
-325
-534
-718
-752
-601
-316
-8
218
324
358
394
481
609
721
740
642
484
340
258
202
131
45
-4
47
167
278
332
372
459
590
702
713
576
326
84
-46
-49
-22
-28
-67
-114
-173
-262
-354
-408
-415
-385
-333
-269
-199
-115
-20
60
101
120
107
-38
-368
-680
-612
-66
546
651
159
-407
-444
78
635
745
403
-32
-266
-248
-103
29
73
43
-22
-134
-312
-505
-592
-523
-390
-345
-442
-555
-506
-261
14
116
24
-111
-146
-77
27
121
175
119
-96
-401
-624
-667
-587
-504
-478
-446
-322
-80
194
395
480
459
329
75
-228
-441
-488
-457
-500
-661
-845
-915
-807
-578
-337
-162
-83
-92
-140
-130
0
202
363
375
244
59
-84
-146
-151
-127
-75
9
114
204
272
353
493
675
819
868
826
769
774
870
990
1039
982
872
770
694
638
610
628
651
604
469
336
302
384
522
660
757
810
848
893
880
643
27
-957
-2033
-2771
-2864
-2391
-1785
-1457
-1469
-1493
-1134
-299
688
1360
1489
1221
880
708
716
752
637
317
-93
-409
-527
-503
-498
-637
-901
-1125
-1109
-763
-187
427
919
1248
1475
1695
1946
2168
2253
2129
1798
1340
887
573
438
414
391
295
55
-552
-1787
-3380
-4286
-3524
-1440
291
300
-1010
-1871
-1017
1050
2670
2723
1547
307
-173
118
681
975
760
192
-389
-774
-977
-1088
-1190
-1408
-1874
-2539
-3074
-3055
-2352
-1285
-384
64
175
244
444
776
1154
1438
1437
1015
233
-701
-1607
-2334
-2659
-2436
-1864
-1404
-1263
-1056
-182
1436
3106
4008
3995
3683
3741
4219
4550
4168
3066
1806
986
716
627
355
-38
-211
-74
-47
-669
-2022
-3586
-4644
-4724
-3891
-2755
-2108
-2271
-2743
-2621
-1456
220
1325
1234
402
-132
219
1145
1920
2118
1850
1497
1304
1218
1043
665
111
-622
-1545
-2528
-3251
-3436
-3108
-2533
-1959
-1445
-921
-312
372
1035
1558
1817
1701
1189
473
-88
-308
-442
-1014
-2191
-3398
-3681
-2605
-777
690
1245
1376
1953
3269
4765
5675
5705
5120
4339
3607
2996
2478
1950
1271
414
-434
-974
-1052
-795
-461
-172
155
634
1277
1952
2475
2558
1788
-111
-2650
-4511
-4603
-3363
-2581
-3532
-5511
-6475
-5162
-2367
-20
743
438
357
1235
2801
4275
5039
4947
4269
3405
2602
1860
1060
102
-1094
-2576
-4191
-5502
-5986
-5493
-4436
-3482
-2983
-2715
-2176
-1125
219
1343
1738
1221
227
-335
92
998
1174
26
-1690
-2536
-1811
-185
1112
1527
1536
1885
2790
3912
4853
5515
5972
6209
6114
5698
5149
4550
3736
2574
1189
-241
-1815
-3668
-5436
-6338
-6004
-5036
-4425
-4472
-4512
-3826
-2484
-1182
-454
-244
-196
-51
207
513
895
1431
2039
2400
2256
1677
1002
447
-87
-828
-1801
-2708
-3182
-3119
-2804
-2593
-2521
-2269
-1562
-550
305
689
684
548
366
1
-554
-1024
-1132
-1025
-1135
-1596
-1982
-1789
-1058
-355
-126
-188
30
822
1907
2808
3377
3818
4352
5017
5722
6301
6571
6427
5909
5122
4198
3270
2310
1009
-960
-3380
-5364
-6016
-5359
-4429
-4296
-4938
-5272
-4382
-2533
-880
-293
-563
-738
-114
1149
2309
2801
2682
2441
2432
2606
2606
2143
1192
-42
-1320
-2498
-3487
-4146
-4352
-4179
-3867
-3534
-3053
-2231
-1112
9
733
869
619
486
774
1256
1380
874
44
-573
-778
-762
-709
-562
-205
345
993
1693
2413
3083
3611
3943
4110
4153
4055
3708
3033
2217
1853
2476
3667
4008
2518
65
-1354
-865
220
-71
-2156
-4536
-5551
-5074
-4290
-4190
-4654
-4919
-4479
-3473
-2421
-1686
-1134
-326
890
2090
2721
2760
2731
2974
3127
2543
1119
-481
-1527
-1949
-2278
-2943
-3797
-4365
-4344
-3797
-2960
-2104
-1517
-1392
-1593
-1669
-1234
-409
248
326
16
-63
447
1231
1630
1377
947
1010
1693
2482
2932
3171
3582
4208
4712
4900
5011
5317
5650
5569
4973
4305
4001
3838
3049
1177
-1202
-2867
-3171
-2781
-3010
-4417
-6209
-7042
-6389
-4985
-4010
-3942
-4227
-3945
-2700
-949
452
1051
1188
1603
2660
4034
5063
5347
4949
4196
3345
2412
1246
-239
-1895
-3388
-4457
-5105
-5529
-5905
-6193
-6169
-5652
-4719
-3655
-2667
-1726
-791
8
518
861
1366
2171
2955
3238
2947
2578
2677
3232
3709
3680
3313
3184
3628
4358
4753
4506
3894
3448
3469
3846
4219
4254
3863
3203
2468
1739
964
109
-741
-1445
-2028
-2694
-3556
-4409
-4953
-5114
-5105
-5144
-5215
-5043
-4392
-3399
-2513
-2043
-1771
-1197
-114
1151
2135
2707
3095
3545
4018
4215
3885
3130
2331
1677
941
-194
-1662
-3029
-3994
-4725
-5629
-6738
-7489
-7248
-6091
-4857
-4293
-4248
-3837
-2443
-424
1245
2008
2236
2672
3553
4457
4962
5162
5445
5890
6095
5685
4879
4371
4580
5131
5199
4409
3261
2578
2525
2408
1493
-81
-1442
-2044
-2242
-2735
-3607
-4286
-4334
-3999
-3831
-3979
-4080
-3789
-3191
-2600
-2208
-2012
-1930
-1820
-1443
-671
265
914
1065
1011
1256
1962
2780
3208
3041
2521
2029
1729
1434
842
-149
-1331
-2381
-3141
-3726
-4373
-5136
-5799
-6060
-5806
-5207
-4547
-3953
-3301
-2380
-1151
173
1324
2203
2907
3596
4351
5149
5848
6227
6140
5716
5337
5282
5398
5258
4702
4110
3988
4244
4178
3268
1874
863
602
543
-93
-1372
-2631
-3258
-3303
-3237
-3316
-3410
-3348
-3234
-3260
-3351
-3202
-2650
-1942
-1476
-1375
-1345
-1007
-306
432
824
816
693
795
1124
1343
1203
846
633
688
779
604
125
-444
-913
-1297
-1754
-2378
-3123
-3831
-4324
-4496
-4402
-4207
-4017
-3745
-3174
-2266
-1330
-732
-458
-136
519
1375
2094
2529
2836
3188
3485
3501
3245
3061
3232
3621
3791
3474
2852
2386
2333
2512
2552
2304
1893
1427
864
169
-515
-1027
-1380
-1739
-2120
-2250
-1854
-1068
-437
-350
-602
-635
-188
402
610
304
-196
-522
-594
-550
-532
-561
-553
-392
-52
328
581
674
711
731
626
309
-140
-555
-946
-1480
-2247
-3062
-3593
-3685
-3528
-3437
-3537
-3672
-3625
-3329
-2845
-2261
-1668
-1191
-905
-698
-296
433
1232
1597
1314
770
618
1087
1725
1916
1556
1138
1194
1778
2509
3000
3181
3207
3219
3203
3063
2761
2351
1912
1453
978
581
416
509
669
682
570
566
792
1063
1094
846
607
634
842
917
728
467
400
519
563
353
11
-209
-245
-271
-442
-676
-814
-858
-1009
-1389
-1874
-2214
-2304
-2271
-2263
-2314
-2372
-2432
-2504
-2548
-2439
-2088
-1540
-980
-549
-237
50
337
580
763
884
891
698
327
-41
-230
-244
-271
-450
-695
-769
-555
-186
105
201
192
223
371
601
872
1168
1453
1643
1701
1720
1833
2057
2251
2218
1850
1250
688
413
424
508
453
246
48
65
356
762
1032
1064
966
864
741
509
179
-120
-319
-535
-943
-1519
-1994
-2119
-1945
-1781
-1886
-2202
-2414
-2319
-2053
-1893
-1878
-1760
-1375
-893
-605
-544
-480
-236
101
340
405
376
349
342
308
192
-17
-262
-451
-531
-525
-521
-582
-707
-835
-862
-683
-264
302
817
1137
1266
1342
1458
1592
1669
1641
1503
1219
803
411
279
465
760
918
969
1137
1492
1803
1813
1566
1367
1429
1603
1551
1142
625
334
323
345
165
-241
-731
-1205
-1664
-2129
-2530
-2739
-2732
-2638
-2621
-2686
-2671
-2390
-1789
-1000
-278
163
319
375
488
643
722
636
409
138
-77
-206
-276
-314
-326
-335
-362
-354
-219
53
327
459
463
505
735
1107
1425
1576
1637
1731
1822
1745
1420
970
584
326
102
-152
-345
-340
-119
181
432
592
691
772
874
1006
1136
1218
1220
1146
1037
958
925
850
603
141
-388
-785
-987
-1112
-1292
-1511
-1654
-1664
-1590
-1534
-1551
-1643
-1768
-1879
-1938
-1926
-1860
-1801
-1835
-1980
-2099
-1956
-1469
-868
-497
-449
-504
-401
-118
155
233
125
2
3
74
69
-16
-11
214
580
911
1160
1431
1806
2183
2372
2264
1961
1638
1371
1109
815
551
379
264
103
-121
-314
-375
-315
-198
-28
231
541
822
1057
1281
1504
1676
1779
1794
1684
1417
1009
530
51
-383
-755
-1022
-1126
-1058
-937
-948
-1156
-1413
-1476
-1277
-1002
-934
-1166
-1506
-1662
-1523
-1267
-1187
-1396
-1701
-1796
-1607
-1349
-1234
-1221
-1112
-852
-600
-486
-441
-281
45
436
757
966
1116
1285
1522
1805
2047
2129
1990
1686
1371
1146
965
708
372
89
-34
-19
40
118
232
385
538
684
888
1161
1385
1406
1258
1164
1280
1504
1557
1299
870
536
434
469
466
372
277
272
323
307
152
-111
-437
-811
-1209
-1563
-1794
-1892
-1908
-1899
-1870
-1779
-1632
-1491
-1395
-1294
-1131
-965
-916
-1005
-1107
-1094
-977
-852
-779
-734
-659
-513
-279
18
291
435
434
386
411
538
686
733
610
366
147
52
60
108
185
268
267
134
-31
-91
-21
83
190
346
595
860
1001
946
759
602
567
614
626
540
386
250
217
319
508
697
814
852
875
927
980
957
835
675
549
463
335
86
-270
-622
-895
-1128
-1410
-1733
-1958
-1974
-1794
-1535
-1291
-1073
-849
-631
-490
-458
-438
-270
55
336
335
51
-249
-306
-146
-17
-92
-275
-348
-218
-3
111
42
-147
-339
-450
-466
-421
-376
-359
-346
-281
-135
70
295
530
759
918
939
828
699
651
681
684
553
271
-68
-290
-299
-132
74
215
307
465
756
1107
1343
1347
1172
955
769
582
335
36
-252
-492
-694
-877
-1024
-1102
-1100
-1034
-918
-742
-481
-146
185
402
458
409
368
406
495
521
413
198
-9
-112
-97
-24
25
-19
-147
-268
-266
-103
154
368
416
300
157
156
306
455
435
265
112
96
142
85
-102
-281
-312
-237
-180
-166
-96
97
327
444
412
351
394
518
569
446
201
-42
-203
-282
-311
-338
-419
-566
-731
-834
-813
-668
-465
-313
-261
-257
-204
-79
70
175
209
143
-36
-277
-455
-477
-378
-282
-271
-326
-357
-287
-128
52
224
431
685
886
914
762
562
415
308
144
-124
-452
-737
-919
-992
-966
-840
-603
-291
12
193
236
231
286
398
472
422
279
148
132
224
293
193
-111
-494
-755
-788
-659
-538
-520
-563
-566
-503
-414
-335
-243
-124
-31
-31
-98
-123
-50
52
49
-82
-216
-204
-76
41
61
22
-31
-122
-265
-395
-415
-336
-263
-260
-245
-87
255
688
1104
1452
1721
1897
1951
1892
1743
1524
1230
868
485
138
-144
-398
-665
-894
-941
-706
-283
89
244
264
362
618
872
941
865
845
970
1107
1060
799
488
292
220
142
-49
-315
-517
-576
-565
-608
-720
-784
-687
-444
-186
-27
32
79
179
327
481
607
664
600
403
128
-146
-376
-578
-791
-1022
-1219
-1327
-1333
-1280
-1214
-1152
-1078
-980
-851
-691
-517
-365
-258
-181
-98
-3
66
81
62
55
46
-44
-252
-505
-688
-758
-766
-788
-835
-852
-776
-594
-348
-77
195
449
646
750
766
747
740
734
676
561
466
453
498
518
445
270
19
-238
-419
-496
-511
-516
-499
-402
-185
86
302
421
514
650
788
797
633
405
253
168
-6
-353
-753
-994
-1011
-914
-852
-838
-777
-598
-370
-201
-97
38
258
491
633
656
640
672
750
792
742
631
511
403
312
257
247
275
312
340
356
378
402
398
352
306
327
417
491
431
226
-7
-138
-150
-134
-153
-186
-160
-60
69
163
175
72
-150
-394
-536
-511
-387
-287
-268
-271
-199
-28
149
242
251
265
340
423
421
306
169
102
101
78
-22
-158
-251
-273
-289
-374
-535
-686
-739
-671
-509
-286
-32
182
284
282
269
342
502
677
789
810
761
692
648
634
632
606
533
427
307
190
89
25
-5
-44
-143
-310
-500
-645
-697
-655
-562
-467
-377
-280
-196
-174
-242
-357
-454
-514
-584
-694
-780
-759
-639
-531
-472
-394
-231
-38
62
20
-93
-182
-241
-332
-492
-668
-776
-809
-827
-875
-944
-1012
-1062
-1037
-903
-726
-630
-652
-675
-582
-377
-194
-137
-170
-154
4
241
428
527
610
746
912
1054
1162
1258
1331
1353
1295
1173
1036
949
964
1064
1139
1046
771
476
373
501
694
756
632
437
342
430
610
708
626
431
254
164
127
64
-52
-154
-146
-23
98
115
43
-15
-8
23
6
-92
-241
-393
-537
-692
-841
-924
-935
-945
-1029
-1159
-1232
-1194
-1077
-982
-959
-973
-912
-718
-457
-242
-130
-64
32
166
305
443
595
722
770
755
781
900
1043
1098
1046
945
858
803
767
723
641
516
380
286
257
274
294
292
287
307
341
347
301
238
201
206
213
165
20
-175
-299
-282
-169
-77
-75
-167
-299
-414
-488
-530
-560
-581
-615
-677
-752
-783
-746
-699
-720
-833
-984
-1094
-1121
-1090
-1059
-1068
-1108
-1149
-1133
-1020
-839
-687
-617
-568
-445
-241
-41
74
93
78
96
161
236
304
386
471
500
456
404
441
577
752
881
931
927
911
888
831
731
611
499
383
247
126
85
157
275
338
323
314
394
543
656
661
574
481
444
435
357
143
-159
-418
-540
-528
-451
-386
-376
-400
-403
-371
-364
-448
-618
-778
-841
-795
-707
-652
-627
-595
-550
-528
-520
-466
-332
-180
-98
-99
-105
-36
97
192
177
110
108
199
299
318
243
143
105
168
284
374
425
495
612
733
816
864
897
915
910
883
847
798
717
567
357
152
22
-18
-21
-20
-13
40
159
325
484
602
693
764
780
691
520
324
134
-68
-280
-467
-610
-729
-859
-987
-1083
-1123
-1111
-1061
-987
-902
-822
-753
-671
-578
-507
-491
-494
-472
-405
-313
-226
-186
-230
-315
-341
-250
-96
17
29
-32
-89
-73
2
67
89
107
158
233
303
366
442
508
517
439
328
273
337
482
606
620
517
368
257
224
246
261
236
166
78
13
23
119
244
327
347
346
374
443
509
501
369
145
-75
-205
-236
-253
-345
-518
-674
-721
-668
-598
-587
-637
-704
-717
-653
-542
-440
-380
-355
-350
-332
-278
-195
-127
-107
-120
-109
-66
-37
-62
-126
-173
-191
-201
-210
-184
-93
27
130
213
321
465
585
599
502
391
392
546
729
764
613
428
394
532
691
721
610
466
366
306
242
157
72
7
-30
-53
-81
-112
-115
-59
46
167
262
301
272
200
106
-10
-167
-344
-495
-579
-618
-668
-754
-850
-906
-929
-944
-948
-888
-736
-546
-425
-411
-427
-370
-245
-143
-127
-175
-225
-246
-230
-197
-147
-90
-36
-9
-55
-161
-256
-207
33
407
772
1033
1178
1262
1346
1414
1394
1210
897
584
414
423
534
632
670
684
713
739
678
484
202
-56
-206
-251
-228
-163
-50
109
272
364
332
205
65
-60
-221
-465
-773
-1074
-1358
-1623
-1823
-1847
-1620
-1165
-577
5
448
672
669
513
293
59
-189
-454
-694
-844
-875
-791
-609
-372
-156
-38
-32
-113
-252
-463
-735
-994
-1113
-1021
-786
-530
-331
-132
121
426
692
888
1051
1213
1327
1311
1181
1027
943
928
947
962
984
1012
1034
996
840
551
197
-122
-359
-537
-678
-741
-698
-533
-334
-144
-15
106
186
154
-37
-312
-508
-600
-655
-778
-934
-1022
-950
-764
-566
-454
-406
-404
-349
-231
-30
122
154
52
-66
-84
-8
110
145
95
-32
-134
-175
-113
-65
-52
-96
-57
58
200
315
399
483
516
498
415
355
344
398
430
389
301
274
379
577
785
890
870
726
600
561
659
797
882
871
738
536
294
123
43
59
31
-116
-369
-559
-566
-449
-338
-308
-310
-313
-334
-394
-483
-538
-555
-576
-612
-611
-444
-204
-40
-95
-261
-325
-211
29
193
251
212
253
371
506
529
408
235
20
-89
-148
-110
-170
-293
-436
-438
-268
-68
46
-5
-30
45
246
350
263
-16
-268
-393
-359
-410
-534
-672
-604
-383
-171
-55
-69
-23
70
305
462
520
378
162
4
-53
10
21
-54
-231
-379
-414
-348
-272
-286
-368
-469
-493
-457
-430
-498
-608
-704
-740
-708
-537
-183
201
452
438
267
78
36
84
114
-6
-191
-371
-443
-401
-174
177
503
659
624
611
640
738
732
672
546
434
356
317
346
336
289
92
-21
-35
180
380
482
437
295
208
105
91
38
36
-42
-145
-296
-356
-274
-97
24
-54
-245
-448
-492
-455
-364
-360
-391
-471
-488
-461
-356
-235
-123
-31
-37
-75
-211
-293
-357
-274
-121
67
230
330
437
524
681
783
825
744
702
703
763
800
839
832
705
512
285
176
108
134
154
204
278
471
692
793
689
511
401
380
375
288
145
-59
-124
-84
86
144
8
-309
-587
-591
-352
-132
-204
-500
-785
-832
-696
-556
-654
-984
-1379
-1539
-1400
-1035
-635
-357
-266
-360
-500
-594
-637
-677
-715
-686
-623
-545
-563
-611
-665
-626
-471
-268
-52
18
12
-88
-63
66
316
499
530
457
393
463
546
592
488
367
234
187
150
143
146
128
68
-81
-174
-209
-95
13
138
207
302
414
437
391
204
141
106
170
118
26
-37
-6
174
331
557
659
680
469
194
-27
-155
-219
-340
-445
-583
-654
-700
-660
-506
-265
2
132
113
12
-21
59
159
165
-12
-220
-341
-238
-14
182
257
211
194
267
489
759
1013
1101
1003
745
490
341
371
512
623
583
404
294
298
391
348
222
103
171
369
508
528
438
403
404
494
629
775
795
685
532
437
422
386
359
304
291
231
115
-93
-341
-564
-736
-801
-817
-798
-818
-764
-652
-520
-503
-512
-498
-460
-516
-623
-679
-634
-552
-553
-583
-702
-777
-826
-738
-593
-472
-391
-379
-413
-527
-632
-652
-558
-425
-367
-406
-448
-405
-264
-191
-170
-227
-198
-161
-117
-168
-266
-322
-351
-307
-337
-312
-275
-115
57
210
307
355
400
452
586
738
825
760
589
443
417
472
539
496
379
173
12
-112
-174
-200
-228
-211
-221
-141
-43
86
156
176
186
182
192
192
188
168
88
-34
-213
-310
-324
-244
-135
-18
117
199
231
225
187
134
45
12
6
40
94
175
279
335
377
428
519
595
638
659
601
398
136
-23
37
176
245
147
-42
-112
-38
174
271
305
223
141
11
-67
-62
59
243
343
349
235
239
293
392
321
155
-48
-168
-135
9
165
171
34
-104
-90
83
238
196
-43
-352
-481
-405
-184
-63
-149
-360
-594
-670
-594
-366
-177
-160
-280
-404
-437
-456
-488
-568
-638
-726
-806
-838
-798
-664
-500
-311
-156
-59
-14
23
151
283
377
318
197
98
38
47
21
-3
-52
-32
70
198
296
335
388
442
543
607
629
587
541
516
417
257
30
-103
-170
-178
-226
-348
-388
-370
-204
-124
-26
42
135
131
-18
-182
-269
-145
-15
59
-62
-180
-207
-42
163
257
195
28
-118
-269
-345
-400
-414
-497
-590
-660
-628
-524
-391
-302
-280
-258
-202
-76
22
95
55
-27
-133
-176
-171
-125
-40
53
104
67
35
29
60
67
56
53
69
136
212
311
402
551
673
728
654
533
453
387
344
262
269
323
435
457
454
431
445
396
283
157
76
50
48
81
134
199
244
316
392
477
493
418
226
2
-141
-122
-71
-27
-89
-131
-190
-170
-126
-90
-62
-82
-11
13
54
-55
-189
-350
-412
-372
-269
-107
25
121
56
-92
-262
-296
-224
-95
-25
-34
-48
4
119
149
83
-36
-46
12
98
104
86
69
80
100
127
179
232
263
243
214
188
204
218
269
274
284
198
120
-24
-135
-239
-303
-311
-303
-254
-281
-349
-487
-598
-681
-699
-672
-613
-573
-541
-541
-483
-432
-378
-368
-349
-237
-126
-58
-155
-244
-269
-211
-230
-315
-374
-250
-10
202
251
146
44
19
105
161
153
42
-81
-195
-246
-283
-311
-364
-344
-262
-96
13
78
87
113
153
164
178
133
124
106
168
225
288
276
192
63
5
115
293
438
432
401
380
465
552
605
566
466
385
301
285
224
102
-108
-317
-385
-407
-363
-361
-255
-94
80
175
144
84
26
79
108
109
16
3
43
168
252
284
227
159
154
194
230
196
129
70
47
62
68
51
-21
-123
-176
-146
-37
-20
-106
-297
-396
-363
-217
-110
-106
-149
-131
-10
147
260
256
136
-79
-239
-265
-141
-31
10
-6
25
79
125
122
113
127
150
174
183
229
247
250
157
24
-95
-122
-7
98
146
71
28
53
198
338
411
399
380
421
485
560
584
588
508
347
84
-194
-378
-435
-403
-378
-345
-312
-297
-309
-365
-354
-360
-354
-442
-557
-641
-685
-653
-681
-660
-671
-556
-453
-365
-350
-317
-184
-31
64
37
-35
-69
-17
111
249
300
288
209
173
127
125
122
98
49
-74
-164
-285
-365
-402
-290
-75
98
178
170
178
131
30
-108
-202
-183
-85
63
162
219
229
200
158
107
126
156
222
267
289
272
231
241
284
296
229
124
52
21
22
2
-70
-195
-280
-299
-283
-269
-241
-129
-30
38
-11
-24
-10
84
152
167
158
109
108
99
167
170
147
75
83
151
237
291
277
234
180
169
145
120
90
87
34
-68
-190
-189
-62
103
174
82
-43
-120
-38
69
144
115
73
91
130
171
119
132
214
355
443
417
360
233
168
113
130
105
42
16
51
187
241
241
126
32
-42
-65
-83
-165
-295
-400
-378
-258
-134
-83
-89
-112
-78
-14
97
123
98
0
-34
10
80
133
77
25
-91
-190
-323
-397
-435
-488
-539
-605
-618
-637
-639
-599
-524
-426
-362
-310
-202
-65
95
129
126
67
12
-45
-120
-102
-71
15
9
-39
-82
-73
9
17
-15
-116
-154
-166
-174
-212
-232
-196
-133
-82
-88
-89
-98
-64
-48
-35
-28
4
74
134
162
135
111
113
148
171
129
4
-146
-252
-247
-152
15
159
218
195
143
166
193
226
167
70
-58
-131
-97
8
131
165
99
-76
-238
-259
-133
54
114
115
38
-1
-54
-59
-65
-108
-173
-195
-92
68
199
227
182
96
7
-45
-48
-51
-74
-115
-57
20
112
97
79
101
210
396
548
690
722
699
544
383
268
256
315
387
502
569
578
489
438
469
572
641
600
469
310
263
272
337
301
225
134
74
93
48
11
-88
-42
78
241
281
202
90
-43
-131
-241
-291
-308
-269
-247
-313
-464
-623
-682
-631
-517
-473
-557
-735
-858
-812
-629
-404
-256
-201
-195
-173
-103
-50
-47
-89
-143
-222
-327
-380
-336
-221
-101
-17
87
173
289
346
323
213
73
49
72
142
128
91
-4
-82
-110
-100
-59
-56
-33
-29
-24
-17
-16
-56
-145
-200
-170
-121
-129
-182
-144
-75
14
-17
-30
-92
-149
-233
-252
-123
17
126
26
-107
-233
-203
-191
-308
-557
-751
-734
-656
-612
-649
-589
-416
-213
-101
-126
-182
-210
-137
-108
-104
-173
-204
-203
-149
-25
115
246
301
363
379
376
348
417
583
723
728
600
435
346
356
466
573
647
630
586
583
646
741
707
623
532
613
744
835
779
631
517
487
494
435
356
339
412
447
354
219
148
272
458
554
430
163
5
-58
-49
-187
-328
-473
-483
-478
-515
-612
-727
-659
-533
-389
-449
-608
-794
-870
-786
-611
-428
-345
-349
-411
-447
-424
-329
-263
-223
-291
-391
-494
-498
-390
-273
-156
-114
-73
-88
-129
-196
-235
-194
-134
-95
-97
-57
48
166
254
311
372
431
492
509
440
306
170
122
125
156
168
127
73
11
57
172
355
456
388
161
-99
-198
-181
-111
-179
-306
-475
-564
-555
-466
-329
-276
-237
-267
-214
-156
-83
-129
-300
-434
-482
-366
-258
-138
-45
-12
-34
-133
-152
-112
4
76
88
70
53
10
-107
-246
-274
-214
-137
-125
-124
-87
-66
-45
-24
93
246
343
315
201
130
127
194
251
284
251
200
194
243
319
355
396
430
506
580
647
633
560
502
476
466
389
313
214
91
-89
-212
-254
-233
-210
-133
6
126
120
10
-138
-152
-54
97
205
203
207
155
221
272
348
294
200
163
141
196
180
271
308
342
319
259
243
146
88
-49
-126
-167
-125
-60
-92
-180
-301
-334
-294
-265
-249
-296
-202
-59
107
134
48
-17
-87
-70
-62
38
123
204
248
214
154
60
59
92
132
99
-18
-143
-243
-231
-206
-176
-222
-272
-326
-368
-372
-359
-269
-240
-202
-264
-276
-292
-221
-76
29
76
-72
-224
-413
-466
-400
-247
-106
-117
-199
-313
-319
-282
-222
-207
-228
-250
-278
-305
-347
-347
-313
-282
-306
-345
-338
-262
-135
-63
-41
-109
-85
9
198
350
444
501
452
343
107
-88
-282
-352
-415
-378
-345
-215
-36
132
170
19
-137
-215
-64
111
251
177
82
28
128
228
292
289
291
271
196
118
61
169
275
409
415
479
534
569
455
212
2
-78
91
311
499
497
399
297
259
319
381
438
416
379
302
233
211
208
249
226
245
227
249
199
156
87
17
-8
-40
17
-19
-36
-130
-170
-219
-282
-300
-300
-156
-78
-37
-147
-243
-262
-255
-214
-210
-95
26
127
94
6
-99
-159
-184
-171
-94
2
62
20
-80
-147
-124
-79
-40
-31
44
150
221
191
93
-7
-36
-4
37
-19
-164
-276
-273
-171
-100
-107
-159
-170
-169
-192
-260
-267
-203
-103
-59
-84
-167
-214
-200
-148
-157
-236
-266
-229
-170
-207
-312
-385
-383
-325
-285
-264
-242
-247
-246
-306
-276
-235
-105
-20
34
36
23
69
69
6
-137
-248
-295
-282
-211
-94
-41
-14
-47
-27
-46
-37
-7
62
129
129
141
195
334
424
395
303
260
316
354
376
354
343
262
160
76
56
66
38
51
44
113
94
125
119
237
362
465
443
352
319
342
430
359
215
-39
-97
-60
98
156
181
180
180
202
178
164
46
-75
-189
-159
-50
66
70
-74
-229
-312
-210
-62
66
71
-17
-125
-183
-118
1
171
251
259
101
-136
-336
-360
-204
-39
36
-1
-24
58
215
342
300
120
-67
-123
21
227
360
320
199
121
125
253
307
296
94
-81
-133
-48
113
132
140
73
106
39
-3
-74
-37
81
161
189
33
-125
-235
-150
-45
-19
-154
-270
-296
-231
-193
-220
-253
-243
-167
-224
-343
-557
-605
-577
-468
-357
-272
-205
-262
-351
-395
-283
-112
-23
-58
-115
-120
-51
-7
0
-75
-179
-273
-333
-349
-373
-372
-340
-277
-170
-57
56
190
296
404
343
258
89
70
44
64
1
-50
22
114
253
273
354
355
335
221
193
264
374
407
319
240
265
383
453
395
296
287
336
315
173
72
104
262
368
383
276
90
-56
-122
-36
36
82
-14
-176
-371
-452
-370
-286
-249
-328
-344
-342
-298
-314
-353
-454
-504
-477
-393
-318
-322
-361
-402
-380
-320
-196
-107
10
19
-50
-184
-283
-307
-335
-377
-429
-458
-418
-257
-20
132
105
3
-31
79
222
364
399
335
218
156
232
356
432
370
193
26
-50
6
89
197
271
312
266
145
76
87
248
409
541
537
445
325
228
221
201
201
113
44
-1
47
105
138
109
132
165
212
200
139
130
119
231
272
295
153
61
52
127
183
107
42
4
112
245
322
284
128
-4
-116
-121
-95
-26
-17
-96
-163
-172
-45
38
51
-129
-356
-535
-509
-344
-196
-214
-421
-643
-712
-560
-357
-221
-228
-205
-170
-78
-76
-116
-142
-124
-10
37
94
24
-32
-122
-134
-98
-60
-7
-39
-77
-208
-299
-387
-396
-340
-239
-101
-15
47
53
70
78
63
30
-8
-3
-4
-46
-116
-229
-255
-287
-238
-266
-270
-291
-285
-252
-217
-85
25
136
117
62
34
39
58
-3
-62
-57
39
200
246
298
249
327
394
546
662
657
592
449
477
485
549
465
440
481
580
664
612
619
598
649
529
365
209
193
274
282
278
225
285
312
344
256
133
-2
-91
-68
-22
62
102
102
80
36
17
-13
-100
-188
-242
-181
-119
-111
-198
-297
-339
-346
-344
-397
-449
-472
-408
-337
-283
-349
-414
-424
-366
-303
-426
-537
-703
-633
-539
-428
-458
-591
-574
-448
-102
113
236
120
-62
-175
-127
80
271
345
269
91
-89
-187
-184
-98
-36
39
82
107
60
-16
-91
-141
-159
-125
-63
-38
-35
-65
-54
-105
-92
-39
160
344
366
194
-121
-212
-163
93
164
180
71
56
114
260
418
439
382
181
71
-65
-43
-18
50
13
-98
-214
-292
-345
-496
-646
-691
-550
-396
-363
-416
-401
-295
-181
-149
-141
-124
-111
-152
-273
-380
-398
-276
-102
-36
-66
-157
-159
-160
-88
-10
132
236
289
264
205
182
199
280
305
367
324
350
337
474
606
679
630
539
570
579
611
491
428
372
460
583
623
569
428
384
319
336
305
303
201
95
33
52
158
171
101
-145
-293
-314
-153
-63
-162
-362
-559
-535
-448
-275
-230
-241
-316
-351
-287
-177
-30
22
14
-88
-149
-156
-74
6
15
-57
-176
-216
-177
-73
26
144
268
353
318
175
26
0
133
264
250
92
19
131
360
494
490
430
379
372
364
394
355
269
91
-36
-139
-176
-205
-215
-182
-167
-143
-208
-208
-232
-216
-262
-286
-319
-384
-475
-491
-356
-214
-194
-362
-496
-479
-297
-71
21
-22
-180
-311
-398
-415
-379
-377
-357
-422
-387
-408
-352
-385
-351
-268
-115
39
10
-76
-299
-389
-470
-359
-217
-27
84
104
114
40
10
-79
-47
-12
72
132
146
175
126
160
160
263
323
376
327
230
199
261
399
458
425
323
246
310
441
583
574
494
404
401
454
444
336
139
20
-13
34
17
-43
-128
-103
-57
-20
-104
-146
-139
-7
130
223
241
145
74
-89
-157
-211
-61
99
204
176
70
15
-20
32
80
85
-1
-127
-119
-8
162
218
157
61
20
122
216
288
205
160
92
136
128
125
98
97
136
92
59
-38
14
36
80
-70
-212
-272
-97
103
134
-48
-265
-259
-182
-88
-238
-371
-514
-421
-205
122
316
284
76
-116
-112
-51
-57
-276
-456
-503
-359
-237
-177
-211
-250
-284
-299
-335
-444
-551
-550
-371
-132
22
33
-49
-106
-70
18
26
-112
-267
-317
-159
65
252
243
137
4
-8
11
43
-4
-41
-40
7
55
33
39
0
11
-25
27
64
64
-10
-85
-22
52
165
93
-6
-231
-368
-441
-435
-282
-153
46
-2
-13
-92
-16
77
138
168
46
-20
-167
-178
-203
-86
-4
54
31
-16
-4
12
101
149
227
247
281
274
273
261
290
337
324
246
127
87
65
72
68
125
173
112
7
-113
-61
5
177
319
427
434
334
273
161
139
80
136
162
206
191
157
125
81
69
34
87
120
226
254
279
149
-47
-186
-91
173
339
293
144
102
235
356
306
46
-151
-131
89
274
302
146
-125
-320
-328
-91
121
190
27
-180
-253
-153
72
138
95
-50
-104
-132
-138
-69
21
125
111
75
51
19
2
-87
-155
-252
-283
-260
-151
-28
53
-14
-204
-447
-553
-475
-288
-164
-232
-407
-585
-595
-504
-411
-386
-419
-420
-414
-362
-314
-239
-122
25
105
-6
-217
-361
-298
-120
39
45
-57
-154
-103
96
267
296
134
9
33
261
487
549
404
181
61
72
118
103
30
46
118
242
288
261
198
131
172
268
375
403
336
278
219
268
336
432
410
290
109
-67
-100
-14
158
181
77
-106
-196
-210
-175
-166
-191
-224
-251
-253
-277
-289
-336
-372
-440
-470
-412
-254
-91
-72
-188
-328
-385
-362
-259
-120
29
36
-136
-372
-535
-480
-349
-161
-55
40
32
-64
-239
-369
-315
-97
224
391
432
323
266
205
186
147
160
199
230
230
185
203
240
375
513
648
641
524
372
295
289
369
452
478
374
235
144
103
63
20
-19
-65
-95
-81
23
94
89
-35
-180
-292
-312
-249
-160
-162
-205
-282
-265
-152
79
319
360
207
-117
-362
-432
-340
-184
-158
-131
-98
12
147
188
271
178
184
137
219
289
268
238
96
86
81
247
407
490
387
194
58
75
153
238
225
157
30
-54
-58
-4
4
-88
-213
-308
-317
-230
-41
50
-12
-315
-477
-457
-122
139
154
-73
-365
-378
-247
36
98
10
-253
-475
-543
-544
-472
-521
-553
-628
-634
-559
-466
-306
-250
-166
-195
-168
-159
-109
-80
-57
-36
-89
-211
-396
-428
-337
-115
-9
15
-88
-219
-313
-315
-131
38
168
97
13
3
109
247
286
239
185
159
211
262
289
258
154
123
128
236
224
187
135
160
232
282
341
314
207
16
-107
-48
122
285
274
238
225
276
343
339
377
362
372
276
155
104
145
272
212
131
-20
67
173
313
385
465
610
676
649
408
196
42
29
34
39
40
10
-51
-117
-157
-223
-295
-324
-285
-193
-167
-163
-140
-27
174
273
195
-57
-210
-173
2
54
-99
-297
-446
-315
-117
152
228
225
173
103
54
-13
33
40
36
-26
-40
-50
-101
-176
-163
-67
16
-53
-147
-195
-114
-57
-79
-95
-68
53
88
47
-80
-189
-246
-230
-223
-247
-319
-383
-455
-514
-454
-312
-142
-153
-226
-359
-378
-381
-281
-145
9
61
-24
-110
-93
115
267
236
-18
-229
-236
-157
-103
-243
-387
-497
-415
-226
-30
86
67
12
4
131
312
355
202
-37
-152
-54
41
43
-155
-250
-231
-52
42
-52
-269
-464
-452
-368
-238
-166
-48
22
89
83
131
183
267
380
505
663
670
601
424
355
314
293
231
163
186
241
295
236
111
19
-20
58
119
279
366
391
223
-38
-194
-144
175
447
552
314
26
-155
-50
195
315
265
59
-8
67
239
296
209
129
148
231
274
268
300
311
288
178
110
97
99
85
57
89
133
202
227
242
229
283
362
424
377
268
141
44
21
-5
-27
-177
-322
-455
-483
-418
-409
-437
-569
-547
-471
-305
-238
-187
-150
-165
-236
-311
-209
24
206
222
83
-156
-475
-783
-922
-939
-981
-1132
-1222
-1069
-725
-390
-312
-431
-579
-536
-265
54
302
382
402
443
480
464
305
152
96
181
262
156
-137
-522
-757
-793
-644
-500
-478
-567
-690
-682
-591
-352
-96
214
352
277
51
-111
-16
144
287
270
251
250
315
354
299
162
72
169
406
620
607
350
33
-60
175
523
638
398
41
-103
53
294
384
316
248
340
516
687
755
789
776
691
519
329
267
360
556
668
615
378
83
-118
-135
-28
-11
-167
-414
-538
-465
-276
-124
-56
-1
70
130
74
-74
-240
-298
-247
-132
-24
13
-46
-217
-405
-507
-398
-120
183
324
305
292
397
584
661
587
437
393
527
772
940
890
633
391
337
524
799
922
727
290
-99
-212
-83
107
189
87
-208
-618
-974
-1138
-1087
-959
-887
-982
-1260
-1676
-2066
-2239
-2150
-1933
-1798
-1818
-1871
-1817
-1629
-1379
-1053
-590
-38
456
768
922
989
1005
996
1014
1093
1202
1229
1133
962
881
984
1189
1265
1052
688
437
506
766
996
1058
1032
1096
1312
1654
1904
1802
1215
322
-437
-767
-670
-454
-447
-803
-1411
-2024
-2432
-2546
-2403
-2133
-1940
-1911
-2003
-2020
-1840
-1364
-598
377
1308
1939
2153
2074
1864
1649
1426
1209
1004
788
486
-56
-822
-1683
-2378
-2806
-3044
-3239
-3416
-3469
-3326
-3016
-2601
-2133
-1631
-1099
-502
197
978
1845
2758
3657
4438
5027
5486
5855
6138
6213
6004
5548
4983
4465
3947
3175
1918
319
-1140
-2069
-2526
-2867
-3417
-4201
-5076
-5814
-6259
-6286
-5880
-5160
-4334
-3586
-2938
-2298
-1564
-654
481
1807
3126
4171
4731
4803
4539
4179
3825
3456
3000
2419
1691
769
-277
-1313
-2185
-2864
-3450
-4029
-4599
-5008
-5144
-4955
-4461
-3716
-2814
-1886
-987
-125
733
1582
2445
3329
4204
4973
5497
5712
5668
5615
5736
6014
6129
5792
5008
3987
2843
1430
-347
-2284
-3900
-4847
-5100
-4980
-4935
-5294
-6082
-6889
-7104
-6329
-4762
-3132
-2068
-1669
-1460
-937
114
1541
3025
4281
5084
5392
5262
4805
4095
3204
2262
1408
663
-155
-1309
-2831
-4380
-5473
-5921
-5956
-5940
-5961
-5781
-5142
-4049
-2740
-1450
-264
859
1983
3115
4180
5084
5760
6256
6692
7119
7408
7316
6768
5928
5088
4395
3862
3240
2137
170
-2473
-5021
-6614
-6991
-6673
-6401
-6564
-6973
-7244
-7091
-6383
-5071
-3312
-1460
84
1183
1955
2657
3464
4467
5657
6817
7522
7335
6227
4574
2919
1555
453
-517
-1518
-2657
-4028
-5474
-6657
-7233
-7137
-6590
-5882
-5213
-4593
-3913
-2937
-1494
401
2399
4051
5085
5602
5903
6203
6525
6776
6943
6962
6745
6188
5358
4444
3574
2799
2150
1606
849
-648
-3019
-5564
-7181
-7352
-6577
-5789
-5518
-5619
-5765
-5726
-5289
-4124
-2172
14
1659
2442
2752
3090
3634
4297
5057
5839
6292
5896
4493
2539
670
-782
-1893
-2739
-3354
-3925
-4805
-6099
-7323
-7783
-7186
-5914
-4532
-3295
-2174
-1196
-412
417
1698
3471
5144
6045
6069
5677
5296
5007
4840
4951
5363
5652
5301
4305
3190
2446
2015
1695
1466
1318
666
-1138
-3826
-6112
-6884
-6292
-5342
-4825
-4737
-4828
-5034
-5265
-5037
-3802
-1695
463
1865
2417
2547
2662
2965
3664
4856
6186
6800
6112
4303
2148
254
-1285
-2555
-3510
-4067
-4521
-5320
-6511
-7530
-7754
-7041
-5738
-4229
-2749
-1504
-692
-240
348
1535
3228
4776
5628
5759
5490
5030
4505
4206
4484
5253
5853
5673
4758
3665
2783
2106
1699
1740
1941
1273
-936
-3959
-6146
-6555
-5766
-4927
-4643
-4717
-4990
-5454
-5850
-5468
-3866
-1562
444
1595
2131
2499
2898
3434
4361
5713
6934
7178
6137
4270
2289
543
-976
-2244
-3115
-3638
-4197
-5112
-6157
-6744
-6472
-5444
-4023
-2499
-1084
19
639
969
1470
2480
3763
4761
5120
4948
4497
3926
3388
3193
3529
4144
4482
4241
3605
2945
2418
1996
1861
2155
2472
1776
-411
-3273
-5320
-5854
-5500
-5174
-5190
-5293
-5462
-5855
-6242
-5943
-4535
-2484
-641
515
1217
1806
2379
3008
3940
5263
6427
6623
5519
3584
1571
-143
-1594
-2803
-3597
-3992
-4365
-5051
-5893
-6332
-6025
-5058
-3802
-2456
-1122
2
652
890
1213
2031
3212
4205
4664
4634
4309
3794
3282
3088
3412
4019
4448
4448
4161
3816
3395
2857
2496
2626
2895
2269
258
-2385
-4288
-4869
-4693
-4528
-4644
-4871
-5253
-5845
-6306
-5934
-4475
-2501
-783
434
1398
2251
2953
3626
4632
5968
6999
6895
5504
3433
1429
-275
-1768
-2994
-3741
-4091
-4534
-5374
-6326
-6746
-6341
-5306
-4036
-2759
-1629
-866
-553
-392
173
1316
2653
3579
3881
3727
3327
2782
2285
2196
2674
3465
4087
4292
4144
3809
3380
3029
3176
3928
4577
3911
1595
-1316
-3363
-4066
-4094
-4196
-4569
-5058
-5703
-6489
-6976
-6514
-4990
-3036
-1280
158
1497
2679
3508
4127
5024
6308
7342
7325
6136
4356
2554
859
-795
-2191
-3082
-3595
-4219
-5139
-5985
-6245
-5834
-5079
-4256
-3364
-2349
-1375
-653
-97
631
1652
2681
3372
3711
3881
3918
3707
3302
3031
3161
3593
3995
4192
4284
4339
4249
3999
3953
4447
5028
4613
2593
-347
-2865
-4232
-4803
-5242
-5768
-6250
-6704
-7280
-7733
-7474
-6172
-4220
-2204
-353
1426
2980
3990
4502
5094
6097
7010
6997
5838
4138
2447
753
-1170
-3058
-4365
-4996
-5446
-6103
-6707
-6769
-6244
-5536
-4880
-4067
-2886
-1586
-547
203
1011
1998
2877
3336
3440
3472
3482
3289
2830
2352
2115
2114
2190
2333
2688
3287
3882
4223
4315
4430
4646
4567
3551
1427
-1163
-3378
-4835
-5766
-6421
-6882
-7158
-7365
-7533
-7372
-6504
-4904
-2968
-1004
987
3022
4741
5817
6362
6841
7337
7446
6863
5796
4617
3235
1343
-988
-3134
-4583
-5397
-5948
-6330
-6363
-6082
-5825
-5704
-5287
-4125
-2377
-693
545
1501
2429
3164
3408
3281
3291
3683
4079
3982
3347
2574
1982
1647
1597
1970
2776
3738
4461
4785
4865
4984
5192
5133
4219
2184
-568
-3229
-5175
-6322
-6893
-7147
-7217
-7193
-7096
-6764
-5964
-4564
-2674
-449
1888
3970
5361
5922
6043
6269
6727
7014
6728
5846
4544
2820
587
-1986
-4366
-6013
-6791
-6929
-6772
-6591
-6531
-6558
-6356
-5567
-4054
-2087
-128
1407
2319
2631
2524
2333
2382
2786
3279
3438
3042
2255
1405
753
437
544
1103
2014
3050
3946
4534
4845
5065
5397
5771
5689
4461
1862
-1491
-4597
-6743
-7843
-8162
-8094
-7909
-7704
-7390
-6777
-5677
-3983
-1793
581
2703
4228
5100
5549
5889
6270
6602
6686
6372
5560
4167
2167
-274
-2785
-4916
-6325
-6943
-7002
-6914
-6896
-6851
-6502
-5736
-4601
-3133
-1388
412
1845
2664
3005
3201
3458
3702
3822
3782
3602
3268
2761
2205
1754
1502
1433
1582
2085
3024
4273
5435
6114
6166
5808
5351
4764
3647
1588
-1192
-4010
-6168
-7487
-8132
-8290
-8090
-7585
-6907
-6038
-4929
-3500
-1869
-214
1350
2825
4186
5241
5880
6166
6283
6187
5703
4734
3471
2081
513
-1425
-3638
-5675
-7079
-7739
-7843
-7553
-6913
-6021
-5077
-4174
-3142
-1784
-212
1221
2297
3094
3746
4180
4250
4006
3666
3354
3024
2698
2501
2435
2246
1775
1268
1243
1923
3047
4170
5049
5597
5688
5206
4360
3536
2764
1531
-620
-3327
-5686
-7008
-7421
-7358
-7021
-6307
-5291
-4369
-3783
-3321
-2502
-1160
499
2117
3478
4458
5015
5173
5077
4841
4558
4240
3808
3014
1548
-657
-3265
-5649
-7257
-7856
-7616
-6915
-6149
-5533
-5078
-4615
-3910
-2825
-1401
162
1612
2736
3410
3621
3472
3179
2998
3051
3249
3426
3468
3330
2974
2420
1839
1481
1514
1921
2562
3243
3748
3881
3639
3237
2972
2922
2803
2139
634
-1458
-3529
-5039
-5877
-6201
-6197
-5961
-5537
-5004
-4418
-3760
-2958
-2026
-1034
11
1177
2422
3518
4259
4636
4781
4668
4166
3237
2125
1048
-26
-1327
-2926
-4574
-5901
-6658
-6821
-6458
-5718
-4836
-4069
-3445
-2755
-1764
-442
1104
2731
4232
5276
5577
5233
4759
4618
4790
4894
4626
3968
2978
1675
137
-1280
-2126
-2178
-1557
-549
632
1754
2580
2965
3095
3347
4008
4940
5532
5038
3146
303
-2616
-4820
-5980
-6146
-5699
-5162
-4970
-5250
-5728
-6001
-5744
-4893
-3498
-1734
88
1586
2583
3273
3960
4761
5507
5975
5991
5395
4076
2100
-213
-2468
-4351
-5739
-6635
-7075
-7070
-6625
-5819
-4759
-3507
-2068
-458
1253
2951
4510
5780
6570
6769
6419
5676
4654
3399
2024
735
-311
-1154
-1932
-2653
-3126
-3177
-2787
-2008
-846
671
2312
3738
4714
5285
5653
5989
6343
6570
6351
5271
3212
537
-2111
-4202
-5547
-6192
-6398
-6476
-6716
-7214
-7836
-8275
-8107
-7060
-5101
-2572
33
2258
3909
5042
5780
6239
6464
6464
6143
5349
3924
1873
-561
-2955
-4889
-6125
-6622
-6511
-5974
-5201
-4308
-3365
-2428
-1531
-646
359
1533
2704
3505
3638
3089
2115
1089
282
-173
-290
-191
-115
-283
-721
-1253
-1658
-1756
-1424
-584
659
2043
3291
4320
5217
6058
6777
7249
7416
7339
7124
6677
5667
3714
914
-2176
-4882
-6858
-8120
-8778
-8997
-8925
-8759
-8557
-8204
-7517
-6341
-4656
-2525
-176
2062
3916
5330
6432
7308
7924
8181
8073
7650
6900
5758
4201
2360
387
-1600
-3482
-5021
-5990
-6356
-6331
-6180
-6007
-5769
-5410
-4944
-4320
-3386
-2027
-349
1281
2479
3020
2996
2658
2316
2175
2308
2653
3000
3105
2766
2026
1140
505
433
980
1915
2889
3704
4305
4675
4753
4597
4423
4465
4756
5093
5127
4461
2833
325
-2498
-4918
-6476
-7263
-7642
-7913
-8151
-8306
-8288
-7904
-7002
-5592
-3948
-2318
-769
763
2331
3916
5507
6976
8097
8605
8446
7756
6701
5345
3695
1861
-52
-1981
-3916
-5774
-7400
-8648
-9372
-9497
-9043
-8213
-7263
-6389
-5610
-4789
-3733
-2310
-580
1270
3005
4431
5418
5947
6140
6205
6302
6422
6385
5986
5120
3854
2355
906
-185
-694
-647
-273
196
639
1029
1415
1890
2466
3007
3325
3418
3450
3585
3741
3635
2965
1699
60
-1620
-3148
-4472
-5578
-6426
-6958
-7210
-7279
-7234
-7067
-6690
-6031
-4947
-3367
-1314
971
3174
5039
6416
7262
7589
7499
7111
6494
5617
4395
2784
821
-1368
-3610
-5699
-7421
-8583
-9115
-9109
-8731
-8098
-7254
-6226
-5045
-3695
-2110
-252
1770
3731
5403
6645
7389
7640
7499
7133
6672
6183
5685
5135
4364
3145
1457
-391
-1898
-2719
-2781
-2197
-1156
32
1010
1573
1825
2059
2522
3260
4166
5042
5665
5854
5478
4479
2898
960
-992
-2714
-4137
-5361
-6447
-7380
-8095
-8545
-8705
-8469
-7755
-6533
-4953
-3221
-1496
96
1477
2621
3695
4868
6108
7114
7559
7391
6742
5761
4460
2893
1227
-377
-1906
-3495
-5146
-6678
-7796
-8356
-8408
-8064
-7380
-6372
-5153
-3879
-2674
-1552
-480
576
1652
2757
3839
4766
5414
5731
5771
5623
5367
5059
4731
4365
3862
3120
2143
1085
161
-459
-729
-725
-632
-645
-842
-1123
-1257
-1007
-308
715
1811
2769
3474
3910
4112
4064
3673
2818
1532
39
-1391
-2664
-3850
-4946
-5805
-6240
-6291
-6130
-5923
-5719
-5490
-5218
-4785
-4017
-2736
-1006
928
2785
4375
5562
6193
6230
5818
5215
4520
3641
2512
1268
87
-1073
-2386
-3878
-5292
-6374
-7069
-7453
-7505
-7129
-6393
-5537
-4751
-3950
-2943
-1664
-220
1272
2790
4255
5459
6163
6353
6265
6130
6031
5921
5794
5631
5302
4624
3584
2406
1337
446
-290
-821
-1048
-1006
-899
-908
-967
-821
-270
660
1826
3159
4575
5851
6625
6729
6240
5309
3937
2094
17
-1908
-3447
-4751
-6019
-7223
-8143
-8632
-8787
-8695
-8333
-7658
-6764
-5802
-4630
-3008
-887
1350
3282
4778
5917
6734
7096
6974
6488
5807
4947
3827
2455
916
-701
-2390
-4108
-5721
-7096
-8176
-9012
-9583
-9813
-9624
-9018
-7968
-6321
-3984
-1125
1786
4290
6181
7512
8407
8919
9114
9072
8833
8304
7391
6162
4813
3497
2233
1055
90
-550
-878
-1018
-1025
-895
-623
-255
184
727
1358
1921
2200
2146
1953
1881
2004
2184
2222
2028
1621
978
5
-1361
-2950
-4397
-5423
-6006
-6334
-6549
-6706
-6780
-6748
-6602
-6335
-5939
-5362
-4582
-3645
-2633
-1606
-543
556
1702
2859
3979
4969
5728
6162
6220
5940
5398
4654
3703
2579
1311
-91
-1647
-3288
-4843
-6138
-7087
-7643
-7775
-7461
-6766
-5760
-4503
-3036
-1445
129
1586
2892
4087
5221
6309
7306
8116
8624
8755
8519
8009
7323
6516
5571
4487
3301
2054
730
-718
-2233
-3669
-4877
-5800
-6394
-6564
-6222
-5391
-4221
-2863
-1412
64
1435
2565
3383
3861
3975
3699
3157
2534
1893
1067
-127
-1587
-3020
-4169
-4975
-5448
-5533
-5221
-4622
-4009
-3551
-3257
-2979
-2520
-1746
-580
907
2535
4029
5135
5736
5872
5694
5336
4875
4344
3710
2903
1838
557
-794
-2047
-3143
-4083
-4817
-5276
-5439
-5418
-5323
-5183
-4909
-4391
-3579
-2503
-1243
108
1433
2605
3517
4131
4495
4706
4874
5109
5445
5792
5946
5740
5135
4205
3040
1733
410
-752
-1600
-2118
-2471
-2886
-3499
-4237
-4920
-5356
-5404
-5008
-4222
-3255
-2369
-1746
-1395
-1184
-915
-396
505
1759
3179
4479
5451
5979
6012
5524
4598
3446
2293
1229
159
-1010
-2275
-3505
-4583
-5435
-6024
-6307
-6258
-5921
-5381
-4665
-3697
-2387
-780
985
2733
4312
5558
6318
6551
6348
5906
5344
4635
3644
2285
620
-1198
-2978
-4512
-5623
-6248
-6501
-6521
-6392
-6069
-5491
-4630
-3533
-2282
-930
482
1892
3203
4358
5364
6205
6797
7015
6847
6371
5622
4559
3167
1602
58
-1355
-2642
-3760
-4574
-4988
-5061
-4958
-4735
-4317
-3623
-2695
-1651
-565
515
1492
2245
2737
3075
3373
3643
3812
3866
3853
3794
3613
3222
2650
2030
1454
857
157
-600
-1226
-1641
-1928
-2223
-2536
-2763
-2840
-2763
-2607
-2422
-2238
-2050
-1847
-1576
-1126
-403
533
1482
2260
2821
3177
3287
3105
2689
2211
1785
1410
1019
598
168
-301
-899
-1674
-2532
-3314
-3901
-4277
-4445
-4407
-4202
-3913
-3588
-3188
-2627
-1876
-993
-58
871
1745
2472
2980
3289
3486
3595
3549
3293
2839
2236
1490
599
-388
-1315
-2017
-2456
-2734
-2930
-2984
-2786
-2374
-1872
-1350
-787
-187
384
911
1437
1989
2487
2821
2973
3033
3096
3133
3088
2959
2806
2684
2563
2434
2316
2251
2153
1870
1339
679
105
-309
-651
-1068
-1573
-2041
-2367
-2556
-2689
-2803
-2914
-3060
-3261
-3446
-3431
-3054
-2303
-1350
-400
442
1151
1682
1976
2034
1930
1747
1507
1200
819
370
-156
-809
-1640
-2629
-3635
-4475
-5012
-5201
-5056
-4653
-4123
-3581
-3070
-2561
-1962
-1191
-220
860
1889
2697
3214
3480
3602
3648
3570
3331
2976
2654
2444
2276
1988
1508
927
411
92
11
164
514
995
1505
1954
2268
2430
2452
2365
2202
2008
1835
1663
1483
1318
1246
1267
1279
1179
951
704
534
487
558
749
1047
1341
1474
1346
991
484
-139
-877
-1655
-2363
-2940
-3407
-3796
-4098
-4297
-4465
-4676
-4915
-5039
-4921
-4560
-4037
-3402
-2654
-1847
-1067
-374
281
965
1655
2244
2630
2757
2600
2153
1465
663
-108
-748
-1224
-1547
-1755
-1934
-2150
-2401
-2580
-2550
-2215
-1590
-819
-112
397
719
937
1123
1331
1620
2038
2553
3041
3347
3383
3218
2997
2833
2741
2689
2643
2558
2352
1976
1458
934
543
335
234
139
-4
-177
-366
-566
-747
-835
-731
-415
91
701
1343
1921
2335
2508
2435
2184
1841
1459
1046
601
105
-461
-1105
-1820
-2609
-3454
-4283
-4918
-5170
-4948
-4356
-3616
-2935
-2417
-2048
-1767
-1470
-1051
-455
273
988
1517
1735
1626
1276
843
473
227
59
-145
-440
-806
-1210
-1650
-2079
-2370
-2404
-2204
-1900
-1617
-1381
-1140
-844
-465
-13
492
985
1382
1623
1706
1666
1555
1465
1482
1612
1755
1805
1747
1640
1563
1559
1633
1779
1958
2090
2060
1810
1402
1007
771
717
790
932
1093
1187
1141
993
876
908
1081
1334
1612
1898
2135
2241
2163
1934
1617
1260
861
420
-29
-455
-880
-1372
-1968
-2636
-3293
-3840
-4201
-4357
-4364
-4279
-4114
-3843
-3429
-2860
-2135
-1290
-402
434
1115
1568
1765
1754
1612
1383
1065
642
124
-498
-1244
-2080
-2888
-3500
-3816
-3839
-3619
-3213
-2666
-2049
-1441
-886
-355
231
910
1637
2298
2806
3146
3344
3428
3402
3276
3051
2746
2375
1936
1413
840
311
-82
-338
-533
-722
-878
-907
-761
-449
-20
484
1027
1545
1946
2139
2100
1900
1662
1499
1441
1459
1469
1371
1097
646
92
-467
-933
-1243
-1401
-1458
-1476
-1471
-1403
-1217
-906
-537
-193
49
156
127
-18
-242
-519
-826
-1137
-1431
-1724
-2039
-2348
-2571
-2629
-2525
-2324
-2136
-2006
-1899
-1731
-1449
-1048
-558
-15
522
994
1361
1618
1775
1838
1815
1733
1633
1515
1343
1058
651
162
-323
-718
-956
-1031
-980
-860
-728
-625
-571
-518
-374
-82
318
727
1065
1336
1566
1763
1887
1919
1878
1841
1857
1931
2031
2097
2060
1869
1549
1198
900
679
462
186
-173
-614
-1140
-1744
-2313
-2695
-2781
-2600
-2239
-1756
-1167
-493
188
775
1191
1418
1509
1540
1594
1703
1852
1975
2012
1933
1724
1392
953
453
-85
-644
-1206
-1708
-2067
-2234
-2243
-2180
-2119
-2050
-1918
-1695
-1405
-1103
-830
-620
-517
-541
-666
-821
-973
-1137
-1324
-1485
-1526
-1391
-1112
-791
-491
-207
59
234
261
198
204
372
660
964
1209
1363
1390
1272
1020
716
452
303
272
288
270
167
-29
-302
-605
-863
-1000
-992
-861
-629
-312
33
328
528
668
818
1012
1239
1476
1698
1876
1977
1986
1897
1738
1531
1284
997
699
440
228
35
-158
-340
-487
-609
-709
-783
-800
-732
-598
-473
-416
-421
-415
-339
-149
167
569
947
1184
1224
1079
820
494
141
-216
-532
-788
-1029
-1346
-1771
-2252
-2696
-3030
-3221
-3238
-3064
-2728
-2348
-2048
-1868
-1696
-1408
-948
-355
331
1057
1734
2252
2541
2617
2537
2340
2029
1640
1245
920
657
389
74
-250
-520
-707
-821
-859
-796
-639
-434
-236
-60
90
202
268
305
348
413
482
547
618
708
811
940
1133
1418
1763
2066
2252
2294
2251
2209
2217
2238
2195
2032
1734
1315
818
325
-82
-378
-577
-683
-691
-638
-594
-590
-608
-618
-637
-681
-722
-718
-654
-563
-485
-439
-432
-471
-572
-733
-944
-1198
-1475
-1748
-1977
-2155
-2300
-2437
-2566
-2669
-2741
-2801
-2863
-2890
-2813
-2590
-2256
-1884
-1531
-1227
-977
-757
-505
-174
232
682
1133
1514
1768
1862
1802
1604
1317
1034
846
788
829
911
964
936
831
692
585
557
640
827
1048
1235
1344
1382
1360
1314
1294
1351
1492
1699
1932
2140
2251
2202
2015
1769
1581
1498
1492
1487
1419
1248
968
607
230
-119
-433
-729
-1013
-1290
-1550
-1757
-1862
-1855
-1786
-1706
-1634
-1553
-1457
-1358
-1289
-1275
-1302
-1310
-1273
-1246
-1320
-1500
-1699
-1801
-1751
-1578
-1377
-1262
-1262
-1354
-1468
-1551
-1562
-1466
-1251
-945
-620
-362
-209
-118
7
228
546
918
1289
1631
1903
2051
2045
1936
1828
1786
1800
1817
1802
1740
1633
1517
1432
1397
1410
1459
1548
1647
1696
1638
1457
1208
951
727
533
351
158
-59
-270
-423
-491
-511
-545
-591
-614
-572
-465
-297
-87
123
295
405
467
473
394
201
-74
-354
-593
-818
-1071
-1354
-1633
-1894
-2142
-2372
-2552
-2635
-2603
-2464
-2247
-1956
-1597
-1177
-742
-329
35
336
562
709
802
861
880
837
730
573
399
226
78
-46
-163
-290
-427
-559
-675
-771
-797
-674
-363
38
363
526
582
607
595
523
422
368
381
416
407
341
259
183
125
90
115
217
368
534
689
789
798
722
630
577
558
521
441
356
319
345
394
418
388
312
200
67
-68
-175
-213
-182
-112
-30
67
196
349
504
636
723
757
749
754
805
893
945
892
717
480
260
83
-77
-255
-435
-583
-683
-758
-828
-888
-904
-871
-813
-764
-713
-656
-618
-648
-739
-819
-840
-821
-810
-791
-734
-635
-545
-499
-503
-519
-531
-549
-594
-663
-726
-748
-704
-601
-469
-352
-273
-224
-165
-90
-25
12
55
153
284
384
429
474
577
734
892
1003
1045
1031
995
969
969
1021
1150
1336
1516
1649
1757
1864
1956
2017
2054
2064
2003
1823
1512
1116
696
299
-56
-370
-640
-874
-1089
-1279
-1427
-1528
-1620
-1719
-1796
-1817
-1777
-1679
-1503
-1235
-907
-585
-338
-194
-132
-112
-123
-190
-299
-403
-477
-573
-749
-1009
-1296
-1547
-1730
-1846
-1892
-1868
-1775
-1633
-1457
-1252
-1030
-801
-571
-336
-99
124
302
419
473
469
422
355
299
279
316
427
598
815
1052
1279
1464
1594
1691
1770
1835
1884
1945
2016
2060
2038
1940
1805
1648
1473
1276
1077
900
756
633
492
308
81
-146
-322
-405
-392
-331
-281
-288
-366
-482
-579
-615
-596
-565
-584
-676
-819
-940
-981
-928
-828
-734
-679
-661
-667
-675
-656
-588
-458
-283
-98
49
132
167
179
173
134
63
-3
-51
-95
-186
-339
-517
-670
-791
-910
-1019
-1089
-1084
-1010
-878
-703
-501
-317
-199
-159
-151
-135
-88
6
163
346
478
520
505
501
551
673
846
1045
1252
1435
1531
1482
1299
1076
911
837
817
787
721
611
448
222
-51
-325
-554
-703
-760
-736
-652
-565
-507
-480
-449
-373
-248
-91
55
180
286
396
516
647
803
973
1127
1214
1218
1162
1067
917
680
358
6
-306
-537
-703
-849
-994
-1129
-1223
-1280
-1303
-1301
-1282
-1252
-1220
-1179
-1125
-1047
-938
-798
-621
-426
-233
-83
2
21
-5
-50
-100
-163
-251
-356
-468
-573
-664
-719
-717
-630
-467
-283
-138
-27
71
153
194
190
157
90
-9
-128
-234
-313
-347
-331
-261
-147
-6
122
203
261
347
487
645
798
948
1096
1204
1246
1234
1214
1209
1233
1277
1325
1363
1357
1298
1195
1096
1035
1007
982
935
858
732
558
357
170
14
-109
-218
-327
-437
-543
-620
-661
-686
-735
-802
-863
-895
-879
-808
-680
-541
-429
-344
-252
-165
-142
-221
-361
-467
-513
-529
-554
-585
-598
-570
-503
-423
-375
-366
-376
-378
-374
-377
-378
-357
-295
-188
-44
116
235
248
147
-10
-144
-218
-241
-229
-218
-245
-333
-425
-438
-327
-138
45
178
279
386
522
692
888
1063
1163
1170
1135
1109
1087
1026
910
792
731
724
732
717
654
511
290
62
-75
-80
-4
80
132
130
74
-21
-112
-170
-208
-249
-309
-370
-425
-474
-532
-599
-664
-722
-775
-836
-909
-988
-1064
-1128
-1163
-1151
-1088
-998
-898
-802
-704
-602
-491
-387
-313
-282
-264
-229
-178
-138
-113
-96
-86
-96
-135
-206
-315
-445
-555
-583
-526
-425
-316
-177
13
229
420
562
696
845
983
1058
1054
1015
996
1019
1053
1059
1028
973
903
804
672
522
372
232
95
-42
-174
-274
-309
-264
-151
7
171
303
402
502
618
716
759
732
659
547
387
169
-92
-348
-544
-666
-755
-857
-963
-1028
-1011
-908
-727
-497
-255
-43
128
262
378
490
589
650
660
648
657
697
709
623
421
165
-70
-248
-380
-485
-575
-668
-759
-823
-823
-756
-646
-518
-370
-200
-23
154
328
496
659
825
995
1151
1274
1349
1364
1301
1184
1051
932
818
686
537
379
219
58
-101
-256
-398
-515
-607
-682
-745
-799
-840
-874
-908
-932
-926
-862
-749
-623
-524
-456
-415
-392
-370
-313
-212
-109
-67
-105
-187
-283
-397
-539
-688
-803
-869
-893
-906
-939
-1002
-1070
-1098
-1042
-893
-691
-494
-335
-191
-24
177
369
489
518
504
497
508
525
557
619
696
739
710
609
480
356
247
140
42
-21
-24
22
76
110
132
173
233
292
339
392
427
422
390
373
394
442
496
519
474
366
241
136
61
17
4
2
-21
-70
-150
-254
-355
-385
-307
-163
-35
24
12
-44
-116
-188
-247
-276
-262
-215
-162
-127
-97
-59
-5
62
139
199
233
233
223
207
185
169
186
223
233
195
137
80
11
-81
-179
-249
-268
-228
-154
-82
-38
-24
-26
-11
64
219
413
600
737
822
854
866
886
907
897
854
813
787
754
679
570
455
374
349
350
299
135
-117
-369
-551
-641
-665
-658
-661
-701
-779
-878
-957
-984
-947
-873
-800
-747
-708
-678
-674
-711
-788
-871
-927
-947
-944
-930
-899
-835
-728
-587
-437
-294
-154
-16
120
243
337
393
424
443
472
507
542
543
479
364
246
170
123
75
5
-80
-157
-222
-271
-299
-287
-217
-95
49
181
289
369
429
470
499
530
565
597
599
562
481
367
235
88
-47
-151
-212
-231
-200
-124
-49
-18
-2
52
173
312
424
467
435
368
330
351
384
363
265
115
-58
-220
-335
-390
-418
-454
-514
-594
-679
-746
-765
-722
-630
-526
-450
-415
-400
-360
-247
-51
171
334
404
431
492
605
714
750
713
663
634
606
540
444
359
296
253
214
175
141
123
124
120
99
77
101
174
262
311
296
231
156
112
97
98
81
33
-44
-129
-212
-299
-384
-438
-443
-413
-364
-317
-286
-275
-257
-206
-127
-38
51
143
223
247
196
96
3
-51
-68
-69
-71
-92
-134
-194
-262
-322
-350
-336
-281
-202
-139
-131
-183
-256
-289
-268
-206
-125
-31
71
159
216
233
223
198
183
180
173
147
106
74
64
61
42
-13
-101
-182
-209
-165
-85
-28
-24
-44
-41
2
64
129
196
255
286
291
290
302
312
297
254
194
117
26
-41
-43
7
41
-3
-124
-279
-434
-582
-728
-848
-908
-895
-843
-804
-804
-833
-863
-864
-814
-720
-611
-528
-478
-423
-319
-176
-60
-3
45
168
364
557
673
715
726
737
746
731
673
574
461
370
322
309
300
280
251
218
175
117
46
-13
-54
-83
-96
-70
21
138
226
280
361
526
768
1025
1218
1300
1288
1246
1237
1256
1248
1165
1005
794
558
324
112
-55
-175
-262
-341
-426
-496
-524
-517
-502
-493
-482
-476
-496
-556
-630
-680
-684
-654
-618
-589
-571
-567
-603
-685
-792
-883
-932
-932
-892
-846
-846
-912
-1000
-1043
-1005
-891
-732
-571
-441
-345
-273
-218
-163
-79
48
189
302
379
445
504
554
583
595
603
628
694
799
902
952
947
923
916
914
895
845
776
719
689
690
695
656
533
359
205
100
30
-34
-83
-110
-105
-79
-43
-15
8
42
93
153
185
169
103
3
-101
-185
-227
-230
-224
-260
-358
-485
-590
-649
-675
-681
-674
-671
-692
-738
-772
-763
-728
-694
-671
-632
-566
-498
-461
-457
-443
-390
-317
-260
-233
-209
-187
-171
-169
-161
-119
-44
28
72
101
135
182
226
283
365
459
526
529
473
396
335
293
251
202
158
122
98
99
130
196
302
452
632
794
904
973
1027
1063
1048
982
886
794
718
654
600
528
419
265
77
-129
-341
-535
-693
-803
-865
-896
-908
-896
-847
-779
-713
-637
-531
-417
-349
-340
-342
-312
-256
-200
-159
-139
-152
-185
-205
-172
-77
50
149
184
181
189
216
229
219
202
187
160
121
92
88
103
116
130
149
173
191
195
200
224
261
293
319
338
339
297
213
108
9
-59
-87
-80
-56
-31
-11
10
46
107
183
235
233
199
188
223
277
311
313
295
281
297
347
401
416
371
283
185
101
35
-28
-86
-126
-147
-181
-259
-361
-437
-471
-492
-541
-613
-679
-714
-721
-716
-721
-744
-791
-854
-911
-941
-927
-886
-841
-814
-809
-821
-838
-834
-795
-716
-602
-454
-279
-87
100
249
347
404
438
460
467
469
461
423
346
257
196
172
172
190
228
278
318
336
352
390
464
542
599
619
612
601
595
588
559
506
438
370
314
252
180
113
86
99
115
101
77
84
133
199
258
302
327
323
298
268
248
225
183
113
32
-41
-89
-119
-149
-188
-239
-282
-304
-303
-284
-238
-161
-55
59
154
208
228
240
250
243
185
81
-34
-119
-157
-153
-144
-168
-218
-253
-260
-259
-265
-254
-205
-123
-30
68
174
276
353
399
438
491
554
609
636
629
580
501
414
342
289
226
139
22
-99
-205
-283
-343
-394
-436
-456
-461
-483
-534
-592
-622
-628
-614
-575
-517
-478
-475
-480
-459
-418
-378
-350
-321
-290
-273
-306
-389
-476
-509
-474
-399
-318
-268
-256
-277
-310
-342
-359
-343
-275
-169
-55
44
120
171
183
162
139
159
221
279
294
251
164
69
14
23
86
172
242
272
253
218
210
253
327
393
427
427
410
370
322
284
280
315
375
437
479
487
447
358
229
103
31
21
30
3
-75
-165
-217
-209
-162
-121
-101
-100
-111
-146
-218
-308
-372
-378
-356
-346
-370
-403
-411
-384
-328
-269
-204
-120
-21
62
107
125
142
170
207
253
304
349
378
404
453
528
601
637
630
605
586
589
602
620
639
665
702
732
742
729
705
667
621
567
496
404
303
219
173
170
182
181
148
85
2
-93
-198
-309
-413
-504
-563
-594
-621
-652
-671
-667
-665
-698
-771
-854
-897
-892
-866
-853
-864
-872
-868
-855
-825
-776
-722
-695
-690
-684
-672
-659
-646
-618
-577
-532
-494
-466
-432
-370
-284
-200
-154
-141
-125
-78
8
119
241
360
470
546
559
496
380
265
206
229
304
394
464
523
572
610
631
652
686
735
788
830
838
802
723
623
525
453
401
346
272
185
113
55
8
-23
-26
-16
-21
-58
-121
-184
-215
-205
-171
-135
-101
-80
-86
-109
-118
-111
-117
-168
-248
-353
-470
-587
-673
-703
-674
-602
-530
-485
-461
-422
-347
-264
-209
-202
-223
-239
-233
-220
-224
-236
-215
-144
-34
67
111
74
-14
-86
-98
-59
-11
30
75
126
177
213
229
233
246
294
373
453
498
498
482
490
532
574
597
620
652
682
698
717
749
767
771
777
792
789
761
727
687
623
534
447
387
340
295
256
216
176
141
120
97
39
-46
-129
-183
-221
-268
-329
-391
-438
-444
-418
-400
-430
-502
-576
-624
-639
-621
-575
-529
-517
-545
-584
-600
-584
-547
-496
-449
-418
-402
-379
-343
-308
-293
-299
-302
-273
-201
-124
-97
-142
-231
-305
-325
-275
-187
-93
-29
-9
-12
-4
50
141
239
318
364
377
348
264
131
-9
-102
-142
-163
-195
-215
-199
-151
-104
-75
-49
-22
-7
-9
9
74
168
238
253
227
189
158
139
129
112
70
9
-29
-17
12
1
-78
-216
-385
-556
-682
-728
-693
-609
-519
-442
-376
-299
-205
-105
-24
12
6
0
43
134
238
312
330
293
237
204
195
188
171
168
192
237
281
299
279
247
251
307
383
440
453
439
428
430
430
414
391
361
312
240
167
117
92
82
71
54
53
88
150
192
192
193
248
352
452
