182
95
0
-50
-41
-6
16
10
-25
-87
-163
-214
-214
-175
-129
-79
-9
70
109
92
34
-42
-119
-173
-195
-202
-215
-229
-244
-270
-305
-312
-260
-175
-101
-63
-57
-81
-153
-260
-341
-314
-162
54
238
306
257
151
68
56
102
166
214
243
253
234
179
109
63
51
55
57
58
59
66
66
55
34
17
0
-44
-109
-160
-173
-164
-162
-173
-174
-152
-117
-80
-58
-73
-135
-217
-282
-319
-337
-331
-281
-181
-67
22
70
72
46
12
-12
-35
-65
-88
-109
-148
-209
-259
-248
-167
-63
15
53
72
87
99
101
78
23
-65
-145
-173
-134
-76
-62
-121
-219
-291
-301
-267
-218
-164
-97
-34
3
16
26
45
64
101
174
289
419
512
532
482
405
336
292
274
292
350
424
470
471
443
426
422
400
334
251
210
237
297
345
369
377
369
335
279
220
182
175
204
249
260
203
106
50
83
158
184
120
27
-24
-25
-12
-20
-25
-5
36
53
15
-70
-172
-251
-285
-272
-237
-214
-195
-163
-120
-94
-96
-108
-100
-40
80
209
265
213
86
-36
-105
-114
-97
-95
-134
-206
-277
-312
-296
-256
-230
-235
-245
-245
-237
-247
-272
-288
-259
-180
-98
-66
-82
-86
-46
24
62
40
-26
-82
-84
-53
-38
-52
-68
-79
-117
-192
-272
-306
-302
-299
-332
-405
-490
-555
-564
-523
-454
-376
-312
-293
-330
-400
-457
-472
-434
-384
-354
-345
-318
-245
-156
-98
-87
-81
-42
33
106
158
188
196
187
170
168
189
235
273
282
260
232
207
162
99
41
11
-12
-39
-34
38
149
212
176
82
14
33
122
217
246
196
126
121
194
289
339
337
308
265
211
150
94
57
56
96
173
254
323
369
400
416
413
393
363
354
368
397
424
431
406
346
269
187
113
58
28
16
16
33
77
132
187
241
292
342
377
392
361
281
185
108
61
42
62
113
156
164
145
118
109
143
210
255
216
100
-26
-96
-80
10
134
223
214
98
-59
-161
-182
-177
-200
-230
-228
-211
-232
-305
-378
-386
-329
-284
-326
-432
-516
-521
-478
-449
-459
-485
-483
-433
-351
-275
-225
-201
-210
-264
-357
-450
-501
-523
-551
-593
-612
-559
-435
-290
-173
-106
-74
-61
-71
-104
-153
-197
-235
-254
-236
-181
-127
-121
-153
-192
-207
-193
-155
-115
-89
-71
-61
-71
-104
-125
-103
-35
53
116
123
67
-36
-137
-175
-108
36
174
243
233
185
134
92
65
67
111
207
328
427
455
394
286
184
122
88
89
125
190
243
263
257
239
231
250
307
375
429
451
444
415
381
354
339
345
369
405
441
466
448
383
306
251
207
149
93
72
84
80
44
1
-4
37
103
166
207
221
224
248
298
345
344
295
225
172
142
128
114
78
20
-37
-77
-104
-143
-181
-180
-120
-34
16
-17
-126
-248
-319
-320
-283
-233
-186
-145
-117
-101
-94
-111
-152
-190
-209
-226
-250
-272
-271
-258
-262
-287
-323
-344
-344
-312
-265
-219
-195
-206
-230
-250
-268
-292
-296
-253
-169
-96
-69
-90
-127
-145
-133
-103
-70
-52
-49
-52
-41
-26
-41
-106
-206
-292
-333
-320
-270
-208
-149
-102
-83
-112
-189
-291
-373
-397
-344
-247
-163
-127
-132
-157
-188
-205
-188
-134
-53
41
130
197
229
221
167
66
-51
-129
-142
-106
-51
20
107
202
286
350
378
373
358
367
407
458
499
528
561
577
553
483
402
343
293
239
189
174
205
267
330
362
345
282
214
171
163
160
136
96
49
14
-19
-50
-71
-79
-91
-124
-175
-226
-265
-279
-262
-217
-157
-98
-50
-25
-25
-39
-34
5
50
58
15
-35
-38
-5
-2
-65
-167
-229
-218
-146
-56
8
32
30
27
25
25
45
93
122
89
-2
-78
-90
-43
25
73
87
85
112
177
240
240
178
94
39
37
89
168
213
195
136
85
60
54
58
56
34
-8
-44
-62
-67
-77
-93
-146
-369
-900
-1560
-1800
-1206
-75
778
814
269
-104
228
1090
1810
1873
1326
587
71
-17
236
495
416
-58
-663
-1062
-1105
-892
-668
-640
-836
-1080
-1117
-806
-223
384
756
809
679
594
668
801
815
625
295
-57
-355
-580
-739
-873
-1015
-1140
-1167
-1042
-786
-485
-224
-30
111
209
251
238
211
215
210
118
-76
-293
-456
-552
-585
-582
-568
-574
-588
-571
-472
-271
-9
226
362
387
325
232
159
129
127
145
175
169
103
16
-9
54
146
207
236
282
367
455
510
515
516
551
625
667
603
425
223
106
89
104
67
-24
-128
-201
-218
-176
-100
-42
-39
-81
-117
-77
59
214
274
215
132
134
229
320
327
251
144
40
-30
-42
-8
13
-13
-57
-61
4
119
231
268
208
93
-7
-53
-42
-16
-5
-23
-55
-91
-128
-153
-135
-78
-18
0
-107
-457
-950
-1116
-589
289
705
297
-498
-957
-729
-21
675
954
757
329
21
133
699
1346
1560
1244
755
463
386
362
289
129
-146
-454
-598
-456
-179
-89
-325
-647
-649
-231
239
348
133
-11
138
392
475
403
346
348
311
204
150
220
291
171
-147
-424
-467
-360
-361
-547
-732
-721
-559
-443
-468
-548
-561
-495
-429
-405
-414
-439
-494
-570
-617
-628
-696
-895
-1120
-1204
-1142
-1098
-1157
-1216
-1126
-886
-649
-545
-533
-472
-318
-168
-86
6
187
401
523
517
477
491
555
607
630
653
645
512
248
23
22
226
430
469
364
257
257
375
574
786
900
815
567
321
210
175
81
-76
-185
-178
-119
-160
-501
-1110
-1445
-854
412
1041
173
-1240
-1371
160
1736
1889
1111
829
1256
1332
670
222
664
1178
661
-558
-1211
-928
-563
-699
-936
-858
-773
-940
-869
-77
968
1445
1385
1565
2310
3029
3098
2646
2304
2446
2819
2952
2773
2636
2612
2217
1188
159
-106
109
-294
-1830
-3592
-4070
-2909
-1687
-2222
-4068
-4718
-2862
-284
410
-931
-2025
-1130
1025
2429
2191
1233
821
1075
1307
1166
771
141
-832
-1912
-2627
-2906
-3104
-3389
-3594
-3637
-3681
-3686
-3242
-2219
-1174
-723
-681
-296
680
1597
1762
1336
1054
1252
1505
1306
769
406
405
462
272
-45
-145
105
506
806
1013
1383
2044
2777
3266
3509
3738
3973
3956
3581
3000
2272
1254
-63
-1489
-2853
-3986
-4566
-4368
-3657
-3081
-3118
-3572
-3661
-2762
-1202
-3
240
-54
-96
457
1316
1923
1790
924
62
174
1398
2460
1642
-1246
-3980
-3906
-1107
1267
554
-2348
-4281
-3537
-1220
649
1211
876
302
-59
228
1381
2678
2764
1241
-496
-768
415
1578
1686
1118
779
1008
1605
2381
3154
3660
3788
3870
4207
4630
4834
4911
4993
4706
3516
1617
1
-584
-506
-852
-2137
-3695
-4524
-4467
-4172
-4136
-4230
-4133
-3819
-3504
-3264
-2837
-1815
-192
1390
2219
2311
2370
2836
3309
3062
1985
622
-527
-1521
-2624
-3699
-4332
-4447
-4483
-4742
-4937
-4579
-3617
-2482
-1597
-1015
-414
500
1595
2339
2404
2098
1976
2176
2309
2010
1374
772
387
146
-16
-74
-65
-23
249
1003
2074
2890
3156
3253
3743
4567
4923
4125
2456
1029
636
889
706
-506
-2260
-3584
-3935
-3539
-3083
-3198
-4047
-5086
-5378
-4411
-2721
-1447
-1147
-1216
-608
971
2747
3724
3664
3143
2789
2573
2073
1185
228
-630
-1609
-2757
-3648
-3953
-3977
-4243
-4689
-4668
-3813
-2550
-1562
-963
-339
543
1410
1972
2366
2899
3561
3954
3761
3188
2780
2819
2975
2719
2001
1342
1310
1989
2920
3451
3263
2712
2608
3374
4383
4462
3181
1493
741
1118
1493
806
-699
-1898
-2171
-1981
-2126
-2918
-4048
-5014
-5434
-5220
-4670
-4253
-4117
-3849
-2908
-1296
314
1289
1651
1926
2454
3068
3324
2926
1905
634
-362
-796
-938
-1422
-2508
-3693
-4195
-3797
-3055
-2701
-2904
-3148
-2801
-1848
-899
-458
-330
-5
684
1470
2097
2471
2574
2497
2517
2846
3264
3329
2971
2680
2893
3311
3244
2610
2206
2703
3679
4024
3172
1725
833
1045
1771
1847
717
-961
-2012
-2011
-1696
-2053
-3223
-4495
-5185
-5249
-5062
-4878
-4652
-4242
-3552
-2524
-1196
122
1020
1384
1531
1804
2151
2214
1796
1076
432
81
-75
-351
-979
-1838
-2452
-2493
-2175
-2022
-2243
-2488
-2338
-1802
-1257
-969
-848
-614
-128
462
825
802
651
826
1455
2156
2489
2502
2650
3209
3915
4257
4046
3628
3497
3817
4304
4512
4166
3282
2174
1281
911
970
984
463
-605
-1718
-2357
-2493
-2535
-2863
-3532
-4325
-4945
-5137
-4842
-4237
-3607
-3084
-2535
-1724
-581
695
1788
2462
2676
2591
2412
2204
1887
1423
892
366
-163
-687
-1139
-1519
-1969
-2556
-3024
-2971
-2362
-1729
-1621
-1911
-1946
-1412
-747
-516
-647
-557
22
696
953
853
924
1440
2069
2348
2346
2570
3292
4129
4444
4041
3441
3402
4087
4766
4567
3472
2340
1906
2013
1949
1306
341
-443
-843
-1072
-1459
-2193
-3236
-4288
-4898
-4885
-4614
-4614
-4859
-4775
-4038
-3065
-2444
-2124
-1545
-491
571
1060
974
856
1168
1826
2282
2121
1519
1069
1124
1400
1333
728
-73
-581
-665
-619
-847
-1497
-2316
-2851
-2810
-2359
-2019
-2147
-2512
-2569
-2132
-1579
-1273
-1074
-595
181
922
1409
1770
2200
2717
3235
3707
4090
4325
4371
4239
3986
3697
3451
3176
2668
1820
881
255
31
-198
-830
-1744
-2456
-2711
-2713
-2758
-2918
-3107
-3256
-3302
-3166
-2873
-2567
-2380
-2274
-2128
-1841
-1378
-770
-104
480
901
1193
1423
1597
1686
1728
1793
1835
1710
1404
1107
978
948
810
484
88
-185
-280
-301
-424
-758
-1258
-1762
-2088
-2199
-2180
-2108
-1990
-1851
-1757
-1699
-1547
-1176
-616
-30
463
863
1228
1581
1977
2506
3123
3534
3507
3224
3113
3297
3425
3090
2333
1585
1198
1092
933
545
92
-160
-137
46
216
262
188
115
181
339
372
102
-394
-811
-874
-593
-315
-429
-954
-1417
-1326
-759
-323
-431
-807
-837
-326
323
569
313
-48
-41
390
826
817
305
-365
-836
-1051
-1216
-1493
-1856
-2228
-2585
-2842
-2860
-2702
-2653
-2803
-2807
-2358
-1689
-1322
-1369
-1368
-874
-30
588
685
527
550
835
1166
1364
1400
1271
1008
705
484
430
528
638
578
355
177
205
380
572
738
836
785
591
505
780
1315
1620
1346
738
410
618
971
971
559
51
-325
-523
-501
-221
119
124
-359
-935
-990
-403
288
485
184
-149
-196
-91
-94
-197
-238
-205
-286
-582
-955
-1195
-1238
-1158
-1059
-1034
-1120
-1200
-1083
-709
-245
103
278
365
491
729
978
1025
786
492
458
676
797
555
83
-267
-307
-158
-16
57
119
186
263
400
649
939
1120
1133
1079
1145
1445
1855
2080
1959
1672
1516
1528
1478
1155
618
118
-156
-233
-299
-465
-697
-913
-1011
-917
-657
-384
-234
-200
-208
-247
-367
-573
-733
-721
-645
-814
-1342
-1910
-2079
-1795
-1437
-1399
-1680
-1904
-1731
-1219
-769
-642
-693
-584
-181
338
727
881
889
869
875
905
953
938
757
408
26
-283
-533
-772
-977
-1112
-1210
-1309
-1360
-1226
-829
-246
361
861
1229
1514
1779
2027
2204
2215
2024
1672
1233
773
379
168
154
165
8
-269
-378
-136
273
472
320
74
64
323
624
783
800
737
635
537
470
361
90
-335
-744
-998
-1167
-1449
-1917
-2395
-2622
-2522
-2259
-2015
-1790
-1445
-951
-478
-183
9
292
692
1047
1248
1347
1375
1248
930
558
311
206
97
-141
-479
-773
-928
-941
-825
-563
-181
220
555
798
980
1123
1237
1289
1211
978
664
413
293
264
202
47
-131
-180
-58
77
64
-28
30
279
476
406
179
118
370
733
886
708
384
193
210
253
99
-320
-896
-1477
-1899
-2052
-1997
-1957
-2107
-2331
-2322
-1922
-1308
-801
-567
-509
-413
-149
224
484
449
191
-1
62
280
390
282
46
-177
-315
-323
-148
169
456
572
606
782
1202
1706
2027
2076
1992
1944
1952
1923
1796
1565
1224
826
489
295
191
59
-155
-390
-553
-585
-487
-313
-123
81
366
751
1127
1381
1523
1635
1718
1692
1536
1302
1015
646
197
-260
-677
-1095
-1549
-1926
-2033
-1834
-1556
-1470
-1621
-1837
-1885
-1656
-1247
-939
-948
-1165
-1273
-1092
-743
-490
-517
-784
-1059
-1130
-988
-813
-769
-868
-969
-880
-544
-144
84
157
295
612
971
1184
1266
1373
1583
1743
1635
1255
877
751
792
704
361
-69
-353
-460
-523
-625
-722
-735
-649
-452
-97
412
919
1250
1399
1552
1809
2013
1892
1387
776
359
177
51
-159
-443
-751
-1024
-1188
-1182
-1076
-1038
-1127
-1211
-1121
-892
-754
-877
-1155
-1330
-1269
-1078
-908
-801
-731
-708
-765
-889
-1042
-1183
-1254
-1214
-1094
-968
-855
-687
-402
-36
311
575
791
1026
1288
1488
1514
1326
1049
908
994
1104
980
606
198
-71
-192
-211
-195
-231
-345
-414
-278
96
575
994
1290
1499
1675
1814
1905
1957
1955
1833
1551
1180
870
709
667
644
563
428
287
170
59
-32
-48
-15
-45
-190
-314
-269
-105
-29
-112
-191
-109
70
108
-134
-567
-965
-1166
-1190
-1161
-1171
-1196
-1162
-1017
-758
-462
-255
-193
-158
0
244
368
277
139
176
351
427
266
9
-112
-46
15
-124
-453
-804
-1052
-1174
-1161
-1005
-775
-607
-554
-501
-307
9
259
321
284
322
444
496
392
232
160
184
194
95
-68
-187
-228
-267
-350
-424
-451
-479
-538
-542
-402
-163
29
73
-15
-138
-219
-250
-296
-396
-534
-631
-621
-498
-316
-135
20
132
206
272
334
350
291
224
224
256
228
144
128
272
467
494
309
144
239
507
614
378
-39
-328
-339
-149
50
117
37
-101
-171
-88
128
343
429
392
370
454
595
677
654
591
573
594
587
510
400
317
270
208
70
-128
-260
-233
-110
-84
-218
-378
-404
-288
-140
-60
-87
-198
-301
-285
-126
81
229
295
307
300
296
343
434
475
383
218
136
177
212
111
-62
-124
-17
130
149
34
-75
-54
78
158
65
-124
-204
-80
114
191
126
45
64
167
230
173
35
-83
-119
-91
-63
-124
-290
-444
-438
-254
-4
206
337
375
329
242
185
172
168
91
-109
-383
-606
-685
-669
-699
-855
-1059
-1152
-1062
-889
-819
-908
-997
-881
-560
-234
-61
-8
32
104
205
346
492
517
289
-145
-544
-702
-648
-613
-737
-899
-903
-721
-527
-447
-436
-369
-208
-34
75
114
133
154
176
222
323
471
598
658
685
729
772
731
556
303
95
4
26
103
185
271
405
635
900
1046
965
737
562
545
582
488
241
8
-60
5
71
41
-74
-194
-217
-109
54
165
224
288
370
407
352
263
246
365
516
526
333
63
-124
-198
-261
-412
-619
-747
-700
-549
-442
-427
-451
-464
-450
-352
-151
66
159
98
-3
-26
49
154
239
284
266
152
-30
-181
-208
-143
-122
-212
-320
-304
-117
151
399
578
696
741
737
736
754
705
518
269
96
30
-33
-185
-392
-550
-613
-611
-599
-566
-477
-330
-164
4
203
436
625
677
618
604
731
872
811
528
245
125
61
-136
-461
-702
-708
-577
-520
-607
-721
-732
-642
-528
-418
-304
-175
-42
71
137
148
149
189
268
310
252
89
-104
-233
-266
-274
-373
-570
-729
-709
-522
-307
-169
-114
-105
-114
-107
-16
149
260
192
-10
-175
-210
-192
-251
-423
-636
-779
-782
-659
-526
-497
-569
-607
-484
-232
0
124
185
263
352
417
461
488
463
373
257
158
49
-94
-264
-415
-502
-508
-473
-441
-385
-275
-157
-110
-120
-93
29
212
393
541
659
777
904
1001
1002
925
862
869
883
807
626
435
338
313
273
183
138
200
305
324
254
235
382
624
749
636
381
204
198
250
172
-62
-289
-352
-271
-196
-215
-292
-357
-388
-388
-310
-106
161
338
354
299
297
356
372
271
79
-112
-253
-343
-399
-431
-481
-598
-757
-868
-878
-844
-830
-841
-813
-681
-458
-223
-53
44
108
169
210
220
216
221
232
233
220
220
252
293
308
292
282
289
284
251
219
211
204
166
127
134
193
253
285
308
353
406
417
346
236
134
50
-52
-186
-311
-373
-340
-254
-209
-237
-285
-277
-250
-271
-344
-411
-446
-476
-511
-567
-666
-817
-953
-991
-919
-838
-874
-1043
-1221
-1266
-1140
-926
-733
-606
-532
-447
-302
-106
73
178
211
204
206
271
409
561
652
660
645
675
769
896
988
1004
927
785
653
599
634
661
585
422
328
406
583
710
721
689
669
664
664
679
683
614
465
315
221
170
115
51
-10
-65
-106
-105
-43
35
45
-31
-111
-121
-97
-132
-232
-302
-294
-275
-333
-481
-671
-840
-922
-902
-828
-780
-751
-664
-490
-317
-251
-277
-269
-153
6
100
107
92
102
147
201
255
309
377
426
390
277
197
230
316
309
169
-10
-92
-56
8
16
-15
-8
65
159
224
264
291
314
307
259
186
129
123
152
188
212
242
263
251
182
79
-29
-111
-149
-163
-182
-233
-297
-331
-310
-247
-196
-197
-235
-263
-272
-309
-421
-593
-747
-805
-754
-675
-684
-807
-937
-918
-706
-419
-248
-258
-338
-313
-146
75
231
274
253
257
349
466
510
442
334
283
309
346
315
224
159
185
284
387
436
420
371
355
392
453
506
537
526
457
372
347
397
457
461
418
374
358
346
285
157
18
-72
-102
-121
-126
-77
24
99
73
-34
-123
-143
-160
-279
-511
-730
-817
-743
-598
-510
-546
-643
-696
-665
-620
-622
-659
-672
-625
-534
-455
-440
-479
-507
-465
-368
-268
-190
-137
-100
-64
-10
27
-19
-137
-222
-149
57
268
364
368
391
498
647
742
740
659
574
561
640
758
852
915
977
1023
979
811
588
438
399
406
378
323
287
296
344
427
528
584
538
397
256
201
235
251
156
-18
-126
-97
-20
-47
-194
-331
-375
-391
-484
-639
-727
-679
-570
-537
-610
-699
-710
-639
-571
-579
-653
-703
-662
-555
-457
-415
-446
-525
-575
-487
-267
-80
-67
-162
-143
85
370
514
478
384
332
331
350
380
404
407
393
407
481
576
606
537
441
381
351
293
206
152
181
239
222
79
-100
-150
-13
185
211
-33
-396
-616
-611
-491
-418
-454
-563
-685
-746
-713
-598
-455
-365
-388
-499
-595
-584
-499
-457
-538
-712
-862
-903
-821
-642
-422
-243
-180
-212
-212
-69
190
410
431
250
41
-12
100
259
364
409
418
408
416
491
628
756
799
767
734
757
815
835
803
764
764
784
766
678
571
531
573
604
540
416
325
310
327
336
301
200
49
-89
-161
-187
-231
-325
-438
-521
-548
-536
-513
-498
-504
-561
-672
-788
-845
-830
-799
-792
-791
-748
-651
-532
-431
-372
-339
-293
-202
-94
-6
64
166
293
390
452
510
570
584
544
522
562
619
618
547
461
414
425
494
605
720
794
826
832
806
719
584
471
435
457
459
399
283
137
-15
-154
-262
-360
-479
-654
-840
-971
-947
-769
-511
-252
-41
114
142
28
-242
-571
-882
-1097
-1228
-1278
-1228
-1083
-904
-803
-760
-726
-650
-600
-587
-583
-530
-446
-347
-220
-51
129
276
364
364
253
37
-180
-287
-223
-71
84
189
265
300
287
216
121
47
28
110
299
561
820
1038
1198
1288
1260
1127
935
735
502
209
-107
-352
-435
-337
-136
35
111
132
173
238
269
209
35
-198
-407
-532
-577
-561
-470
-302
-114
12
75
133
241
348
375
254
8
-283
-515
-641
-668
-654
-647
-658
-649
-560
-376
-127
113
305
430
512
539
481
337
163
59
56
136
220
246
211
173
182
210
216
167
112
83
106
170
244
330
438
571
651
618
467
300
197
174
158
68
-111
-295
-375
-319
-185
-71
-21
-39
-76
-94
-86
-73
-85
-108
-103
-63
-24
-40
-95
-147
-137
-57
92
239
338
369
341
252
103
-27
-94
-91
-101
-120
-125
-71
0
63
120
178
233
244
225
178
161
185
249
291
275
182
44
-130
-295
-426
-465
-413
-318
-260
-272
-296
-282
-191
-121
-134
-273
-470
-623
-619
-413
-86
182
273
182
44
-96
-208
-378
-583
-738
-795
-761
-801
-856
-893
-788
-635
-498
-438
-439
-468
-508
-494
-428
-312
-166
-13
103
111
-8
-179
-306
-305
-235
-111
26
203
362
494
637
797
896
854
720
593
535
526
604
724
822
765
579
395
369
520
710
828
860
909
970
1010
992
951
892
793
608
350
105
1
48
102
38
-127
-216
-170
-33
45
7
-111
-260
-374
-424
-393
-305
-269
-292
-373
-403
-390
-347
-330
-364
-424
-503
-552
-595
-615
-666
-749
-868
-926
-870
-683
-463
-244
-38
119
198
111
-19
-136
-120
-85
-49
-20
81
249
416
554
618
657
604
487
286
152
135
231
320
365
393
381
322
226
161
200
290
424
446
362
201
87
112
163
211
89
-69
-233
-210
-56
118
153
50
-2
72
192
171
8
-229
-444
-650
-764
-763
-630
-496
-455
-507
-572
-597
-647
-787
-973
-1090
-1011
-795
-543
-421
-462
-533
-502
-284
-79
10
-97
-257
-352
-292
-121
-7
-18
-154
-258
-238
-96
54
110
118
157
252
317
326
307
332
373
396
351
273
193
186
251
342
352
279
174
132
241
447
688
749
686
511
394
362
481
663
719
591
314
149
108
198
256
269
232
219
221
238
176
85
-35
-82
-40
48
149
126
84
-41
-38
-13
107
132
95
41
20
102
110
109
-33
-110
-170
-89
43
204
299
276
214
166
168
124
-1
-158
-251
-231
-133
-9
94
127
73
-21
-66
-10
143
235
224
16
-150
-251
-137
-36
20
49
143
394
512
501
235
50
-42
30
67
43
-60
-177
-297
-431
-546
-644
-656
-664
-625
-540
-337
-142
-80
-176
-298
-363
-323
-271
-162
-150
-176
-298
-367
-362
-354
-370
-557
-719
-831
-718
-558
-439
-422
-467
-481
-490
-438
-373
-254
-140
-46
-37
-79
-117
-98
-48
-2
50
102
168
185
235
227
236
174
216
264
327
241
15
-219
-328
-110
222
515
426
128
-186
-215
-7
277
462
437
307
163
127
84
-20
-172
-234
-100
70
132
-39
-228
-265
-98
150
286
290
162
105
183
400
535
518
401
354
407
517
570
503
333
212
255
366
378
266
191
235
295
273
162
92
127
212
231
134
75
96
286
469
622
636
585
558
557
559
497
436
402
378
346
299
241
142
-12
-40
-13
129
125
151
67
-18
-149
-216
-175
-186
-186
-322
-321
-347
-205
-170
-132
-210
-247
-318
-429
-526
-586
-471
-409
-321
-386
-365
-392
-350
-370
-318
-254
-212
-264
-439
-590
-729
-743
-780
-764
-793
-790
-810
-779
-681
-541
-468
-526
-674
-770
-748
-627
-489
-375
-243
-128
-14
28
64
134
244
339
323
267
231
277
362
353
283
135
57
9
67
199
391
512
501
365
238
227
354
483
487
347
180
79
63
180
334
549
580
535
317
230
115
114
106
209
369
459
524
420
417
322
379
339
375
323
235
104
-121
-267
-445
-470
-510
-472
-421
-415
-393
-421
-309
-199
-94
-118
-263
-315
-291
-59
34
71
-49
-121
-134
-81
40
63
77
8
48
107
227
270
240
117
-29
-154
-227
-253
-229
-148
9
169
273
276
198
168
182
352
529
691
654
484
274
140
130
115
116
48
43
52
100
93
57
60
71
102
9
-19
-96
-76
-206
-321
-430
-379
-225
-183
-186
-381
-355
-330
-95
-28
29
-48
-151
-161
-128
96
171
244
139
151
244
427
565
503
392
258
253
234
149
65
-35
23
22
113
88
85
3
-58
-74
-128
-139
-216
-124
-113
-17
-81
-14
21
114
124
125
142
85
-22
-191
-207
-128
8
5
-94
-283
-373
-425
-295
-207
-123
-285
-537
-774
-802
-571
-316
-105
-223
-398
-621
-531
-339
-110
-81
-158
-203
-163
-44
-32
-55
-140
-113
-91
-65
-102
-102
-48
38
74
25
-72
-134
-128
-62
-27
-6
-43
-61
-97
-119
-181
-267
-313
-262
-77
45
91
-63
-158
-197
-82
1
90
148
283
428
515
517
386
318
236
340
342
405
323
372
342
291
154
44
133
247
439
422
427
291
246
129
69
40
57
146
163
208
137
96
-4
-16
-11
38
85
193
322
455
489
492
502
552
606
533
439
292
205
56
-82
-175
-182
-119
-65
-5
-12
-57
-168
-260
-291
-232
-144
-96
-97
-101
-49
10
43
13
-37
-4
64
191
192
175
74
22
-48
-75
-68
-58
-25
-66
-100
-223
-315
-444
-486
-497
-467
-446
-455
-414
-400
-379
-447
-485
-502
-430
-320
-249
-266
-400
-470
-382
-144
75
143
106
65
76
92
106
131
200
261
304
309
336
335
342
312
319
338
316
244
111
39
-22
-83
-200
-316
-331
-255
-60
101
231
240
265
353
510
615
563
426
246
212
225
329
286
195
5
-91
-136
-102
-98
-119
-123
-123
-67
-95
-64
-131
-97
-176
-157
-253
-299
-404
-502
-553
-673
-666
-787
-740
-826
-751
-769
-647
-540
-407
-301
-299
-241
-272
-144
-84
62
57
30
-61
-74
-11
114
268
379
387
273
113
10
-1
8
37
68
205
281
289
180
218
351
527
496
382
227
169
116
58
17
-30
36
84
245
291
326
184
114
73
96
34
-107
-181
-195
-87
-45
-9
-78
-86
-96
-54
-41
-10
57
99
131
99
71
25
39
111
225
304
310
306
312
393
486
610
654
644
544
488
485
579
677
659
584
433
417
395
436
422
309
138
-114
-147
-96
144
292
384
375
293
311
293
412
418
459
321
171
6
-61
-49
-65
-74
-200
-269
-376
-347
-385
-437
-593
-658
-633
-560
-566
-676
-744
-736
-638
-653
-755
-972
-1044
-986
-711
-453
-247
-169
-137
-124
-193
-284
-446
-519
-574
-510
-458
-420
-494
-596
-684
-675
-591
-404
-191
-57
-124
-326
-475
-476
-337
-240
-157
-164
-157
-253
-350
-377
-223
35
194
212
110
71
158
336
486
423
262
68
56
94
143
70
-42
-58
55
253
282
217
85
139
240
453
536
602
496
394
327
347
463
440
418
264
295
289
377
383
427
468
467
491
471
474
401
367
394
451
463
379
289
243
251
285
242
198
93
47
-38
-97
-171
-202
-161
-105
-22
-26
-45
-54
23
148
211
179
68
-68
-129
-74
114
264
334
244
140
25
-2
-12
-1
11
0
-12
-83
-89
-123
-61
0
184
367
480
448
289
202
206
338
435
498
447
307
96
-28
-25
80
112
26
-227
-478
-640
-555
-302
-59
17
-129
-288
-363
-273
-181
-186
-340
-534
-632
-620
-544
-459
-404
-378
-464
-618
-824
-986
-973
-830
-563
-429
-375
-433
-418
-337
-224
-147
-200
-253
-311
-252
-216
-177
-263
-320
-351
-184
-41
25
-48
-135
-81
-17
100
6
-124
-305
-270
-163
-111
-230
-417
-489
-430
-258
-120
2
43
120
124
167
181
243
276
265
282
282
334
348
436
578
746
817
708
554
449
517
553
516
331
166
75
71
113
108
109
97
188
303
432
461
459
481
599
714
781
722
644
556
520
526
545
572
529
471
349
261
171
133
57
-16
-110
-193
-250
-241
-147
-95
-138
-295
-410
-425
-289
-47
187
312
256
112
-45
-130
-192
-194
-189
-127
-128
-156
-233
-267
-204
-141
-105
-249
-362
-430
-330
-222
-163
-194
-266
-271
-206
-161
-177
-247
-246
-185
-94
-29
-81
-115
-127
66
238
349
286
156
44
-41
-27
33
143
189
159
47
-70
-175
-249
-324
-366
-422
-441
-474
-403
-265
-81
42
55
24
-6
92
195
281
229
185
129
113
97
106
147
169
187
126
95
62
77
46
-33
-126
-223
-260
-252
-153
-91
-71
-138
-208
-239
-201
-51
70
99
-39
-145
-202
-187
-259
-373
-461
-457
-359
-332
-390
-519
-587
-537
-408
-269
-173
-171
-178
-203
-139
-100
-95
-168
-237
-179
-43
148
172
64
-171
-302
-258
-86
69
87
43
2
21
55
114
229
374
469
448
367
282
257
232
218
160
158
212
298
317
245
256
357
602
752
811
695
521
371
307
347
404
483
520
530
454
339
228
234
314
402
365
253
69
-110
-271
-331
-268
-185
-132
-243
-346
-432
-321
-127
66
158
92
34
-28
6
-9
-47
-134
-255
-363
-477
-497
-459
-390
-341
-406
-463
-537
-495
-404
-299
-211
-284
-390
-543
-454
-236
66
268
324
307
186
129
100
194
290
363
396
384
412
449
485
462
348
229
67
15
18
161
257
281
195
88
75
94
209
259
335
300
254
189
193
292
348
302
96
-60
-113
-40
-5
-36
-137
-220
-258
-244
-169
-95
-15
-41
-89
-151
-154
-94
-85
-59
-94
-18
45
118
92
31
24
68
195
206
114
-124
-312
-409
-407
-406
-435
-516
-584
-624
-600
-597
-619
-637
-552
-432
-364
-412
-505
-585
-589
-506
-389
-286
-316
-363
-466
-388
-270
-78
-43
-50
-81
-35
20
80
166
208
157
-49
-171
-211
-44
53
196
195
259
310
429
446
326
171
72
143
228
342
371
393
423
488
531
473
395
357
446
547
614
583
517
514
554
641
633
566
381
186
40
-11
17
33
83
95
115
73
18
-37
-73
-21
16
73
-25
-73
-184
-196
-219
-153
-58
-69
-62
-123
-12
-33
23
-22
41
16
-41
-153
-240
-194
-89
95
131
145
9
-44
-166
-156
-162
-84
-78
-127
-190
-200
-5
202
405
315
181
24
98
286
488
633
564
447
197
74
-6
104
269
399
444
360
293
181
150
130
188
208
207
95
-51
-223
-374
-443
-481
-395
-403
-435
-600
-692
-716
-650
-565
-529
-478
-448
-403
-509
-652
-797
-698
-526
-339
-418
-588
-785
-764
-608
-431
-347
-397
-401
-434
-427
-561
-611
-625
-481
-443
-434
-514
-499
-459
-413
-382
-420
-394
-372
-154
72
300
313
212
75
-18
-69
-64
31
183
248
193
65
-27
-54
-70
-11
86
287
442
522
468
362
261
240
328
450
526
467
396
370
454
573
676
737
742
763
802
887
916
869
784
768
862
946
915
768
650
660
762
864
865
799
710
704
738
717
617
485
479
538
626
626
549
436
338
280
212
139
72
2
-87
-183
-222
-159
-107
-107
-250
-360
-408
-349
-334
-386
-470
-530
-501
-495
-410
-458
-514
-712
-799
-819
-765
-708
-734
-751
-807
-730
-645
-554
-536
-511
-438
-352
-312
-335
-430
-489
-486
-370
-278
-281
-345
-375
-315
-264
-232
-214
-153
-72
-59
-161
-325
-420
-293
-56
250
379
399
276
193
208
217
206
71
8
-68
-52
-67
-32
-72
-149
-229
-203
-69
51
56
-106
-308
-461
-377
-196
64
109
58
-116
-169
-112
-4
56
-60
-214
-404
-382
-260
-33
28
-74
-262
-354
-256
-106
41
10
-62
-148
-57
78
186
168
92
83
138
311
427
511
417
306
175
174
251
351
394
365
419
503
619
598
541
460
436
449
479
505
475
412
361
375
470
560
582
533
447
390
327
327
327
364
366
354
287
182
117
121
199
246
232
145
25
-94
-181
-236
-243
-212
-205
-283
-423
-467
-366
-190
-83
-96
-180
-287
-290
-230
-113
-65
-56
-101
-183
-259
-282
-229
-200
-255
-364
-441
-419
-373
-288
-239
-182
-179
-184
-167
-203
-224
-325
-278
-233
-112
-132
-228
-364
-430
-350
-238
-112
-130
-191
-281
-254
-186
-106
-75
-53
-59
-47
-71
-87
-147
-142
-85
38
161
272
381
406
400
290
237
184
182
117
4
-151
-241
-243
-190
-166
-209
-242
-276
-227
-194
-92
-72
-35
-69
-107
-139
-115
-36
-17
-51
-133
-125
-71
40
99
155
181
203
144
39
-44
-50
64
160
224
120
-58
-195
-171
-3
96
85
-30
-49
16
132
173
167
162
220
267
270
212
145
172
227
329
259
136
-55
-97
-58
20
79
72
116
114
222
275
364
320
248
194
211
279
250
216
131
151
174
240
248
167
70
-6
75
204
335
328
210
70
16
118
291
462
541
508
416
313
199
55
-117
-179
-150
18
212
381
380
177
-6
-97
10
57
92
21
-21
-30
-2
63
87
125
75
11
-109
-174
-226
-260
-340
-409
-478
-481
-518
-557
-645
-704
-700
-684
-610
-590
-499
-480
-376
-328
-246
-309
-432
-584
-599
-472
-353
-319
-422
-411
-324
-112
-20
-6
-45
-52
16
38
90
45
4
-94
-73
23
149
202
181
166
173
239
305
363
369
360
309
220
141
93
109
95
49
-24
-89
-105
-122
-92
-54
8
75
91
113
20
-49
-146
-125
-24
84
161
52
-79
-250
-274
-296
-314
-348
-352
-249
-210
-166
-264
-294
-296
-139
36
132
111
-53
-55
14
353
542
640
420
127
-35
-24
236
321
427
273
253
141
132
123
173
351
407
459
257
245
196
316
260
228
244
278
341
171
140
89
308
442
526
396
176
80
139
417
528
545
354
299
264
266
170
65
59
54
134
120
181
96
-3
-128
-59
159
332
342
97
-118
-355
-395
-354
-173
-9
4
-111
-317
-432
-468
-365
-271
-209
-256
-320
-341
-323
-301
-356
-438
-509
-490
-448
-442
-505
-629
-666
-607
-428
-286
-254
-256
-258
-127
-36
64
58
90
125
160
144
43
-36
-80
-11
63
109
11
-139
-312
-327
-260
-126
-114
-149
-196
-196
-227
-270
-246
-198
-150
-266
-340
-447
-370
-293
-112
-6
19
6
-44
43
40
60
-92
-218
-312
-244
-60
85
132
28
-62
-128
-67
27
165
255
273
242
185
220
288
424
475
472
373
281
240
224
267
293
335
356
385
449
492
471
395
317
376
447
518
406
264
110
84
163
239
288
212
149
99
122
135
141
129
157
187
237
228
205
192
224
271
250
217
109
53
18
123
242
331
281
180
28
-13
-22
70
137
192
212
113
-1
-196
-253
-351
-365
-404
-360
-285
-188
-133
-139
-203
-171
-98
45
47
-82
-291
-495
-519
-512
-383
-377
-324
-409
-424
-500
-505
-450
-374
-243
-246
-195
-242
-160
-170
-67
-51
36
60
40
-25
-100
5
125
303
320
374
319
263
157
77
80
29
3
-127
-262
-447
-580
-565
-507
-378
-328
-185
-124
-80
-117
-170
-181
-240
-178
-111
47
62
21
-80
-72
8
110
167
185
192
178
206
256
339
313
259
139
107
50
70
94
162
217
242
211
168
91
93
121
221
315
331
310
138
80
-47
-56
-195
-209
-152
-50
47
-18
30
22
145
137
111
7
-108
-193
-251
-192
-81
62
81
11
-126
-132
-115
-45
-114
-122
-145
-26
52
20
-67
-224
-200
-241
-147
-91
51
101
30
-59
-175
-141
-176
-146
-156
-69
-2
-27
-134
-247
-216
-82
85
185
247
285
294
279
268
261
251
248
219
169
60
-63
-207
-278
-246
-86
119
332
383
350
209
205
226
298
256
70
-119
-309
-242
-173
69
178
341
320
242
72
-15
55
141
219
70
-25
-130
-14
110
200
216
136
126
84
73
58
70
177
257
353
328
227
55
-47
-57
27
100
73
-17
-177
-230
-259
-163
-93
-40
-32
-48
-85
-197
-264
-313
-262
-242
-230
-204
-128
-28
-55
-125
-182
-84
-37
16
-19
18
21
-23
-97
-159
-140
-169
-216
-287
-232
-85
111
187
159
41
-4
-40
12
49
106
52
-88
-240
-330
-243
-127
36
33
9
-110
-253
-424
-512
-381
-190
-15
27
47
65
115
111
90
5
36
86
140
111
-22
-67
-93
83
104
51
-224
-370
-355
-184
-39
-46
-149
-257
-312
-339
-302
-206
12
127
169
49
32
42
150
193
214
226
179
92
-167
-310
-336
-156
-75
-95
-163
-237
-285
-346
-266
-76
136
313
282
256
146
226
237
241
195
206
326
274
182
-94
-106
-1
297
473
514
407
237
77
-6
44
121
279
365
451
373
314
235
321
394
583
657
676
498
281
161
180
332
361
337
149
111
28
20
-129
-182
-202
-72
14
69
71
87
129
53
-49
-137
21
229
345
116
-207
-405
-240
-2
88
-154
-409
-441
-179
107
164
60
-91
-93
-58
-32
-109
-142
-86
56
66
-48
-259
-347
-333
-217
-149
-147
-131
-120
-52
-85
-124
-284
-427
-564
-579
-573
-618
-713
-814
-807
-756
-642
-569
-495
-501
-467
-438
-351
-249
-170
-88
-107
-103
-134
-57
-29
11
-31
17
167
367
432
262
104
111
338
459
421
204
57
-20
20
41
80
107
184
228
244
211
147
176
193
296
262
261
208
214
195
95
-38
-163
-101
-50
-31
-173
-287
-349
-332
-309
-309
-302
-226
-115
-7
-7
-61
-163
-189
-96
134
355
390
189
-91
-172
16
347
569
636
607
555
443
272
166
221
423
608
666
578
450
381
382
430
512
600
597
431
192
34
55
153
194
111
24
-12
-29
-101
-180
-218
-212
-232
-260
-293
-298
-332
-460
-614
-710
-608
-420
-186
-44
28
18
-3
10
61
120
163
203
248
322
391
450
431
434
533
808
1062
1103
800
400
159
244
497
734
864
822
632
251
-103
-369
-452
-548
-717
-961
-1158
-1227
-1298
-1458
-1758
-1950
-1896
-1598
-1327
-1222
-1254
-1208
-1052
-824
-618
-346
76
597
1014
1144
1005
748
527
350
200
52
-81
-304
-655
-1123
-1481
-1640
-1554
-1433
-1407
-1543
-1752
-1756
-1331
-391
650
1228
1156
873
1104
2035
3114
3484
2836
1778
1254
1749
2790
3496
3292
2421
1596
1412
1762
2009
1499
258
-1109
-1879
-1854
-1422
-1139
-1280
-1612
-1900
-2026
-2151
-2321
-2515
-2580
-2435
-2104
-1733
-1450
-1267
-1064
-693
-64
718
1433
1827
1806
1512
1180
965
840
739
630
457
134
-410
-1049
-1631
-1998
-2237
-2391
-2474
-2354
-1934
-1373
-914
-771
-744
-467
308
1392
2279
2624
2497
2347
2552
3070
3603
3843
3782
3617
3505
3442
3228
2908
2688
2650
2344
1265
-466
-2100
-2894
-2854
-2483
-2368
-2609
-3029
-3442
-3813
-4083
-4066
-3700
-3074
-2422
-1823
-1322
-941
-648
-218
666
1966
3210
3847
3722
3173
2593
2123
1687
1189
723
267
-321
-1245
-2431
-3509
-4197
-4450
-4458
-4307
-4011
-3667
-3424
-3227
-2801
-1890
-614
656
1596
2198
2702
3260
3897
4532
5105
5464
5427
5035
4579
4324
4212
4008
3634
3229
2923
2682
2280
1439
-48
-1978
-3724
-4631
-4525
-3921
-3508
-3647
-4128
-4549
-4706
-4576
-4131
-3279
-2163
-1154
-587
-387
-180
337
1176
2212
3362
4469
5216
5229
4489
3348
2312
1560
977
352
-395
-1299
-2429
-3812
-5264
-6381
-6807
-6507
-5766
-4964
-4379
-4049
-3770
-3161
-1999
-394
1224
2457
3229
3702
4105
4493
4889
5279
5616
5744
5537
5039
4462
3986
3622
3337
3110
2970
2846
2431
1313
-661
-2937
-4656
-5253
-4933
-4330
-3984
-4048
-4350
-4748
-4992
-4812
-3936
-2541
-1136
-166
304
539
778
1225
2058
3367
4899
6037
6267
5569
4330
2975
1703
612
-241
-900
-1576
-2539
-3813
-5198
-6375
-7068
-7091
-6360
-5034
-3564
-2487
-1971
-1594
-787
626
2302
3768
4761
5250
5349
5173
4905
4703
4679
4732
4675
4365
3852
3288
2799
2456
2289
2262
2287
2181
1682
508
-1281
-3143
-4332
-4483
-3910
-3231
-2935
-3044
-3392
-3737
-3885
-3629
-2868
-1789
-782
-197
-14
92
432
1142
2149
3323
4410
5108
5139
4429
3178
1751
433
-686
-1653
-2512
-3317
-4118
-5013
-5968
-6759
-7009
-6482
-5314
-3893
-2644
-1751
-1149
-563
283
1473
2797
3888
4512
4710
4684
4565
4365
4046
3648
3190
2683
2129
1656
1415
1466
1688
1892
1938
1877
1824
1645
899
-670
-2582
-3934
-4228
-3790
-3354
-3381
-3796
-4281
-4640
-4780
-4536
-3757
-2612
-1501
-723
-233
158
609
1227
2156
3408
4713
5608
5741
5093
3875
2436
1056
-99
-1046
-1895
-2783
-3783
-4860
-5883
-6599
-6754
-6186
-4978
-3413
-1892
-720
60
695
1467
2447
3510
4466
5246
5753
5907
5638
5047
4345
3680
3094
2569
2182
1994
1955
1925
1842
1836
1998
2318
2644
2708
2146
686
-1352
-3168
-4001
-3869
-3360
-3047
-3041
-3211
-3503
-3821
-3907
-3409
-2348
-1156
-319
122
449
874
1354
1896
2665
3705
4699
5114
4691
3569
2086
527
-938
-2109
-2914
-3466
-4077
-4916
-5834
-6497
-6641
-6220
-5246
-3776
-2030
-458
554
1079
1526
2223
3075
3836
4408
4809
4969
4706
3986
2981
1984
1175
644
437
598
1008
1395
1579
1659
1832
2145
2512
2874
3013
2443
806
-1537
-3656
-4775
-4889
-4536
-4211
-4046
-4036
-4272
-4660
-4740
-4070
-2776
-1429
-420
355
1089
1738
2163
2573
3299
4317
5087
5077
4158
2564
570
-1574
-3462
-4656
-5057
-5102
-5335
-5914
-6558
-6825
-6416
-5174
-3183
-775
1449
2959
3653
3844
3996
4294
4695
5037
5243
5188
4654
3518
1986
578
-294
-547
-424
-126
228
577
843
1066
1508
2348
3509
4637
5489
5904
5553
4023
1447
-1239
-3005
-3607
-3615
-3675
-3990
-4444
-4992
-5590
-5948
-5615
-4474
-2972
-1623
-606
223
954
1641
2461
3590
4875
5819
5994
5312
3888
1874
-436
-2547
-4002
-4731
-5103
-5523
-6090
-6579
-6724
-6389
-5449
-3842
-1688
575
2462
3702
4329
4562
4645
4752
4886
4915
4633
3860
2595
1082
-232
-1046
-1369
-1404
-1293
-1071
-779
-438
41
859
2081
3525
4817
5730
6349
6861
7083
6437
4590
1975
-577
-2496
-3783
-4567
-4986
-5164
-5371
-5805
-6397
-6805
-6671
-5950
-4787
-3364
-1721
-7
1578
2878
3978
4976
5840
6359
6316
5612
4289
2470
293
-2000
-4097
-5683
-6634
-6950
-6766
-6244
-5620
-5021
-4368
-3407
-1929
-6
2049
3819
4950
5234
4722
3725
2674
1851
1275
834
418
-1
-538
-1243
-2002
-2464
-2363
-1717
-758
310
1422
2553
3675
4730
5662
6451
7124
7733
8097
7703
6019
3099
-275
-3168
-5067
-6022
-6341
-6449
-6746
-7449
-8382
-9042
-8934
-7920
-6218
-4164
-2015
51
1834
3271
4485
5698
6900
7846
8232
7914
6836
4961
2423
-350
-2754
-4442
-5476
-6123
-6528
-6660
-6551
-6311
-5914
-5063
-3505
-1377
845
2722
4020
4601
4378
3521
2536
1937
1790
1720
1356
683
-69
-730
-1233
-1490
-1355
-832
-108
628
1374
2260
3321
4527
5803
7034
7952
8325
8157
7726
7198
6296
4511
1689
-1592
-4551
-6751
-8262
-9164
-9497
-9389
-9172
-9066
-8900
-8316
-7074
-5222
-2863
-129
2730
5250
7047
8077
8537
8600
8301
7725
7012
6157
4875
2872
203
-2683
-5247
-7097
-8042
-8052
-7325
-6294
-5436
-4960
-4624
-4011
-2854
-1237
622
2416
3766
4275
3815
2718
1537
715
351
342
506
670
648
315
-272
-830
-1009
-622
279
1497
2802
3996
4950
5666
6217
6642
6890
6926
6756
6397
5769
4617
2624
-279
-3584
-6499
-8509
-9645
-10163
-10183
-9766
-9052
-8260
-7401
-6258
-4635
-2616
-487
1583
3575
5420
6889
7828
8333
8583
8572
8097
7072
5591
3824
1815
-417
-2750
-4977
-6869
-8218
-8854
-8768
-8199
-7504
-6870
-6194
-5232
-3901
-2326
-711
835
2219
3262
3766
3751
3499
3240
2956
2532
2056
1752
1701
1694
1503
1114
710
435
357
587
1230
2202
3220
4088
4838
5533
6032
6138
5891
5581
5357
5066
4375
3071
1079
-1498
-4307
-6770
-8339
-8896
-8711
-8157
-7403
-6539
-5727
-5119
-4587
-3754
-2343
-394
1809
4001
5930
7361
8177
8515
8631
8576
8157
7191
5666
3682
1284
-1422
-4158
-6527
-8206
-9156
-9513
-9428
-8961
-8227
-7384
-6482
-5371
-3907
-2121
-209
1634
3229
4398
5002
5084
4892
4657
4427
4080
3589
3028
2440
1709
790
-155
-819
-1050
-952
-717
-417
38
725
1681
2881
4259
5570
6436
6572
6051
5258
4567
4125
3864
3552
2745
984
-1753
-4856
-7484
-9155
-9834
-9666
-8826
-7601
-6434
-5634
-5139
-4567
-3558
-1953
201
2715
5240
7335
8660
9097
8773
7910
6760
5505
4215
2822
1178
-845
-3253
-5823
-8124
-9723
-10419
-10303
-9594
-8547
-7427
-6435
-5554
-4534
-3059
-991
1505
4027
6085
7310
7577
7096
6238
5315
4456
3671
2993
2422
1857
1107
129
-851
-1495
-1604
-1205
-420
621
1762
2842
3751
4521
5243
5923
6394
6467
6119
5526
4858
4178
3524
2974
2526
1918
761
-1145
-3518
-5814
-7593
-8726
-9213
-9017
-8190
-6974
-5694
-4472
-3199
-1761
-217
1317
2822
4297
5604
6527
6964
6958
6524
5617
4279
2717
1160
-355
-1918
-3562
-5154
-6577
-7822
-8881
-9602
-9755
-9313
-8442
-7335
-6001
-4418
-2700
-1077
344
1667
2975
4152
4951
5313
5332
5079
4503
3643
2755
2110
1744
1463
1086
593
69
-432
-835
-988
-724
-39
895
1896
2869
3710
4244
4385
4315
4326
4548
4841
4998
4893
4457
3680
2695
1830
1302
961
349
-790
-2295
-3844
-5266
-6519
-7396
-7668
-7264
-6489
-5685
-5078
-4636
-4229
-3668
-2702
-1182
826
2992
5000
6590
7497
7458
6489
4987
3394
1869
335
-1212
-2622
-3800
-4843
-5892
-6896
-7645
-8011
-8009
-7645
-6849
-5627
-4184
-2770
-1504
-358
699
1643
2487
3312
4192
5019
5608
5935
6195
6560
6956
7176
7124
6842
6333
5477
4198
2682
1263
157
-633
-1128
-1229
-882
-184
680
1616
2614
3609
4505
5251
5929
6588
7153
7431
7281
6660
5557
3929
1806
-629
-3069
-5267
-7081
-8475
-9445
-10021
-10222
-10058
-9510
-8600
-7404
-6052
-4675
-3287
-1845
-258
1450
3195
4826
6170
7026
7231
6790
5793
4366
2568
545
-1490
-3328
-4872
-6134
-7093
-7760
-8201
-8624
-9154
-9655
-9774
-9207
-7939
-6137
-4001
-1676
653
2784
4557
5918
6906
7611
8134
8478
8582
8334
7689
6646
5261
3657
1994
448
-862
-1843
-2447
-2666
-2514
-2028
-1233
-141
1211
2682
4040
5027
5506
5475
5042
4391
3718
3172
2722
2222
1516
579
-473
-1481
-2364
-3164
-3945
-4694
-5319
-5768
-6093
-6338
-6516
-6543
-6414
-6182
-5956
-5752
-5405
-4750
-3700
-2416
-1036
381
1842
3265
4462
5329
5838
6043
5935
5537
4878
3999
2954
1804
659
-453
-1564
-2718
-3868
-4912
-5788
-6493
-7008
-7212
-6926
-6040
-4575
-2705
-685
1208
2736
3798
4495
5103
5869
6875
7963
8881
9430
9554
9268
8587
7584
6408
5222
4079
2950
1829
743
-298
-1317
-2301
-3199
-3926
-4379
-4487
-4190
-3500
-2486
-1256
56
1315
2383
3133
3505
3468
3046
2302
1377
381
-690
-1943
-3403
-4944
-6359
-7488
-8229
-8488
-8228
-7521
-6580
-5576
-4589
-3575
-2496
-1310
44
1584
3218
4674
5708
6198
6146
5595
4638
3496
2427
1545
712
-309
-1621
-3126
-4631
-5986
-7057
-7683
-7741
-7301
-6569
-5748
-4900
-4049
-3193
-2292
-1250
22
1490
2998
4356
5444
6217
6668
6854
6918
7013
7187
7327
7258
6819
5965
4720
3212
1616
168
-949
-1685
-2127
-2401
-2625
-2897
-3306
-3820
-4285
-4508
-4414
-4087
-3615
-3058
-2437
-1828
-1266
-691
30
968
2043
3103
3975
4548
4748
4582
4100
3359
2391
1202
-135
-1501
-2745
-3814
-4753
-5603
-6314
-6747
-6800
-6429
-5651
-4504
-3054
-1363
506
2479
4370
5923
6912
7309
7244
6859
6231
5431
4569
3689
2692
1411
-206
-2011
-3779
-5299
-6431
-7088
-7231
-6889
-6140
-5109
-3897
-2565
-1133
412
2052
3711
5234
6478
7419
8103
8541
8609
8195
7311
6061
4550
2842
1051
-688
-2235
-3535
-4535
-5210
-5567
-5676
-5607
-5356
-4867
-4124
-3188
-2126
-972
237
1394
2384
3158
3750
4164
4326
4143
3610
2823
1866
809
-245
-1167
-1886
-2465
-2966
-3393
-3706
-3904
-4001
-3961
-3763
-3402
-2952
-2457
-1912
-1280
-536
289
1164
2069
2993
3852
4480
4754
4684
4397
3974
3416
2676
1754
702
-438
-1653
-2906
-4066
-4968
-5537
-5836
-5960
-5929
-5703
-5264
-4644
-3854
-2873
-1704
-445
757
1800
2652
3331
3848
4259
4662
5118
5551
5780
5644
5089
4143
2901
1550
343
-543
-1143
-1652
-2272
-3058
-3928
-4715
-5238
-5371
-5087
-4467
-3618
-2602
-1400
-44
1335
2548
3528
4340
5040
5550
5730
5522
4984
4172
3101
1827
505
-672
-1584
-2215
-2570
-2710
-2721
-2738
-2812
-2924
-3015
-3040
-2957
-2660
-2083
-1237
-302
533
1173
1653
2068
2452
2787
3014
3051
2817
2226
1311
221
-809
-1596
-2074
-2265
-2250
-2163
-2206
-2545
-3175
-3900
-4459
-4650
-4384
-3668
-2641
-1554
-674
-132
164
413
784
1314
2002
2833
3717
4461
4860
4864
4555
4079
3552
3052
2601
2143
1591
944
302
-209
-566
-840
-1114
-1443
-1832
-2237
-2530
-2541
-2107
-1200
35
1318
2383
3098
3470
3585
3583
3595
3692
3802
3737
3348
2576
1495
223
-1040
-2096
-2756
-2963
-2828
-2577
-2463
-2590
-2941
-3355
-3622
-3504
-2858
-1759
-477
677
1513
1966
2015
1719
1222
715
313
16
-218
-430
-635
-915
-1375
-2076
-2961
-3865
-4635
-5171
-5455
-5476
-5227
-4697
-3880
-2823
-1650
-523
454
1291
2028
2693
3272
3771
4209
4573
4794
4762
4444
3896
3228
2482
1679
873
170
-345
-646
-749
-694
-563
-454
-426
-460
-486
-461
-376
-203
144
718
1426
2084
2570
2907
3172
3401
3574
3642
3567
3285
2703
1779
616
-552
-1503
-2167
-2595
-2881
-3087
-3283
-3503
-3735
-3887
-3842
-3515
-2869
-1956
-912
74
849
1337
1526
1434
1136
771
476
253
-13
-423
-959
-1532
-2084
-2606
-3092
-3505
-3803
-3937
-3880
-3623
-3188
-2620
-1974
-1316
-695
-172
225
476
617
706
769
787
762
762
837
965
1100
1273
1567
2007
2495
2869
3005
2894
2620
2303
2048
1928
1943
2028
2091
2064
1918
1628
1192
683
230
-50
-126
-50
115
365
734
1212
1691
2071
2324
2480
2564
2570
2512
2394
2236
2055
1869
1644
1321
874
341
-223
-796
-1389
-1998
-2563
-2992
-3229
-3294
-3223
-3018
-2628
-2046
-1339
-626
-7
461
723
742
519
99
-476
-1153
-1845
-2443
-2894
-3226
-3492
-3702
-3805
-3775
-3645
-3464
-3223
-2882
-2415
-1813
-1063
-199
691
1480
2087
2472
2635
2604
2452
2271
2105
1917
1617
1140
493
-245
-964
-1538
-1884
-1925
-1640
-1064
-314
476
1244
1996
2726
3322
3656
3689
3511
3235
2931
2599
2223
1813
1399
996
599
187
-248
-716
-1170
-1530
-1683
-1555
-1168
-636
-137
236
453
572
639
698
774
874
978
991
794
298
-432
-1266
-2086
-2856
-3535
-4027
-4272
-4287
-4179
-4009
-3783
-3444
-2988
-2460
-1898
-1312
-734
-254
72
268
405
481
465
359
239
155
72
-75
-324
-656
-1032
-1388
-1648
-1750
-1699
-1567
-1425
-1273
-1061
-733
-287
267
903
1588
2267
2903
3496
4050
4520
4790
4798
4589
4309
4031
3716
3296
2781
2238
1685
1112
563
159
-18
-2
117
264
399
504
591
710
915
1226
1599
1967
2255
2436
2493
2424
2224
1912
1538
1122
690
258
-150
-548
-957
-1344
-1632
-1769
-1811
-1886
-2085
-2392
-2741
-3115
-3500
-3819
-3933
-3766
-3373
-2836
-2189
-1437
-679
-78
250
319
201
-58
-404
-727
-904
-894
-788
-720
-771
-943
-1203
-1529
-1855
-2091
-2168
-2084
-1856
-1473
-937
-341
167
514
764
1021
1317
1628
1962
2324
2641
2776
2702
2520
2347
2195
2000
1729
1424
1146
930
786
743
786
842
813
675
475
287
151
131
286
636
1103
1561
1908
2090
2097
1929
1636
1290
989
777
653
579
487
309
-29
-529
-1148
-1788
-2368
-2845
-3222
-3510
-3714
-3872
-4024
-4148
-4145
-3935
-3558
-3135
-2769
-2498
-2284
-2100
-1918
-1745
-1581
-1427
-1285
-1135
-948
-713
-477
-285
-142
-18
87
160
220
293
373
402
339
193
55
32
174
453
799
1152
1423
1538
1505
1394
1267
1125
1012
1035
1269
1637
1948
2069
2002
1879
1810
1830
1948
2190
2568
2977
3239
3258
3107
2943
2848
2775
2643
2446
2238
2007
1679
1208
665
173
-177
-358
-426
-458
-526
-622
-694
-707
-646
-511
-315
-116
18
64
38
-32
-130
-258
-421
-624
-876
-1212
-1673
-2245
-2816
-3237
-3423
-3384
-3203
-2957
-2698
-2469
-2286
-2096
-1778
-1248
-564
108
631
960
1090
1013
753
420
119
-79
-192
-254
-301
-348
-394
-446
-503
-566
-617
-679
-775
-909
-1030
-1073
-994
-794
-514
-211
31
136
81
-67
-185
-169
15
321
674
1027
1350
1602
1725
1708
1603
1467
1314
1134
958
834
779
751
713
656
586
511
422
315
191
104
114
208
318
364
340
250
114
-57
-203
-272
-246
-168
-98
-56
-38
-21
-9
-1
4
21
42
24
-83
-276
-493
-674
-776
-785
-680
-493
-269
-72
66
111
55
-70
-204
-275
-259
-174
-103
-107
-184
-311
-486
-735
-1025
-1290
-1482
-1591
-1619
-1563
-1459
-1357
-1276
-1207
-1136
-1060
-941
-755
-514
-288
-116
11
129
248
355
488
704
1018
1340
1578
1729
1861
2029
2209
2347
2426
2480
2548
2621
2659
2627
2511
2305
2000
1639
1295
1034
853
730
643
562
453
296
150
66
53
68
85
114
159
217
264
291
282
229
128
-5
-149
-302
-472
-687
-971
-1347
-1779
-2186
-2489
-2640
-2649
-2559
-2429
-2319
-2244
-2180
-2083
-1949
-1824
-1747
-1706
-1634
-1508
-1356
-1251
-1240
-1322
-1476
-1663
-1882
-2116
-2320
-2405
-2328
-2113
-1830
-1529
-1245
-1019
-867
-730
-475
-17
629
1361
2074
2705
3220
3605
3844
3932
3882
3736
3559
3395
3251
3109
2968
2822
2648
2414
2125
1804
1467
1123
792
512
340
321
435
614
783
913
1005
1052
1037
956
823
685
587
542
502
406
231
-2
-238
-445
-612
-773
-961
-1188
-1427
-1620
-1726
-1750
-1741
-1751
-1809
-1914
-2038
-2158
-2220
-2211
-2134
-2062
-2043
-2048
-2020
-1939
-1857
-1793
-1732
-1645
-1555
-1488
-1438
-1374
-1272
-1129
-960
-782
-595
-385
-138
121
362
566
757
969
1202
1446
1670
1846
1942
1941
1877
1816
1805
1827
1836
1823
1797
1769
1736
1717
1721
1731
1716
1670
1622
1555
1432
1229
983
749
554
400
255
75
-181
-492
-793
-1018
-1155
-1226
-1252
-1232
-1164
-1069
-984
-932
-902
-859
-774
-640
-477
-324
-236
-252
-379
-570
-749
-886
-991
-1090
-1188
-1292
-1426
-1587
-1765
-1935
-2064
-2099
-2007
-1819
-1607
-1425
-1281
-1137
-965
-748
-474
-160
151
396
555
653
701
692
618
535
517
588
715
864
1032
1215
1377
1484
1534
1548
1556
1579
1635
1707
1795
1886
1966
1995
1963
1880
1754
1580
1355
1101
846
600
339
49
-251
-508
-678
-737
-685
-523
-270
53
406
743
1032
1249
1383
1408
1336
1229
1142
1058
917
684
370
21
-323
-625
-871
-1037
-1082
-991
-801
-602
-463
-412
-437
-529
-661
-798
-902
-974
-1038
-1132
-1261
-1401
-1505
-1551
-1551
-1526
-1469
-1358
-1214
-1098
-1044
-1021
-965
-829
-605
-333
-59
181
380
531
642
729
799
819
736
537
261
-36
-309
-512
-614
-632
-621
-639
-705
-817
-958
-1103
-1200
-1211
-1109
-895
-589
-251
31
195
255
259
238
211
205
259
366
478
528
486
358
204
126
184
330
488
631
767
892
964
973
940
891
822
717
585
443
300
164
68
36
48
37
-37
-155
-260
-301
-262
-154
-26
76
131
147
163
194
236
276
305
323
326
305
247
152
40
-58
-106
-75
33
191
361
511
618
673
698
716
735
722
642
488
298
126
8
-50
-78
-100
-149
-242
-391
-597
-835
-1048
-1176
-1187
-1089
-916
-714
-531
-404
-341
-307
-252
-146
9
217
486
791
1070
1267
1360
1360
1285
1177
1072
980
868
728
564
405
264
138
4
-160
-336
-476
-528
-492
-400
-301
-210
-144
-126
-171
-250
-310
-349
-404
-498
-614
-712
-765
-741
-609
-370
-62
255
501
608
564
444
338
278
258
256
274
301
309
249
84
-158
-391
-535
-568
-556
-582
-685
-831
-961
-1038
-1058
-1044
-1036
-1071
-1152
-1242
-1317
-1370
-1415
-1421
-1337
-1151
-921
-722
-600
-524
-439
-296
-99
114
331
533
699
791
816
799
771
753
759
769
741
646
500
333
155
-43
-244
-391
-437
-386
-305
-244
-208
-163
-97
-17
69
164
294
471
687
879
997
1029
999
946
891
843
786
711
643
635
699
784
819
784
703
610
540
497
484
483
495
512
510
460
357
229
98
-35
-189
-339
-448
-486
-465
-425
-397
-401
-425
-465
-520
-602
-692
-746
-720
-608
-435
-243
-69
63
136
157
162
176
198
219
232
245
236
176
57
-92
-221
-302
-340
-362
-376
-371
-328
-236
-98
52
162
182
115
24
-1
88
255
413
491
495
456
393
290
151
24
-32
-8
46
77
60
4
-75
-143
-145
-43
167
427
653
783
818
825
876
976
1062
1085
1039
943
798
610
406
217
47
-115
-287
-488
-747
-1052
-1356
-1585
-1706
-1725
-1689
-1650
-1632
-1617
-1574
-1496
-1380
-1221
-1001
-724
-423
-157
-8
-12
-133
-288
-422
-514
-567
-583
-568
-544
-543
-591
-655
-672
-613
-501
-376
-257
-153
-62
24
120
229
344
443
488
463
390
316
250
180
120
106
170
285
414
526
606
662
720
819
952
1101
1234
1337
1400
1435
1476
1542
1627
1694
1709
1663
1579
1479
1370
1227
1042
835
638
438
190
-126
-481
-792
-1003
-1115
-1162
-1178
-1145
-1072
-986
-922
-878
-827
-752
-646
-517
-382
-269
-214
-241
-323
-402
-422
-399
-388
-414
-467
-530
-599
-676
-729
-746
-727
-690
-656
-646
-660
-661
-612
-502
-353
-205
-87
2
83
165
248
352
506
712
932
1112
1219
1235
1169
1058
952
900
903
933
938
897
810
698
572
448
350
276
212
141
86
54
47
52
86
158
263
373
453
494
492
464
426
388
354
328
295
216
71
-108
-266
-379
-458
-522
-580
-655
-787
-998
-1255
-1495
-1661
-1724
-1680
-1558
-1426
-1331
-1270
-1196
-1081
-927
-758
-589
-411
-226
-58
48
74
40
-20
-105
-219
-341
-422
-437
-383
-289
-178
-67
48
177
310
423
487
482
406
310
246
218
199
182
188
217
246
272
304
362
464
615
778
872
860
783
721
709
723
737
745
760
788
800
781
735
690
651
617
593
566
506
392
247
88
-71
-210
-310
-375
-423
-468
-503
