12
-32
-107
-170
-185
-141
-54
31
103
163
212
226
211
183
170
170
189
222
230
204
158
146
169
188
170
130
107
119
159
214
273
326
354
328
235
117
29
-22
-81
-162
-215
-198
-132
-79
-75
-91
-69
24
156
273
352
407
452
473
472
463
448
409
348
288
238
195
165
160
157
110
-7
-152
-263
-313
-300
-228
-120
-14
68
127
163
184
211
268
320
326
301
309
382
470
499
434
307
203
150
124
74
-15
-98
-145
-160
-186
-240
-289
-297
-271
-260
-268
-238
-134
-7
20
-92
-271
-373
-339
-219
-111
-55
-23
7
16
-14
-68
-116
-154
-195
-221
-196
-103
-7
-19
-146
-262
-243
-131
-69
-131
-236
-279
-247
-200
-183
-175
-156
-122
-91
-57
-18
2
8
23
72
104
65
-46
-170
-245
-272
-290
-306
-280
-195
-89
-17
12
8
-44
-170
-320
-365
-239
-39
80
73
17
-16
-39
-110
-228
-329
-353
-341
-373
-457
-510
-490
-458
-488
-569
-608
-530
-367
-213
-138
-112
-55
65
206
311
368
404
422
429
428
427
421
411
421
458
493
470
365
217
103
90
169
270
313
293
258
227
202
211
310
489
656
707
627
494
406
391
388
339
251
206
235
268
226
134
103
178
295
358
343
268
157
29
-92
-171
-170
-89
11
48
8
-49
-82
-108
-155
-176
-86
99
252
256
114
-29
-52
42
129
111
15
-30
42
166
211
140
58
41
69
65
36
29
24
-63
-221
-313
-241
-95
-27
-71
-139
-174
-202
-244
-297
-364
-417
-389
-233
-21
100
43
-127
-287
-379
-410
-355
-162
112
276
194
-49
-250
-303
-268
-228
-181
-96
17
73
16
-118
-230
-236
-152
-65
-77
-207
-391
-517
-532
-483
-435
-414
-391
-389
-437
-524
-583
-584
-573
-550
-482
-323
-126
49
167
205
152
57
18
47
55
-26
-142
-199
-193
-227
-342
-455
-413
-183
123
339
393
334
268
295
403
538
627
648
571
409
254
202
278
415
557
663
689
601
433
258
135
83
129
232
301
257
112
-42
-127
-90
40
208
336
421
452
387
190
-61
-196
-122
54
145
85
-59
-198
-304
-296
-101
231
498
546
408
203
46
-6
101
306
474
460
281
94
32
86
138
108
8
-94
-127
-63
58
136
68
-135
-379
-556
-626
-574
-392
-123
91
107
-90
-371
-570
-591
-435
-183
53
205
253
170
-37
-281
-421
-380
-175
65
189
111
-76
-215
-270
-311
-354
-313
-168
-18
0
-111
-234
-234
-140
-98
-179
-267
-221
-81
3
-15
-56
-66
-105
-212
-292
-216
14
216
236
96
-5
55
251
465
608
652
597
481
322
137
-23
-54
40
116
24
-194
-396
-509
-513
-378
-132
63
51
-106
-241
-267
-241
-201
-145
-90
-32
92
342
591
637
412
153
115
306
458
366
102
-113
-155
-52
67
51
-197
-574
-835
-820
-578
-278
-39
74
64
-44
-151
-151
8
222
347
340
293
280
259
153
18
-46
-26
-26
-123
-254
-339
-345
-344
-341
-286
-118
116
292
353
314
260
226
216
219
279
421
547
474
161
-183
-321
-251
-158
-99
16
233
421
446
310
130
36
86
240
341
269
55
-117
-129
-42
49
86
80
2
-119
-186
-157
-92
-98
-184
-267
-245
-112
29
62
-27
-158
-233
-191
-37
161
317
380
357
308
326
383
306
11
-317
-384
-182
60
129
10
-211
-413
-462
-311
-74
66
55
-17
-19
80
255
438
549
509
338
170
134
187
173
0
-243
-386
-336
-152
19
29
-159
-424
-562
-441
-153
104
197
178
131
75
-5
-74
-91
-42
46
147
224
249
213
119
-23
-196
-344
-417
-382
-288
-223
-251
-320
-308
-152
89
318
420
346
142
-22
-3
187
398
478
357
65
-270
-550
-761
-908
-888
-608
-202
10
-142
-491
-696
-618
-339
1
320
484
342
-49
-367
-332
-18
217
143
-146
-376
-439
-413
-391
-340
-211
-77
-46
-119
-150
-96
-64
-186
-325
-200
274
825
1091
931
543
260
294
567
793
761
483
131
-126
-186
-80
36
-30
-253
-414
-345
-133
-24
-97
-200
-120
144
421
550
531
438
337
245
198
270
483
742
868
790
568
294
-12
-309
-465
-356
-94
67
-46
-307
-491
-465
-257
46
335
488
443
258
86
34
103
213
309
359
307
116
-155
-325
-323
-253
-291
-399
-394
-203
-23
-114
-491
-903
-1050
-830
-337
196
491
342
-137
-598
-721
-526
-258
-76
15
76
98
81
101
261
447
436
126
-212
-253
14
251
216
18
-98
-46
50
105
103
67
-4
-78
-113
-87
-21
46
93
126
164
164
62
-130
-283
-262
-60
204
374
338
137
-50
-45
168
415
516
361
-17
-424
-597
-411
-77
110
72
-35
-90
-122
-157
-168
-95
52
178
188
101
69
159
234
100
-197
-413
-369
-148
38
58
-73
-240
-312
-189
49
136
-118
-533
-689
-414
35
272
221
72
-6
1
68
226
422
479
298
43
-17
174
429
568
529
267
-230
-750
-930
-610
-66
318
388
233
-28
-294
-457
-484
-470
-481
-395
-77
374
647
594
366
215
201
265
396
596
742
687
483
313
275
280
244
150
22
-128
-266
-352
-382
-412
-450
-428
-302
-114
1
-10
-59
-1
163
257
155
-17
-51
93
255
297
171
-115
-508
-802
-746
-307
265
600
516
120
-300
-444
-231
171
472
519
397
272
165
-31
-322
-536
-478
-175
147
263
139
-105
-279
-241
26
342
459
252
-166
-515
-524
-145
351
561
286
-279
-740
-847
-604
-140
407
785
742
300
-153
-251
-45
191
267
240
159
17
-181
-308
-226
-9
128
17
-249
-497
-597
-551
-425
-348
-396
-484
-448
-280
-195
-333
-567
-599
-344
2
121
-90
-472
-699
-536
-22
568
885
794
426
82
12
253
604
756
573
221
-25
-106
-185
-312
-351
-213
-52
-34
-134
-214
-232
-221
-155
35
317
505
434
148
-129
-205
-65
137
265
318
392
537
669
668
519
343
240
200
142
108
190
355
391
193
-69
-190
-207
-326
-558
-662
-411
98
567
772
738
624
546
529
523
478
342
90
-227
-466
-503
-403
-379
-511
-653
-616
-407
-146
61
162
149
98
159
375
625
705
576
361
218
151
40
-166
-354
-353
-167
10
32
-33
-40
21
18
-120
-340
-500
-478
-281
-87
-119
-416
-772
-917
-752
-379
24
282
303
91
-187
-339
-281
-71
165
362
483
493
358
65
-305
-573
-564
-277
32
96
-138
-443
-588
-564
-524
-560
-578
-454
-206
-8
36
-20
-51
-38
-32
-17
85
279
437
436
271
93
37
109
204
253
290
349
395
362
268
202
243
352
394
266
24
-147
-131
24
182
249
215
110
13
26
198
448
608
574
392
212
138
187
292
358
298
114
-85
-178
-133
-57
-63
-176
-295
-320
-255
-193
-218
-318
-405
-404
-305
-194
-169
-265
-396
-442
-346
-164
9
87
36
-115
-275
-353
-324
-242
-171
-152
-178
-234
-275
-264
-172
-31
114
233
320
355
295
157
47
71
197
298
253
76
-130
-258
-240
-96
67
111
-6
-183
-267
-207
-108
-129
-303
-486
-494
-296
-57
47
2
-80
-72
65
293
540
714
772
712
606
533
534
576
609
594
512
354
155
27
52
197
331
380
369
336
269
162
73
59
107
150
148
140
172
222
186
6
-219
-302
-169
28
44
-211
-592
-896
-1057
-1181
-1356
-1521
-1546
-1407
-1255
-1231
-1292
-1242
-978
-614
-348
-234
-174
-31
221
519
737
814
817
872
1044
1293
1552
1767
1903
1954
1938
1869
1786
1764
1840
1919
1844
1584
1303
1205
1331
1536
1641
1582
1370
969
282
-632
-1449
-1828
-1793
-1774
-2176
-2934
-3614
-3871
-3780
-3645
-3607
-3488
-3090
-2505
-2038
-1825
-1674
-1273
-533
373
1218
1855
2241
2315
2026
1443
817
401
182
-97
-642
-1383
-2076
-2593
-3020
-3473
-3850
-3904
-3539
-2946
-2393
-1934
-1412
-673
260
1236
2168
3112
4151
5214
6086
6602
6819
6930
7028
7005
6706
6158
5582
5162
4846
4350
3369
1810
-52
-1679
-2673
-3146
-3640
-4551
-5697
-6535
-6761
-6563
-6297
-6056
-5673
-5005
-4134
-3235
-2408
-1627
-838
8
979
2091
3190
3944
4061
3599
2924
2370
1919
1351
559
-326
-1172
-2022
-2981
-3971
-4735
-5099
-5144
-5029
-4739
-4129
-3223
-2308
-1645
-1142
-438
660
1984
3221
4249
5130
5920
6538
6901
7082
7248
7429
7462
7132
6459
5698
5111
4641
3931
2677
998
-651
-1880
-2692
-3389
-4209
-5122
-5929
-6480
-6756
-6805
-6636
-6261
-5738
-5097
-4303
-3340
-2319
-1441
-773
-141
694
1718
2612
3004
2865
2534
2340
2207
1778
925
-53
-837
-1498
-2313
-3283
-4089
-4488
-4579
-4592
-4568
-4333
-3756
-2945
-2149
-1488
-836
29
1168
2396
3449
4226
4837
5448
6085
6590
6780
6639
6362
6158
6019
5731
5134
4331
3600
3058
2447
1397
-76
-1473
-2308
-2706
-3252
-4324
-5632
-6534
-6683
-6338
-5988
-5844
-5708
-5305
-4603
-3766
-2862
-1874
-859
30
781
1609
2636
3594
3989
3687
3118
2805
2707
2319
1362
176
-727
-1258
-1770
-2509
-3305
-3822
-3998
-4036
-4046
-3869
-3364
-2648
-1961
-1351
-642
320
1435
2409
3031
3409
3869
4571
5337
5846
5989
5922
5852
5806
5654
5249
4623
3995
3616
3507
3317
2510
959
-795
-1973
-2418
-2743
-3556
-4704
-5546
-5781
-5738
-5775
-5793
-5486
-4840
-4115
-3397
-2540
-1508
-570
68
613
1469
2665
3706
4078
3823
3427
3244
3087
2566
1620
603
-179
-814
-1624
-2681
-3639
-4135
-4217
-4242
-4360
-4360
-4046
-3522
-2977
-2368
-1497
-386
680
1448
2012
2671
3601
4620
5366
5606
5446
5232
5270
5531
5682
5376
4585
3673
3111
2991
2824
1980
435
-1113
-2035
-2459
-3029
-4054
-5190
-5962
-6280
-6343
-6272
-6003
-5556
-5046
-4488
-3687
-2578
-1452
-694
-240
412
1605
2987
3894
4051
3796
3555
3389
3083
2516
1773
934
-15
-1099
-2204
-3167
-3873
-4341
-4645
-4814
-4778
-4479
-3991
-3468
-2963
-2337
-1422
-249
906
1728
2222
2758
3684
4866
5754
5971
5704
5488
5641
6015
6185
5841
4961
3840
2945
2600
2607
2263
1035
-748
-2153
-2676
-2785
-3284
-4313
-5270
-5604
-5418
-5191
-5165
-5208
-5078
-4618
-3718
-2404
-1037
-152
143
427
1350
2798
3972
4289
4026
3879
4136
4398
4088
3082
1751
559
-308
-981
-1694
-2547
-3433
-4118
-4436
-4420
-4236
-4029
-3760
-3271
-2479
-1477
-471
350
944
1460
2145
3143
4295
5240
5723
5807
5775
5797
5838
5776
5534
5030
4232
3296
2590
2349
2259
1618
82
-1770
-2957
-3146
-3051
-3545
-4701
-5839
-6380
-6345
-6083
-5797
-5506
-5180
-4763
-4088
-3075
-1958
-1139
-722
-310
534
1764
2800
3148
2888
2546
2464
2488
2198
1431
388
-612
-1400
-1989
-2517
-3166
-3958
-4617
-4750
-4281
-3595
-3150
-2972
-2620
-1738
-536
442
969
1355
2009
2989
4048
4899
5381
5511
5476
5528
5720
5832
5621
5091
4479
3958
3494
3037
2696
2561
2377
1654
301
-1054
-1651
-1544
-1608
-2468
-3755
-4642
-4839
-4737
-4727
-4767
-4686
-4457
-4135
-3625
-2885
-2152
-1769
-1667
-1304
-304
962
1721
1694
1400
1417
1690
1683
1119
288
-349
-671
-944
-1436
-2156
-2889
-3405
-3549
-3302
-2828
-2381
-2056
-1690
-1033
-119
701
1169
1489
2098
3082
4046
4631
4900
5104
5281
5313
5206
5080
4963
4786
4573
4403
4217
3825
3265
2940
3082
3225
2573
1090
-275
-701
-572
-934
-2132
-3391
-3916
-3893
-4098
-4763
-5363
-5463
-5198
-4888
-4521
-4025
-3582
-3422
-3307
-2725
-1562
-405
122
104
195
725
1295
1317
765
131
-248
-506
-923
-1549
-2228
-2764
-3042
-3043
-2888
-2733
-2633
-2463
-2018
-1242
-388
239
677
1267
2190
3183
3854
4156
4360
4651
4923
4990
4850
4656
4514
4450
4455
4434
4163
3523
2772
2454
2747
3045
2479
963
-563
-1169
-1009
-1037
-1803
-2923
-3748
-4141
-4382
-4627
-4822
-4987
-5161
-5159
-4704
-3936
-3414
-3407
-3405
-2682
-1243
109
741
837
997
1427
1808
1780
1389
937
577
259
-106
-523
-1038
-1673
-2263
-2478
-2232
-1807
-1567
-1504
-1275
-661
132
707
949
1164
1674
2397
2978
3257
3438
3759
4172
4444
4463
4318
4163
4086
4110
4153
4008
3547
3004
2831
3124
3287
2601
1118
-257
-744
-594
-705
-1545
-2683
-3489
-3843
-4088
-4451
-4874
-5266
-5573
-5627
-5229
-4509
-3939
-3782
-3669
-3028
-1778
-494
247
427
506
853
1392
1767
1765
1481
1131
836
554
186
-313
-853
-1225
-1304
-1208
-1184
-1318
-1422
-1243
-761
-206
185
350
438
667
1121
1651
2042
2255
2485
2881
3312
3511
3422
3303
3430
3807
4181
4267
3987
3592
3480
3795
4126
3870
2836
1563
749
516
254
-605
-1949
-3150
-3836
-4193
-4575
-5068
-5558
-5955
-6113
-5859
-5233
-4669
-4448
-4304
-3666
-2464
-1187
-323
185
704
1425
2202
2766
2949
2775
2428
2125
1950
1750
1351
745
163
-233
-493
-817
-1210
-1493
-1518
-1327
-1070
-850
-714
-630
-490
-181
232
583
818
1149
1716
2355
2701
2687
2634
2893
3429
3891
4044
3954
3859
3890
4096
4380
4454
3873
2559
1106
306
236
95
-846
-2379
-3636
-4145
-4238
-4518
-5136
-5846
-6330
-6384
-5941
-5231
-4743
-4698
-4653
-3891
-2331
-705
232
555
943
1843
2991
3766
3789
3236
2635
2415
2527
2503
1930
887
-115
-663
-831
-1055
-1546
-2097
-2327
-2142
-1782
-1513
-1376
-1251
-1029
-669
-173
401
936
1344
1656
1995
2417
2844
3175
3442
3762
4157
4489
4571
4409
4220
4233
4436
4513
4102
3144
2074
1416
1214
903
-4
-1329
-2441
-3033
-3407
-4020
-4883
-5658
-6077
-6138
-5941
-5610
-5308
-5090
-4715
-3833
-2447
-986
120
874
1579
2425
3257
3796
3910
3749
3547
3389
3145
2652
1872
948
123
-446
-835
-1264
-1797
-2258
-2464
-2411
-2272
-2237
-2378
-2542
-2462
-2018
-1365
-754
-277
175
718
1302
1781
2131
2497
2996
3543
3948
4144
4218
4268
4321
4400
4569
4734
4522
3603
2276
1314
1090
1045
377
-970
-2309
-3138
-3698
-4448
-5362
-6015
-6263
-6325
-6376
-6270
-5899
-5358
-4738
-3906
-2740
-1413
-264
611
1442
2385
3266
3760
3832
3763
3811
3885
3698
3109
2240
1342
591
-22
-650
-1388
-2119
-2605
-2775
-2783
-2852
-3072
-3364
-3506
-3300
-2738
-2032
-1385
-818
-234
394
1002
1564
2160
2839
3460
3806
3886
3974
4290
4730
5038
5112
5099
5167
5199
4830
3900
2779
1988
1587
1124
266
-830
-1824
-2663
-3483
-4280
-4860
-5246
-5667
-6159
-6373
-6045
-5408
-4881
-4465
-3727
-2470
-1052
20
704
1290
1955
2586
3068
3366
3460
3311
3023
2768
2517
2030
1244
453
-112
-582
-1217
-1908
-2353
-2485
-2619
-2981
-3405
-3524
-3194
-2592
-1972
-1456
-1007
-533
95
926
1815
2469
2778
2958
3336
3978
4673
5181
5483
5636
5688
5664
5682
5801
5749
5101
3838
2616
2051
1949
1421
36
-1645
-2713
-3031
-3278
-4053
-5207
-6228
-6803
-6908
-6643
-6211
-5898
-5719
-5316
-4307
-2878
-1596
-844
-367
278
1194
2089
2691
2982
3077
3079
3038
2966
2730
2195
1383
586
0
-419
-915
-1544
-2174
-2613
-2838
-2936
-2970
-2893
-2637
-2261
-1867
-1529
-1162
-674
-15
673
1230
1647
2133
2811
3552
4130
4505
4808
5099
5269
5199
4992
4871
4898
4756
4074
2930
1938
1518
1334
667
-616
-1929
-2727
-3165
-3748
-4655
-5634
-6424
-6922
-7085
-6905
-6528
-6133
-5667
-4889
-3759
-2601
-1723
-1032
-196
847
1855
2608
3144
3539
3780
3831
3763
3631
3354
2806
2053
1341
825
402
-86
-632
-1136
-1547
-1870
-2059
-2097
-2043
-1995
-1931
-1755
-1408
-978
-551
-114
406
1001
1611
2233
2879
3519
4088
4563
4952
5244
5345
5220
4997
4948
5099
5042
4321
3103
2100
1746
1649
1084
-73
-1309
-2219
-2966
-3847
-4777
-5487
-5972
-6406
-6741
-6720
-6322
-5844
-5460
-4936
-3986
-2718
-1516
-530
407
1429
2392
3109
3579
3920
4172
4294
4274
4087
3659
2950
2109
1359
749
130
-608
-1389
-2054
-2509
-2761
-2899
-3064
-3326
-3572
-3574
-3237
-2735
-2295
-1920
-1389
-623
204
882
1437
2010
2652
3296
3848
4244
4450
4517
4589
4773
5004
5020
4585
3750
2854
2231
1883
1458
596
-636
-1782
-2488
-2971
-3707
-4799
-5819
-6391
-6576
-6616
-6531
-6210
-5687
-5083
-4351
-3341
-2097
-900
69
944
1929
2991
3874
4420
4683
4835
4944
4969
4777
4266
3449
2540
1778
1186
549
-280
-1124
-1721
-2042
-2354
-2811
-3305
-3610
-3667
-3547
-3342
-3091
-2778
-2303
-1577
-741
-63
379
846
1575
2450
3136
3495
3726
4058
4484
4822
4988
5053
5009
4647
3857
2957
2350
1993
1387
284
-976
-1956
-2686
-3481
-4358
-5056
-5488
-5846
-6171
-6197
-5790
-5205
-4730
-4244
-3393
-2116
-790
237
1018
1863
2886
3908
4696
5165
5357
5341
5199
5006
4730
4224
3400
2389
1439
638
-127
-966
-1803
-2474
-2888
-3133
-3413
-3850
-4351
-4619
-4440
-3908
-3339
-2933
-2598
-2083
-1302
-368
532
1299
1912
2412
2889
3459
4125
4712
5045
5115
5152
5313
5450
5184
4379
3382
2665
2269
1753
756
-585
-1817
-2716
-3430
-4158
-4883
-5491
-5951
-6239
-6234
-5889
-5377
-4888
-4333
-3472
-2338
-1238
-347
549
1648
2821
3742
4268
4529
4664
4694
4560
4248
3728
2988
2091
1248
520
-228
-1157
-2165
-3010
-3575
-3964
-4349
-4783
-5175
-5358
-5249
-4874
-4364
-3834
-3298
-2597
-1626
-494
528
1284
1889
2558
3368
4180
4826
5285
5638
5920
6094
6175
6202
6077
5566
4651
3697
3074
2611
1749
332
-1104
-2012
-2574
-3340
-4368
-5180
-5536
-5736
-6044
-6245
-6025
-5470
-4882
-4267
-3383
-2181
-943
138
1140
2195
3171
3888
4379
4798
5104
5072
4638
4009
3391
2743
1965
1100
234
-718
-1827
-2891
-3604
-3975
-4325
-4817
-5207
-5186
-4798
-4338
-3957
-3519
-2828
-1865
-774
253
1079
1719
2341
3114
3997
4766
5228
5435
5599
5852
6109
6184
6015
5708
5331
4779
3974
3054
2241
1476
485
-777
-1975
-2818
-3466
-4244
-5137
-5785
-6031
-6099
-6206
-6248
-6005
-5487
-4866
-4187
-3339
-2254
-1064
80
1177
2300
3391
4237
4687
4781
4656
4407
4054
3584
2940
2049
963
-89
-916
-1599
-2349
-3178
-3878
-4307
-4534
-4653
-4630
-4423
-4095
-3720
-3243
-2530
-1608
-669
123
818
1582
2445
3246
3846
4271
4630
4948
5190
5381
5530
5554
5343
4968
4611
4251
3633
2674
1704
1084
662
-97
-1391
-2756
-3612
-3959
-4318
-4980
-5713
-6145
-6252
-6188
-6005
-5627
-5104
-4535
-3835
-2791
-1437
-190
684
1394
2367
3575
4538
4809
4500
4086
3913
3839
3485
2676
1616
672
16
-492
-1160
-2094
-3077
-3761
-4016
-3985
-3912
-3914
-3905
-3666
-3045
-2127
-1171
-382
275
959
1749
2536
3198
3720
4181
4615
4953
5135
5160
5119
5040
4904
4647
4336
4043
3685
3006
1985
981
346
-77
-771
-1880
-2996
-3681
-4035
-4480
-5151
-5741
-5978
-5912
-5710
-5380
-4890
-4322
-3749
-3021
-1960
-667
478
1268
1911
2693
3551
4097
4127
3895
3784
3828
3679
3068
2107
1156
442
-62
-590
-1318
-2173
-2863
-3177
-3194
-3168
-3252
-3368
-3280
-2823
-2078
-1334
-793
-352
264
1161
2101
2754
3069
3316
3735
4234
4526
4489
4303
4202
4230
4232
4050
3714
3350
2977
2435
1662
876
335
-84
-752
-1754
-2664
-3109
-3301
-3750
-4554
-5258
-5466
-5281
-5056
-4898
-4649
-4196
-3617
-2957
-2109
-1034
41
835
1367
1897
2540
3050
3157
2941
2732
2667
2527
2059
1306
548
-39
-530
-1120
-1832
-2486
-2873
-2970
-2956
-3021
-3206
-3340
-3189
-2672
-1989
-1410
-1007
-566
113
966
1694
2112
2366
2744
3311
3810
3999
3920
3854
3966
4154
4214
4118
4028
3975
3716
3007
2012
1221
901
725
162
-881
-1918
-2491
-2709
-3062
-3768
-4516
-4908
-4899
-4734
-4545
-4291
-3940
-3509
-2889
-1915
-692
349
922
1284
1893
2744
3290
3142
2598
2298
2417
2498
2068
1229
462
12
-347
-921
-1680
-2336
-2693
-2836
-2900
-2934
-2874
-2722
-2505
-2202
-1740
-1142
-547
-66
359
857
1397
1840
2134
2424
2806
3171
3340
3340
3383
3584
3797
3814
3647
3530
3567
3534
3114
2346
1634
1291
1107
600
-341
-1242
-1608
-1605
-1850
-2659
-3659
-4301
-4451
-4404
-4408
-4400
-4188
-3737
-3098
-2295
-1373
-538
17
372
848
1584
2292
2542
2317
2071
2159
2395
2318
1769
1055
528
205
-166
-748
-1422
-1953
-2247
-2358
-2375
-2355
-2381
-2484
-2520
-2268
-1708
-1141
-852
-767
-548
-22
641
1184
1562
1907
2309
2700
2990
3212
3459
3715
3841
3794
3693
3632
3482
3004
2187
1368
905
744
429
-340
-1341
-2090
-2439
-2692
-3166
-3794
-4282
-4494
-4548
-4530
-4384
-4054
-3655
-3278
-2796
-2032
-1069
-233
311
712
1197
1739
2139
2293
2335
2411
2488
2373
1992
1483
1052
728
362
-145
-694
-1092
-1328
-1544
-1833
-2118
-2309
-2392
-2361
-2160
-1807
-1440
-1163
-895
-457
161
747
1127
1425
1891
2534
3080
3322
3383
3524
3786
3971
3947
3833
3782
3757
3564
3100
2452
1820
1340
996
633
73
-710
-1550
-2199
-2598
-2881
-3207
-3556
-3797
-3837
-3687
-3436
-3150
-2842
-2469
-1985
-1355
-595
155
712
1016
1242
1624
2177
2624
2679
2357
1953
1710
1609
1444
1044
422
-254
-780
-1082
-1277
-1602
-2153
-2754
-3076
-3006
-2765
-2683
-2845
-3011
-2866
-2338
-1641
-1075
-751
-504
-78
610
1349
1874
2135
2319
2605
2969
3258
3367
3335
3272
3227
3153
2988
2732
2394
1913
1279
667
314
184
-83
-733
-1576
-2151
-2287
-2229
-2295
-2490
-2600
-2502
-2280
-2038
-1786
-1535
-1327
-1120
-754
-136
552
1004
1117
1168
1473
1978
2305
2194
1811
1486
1344
1197
856
324
-215
-662
-1055
-1468
-1876
-2227
-2522
-2810
-3045
-3127
-3038
-2901
-2850
-2855
-2777
-2482
-1977
-1354
-746
-244
127
489
1032
1773
2452
2758
2716
2687
2975
3446
3682
3471
3087
2943
3108
3217
2944
2363
1787
1366
1010
611
200
-157
-473
-775
-1020
-1126
-1137
-1177
-1302
-1395
-1381
-1347
-1417
-1471
-1282
-823
-349
-93
1
137
389
621
716
726
763
798
682
321
-160
-506
-552
-435
-482
-910
-1585
-2133
-2317
-2228
-2179
-2331
-2611
-2816
-2844
-2704
-2483
-2262
-2070
-1877
-1588
-1169
-669
-239
96
438
874
1322
1681
1985
2355
2772
3031
3007
2849
2847
3095
3372
3394
3092
2629
2221
1959
1823
1719
1548
1209
729
273
75
182
387
389
75
-399
-737
-728
-422
-115
-125
-476
-858
-923
-622
-250
-136
-349
-639
-704
-483
-192
-122
-342
-685
-885
-858
-764
-810
-1028
-1281
-1462
-1613
-1791
-1919
-1855
-1629
-1513
-1716
-2103
-2327
-2184
-1803
-1496
-1444
-1603
-1734
-1595
-1140
-557
-147
-25
-4
232
790
1442
1834
1841
1678
1679
1981
2415
2686
2639
2338
2001
1815
1858
2004
2029
1727
1138
543
255
386
682
839
646
253
-73
-68
241
608
753
590
240
-116
-343
-411
-341
-210
-125
-219
-512
-872
-1064
-946
-612
-365
-476
-900
-1322
-1446
-1293
-1169
-1279
-1563
-1728
-1695
-1553
-1528
-1598
-1666
-1634
-1540
-1485
-1483
-1515
-1523
-1469
-1284
-1000
-670
-399
-162
110
423
728
877
958
1087
1390
1664
1733
1580
1455
1569
1787
1961
1916
1808
1639
1492
1346
1304
1391
1565
1657
1487
1103
728
703
971
1306
1379
1165
774
433
232
203
193
93
-138
-379
-501
-528
-596
-807
-1021
-1061
-858
-644
-626
-815
-967
-911
-735
-621
-614
-637
-658
-783
-1026
-1270
-1323
-1147
-926
-897
-1192
-1630
-1897
-1709
-1188
-704
-644
-936
-1210
-1076
-547
94
546
702
696
606
596
676
958
1315
1571
1550
1341
1171
1203
1336
1357
1165
857
649
633
784
899
878
695
579
624
862
1047
996
690
277
15
4
210
401
398
143
-191
-452
-498
-430
-294
-215
-234
-426
-708
-913
-858
-601
-344
-312
-532
-875
-1100
-1126
-986
-859
-852
-938
-1022
-1041
-981
-929
-837
-686
-451
-294
-323
-455
-531
-479
-450
-472
-476
-283
-35
107
-34
-148
-111
203
466
615
562
524
510
582
639
650
669
645
678
567
438
226
221
418
761
978
857
521
152
35
105
305
400
361
144
-127
-341
-392
-286
-144
-62
-55
-107
-249
-404
-439
-152
277
530
400
77
-100
-31
144
282
340
403
403
316
131
9
65
205
352
311
220
-31
-289
-511
-525
-393
-326
-396
-587
-707
-783
-703
-539
-254
-18
137
103
-13
-137
-9
261
491
392
83
-153
-71
157
376
370
287
168
94
59
30
59
134
227
196
74
-70
-82
-7
95
168
172
115
3
-61
-66
-42
-82
-128
-35
158
337
216
-61
-297
-185
113
388
446
361
267
211
278
341
465
495
504
436
324
152
-64
-214
-242
-180
-171
-333
-599
-836
-918
-934
-928
-952
-945
-930
-978
-1071
-1158
-1051
-758
-431
-229
-298
-499
-709
-660
-374
-39
124
102
-24
-158
-271
-225
-29
210
292
206
138
146
243
313
477
672
880
866
727
574
613
741
729
480
169
26
137
310
399
456
467
543
556
636
749
853
908
940
1009
1163
1280
1352
1222
983
708
634
676
718
537
255
-81
-355
-532
-581
-561
-652
-864
-1104
-1255
-1342
-1394
-1376
-1256
-1124
-1095
-1148
-1216
-1219
-1160
-1041
-952
-933
-957
-870
-718
-538
-421
-313
-164
-17
97
69
-30
-102
-57
76
166
216
249
342
434
499
482
409
301
296
426
661
785
731
615
577
713
813
894
874
887
876
945
1087
1297
1422
1443
1426
1467
1534
1510
1301
1013
760
644
636
626
573
309
0
-340
-486
-576
-588
-715
-888
-1187
-1426
-1561
-1520
-1402
-1340
-1390
-1500
-1544
-1461
-1345
-1291
-1338
-1383
-1335
-1185
-1002
-909
-888
-922
-889
-750
-519
-316
-311
-451
-556
-458
-273
-171
-236
-345
-447
-463
-446
-376
-265
-102
95
186
228
204
310
423
636
772
980
1110
1264
1322
1378
1405
1500
1602
1706
1709
1674
1662
1648
1567
1312
1058
825
761
661
559
291
26
-222
-275
-239
-209
-331
-543
-723
-821
-844
-865
-874
-924
-926
-941
-886
-945
-972
-1043
-958
-881
-790
-794
-816
-802
-747
-643
-628
-654
-696
-619
-516
-466
-554
-574
-464
-157
58
90
-61
-198
-114
152
475
595
511
354
366
584
937
1231
1378
1348
1286
1299
1461
1637
1758
1763
1720
1624
1490
1346
1215
1103
1020
998
1038
1038
923
724
530
377
176
-72
-341
-512
-633
-694
-767
-850
-955
-1064
-1139
-1178
-1173
-1168
-1185
-1219
-1175
-1004
-845
-853
-1075
-1241
-1118
-763
-475
-604
-991
-1310
-1206
-819
-541
-573
-837
-1016
-1004
-838
-703
-645
-632
-523
-326
-84
71
92
46
69
318
669
982
1073
1053
1047
1173
1361
1500
1528
1467
1414
1398
1389
1300
1124
986
979
1071
1094
936
622
308
133
151
290
363
254
4
-236
-343
-406
-471
-575
-669
-780
-910
-1024
-1065
-1058
-1046
-1026
-993
-905
-836
-808
-832
-832
-744
-603
-556
-673
-886
-1009
-968
-900
-895
-1031
-1162
-1219
-1129
-918
-700
-544
-492
-458
-373
-216
-33
76
175
335
642
916
1022
975
941
1049
1172
1261
1307
1437
1572
1614
1467
1261
1099
1094
1157
1199
1138
1025
881
724
515
324
257
319
391
290
77
-119
-133
-55
38
15
-60
-187
-215
-181
-53
-64
-228
-535
-741
-741
-629
-534
-572
-626
-658
-616
-566
-562
-626
-723
-780
-770
-732
-690
-745
-834
-957
-931
-767
-453
-203
-117
-195
-271
-193
17
347
674
949
1085
1129
1139
1171
1199
1222
1220
1241
1278
1317
1271
1122
889
741
705
762
697
506
243
101
60
119
136
108
-47
-242
-331
-251
-63
15
-7
-90
-108
-55
31
87
15
-172
-419
-584
-624
-591
-620
-795
-1035
-1215
-1210
-1119
-1051
-1151
-1333
-1494
-1505
-1449
-1355
-1325
-1325
-1372
-1408
-1308
-1095
-824
-694
-658
-626
-481
-262
-48
97
238
373
547
669
799
876
894
822
730
694
734
802
841
826
776
695
578
406
278
259
389
554
624
562
418
314
277
314
368
415
412
458
582
752
808
680
511
406
466
549
601
464
197
-160
-400
-497
-465
-457
-557
-767
-993
-1115
-1106
-998
-896
-808
-778
-778
-837
-902
-908
-809
-611
-391
-194
-71
-11
32
145
361
650
881
986
937
885
931
1109
1267
1305
1179
957
742
630
642
656
587
419
257
149
115
68
-16
-132
-187
-169
-116
-118
-155
-181
-154
-56
65
242
335
370
305
300
346
453
511
512
436
328
227
134
22
-168
-393
-609
-726
-826
-904
-1087
-1333
-1629
-1822
-1808
-1661
-1471
-1385
-1331
-1283
-1174
-1045
-896
-720
-452
-139
150
305
397
470
588
677
745
782
815
809
788
808
895
951
881
684
456
310
270
329
374
363
239
62
-122
-178
-111
6
34
0
-17
98
291
480
543
489
383
332
390
508
612
579
461
287
172
109
124
156
90
-143
-485
-753
-899
-938
-1005
-1096
-1238
-1370
-1500
-1558
-1514
-1382
-1273
-1226
-1168
-991
-738
-523
-438
-380
-289
-93
131
367
565
719
810
870
898
915
930
941
988
997
981
901
846
828
875
928
957
864
677
450
296
211
135
64
68
216
407
570
643
731
806
882
910
958
1009
1091
1127
1114
980
818
629
471
237
-16
-244
-360
-377
-409
-506
-745
-1012
-1262
-1362
-1389
-1384
-1421
-1486
-1573
-1687
-1786
-1799
-1660
-1428
-1178
-972
-823
-762
-812
-814
-658
-277
97
378
461
441
391
384
456
547
656
728
787
753
640
467
347
340
425
490
420
201
-21
-150
-134
-44
109
251
333
335
320
376
506
674
821
895
885
813
677
553
404
340
305
364
375
342
173
-15
-224
-421
-626
-829
-976
-1146
-1308
-1483
-1519
-1501
-1445
-1440
-1422
-1409
-1417
-1433
-1416
-1321
-1186
-1005
-778
-508
-248
-124
-89
-64
91
354
632
828
863
756
606
588
690
906
1056
1134
1009
776
581
531
595
587
536
467
529
624
708
707
705
775
901
1041
1152
1255
1313
1303
1248
1254
1352
1457
1440
1259
1024
862
834
854
794
555
220
-111
-314
-463
-579
-730
-854
-992
-1124
-1247
-1332
-1388
-1407
-1371
-1324
-1309
-1388
-1464
-1514
-1467
-1361
-1200
-1106
-1080
-1137
-1074
-922
-723
-639
-615
-518
-319
-86
95
246
359
370
291
161
165
225
345
376
372
386
412
475
478
487
466
522
626
762
805
770
760
846
1025
1196
1348
1422
1422
1302
1121
941
832
804
751
624
396
173
-28
-147
-243
-316
-420
-602
-821
-1100
-1289
-1418
-1390
-1289
-1186
-1192
-1298
-1377
-1375
-1255
-1113
-940
-838
-744
-687
-603
-554
-562
-624
-664
-623
-484
-301
-199
-206
-336
-385
-302
-40
194
297
222
149
188
378
594
727
793
835
899
891
797
642
569
599
744
924
1129
1272
1332
1307
1256
1223
1195
1161
1091
994
837
604
325
123
47
48
-2
-104
-206
-217
-210
-241
-367
-518
-583
-585
-562
-606
-704
-785
-780
-699
-643
-702
-822
-867
-775
-603
-474
-410
-431
-461
-526
-506
-443
-318
-241
-258
-319
-418
-421
-406
-274
-141
26
99
142
172
247
328
378
411
408
418
383
354
286
277
315
471
600
698
637
548
427
378
389
439
483
445
404
358
402
415
429
341
218
34
-172
-353
-459
-458
-355
-221
-148
-199
-391
-566
-675
-666
-647
-613
-572
-529
-476
-429
-299
-215
-196
-314
-375
-301
-115
15
-4
-146
-275
-324
-260
-194
-177
-217
-268
-244
-190
-60
36
120
122
105
113
184
351
535
694
680
534
393
432
652
837
875
805
774
781
777
742
746
775
769
666
545
485
519
531
436
278
157
162
159
97
-66
-208
-323
-379
-406
-382
-336
-340
-394
-498
-568
-647
-717
-787
-796
-733
-601
-447
-336
-320
-365
-421
-435
-454
-459
-439
-391
-390
-489
-578
-577
-438
-340
-282
-306
-319
-374
-475
-552
-563
-436
-266
-85
19
47
15
18
108
306
491
597
544
471
444
544
652
669
602
465
398
283
239
148
136
100
67
63
97
222
273
222
43
-146
-221
-205
-105
-42
-27
-37
-51
-80
-163
-262
-288
-205
-68
2
-38
-160
-202
-145
-9
87
137
150
108
18
-60
-60
-29
6
9
41
89
160
235
294
294
246
198
220
323
425
497
499
490
472
454
429
377
282
173
147
263
469
616
646
567
430
286
131
81
100
189
181
54
-126
-265
-275
-221
-130
-92
-107
-182
-280
-368
-408
-373
-284
-200
-180
-229
-319
-407
-480
-534
-572
-568
-542
-535
-598
-679
-688
-606
-515
-508
-510
-453
-282
-98
48
125
114
121
144
235
300
311
285
254
230
229
261
324
351
277
136
-23
-132
-180
-134
-53
34
71
123
180
263
326
358
309
210
108
74
75
42
-104
-280
-441
-514
-542
-528
-498
-477
-459
-462
-486
-568
-621
-590
-402
-194
-54
-78
-130
-153
-74
-10
35
28
33
-5
-34
-49
-18
5
-39
-97
-132
-82
-13
45
12
-53
-97
-40
106
255
368
396
384
326
302
351
484
609
671
647
606
524
427
333
327
410
508
563
544
465
361
308
314
348
372
407
479
543
553
431
224
23
-45
20
104
100
-49
-234
-383
-418
-409
-384
-347
-279
-208
-171
-193
-227
-223
-143
-60
-94
-233
-368
-370
-314
-263
-257
-231
-178
-118
-87
-79
-90
-95
-99
-78
-18
69
156
185
180
152
130
121
154
219
248
201
144
177
294
383
365
268
186
139
119
126
177
244
235
137
-8
-125
-180
-154
-47
123
296
403
389
275
151
54
-31
-153
-275
-343
-377
-427
-517
-561
-537
-494
-525
-627
-722
-762
-747
-691
-589
-453
-372
-350
-370
-385
-422
-486
-519
-483
-400
-370
-400
-455
-452
-360
-205
-44
64
101
83
56
57
77
102
91
66
-18
-127
-186
-126
32
160
226
228
217
214
214
199
155
123
150
242
360
434
419
318
230
215
259
302
352
418
470
464
426
375
297
176
55
10
68
176
262
264
207
155
165
227
290
333
362
389
381
326
214
83
-51
-142
-185
-196
-229
-307
-408
-455
-422
-321
-200
-71
85
244
374
420
386
299
241
260
335
402
396
307
139
-45
-167
-202
-209
-250
-307
-319
-260
-173
-81
-7
67
125
185
255
341
384
322
170
14
-26
36
142
200
209
170
126
101
114
141
131
73
-18
-92
-133
-116
-71
-15
21
42
40
17
-10
-28
-16
1
-23
-135
-278
-355
-329
-292
-313
-403
-493
-550
-545
-473
-375
-297
-289
-299
-288
-208
-94
-11
13
-2
-3
-23
-91
-249
-449
-648
-778
-789
-705
-601
-592
-680
-796
-844
-809
-702
-549
-386
-242
-153
-79
-9
76
153
237
327
422
482
485
461
442
439
416
368
312
257
203
167
154
169
192
224
254
264
273
284
311
353
391
417
395
341
263
194
147
150
210
294
320
276
199
185
237
318
379
408
417
396
366
337
348
355
339
264
171
93
28
-61
-181
-306
-399
-466
-490
-487
-479
-496
-516
-479
-365
-204
-76
-27
-76
-161
-223
-196
-77
97
233
281
208
60
-80
-107
2
171
286
295
240
172
130
94
67
40
48
102
188
284
339
354
327
310
342
402
444
435
416
406
387
357
320
309
294
252
184
108
63
55
95
122
103
48
31
79
158
201
168
47
-126
-336
-528
-684
-782
-845
-898
-954
-1021
-1072
-1086
-1034
-956
-882
-807
-707
-566
-410
-259
-172
-168
-216
-214
-99
79
215
217
93
-93
-219
-219
-90
61
108
23
-127
-222
-232
-180
-107
-34
38
92
120
120
124
170
275
400
500
565
581
573
560
580
603
580
513
463
448
411
311
213
190
254
326
360
337
265
181
112
85
71
31
-65
-221
-411
-573
-663
-662
-617
-557
-522
-533
-590
-664
-670
-593
-444
-307
-229
-248
-356
-489
-555
-509
-394
-282
-178
-65
34
56
-13
-113
-148
-89
19
104
113
81
35
7
-11
-21
-28
-43
-38
7
102
228
372
522
660
751
786
785
811
905
1047
1173
1261
1338
1411
1433
1363
1214
1071
1015
1039
1074
1043
929
766
578
405
240
67
-161
-429
-697
-912
-1023
-1022
-972
-966
-1057
-1174
-1253
-1268
-1266
-1270
-1273
-1261
-1221
-1171
-1130
-1099
-1049
-946
-782
-590
-416
-306
-262
-254
-236
-198
-159
-120
-62
44
213
413
606
730
762
709
628
588
635
770
948
1118
1244
1324
1355
1353
1329
1330
1363
1401
1384
1301
1164
989
773
547
364
236
121
-38
-251
-489
-716
-903
-1061
-1213
-1389
-1563
-1699
-1773
-1794
-1788
-1785
-1782
-1767
-1731
-1699
-1691
-1683
-1645
-1542
-1388
-1208
-1068
-986
-942
-889
-831
-783
-740
-672
-550
-396
-229
-79
61
183
287
394
534
717
911
1103
1284
1429
1531
1617
1729
1851
1938
1964
1940
1910
1907
1962
2059
2165
2222
2216
2184
2172
2183
2166
2078
1921
1729
1533
1334
1117
850
529
162
-240
-662
-1097
-1506
-1858
-2125
-2313
-2437
-2527
-2595
-2644
-2643
-2574
-2412
-2178
-1930
-1731
-1586
-1458
-1325
-1202
-1083
-961
-839
-731
-627
-509
-407
-351
-350
-379
-420
-441
-401
-298
-167
-17
180
422
643
789
854
881
883
894
920
974
1024
1050
1062
1087
1156
1262
1393
1500
1552
1554
1554
1603
1701
1801
1854
1860
1844
1801
1725
1618
1513
1411
1296
1153
970
761
525
279
8
-281
-578
-858
-1114
-1358
-1620
-1920
-2220
-2467
-2645
-2764
-2821
-2787
-2653
-2462
-2243
-2010
-1747
-1464
-1212
-1043
-953
-885
-790
-689
-604
-538
-466
-401
-385
-434
-519
-595
-618
-600
-567
-543
-508
-424
-268
-71
112
236
317
401
501
609
696
782
882
1017
1175
1302
1361
1368
1392
1474
1630
1848
2097
2322
2466
2528
2507
2429
2315
2218
2170
2142
2069
1863
1534
1116
677
249
-136
-462
-753
-1047
-1374
-1727
-2078
-2376
-2559
-2597
-2514
-2385
-2259
-2165
-2099
-2057
-2025
-1988
-1937
-1856
-1725
-1560
-1409
-1293
-1205
-1125
-1071
-1041
-1018
-979
-936
-903
-852
-729
-518
-258
0
251
521
813
1076
1266
1381
1431
1416
1354
1306
1339
1461
1627
1800
1955
2093
2198
2286
2382
2507
2643
2747
2817
2854
2865
2839
2780
2703
2621
2525
2380
2154
1866
1547
1211
845
464
108
-212
-542
-937
-1405
-1908
-2387
-2787
-3069
-3225
-3293
-3293
-3247
-3166
-3090
-3021
-2904
-2707
-2475
-2308
-2227
-2220
-2227
-2208
-2134
-1997
-1838
-1692
-1585
-1505
-1426
-1330
-1203
-1050
-857
-627
-366
-93
185
464
731
962
1136
1251
1318
1362
1398
1415
1386
1325
1296
1373
1554
1773
1961
2103
2232
2373
2523
2646
2730
2783
2808
2788
2710
2585
2422
2228
2002
1731
1386
969
525
119
-232
-542
-841
-1172
-1558
-1976
-2357
-2638
-2794
-2857
-2865
-2843
-2784
-2678
-2511
-2301
-2072
-1865
-1704
-1618
-1586
-1536
-1430
-1280
-1165
-1106
-1086
-1075
-1055
-1019
-942
-859
-806
-786
-731
-577
-335
-52
213
449
654
828
986
1140
1285
1384
1404
1366
1341
1406
1588
1852
2108
2280
2365
2440
2564
2727
2872
2951
2959
2929
2915
2914
2898
2832
2722
2564
2355
2097
1809
1503
1169
800
394
-38
-483
-933
-1388
-1812
-2179
-2456
-2639
-2736
-2790
-2836
-2871
-2860
-2781
-2665
-2556
-2492
-2473
-2471
-2442
-2383
-2315
-2249
-2178
-2084
-1983
-1866
-1737
-1612
-1520
-1464
-1407
-1314
-1176
-1006
-826
-651
-487
-320
-148
12
153
292
454
638
800
929
1058
1255
1544
1878
2193
2460
2690
2888
3035
3116
3145
3164
3205
3250
3268
3234
3158
3057
2935
2794
2610
2373
2076
1754
1420
1086
729
329
-117
-592
-1050
-1449
-1763
-1992
-2163
-2295
-2401
-2486
-2564
-2631
-2658
-2620
-2545
-2480
-2431
-2384
-2332
-2286
-2243
-2185
-2101
-1995
-1886
-1798
-1730
-1656
-1557
-1447
-1356
-1283
-1191
-1050
-881
-732
-639
-586
-523
-415
-255
-87
63
185
318
485
686
906
1140
1401
1696
2017
2343
2630
2840
2993
3129
3285
3427
3511
3514
3452
3364
3262
3150
2998
2796
2546
2263
1955
1611
1232
817
404
18
-330
-657
-994
-1331
-1627
-1851
-2005
-2098
-2135
-2124
-2101
-2080
-2050
-2011
-1991
-2014
-2085
-2183
-2281
-2336
-2311
-2227
-2136
-2099
-2099
-2090
-2041
-1955
-1852
-1739
-1632
-1539
-1451
-1352
-1214
-1037
-829
-640
-502
-427
-367
-266
-96
137
418
759
1139
1527
1869
2163
2419
2669
2930
3173
3355
3441
3482
3522
3559
3553
3485
3387
3261
3111
2924
2700
2422
2083
1692
1274
853
424
-7
-427
-800
-1122
-1401
-1662
-1877
-2005
-2040
-2025
-2012
-2019
-2032
-2047
-2076
-2141
-2220
-2256
-2218
-2135
-2064
-2033
-2032
-2020
-1967
-1880
-1786
-1699
-1620
-1561
-1529
-1487
-1398
-1273
-1158
-1059
-949
-810
-644
-471
-304
-154
6
192
399
600
795
1011
1274
1581
1897
2182
2434
2653
2846
2977
3035
3043
3027
3000
2934
2833
2684
2494
2259
2022
1805
1617
1437
1248
1037
784
486
152
-171
-460
-723
-994
-1279
-1541
-1753
-1917
-2029
-2075
-2059
-2024
-2009
-2036
-2083
-2126
-2148
-2146
-2105
-2032
-1941
-1839
-1734
-1633
-1566
-1526
-1475
-1388
-1273
-1176
-1099
-1028
-932
-818
-708
-605
-495
-370
-269
-215
-185
-113
43
276
541
802
1051
1299
1552
1800
2018
2201
2347
2472
2576
2656
2688
2658
2595
2528
2483
2435
2371
2272
2153
2024
1891
1750
1579
1363
1095
783
463
159
-120
-389
-655
-911
-1127
-1286
-1392
-1470
-1539
-1577
-1571
-1523
-1482
-1476
-1510
-1578
-1685
-1810
-1885
-1864
-1777
-1687
-1615
-1533
-1438
-1359
-1298
-1232
-1138
-1029
-926
-847
-781
-705
-592
-478
-405
-382
-361
-290
-173
-42
69
186
352
574
824
1060
1274
1471
1671
1882
2097
2298
2460
2576
2625
2626
2608
2587
2550
2472
2372
2258
2107
1894
1638
1396
1172
915
580
212
-104
-327
-502
-698
-946
-1273
-1686
-2156
-2508
-2554
-2249
-1809
-1527
-1514
-1655
-1757
-1760
-1734
-1746
-1761
-1714
-1582
-1395
-1168
-947
-815
-831
-936
-1002
-976
-922
-951
-1087
-1262
-1350
-1288
-1096
-847
-606
-434
-371
-412
-475
-473
-362
-155
109
415
742
1048
1267
1388
1467
1575
1712
1847
1961
2060
2133
2168
2150
2045
1844
1566
1273
1026
835
680
526
353
150
-75
-279
-423
-499
-560
-640
-735
-775
-719
-590
-454
-358
-295
-244
-196
-162
-148
-140
-131
-135
-177
-250
-308
-314
-275
-236
-227
-239
-244
-235
-244
-299
-400
-527
-646
-708
-677
-556
-386
-219
-59
115
296
436
499
514
550
657
831
1050
1270
1485
1700
1901
2031
2018
1869
1670
1493
1317
1077
740
343
-59
-415
-694
-865
-949
-1022
-1151
-1334
-1508
-1619
-1650
-1605
-1487
-1302
-1058
-770
-471
-177
113
417
704
903
955
839
578
222
-95
-242
-213
-155
-222
-417
-624
-757
-838
-912
-990
-1040
-1048
-995
-866
-661
-415
-179
44
300
630
1008
1341
1533
1582
1576
1632
1795
2033
2263
2414
2450
2350
2083
1617
984
284
-411
-1134
-1926
-2702
-3300
-3627
-3765
-3830
-3860
-3826
-3731
-3635
-3569
-3507
-3390
-3170
-2791
-2209
-1416
-458
584
1609
2518
3212
3644
3796
3687
3338
2809
2188
1551
941
362
-178
-660
-1073
-1443
-1803
-2160
-2457
-2657
-2754
-2723
-2497
-2023
-1321
-458
507
1546
2635
3725
4730
5569
6216
6674
6915
6918
6737
6454
6050
5437
4557
3455
2172
720
-901
-2632
-4337
-5838
-6998
-7794
-8241
-8324
-8006
-7356
-6526
-5650
-4738
-3752
-2678
-1545
-340
969
2374
3752
4946
5850
6431
6684
6552
5965
4902
3482
1912
375
-1037
-2273
-3273
-3983
-4419
-4675
-4850
-4974
-4989
-4828
-4440
-3805
-2888
-1687
-263
1286
2878
4479
6019
7401
8504
9250
9588
9504
9059
8378
7565
6599
5380
3865
2138
288
-1688
-3802
-5908
-7729
-9070
-9919
-10364
-10437
-10100
-9354
-8305
-7101
-5822
-4455
-3007
-1517
-29
1473
2984
4422
5652
6549
7031
7048
6582
5624
4198
2404
448
-1471
-3246
-4832
-6155
-7110
-7634
-7774
-7625
-7245
-6628
-5791
-4788
-3636
-2283
-685
1080
2890
4660
6373
7984
9397
10502
11221
11494
11298
10697
9829
8780
7483
5839
3876
1749
-411
-2563
-4679
-6662
-8354
-9650
-10497
-10879
-10738
-10059
-8934
-7554
-6059
-4483
-2799
-1047
654
2192
3545
4794
5944
6882
7417
7485
7120
6360
5171
3530
1523
-633
-2710
-4583
-6200
-7491
-8356
-8798
-8928
-8841
-8483
-7737
-6575
-5081
-3374
-1520
455
2498
4512
6390
8063
9494
10644
11465
11884
11831
11310
10436
9349
8070
6501
4596
2424
98
-2299
-4663
-6821
-8579
-9819
-10526
-10733
-10444
-9646
-8386
-6811
-5100
-3369
-1652
42
1669
3180
4579
5893
7091
8032
8555
8566
8041
6978
5365
3275
882
-1553
-3800
-5717
-7247
-8364
-9066
-9391
-9413
-9180
-8680
-7895
-6845
-5567
-4054
-2275
-258
1866
3958
5922
7692
9179
10286
10957
11183
10952
10263
9201
7890
6390
4639
2609
410
-1802
-3950
-6028
-7961
-9575
-10706
-11309
-11392
-10944
-9940
-8457
-6680
-4795
-2900
-1007
874
2704
4400
5895
7154
8164
8857
9151
8982
8344
7215
5579
3508
1202
-1084
-3166
-4958
-6449
-7594
-8338
-8661
-8627
-8321
-7763
-6931
-5811
-4425
-2791
-918
1142
3264
5310
7174
8779
10041
10877
11267
11224
10729
9783
8475
6946
5234
3290
1148
-1046
-3168
-5227
-7242
-9098
-10561
-11469
-11800
-11616
-10916
-9691
-8036
-6165
-4245
-2322
-383
1526
3310
4913
6352
7650
8723
9422
9604
9228
8293
6834
4905
2649
263
-2028
-4048
-5696
-6917
-7678
-7975
-7885
-7524
-6959
-6188
-5213
-4068
-2764
-1254
507
2468
4493
6434
8173
9621
10690
11317
11459
11109
10315
9190
7853
6333
4573
2551
381
-1778
-3862
-5910
-7886
-9604
-10840
-11510
-11674
-11376
-10595
-9352
-7811
-6165
-4481
-2734
-930
829
2453
3926
5293
6524
7510
8114
8269
7929
7051
5608
3696
1530
-660
-2717
-4545
-6038
-7077
-7617
-7718
-7480
-6970
-6228
-5306
-4258
-3093
-1776
-290
1336
3035
4752
6437
8020
9380
10402
11031
11246
11012
10299
9171
7770
6194
4426
2473
433
-1581
-3573
-5569
-7469
-9064
-10190
-10845
-11111
-11011
-10479
-9512
-8218
-6743
-5138
-3421
-1663
36
1626
3128
4534
5738
6598
7032
7061
6689
5873
4571
2871
956
-959
-2714
-4221
-5435
-6350
-6960
-7255
-7199
-6794
-6116
-5279
-4331
-3230
-1932
-461
1109
2745
4429
6098
7631
8928
9948
10642
10940
10790
10252
9430
8364
7016
5373
3549
1691
-137
-2006
-3942
-5814
-7404
-8595
-9411
-9886
-9956
-9564
-8767
-7696
-6419
-4950
-3351
-1734
-205
1227
2559
3784
4835
5637
6122
6253
5992
5297
4176
2723
1066
-673
-2376
-3896
-5091
-5887
-6315
-6464
-6395
-6141
-5706
-5107
-4341
-3398
-2270
-989
413
1930
3540
5170
6691
7997
9033
9760
10122
10064
9605
8816
7756
6438
4908
3281
1667
72
-1554
-3196
-4752
-6105
-7209
-8069
-8650
-8885
-8734
-8240
-7449
-6368
-5021
-3513
-1988
-520
886
2214
3400
4359
5036
5407
5433
5084
4384
3437
2339
1148
-98
-1313
-2404
-3335
-4137
-4803
-5259
-5446
-5418
-5252
-4958
-4452
-3669
-2619
-1349
107
1718
3365
4892
6199
7271
8069
8525
8611
8379
7893
7199
6315
5267
4110
2881
1547
30
-1672
-3451
-5158
-6690
-7972
-8924
-9429
-9430
-8975
-8199
-7201
-6021
-4725
-3415
-2171
-993
164
1338
2500
3581
4510
5223
5654
5746
5480
4873
3947
2755
1404
29
-1260
-2383
-3267
-3845
-4108
-4127
-4004
-3796
-3521
-3173
-2735
-2161
-1393
-360
954
2484
4107
5694
7123
8242
8921
9103
8837
8218
7369
6381
5308
4164
2984
1803
602
-675
-2035
-3433
-4809
-6131
-7332
-8290
-8885
-9060
-8818
-8183
-7210
-6009
-4705
-3387
-2115
-967
4
804
1492
2090
2592
2985
3275
3461
3495
3325
2944
2397
1728
944
59
-864
-1717
-2403
-2894
-3193
-3289
-3136
-2720
-2084
-1313
-479
406
1372
2424
3513
4563
5525
6365
7046
7490
7635
7471
7071
6512
5825
4984
3985
2875
1729
597
-519
-1635
-2736
-3778
-4704
-5475
-6080
-6534
-6815
-6860
-6676
-6331
-5895
-5354
-4665
-3835
-2935
-2046
-1222
-467
210
782
1214
1477
1551
1451
1238
979
692
344
-96
-599
-1107
-1567
-1953
-2245
-2412
-2452
-2384
-2225
-1931
-1440
-731
145
1107
2089
3038
3893
4605
5146
5513
5733
5816
5743
5503
5151
4746
4305
3801
3213
2541
1809
1047
263
-567
-1441
-2319
-3124
-3791
-4291
-4599
-4720
-4677
-4499
-4198
-3779
-3269
-2707
-2132
-1570
-1041
-570
-181
124
382
618
821
960
1011
958
787
480
47
-477
-1032
-1563
-2020
-2347
-2510
-2519
-2386
-2099
-1651
-1085
-462
165
755
1286
1748
2139
2460
2713
2920
3109
3307
3492
3632
3695
3680
3571
3339
2976
2493
1933
1332
712
96
-492
-1037
-1556
-2032
-2406
-2629
-2746
-2831
-2888
-2829
-2592
-2180
-1642
-1021
-372
230
723
1103
1406
1643
1780
1799
1710
1531
1257
883
448
0
-417
-775
-1057
-1272
-1467
-1665
-1848
-1975
-2018
-1961
-1761
-1407
-954
-483
-25
431
854
1188
1402
1511
1545
1558
1615
1745
1885
1934
1819
1530
1135
738
397
57
-350
-818
-1252
-1589
-1839
-2057
-2264
-2434
-2517
-2480
-2328
-2084
-1750
-1296
-698
5
726
1364
1836
2105
2165
2044
1807
1527
1268
1066
929
836
756
652
501
295
37
-274
-622
-943
-1151
-1194
-1092
-897
-641
-323
52
451
802
1042
1138
1117
1020
891
787
758
818
922
998
987
864
622
272
-172
-698
-1265
-1814
-2276
-2626
-2866
-3007
-3057
-3032
-2950
-2806
-2572
-2218
-1742
-1167
-518
177
872
1498
1992
2314
2444
2396
2202
1921
1605
1303
1049
859
704
531
312
76
-118
-258
-379
-516
-636
-681
-607
-410
-106
277
678
1036
1328
1566
1739
1820
1822
1810
1848
1924
1967
1918
1766
1533
1220
822
345
-181
-716
-1234
-1712
-2118
-2432
-2668
-2860
-3022
-3136
-3176
-3126
-2990
-2777
-2486
-2085
-1550
-901
-209
448
1009
1425
1657
1697
1568
1314
983
645
356
127
-70
-240
-356
-407
-430
-468
-530
-584
-594
-530
-394
-201
48
354
704
1079
1460
1822
2123
2325
2422
2453
2487
2579
2706
2792
2772
2620
2331
1936
1500
1059
585
46
-516
-1030
-1491
-1922
-2301
-2570
-2707
-2743
-2697
-2572
-2395
-2207
-2014
-1780
-1476
-1123
-765
-440
-157
57
169
161
55
-108
-295
-487
-668
-830
-972
-1086
-1174
-1254
-1337
-1418
-1463
-1436
-1317
-1105
-815
-461
-66
352
772
1188
1595
1993
2359
2656
2860
2992
3089
3164
3192
3150
3028
2844
2609
2331
1994
1581
1115
632
152
-332
-795
-1181
-1447
-1603
-1671
-1672
-1626
-1553
-1452
-1308
-1133
-958
-818
-722
-670
-659
-688
-758
-869
-1003
-1148
-1306
-1482
-1648
-1767
-1841
-1878
-1883
-1852
-1801
-1753
-1708
-1629
-1490
-1294
-1053
-759
-404
-14
370
724
1057
1374
1662
1899
2080
2231
2368
2492
2586
2661
2719
2740
2686
2556
2375
2156
1861
1475
1037
633
341
167
66
-3
-34
-8
63
127
146
119
63
-11
-94
-183
-273
-364
-459
-562
-686
-843
-1049
-1288
-1526
-1732
-1893
-2015
-2098
-2137
-2136
-2099
-2016
-1867
-1658
-1441
-1270
-1158
-1071
-968
-811
-587
-300
36
406
776
1113
1396
1613
1749
1779
1704
1574
1467
1431
1442
1451
1439
1402
1318
1138
871
602
441
399
390
338
264
248
314
430
563
709
841
881
772
554
323
112
-117
-389
-664
-901
-1092
-1254
-1379
-1461
-1526
-1639
-1813
-2002
-2147
-2234
-2268
-2228
-2094
-1870
-1593
-1284
-965
-657
-392
-200
-71
42
183
359
548
740
936
1124
1289
1396
1425
1386
1313
1246
1180
1087
954
834
784
810
874
918
909
827
708
611
574
582
596
611
644
698
757
795
802
766
661
479
229
-63
-378
-689
-951
-1133
-1239
-1297
-1331
-1361
-1401
-1461
-1522
-1550
-1524
-1453
-1366
-1280
-1187
-1075
-936
-774
-605
-450
-306
-142
49
247
419
577
760
982
1212
1384
1456
1431
1374
1322
1276
1215
1142
1069
998
924
845
756
655
548
446
349
258
187
152
152
169
198
228
227
151
-29
-282
-558
-812
-1032
-1210
-1334
-1406
-1436
-1456
-1478
-1489
-1454
-1362
-1250
-1160
-1101
-1055
-1001
-934
-849
-756
-680
-607
-506
-339
-124
101
315
517
726
951
1189
1400
1547
1605
1596
1541
1470
1395
1328
1277
1250
1247
1262
1283
1289
1261
1194
1103
993
872
751
631
507
372
253
165
98
7
-151
-386
-677
-1000
-1337
-1667
-1953
-2169
-2299
-2348
-2329
-2242
-2114
-1971
-1840
-1715
-1592
-1494
-1443
-1418
-1373
-1282
-1163
-1018
-832
-598
-327
-38
253
515
729
894
1045
1197
1359
1532
1714
1890
2032
2132
2200
2251
2271
2227
2118
1998
1914
1875
1855
1845
1847
1864
1882
1869
1804
1662
1444
1154
812
445
76
-289
-622
-887
-1075
-1247
-1468
-1752
-2046
-2297
-2492
-2647
-2779
-2880
-2940
-2952
-2908
-2801
-2638
-2436
-2213
-1996
-1825
-1723
-1661
-1584
-1455
-1283
-1093
-892
-672
-420
-135
168
452
700
916
1101
1231
1298
1320
1342
1409
1547
1747
1982
2225
2466
2675
2817
2880
2880
2848
2806
2752
2661
2520
2332
2097
1815
1513
1217
916
577
201
-192
-598
-1007
-1396
-1718
-1955
-2117
-2221
-2282
-2319
-2344
-2349
-2334
-2300
-2266
-2241
-2209
-2138
-2001
-1812
-1615
-1461
-1375
-1335
-1291
-1203
-1080
-950
-828
-694
-527
-314
-44
275
601
868
1039
1148
1248
1366
1499
1648
1845
2092
2362
2619
2847
3029
3129
3134
3068
2955
2803
2605
2367
2102
1814
1502
1160
800
429
61
-282
-578
-829
-1078
-1354
-1645
-1911
-2116
-2240
-2274
-2232
-2148
-2056
-1959
-1857
-1765
-1713
-1709
-1732
-1755
-1753
-1717
-1663
-1609
-1561
-1505
-1414
-1304
-1192
-1101
-1025
-953
-874
-786
-678
-519
-297
-27
261
555
856
1163
1469
1776
2085
2391
2669
2886
3008
3023
2951
2831
2698
2552
2367
2098
1728
1285
845
466
149
-134
-411
-673
-903
-1087
-1227
-1338
-1433
-1517
-1597
-1687
-1780
-1845
-1835
-1746
-1608
-1448
-1280
-1116
-993
-939
-960
-1029
-1105
-1149
-1151
-1113
-1053
-972
-878
-786
-693
-595
-461
-282
-74
111
260
405
584
794
1026
1287
1578
1872
2130
2340
2522
2682
2799
2832
2746
2538
2240
1915
1615
1351
1098
829
546
268
35
-122
-203
-260
-349
-479
-617
-747
-871
-993
-1097
-1164
-1182
-1143
-1058
-967
-921
-921
-919
-869
-779
-708
-697
-739
-796
-838
-858
-847
-803
-741
-678
-630
-596
-554
-470
-328
-142
73
307
545
780
1014
1258
1500
1716
1881
1982
2024
2029
2004
1938
1810
1621
1387
1116
808
460
91
-273
-610
-903
-1136
-1283
-1345
-1346
-1322
-1301
-1290
-1274
-1226
-1150
-1075
-1030
-1013
-988
-939
-866
-801
-784
-823
-909
-1003
-1092
-1172
-1240
-1290
-1324
-1338
-1317
-1257
-1182
-1101
-1001
-868
-701
-509
-290
-44
224
519
841
1165
1438
1640
1802
1977
2177
2367
2505
2583
2602
2562
2450
2245
1958
1621
1279
952
630
306
-4
-277
-513
-739
-955
-1131
-1232
-1272
-1294
-1319
-1327
-1302
-1241
-1144
-1008
-868
-780
-761
-772
-760
-718
-670
-649
-652
-650
-635
-630
-657
-694
-706
-691
-653
-586
-474
-324
-172
-37
75
198
377
638
951
1254
1501
1706
1926
2178
2431
2633
2765
2845
2881
2854
2710
2422
2014
1560
1137
776
477
224
12
-184
-377
-570
-750
-919
-1065
-1163
-1199
-1190
-1157
-1104
-1043
-1005
-1008
-1036
-1079
-1134
-1182
-1202
-1204
-1229
-1296
-1377
-1444
-1484
-1509
-1527
-1537
-1532
-1508
-1469
-1392
-1260
-1079
-891
-712
-518
-279
9
331
659
968
1241
1486
1719
1925
2067
2126
2120
2090
2057
2023
1966
1846
1662
1440
1206
947
677
438
250
74
-123
-324
-497
-629
-734
-825
-905
-964
-1006
-1043
-1084
-1105
-1071
-987
-913
-907
-967
-1052
-1133
-1223
-1330
-1441
-1532
-1596
-1641
-1676
-1694
-1677
-1622
-1540
-1423
-1253
-1031
-796
-583
-379
-134
170
522
886
1239
1555
1817
2019
2182
2311
2406
2453
2441
2376
2271
2140
1972
1784
1602
1443
1282
1100
911
726
539
339
157
36
-7
1
24
26
-12
-84
-151
-177
-163
-137
-130
-171
-270
-417
-598
-807
-1034
-1261
-1465
-1635
-1763
-1834
-1845
-1827
-1820
-1829
-1799
-1696
-1507
-1250
-949
-628
-321
-35
237
513
808
1122
1425
1671
1834
1926
1968
1982
1991
1997
1968
1862
1676
1456
1247
1050
841
617
411
244
93
-81
-270
-417
-492
-525
-557
-604
-648
-671
-661
-620
-563
-517
-478
-428
-367
-316
-305
-345
-437
-576
-750
-941
-1143
-1349
-1558
-1749
-1896
-1976
-1985
-1939
-1836
-1675
-1470
-1257
-1055
-852
-611
-306
37
364
640
894
1151
1410
1637
1816
1951
2035
2056
2018
1954
1867
1735
1533
1279
1026
800
596
395
197
16
-117
-183
-226
-287
-374
-434
-430
-375
-297
-211
-128
-64
-32
-35
-83
-167
-261
-357
-476
-640
-820
-979
-1100
-1187
-1241
-1266
-1279
-1289
-1292
-1290
-1281
-1237
-1129
-950
-728
-478
-215
38
275
505
735
942
1116
1277
1430
1553
1608
1600
1545
1457
1349
1229
1100
956
796
641
511
408
325
255
196
144
93
45
13
-14
-53
-96
-100
-27
113
260
323
250
63
-163
-354
-489
-586
-669
-754
-846
-926
-976
-998
-1019
-1063
-1120
-1167
-1174
-1135
-1046
-913
-755
-592
-437
-280
-106
101
341
596
807
956
1049
1114
1165
1196
1214
1232
1257
1266
1215
1073
868
661
496
390
316
246
157
52
-49
-123
-166
-186
-186
-165
-116
-52
-2
-3
-55
-113
-146
-160
-185
-232
-297
-380
-498
-648
-821
-992
-1139
-1247
-1314
-1367
-1404
-1400
-1315
-1157
-955
-748
-577
-451
-353
-239
-115
-2
105
236
399
557
685
792
899
993
1064
1120
1162
1141
1020
842
692
619
577
512
409
293
198
147
150
166
154
113
95
131
200
262
298
327
362
396
396
329
210
83
-22
-120
-234
-385
-568
-750
-889
-962
-979
-984
-1008
-1059
-1117
-1154
-1160
-1130
-1068
-965
-840
-699
-538
-332
-77
200
473
700
849
893
863
811
775
742
696
644
599
558
479
344
170
26
-41
-29
14
56
89
123
160
193
216
222
216
211
228
273
317
315
267
216
194
187
166
104
-2
-145
-320
-511
-687
-796
-800
-713
-585
-465
-383
-363
-408
-492
-550
-530
-426
-285
-161
-89
-61
-45
-13
58
174
321
464
571
640
690
732
754
747
702
638
570
516
467
410
343
283
228
165
88
1
-64
-94
-75
-11
66
121
140
142
144
142
127
114
106
105
101
90
54
-14
-100
-200
-313
-435
-533
-576
-566
-525
-478
-445
-438
-432
-393
-320
-225
-135
-57
-2
20
21
7
-5
4
50
135
230
313
384
437
463
460
442
397
297
137
-30
-148
-212
-260
-320
-381
-425
-444
-446
-433
-408
-391
-397
-414
-395
-319
-220
-161
-174
-229
-284
-303
-297
-272
-237
-208
-195
-200
-221
-263
-310
-328
-282
-178
-57
39
71
47
-5
-34
-10
57
132
173
179
185
234
316
369
363
322
312
354
437
528
596
624
602
552
502
465
414
341
270
227
197
151
94
50
21
-21
-76
-111
-104
-88
-98
-133
-180
-217
-228
-207
-198
-252
-366
-458
-457
-385
-303
-247
-193
-130
-67
-11
41
96
147
197
249
284
281
252
236
253
299
378
488
588
620
574
497
440
425
448
500
556
583
572
547
542
569
601
613
580
509
405
288
167
42
-89
-228
-357
-450
-483
-478
-484
-524
-575
-594
-590
-591
-607
-625
-643
-670
-700
-730
-776
-832
-868
-854
-798
-736
-695
-665
-608
-515
-411
-320
-227
-127
-40
-6
-30
-84
-137
-170
-189
-187
-151
-82
-12
29
46
62
86
105
118
132
154
186
229
276
324
370
414
448
441
383
312
282
300
314
296
255
217
183
145
92
9
-110
-235
-312
-323
-304
-300
-320
-326
-291
-219
-118
8
162
317
422
458
451
445
440
409
338
247
147
44
-40
-77
-65
-37
-43
-83
-132
-153
-135
-93
-39
19
83
152
230
300
347
371
391
424
459
485
507
530
530
468
342
203
106
58
13
-71
-183
-278
-337
-383
-453
-534
-580
-564
-515
-475
-462
-448
-411
-334
-245
-162
-92
-20
54
109
142
168
207
263
329
385
412
392
339
266
175
58
-65
-144
-152
-98
-32
-7
-29
-67
-80
-55
-11
34
91
170
248
295
289
226
122
25
-16
3
38
67
87
67
-28
-167
-274
-323
-346
-372
-413
-471
-555
-652
-732
-768
-747
-688
-616
-535
-431
-327
-259
-218
-156
-36
115
255
343
368
351
330
333
339
330
320
323
326
299
239
167
99
49
31
34
32
1
-39
-42
30
163
289
364
383
376
360
354
369
404
450
481
476
420
341
275
235
195
138
63
-24
-122
-232
-321
-381
-413
-443
-467
-465
-425
-370
-328
-293
-243
-156
-43
70
160
230
304
384
450
474
482
517
582
615
561
431
273
138
43
-28
-104
-203
-313
-408
-473
-501
-489
-444
-378
-298
-203
-115
-51
1
59
115
136
105
52
31
56
94
68
-68
-288
-505
-650
-719
-750
-768
-767
-746
-728
-741
-781
-827
-844
-808
-709
-552
-369
-185
-7
181
369
521
590
571
486
390
315
266
233
219
214
177
81
-34
-105
-115
-112
-132
-168
-199
-205
-183
-137
-80
-3
103
234
371
497
599
652
662
673
730
820
900
922
870
767
667
609
562
459
281
83
-81
-201
-280
-315
-308
-273
-234
-187
-123
-29
78
166
225
259
292
326
374
448
551
643
668
601
474
344
243
186
176
199
223
204
117
-42
-250
-455
-606
-675
-677
-664
-681
-727
-756
-729
-659
-583
-530
-510
-506
-486
-415
-298
-173
-81
-34
-30
-59
-94
-118
-119
-127
-175
-278
-402
-506
-584
-651
-694
-677
-586
-468
-366
-306
-279
-249
-165
-2
195
353
425
433
414
388
346
290
239
217
225
241
240
187
71
-79
-211
-291
-335
-363
-375
-352
-292
-214
-153
-123
-114
-103
-84
-55
-11
43
95
129
146
153
160
161
163
186
237
286
299
274
221
152
73
3
-53
-108
-161
-182
-140
-59
32
121
219
323
416
497
578
673
774
854
898
915
920
920
923
940
968
980
949
859
708
523
360
255
194
138
86
46
17
-15
-38
-41
-42
-64
-102
-135
-146
-134
-117
-91
-46
27
104
140
125
77
18
-55
-145
-216
-234
-209
-214
-292
-434
-585
-701
-770
-792
-791
-789
-780
-744
-672
-587
-512
-446
-374
-287
-189
-97
-28
0
-5
-8
28
91
133
114
47
-33
-100
-149
-191
-241
-304
-377
-444
-498
-546
-590
-634
-692
-778
-870
-925
-921
-883
-821
-727
-591
-447
-346
-289
-256
-224
-192
-150
-93
-23
39
59
36
-13
-39
-25
2
3
-18
-5
64
168
259
310
334
350
380
435
516
602
678
733
750
726
688
680
699
699
652
583
522
458
365
252
153
103
120
194
279
334
338
304
260
240
249
267
271
267
265
271
278
277
264
237
213
212
228
234
217
186
144
84
22
-16
-29
-35
-55
-85
-114
-130
-112
-57
26
121
211
283
337
369
362
314
259
233
244
252
239
195
129
51
-25
-66
-74
-66
-79
-112
-152
-193
-246
-323
-417
-490
-510
-479
-449
-463
-517
-575
-602
-584
-512
-404
-285
-200
-167
-182
-212
-218
-184
-114
-28
50
74
39
-7
-17
-2
-7
-52
-126
-215
-311
-382
-422
-437
-462
-494
-514
-510
-487
-454
-400
-319
-210
-81
43
155
254
354
430
440
379
310
293
316
322
267
159
21
-107
-196
-229
-221
-209
-219
-244
-267
-288
-319
-364
-395
-383
-311
-203
-99
-41
-41
-78
-115
-126
-110
-68
8
111
215
276
271
217
155
123
115
106
93
97
109
96
33
-42
-71
-11
124
296
441
508
484
418
391
449
562
671
743
782
790
759
662
489
288
123
38
20
29
25
8
-2
3
19
20
10
4
3
9
15
24
38
57
76
88
97
108
111
88
40
-3
-35
-69
-119
-172
-208
-219
-209
-187
-147
-85
-5
56
67
56
59
85
108
131
176
246
308
322
279
198
116
69
59
57
28
-33
-99
-145
-170
-203
-261
-326
-362
-353
-323
-299
-305
-318
-329
-331
-330
-332
-352
-404
-480
-542
-557
-523
-463
-384
-274
-129
20
129
180
185
170
139
97
55
27
6
-31
-87
-144
-190
-230
-262
-259
-206
-121
-41
7
18
-2
-24
-29
-21
-6
25
81
152
213
256
279
285
278
259
219
149
55
-29
-98
-153
-186
-172
-109
-32
12
-8
-84
-176
-239
-253
-234
-208
-196
-209
-238
-248
-203
-115
-26
29
61
89
111
108
79
48
46
77
112
124
104
59
-4
-70
-110
-111
-83
-44
2
57
124
198
260
289
280
256
241
259
291
302
260
185
128
116
136
157
181
228
305
383
402
