-147
-178
-182
-165
-126
-69
11
107
218
308
334
287
196
96
13
-36
-31
3
23
-5
-61
-89
-57
21
99
138
130
87
25
-30
-61
-68
-74
-113
-197
-287
-320
-279
-214
-186
-206
-231
-228
-196
-156
-134
-142
-168
-181
-152
-80
9
87
129
114
42
-32
-47
17
118
191
215
211
199
156
92
29
-6
-19
-35
-47
-50
-62
-103
-149
-154
-100
-29
11
27
53
119
204
272
304
316
331
349
365
381
410
446
469
451
389
294
210
189
247
326
335
230
74
-33
-30
35
74
49
32
98
205
226
95
-106
-245
-247
-165
-106
-132
-188
-163
-46
45
-13
-176
-294
-280
-196
-144
-161
-208
-230
-205
-129
-36
31
57
81
153
244
274
190
42
-87
-158
-195
-223
-253
-269
-253
-208
-148
-102
-66
-43
-41
-63
-106
-152
-173
-152
-100
-57
-59
-109
-181
-227
-225
-193
-161
-125
-67
-12
-17
-83
-139
-146
-143
-161
-184
-189
-198
-238
-283
-280
-223
-153
-124
-155
-229
-294
-286
-197
-79
-22
-45
-93
-109
-92
-72
-66
-78
-123
-199
-267
-280
-240
-173
-105
-54
-22
9
69
148
203
202
164
140
158
198
231
245
256
259
236
174
80
18
59
210
383
477
486
470
488
542
591
596
550
499
487
503
490
411
294
203
192
248
294
258
170
118
138
170
139
49
-45
-80
-43
33
86
83
40
-6
-29
-31
-7
38
96
145
180
203
209
165
87
30
36
78
82
17
-83
-158
-171
-154
-154
-203
-262
-282
-259
-236
-244
-262
-251
-202
-148
-141
-208
-327
-434
-468
-409
-308
-261
-321
-425
-435
-305
-119
16
56
29
-35
-85
-88
-53
-40
-82
-156
-221
-259
-271
-262
-244
-235
-243
-246
-213
-146
-88
-92
-166
-268
-331
-316
-234
-161
-164
-247
-341
-375
-349
-313
-308
-314
-292
-213
-86
61
177
241
242
193
111
46
28
28
-24
-141
-242
-245
-140
-20
34
31
53
137
245
325
365
380
371
350
353
405
465
445
311
145
80
159
296
378
360
288
232
240
309
394
448
452
430
410
406
417
430
426
398
361
342
338
329
305
263
189
83
-15
-46
16
129
215
204
106
11
24
145
272
283
182
70
36
78
120
94
-15
-139
-179
-95
47
129
112
63
65
103
105
62
31
37
40
3
-46
-56
-33
-19
-48
-86
-97
-82
-97
-156
-211
-211
-162
-132
-153
-208
-237
-214
-184
-217
-321
-385
-307
-128
-28
-117
-319
-463
-480
-439
-433
-469
-499
-486
-434
-369
-304
-248
-218
-224
-280
-359
-409
-395
-339
-296
-299
-328
-347
-345
-341
-336
-323
-297
-287
-297
-282
-205
-109
-107
-211
-321
-341
-293
-254
-242
-220
-182
-153
-156
-171
-160
-119
-52
49
187
287
262
136
20
-7
0
-3
-5
40
122
207
279
336
389
438
484
500
480
419
331
248
219
256
289
226
89
-3
44
181
289
311
294
336
428
501
502
477
470
471
448
420
392
338
239
135
107
168
261
291
246
192
205
281
351
376
376
369
346
320
310
315
281
212
142
92
46
6
1
29
59
66
58
43
24
-5
-33
-52
-44
-21
-34
-127
-271
-379
-366
-261
-164
-130
-98
9
136
144
-7
-181
-224
-122
30
121
83
-71
-264
-382
-382
-290
-190
-163
-222
-284
-253
-156
-87
-84
-88
-89
-109
-144
-135
-70
10
64
63
-20
-160
-298
-395
-472
-544
-585
-553
-454
-342
-288
-315
-374
-392
-342
-245
-143
-110
-189
-316
-345
-223
-76
-40
-117
-174
-117
2
62
9
-105
-203
-221
-123
51
173
125
-53
-212
-241
-161
-66
-26
-42
-76
-86
-56
21
113
162
129
43
-24
-29
25
118
225
288
242
122
66
160
298
319
205
120
170
308
419
446
405
318
231
205
268
363
389
308
195
150
191
252
266
235
173
99
27
-38
-113
-205
-275
-304
-296
-262
-195
-126
-98
-97
-44
84
210
225
107
-33
-88
-19
99
191
206
161
97
28
-47
-121
-136
-88
-53
-99
-173
-159
-42
70
104
103
139
200
209
144
77
118
277
451
503
381
169
26
47
172
276
313
293
225
133
107
207
350
369
228
64
50
194
319
239
-16
-206
-130
132
309
214
-101
-423
-551
-435
-198
-33
-62
-266
-525
-653
-536
-236
-1
-38
-301
-519
-462
-172
89
124
0
-92
-73
-55
-103
-138
-55
88
143
62
-45
-68
1
69
46
-63
-177
-207
-171
-124
-129
-169
-237
-300
-330
-301
-231
-211
-304
-487
-579
-444
-139
95
130
26
-73
-116
-132
-159
-206
-251
-256
-186
-73
16
33
-14
-74
-90
-41
41
88
85
49
34
83
203
344
417
373
228
70
-20
12
120
235
308
343
330
230
52
-86
-57
102
222
167
14
-86
-61
-28
-112
-256
-271
-85
126
161
20
-123
-179
-219
-327
-442
-422
-220
38
183
129
-33
-185
-241
-220
-177
-120
-38
83
166
174
129
136
225
359
480
590
654
603
437
294
312
433
475
342
169
145
287
406
338
124
-51
-70
49
227
366
343
143
-128
-300
-317
-209
-36
126
196
148
58
-15
-30
7
82
105
25
-76
-40
138
289
261
59
-189
-359
-373
-259
-110
-46
-88
-151
-139
-23
101
128
4
-185
-269
-142
114
293
249
21
-230
-350
-312
-223
-179
-192
-185
-150
-149
-206
-226
-115
62
132
27
-147
-244
-211
-101
1
21
-58
-186
-259
-232
-147
-118
-195
-308
-313
-185
-53
-63
-198
-330
-352
-226
-27
97
42
-120
-219
-181
-85
-1
83
157
122
-69
-301
-385
-297
-186
-170
-210
-217
-236
-346
-423
-263
144
472
437
124
-139
-181
-115
-60
32
223
392
399
256
111
13
-60
-126
-80
118
373
480
380
202
83
27
-20
-7
103
262
304
171
-42
-133
-9
248
454
493
385
220
116
121
196
247
268
318
397
401
255
42
-105
-104
-1
140
258
324
351
343
278
121
-33
-28
201
479
575
474
361
370
381
257
50
-46
26
152
221
216
164
56
-54
-80
-6
44
-19
-119
-139
-84
-74
-182
-373
-553
-648
-606
-432
-197
-48
-69
-201
-308
-311
-231
-109
47
230
335
229
-100
-467
-649
-591
-433
-346
-380
-417
-357
-238
-225
-358
-503
-511
-386
-228
-125
-116
-222
-418
-583
-558
-282
85
288
194
-36
-152
-55
100
133
6
-162
-236
-188
-73
7
11
-63
-183
-281
-300
-228
-104
39
181
279
273
171
34
-44
-5
139
293
356
361
349
297
158
75
185
341
232
-134
-374
-235
88
217
102
-28
20
109
53
-113
-127
90
338
411
351
309
284
199
86
95
258
448
493
376
190
35
-131
-347
-515
-443
-156
92
109
-6
-84
-51
49
186
302
334
289
228
224
237
189
5
-211
-294
-176
12
125
160
182
204
209
161
46
-102
-147
-13
169
158
-105
-416
-531
-366
-23
284
378
227
10
-105
-40
150
340
389
236
45
28
259
516
577
357
51
-133
-116
-51
-55
-138
-256
-395
-442
-219
202
493
364
-24
-277
-110
289
527
331
-126
-488
-515
-303
-93
-34
-150
-365
-605
-671
-484
-173
-73
-278
-586
-690
-513
-183
85
147
25
-132
-176
-148
-167
-265
-284
-125
132
284
265
165
98
64
46
77
195
315
297
75
-228
-350
-226
-29
-18
-169
-279
-268
-229
-259
-284
-197
52
380
619
602
291
-79
-225
-69
180
308
281
135
-55
-154
-60
148
235
116
-105
-234
-218
-125
-42
30
79
41
-121
-274
-228
-22
125
69
-16
52
218
239
39
-208
-317
-283
-238
-165
-3
201
218
23
-116
51
367
529
500
460
476
418
277
159
133
86
-31
-126
-68
86
144
11
-164
-207
-146
-125
-159
-86
143
377
438
285
15
-255
-379
-243
119
460
568
433
213
32
-121
-261
-332
-191
193
602
730
456
-10
-324
-333
-122
119
278
342
293
119
-103
-244
-244
-185
-129
-51
53
135
114
-54
-353
-677
-839
-682
-278
114
199
-56
-460
-746
-787
-577
-236
95
306
356
294
141
-39
-219
-256
-136
84
270
383
367
146
-203
-489
-524
-348
-19
319
511
407
129
-62
-15
181
338
371
298
165
-5
-176
-263
-247
-176
-148
-92
56
206
138
-165
-380
-317
-93
-13
-74
-117
-76
-99
-292
-546
-662
-534
-306
-137
-80
-32
29
52
40
69
156
235
279
282
216
79
46
231
494
488
192
-97
-58
241
501
486
196
-161
-349
-222
153
461
359
-183
-741
-794
-331
187
323
173
42
62
120
228
485
844
962
618
34
-302
-171
161
299
137
-129
-353
-540
-726
-779
-573
-207
40
7
-179
-265
-144
-1
-65
-294
-316
85
643
877
623
155
-182
-254
-172
-90
-107
-241
-447
-633
-660
-478
-215
-83
-169
-307
-271
-23
205
170
-39
-57
283
626
521
29
-319
-164
290
619
628
385
-30
-510
-808
-652
-109
406
530
268
-80
-265
-236
-46
246
597
874
904
678
355
148
131
290
583
859
917
677
276
-13
-75
-2
-5
-97
-83
138
334
212
-188
-500
-438
-128
108
69
-155
-360
-451
-469
-493
-478
-265
222
761
950
612
50
-219
-8
418
649
556
258
-61
-314
-494
-621
-691
-661
-517
-306
-182
-256
-494
-664
-583
-335
-144
-161
-311
-466
-481
-307
-14
203
187
-58
-387
-605
-540
-142
331
510
242
-200
-465
-480
-394
-274
-78
142
179
-101
-550
-834
-715
-273
167
352
247
-37
-373
-564
-393
126
662
862
709
427
209
70
-17
-18
118
362
478
190
-474
-1031
-944
-253
445
586
184
-329
-563
-476
-165
291
836
1207
1110
546
-48
-179
203
698
827
532
115
-85
-90
-108
-249
-379
-318
-78
132
114
-117
-342
-388
-286
-157
-46
96
219
250
226
296
447
455
185
-152
-184
182
635
780
525
120
-99
-48
89
99
17
42
221
333
129
-294
-546
-349
111
400
319
79
-43
-58
-118
-165
48
512
822
649
183
-102
-30
158
231
262
404
589
574
255
-182
-450
-437
-295
-206
-188
-115
47
185
117
-154
-426
-477
-312
-167
-195
-341
-465
-564
-687
-834
-923
-841
-551
-125
215
298
170
14
-47
-8
83
205
304
329
229
-4
-274
-419
-338
-150
-55
-141
-284
-352
-364
-470
-714
-882
-679
-122
377
425
46
-391
-555
-384
-16
358
606
700
649
487
301
210
262
352
351
256
175
186
247
247
161
81
141
328
459
365
117
-8
140
414
481
247
-73
-170
-21
117
13
-346
-829
-1334
-1707
-1752
-1435
-1086
-1140
-1653
-2212
-2347
-1988
-1495
-1252
-1273
-1240
-947
-540
-273
-119
155
634
1082
1247
1173
1137
1284
1447
1430
1291
1255
1366
1434
1295
1058
1008
1272
1667
1882
1813
1627
1536
1597
1758
1973
2236
2526
2800
3018
3123
2966
2330
1233
136
-393
-382
-509
-1288
-2418
-3171
-3282
-3172
-3327
-3735
-4038
-4027
-3801
-3438
-2832
-1931
-996
-336
128
783
1795
2783
3200
2988
2661
2644
2704
2248
1123
-163
-1079
-1641
-2291
-3241
-4242
-4870
-5007
-4881
-4715
-4464
-3913
-3009
-1936
-926
13
1067
2364
3781
5042
5973
6573
6925
7122
7264
7403
7450
7205
6540
5587
4686
4077
3494
2297
178
-2244
-3830
-4107
-3859
-4348
-5913
-7555
-8043
-7262
-6217
-5797
-5864
-5629
-4684
-3336
-2107
-1166
-331
574
1605
2798
4132
5294
5693
5022
3708
2612
2161
1897
1029
-607
-2301
-3289
-3634
-4100
-5123
-6269
-6800
-6564
-6102
-5868
-5664
-4937
-3554
-2016
-886
-134
765
2095
3534
4560
5134
5692
6533
7407
7827
7632
7112
6646
6385
6220
5953
5435
4650
3746
2877
2009
913
-493
-1880
-2790
-3209
-3683
-4621
-5710
-6270
-6117
-5735
-5535
-5369
-4905
-4235
-3703
-3295
-2614
-1501
-370
350
871
1798
3256
4531
4807
4076
3161
2786
2859
2684
1844
633
-400
-1136
-1905
-2920
-3931
-4570
-4793
-4821
-4793
-4667
-4406
-4060
-3599
-2861
-1780
-536
600
1547
2412
3295
4156
4906
5509
5970
6336
6654
6881
6818
6341
5680
5283
5311
5386
5005
4121
3133
2263
1237
-195
-1693
-2692
-3247
-3997
-5201
-6327
-6835
-6908
-7052
-7232
-6914
-5906
-4709
-3904
-3443
-2804
-1727
-475
624
1640
2814
4017
4763
4773
4335
3928
3686
3340
2633
1633
581
-403
-1377
-2412
-3456
-4401
-5194
-5845
-6296
-6407
-6133
-5601
-4941
-4091
-3012
-1934
-1145
-520
425
1853
3265
4070
4315
4574
5126
5680
5914
5926
5932
5830
5449
5033
5078
5514
5619
4824
3449
2252
1469
667
-514
-1809
-2771
-3430
-4195
-5130
-5800
-5885
-5684
-5694
-5901
-5788
-5060
-4077
-3398
-3046
-2508
-1454
-152
990
2015
3215
4469
5255
5312
4980
4643
4227
3469
2467
1589
911
62
-1234
-2714
-3844
-4463
-4863
-5304
-5639
-5632
-5376
-5093
-4694
-3898
-2793
-1854
-1295
-746
233
1498
2524
3111
3616
4375
5221
5828
6200
6517
6626
6217
5506
5197
5555
5934
5588
4649
3768
3057
2016
555
-679
-1290
-1814
-2908
-4267
-5022
-5029
-5062
-5629
-6219
-6073
-5271
-4560
-4277
-3996
-3258
-2200
-1168
-122
1234
2770
3862
4143
4037
4205
4650
4733
4087
3074
2235
1610
823
-312
-1594
-2710
-3590
-4329
-4951
-5337
-5436
-5394
-5385
-5354
-5043
-4317
-3331
-2340
-1387
-364
697
1604
2279
2904
3664
4446
5017
5407
5858
6269
6151
5360
4550
4474
4983
5222
4718
3833
2971
1944
492
-965
-1753
-2033
-2674
-3997
-5200
-5453
-5098
-5104
-5689
-6078
-5737
-5063
-4657
-4434
-3914
-3059
-2239
-1524
-482
1106
2760
3763
4005
4016
4239
4469
4229
3482
2672
2081
1475
528
-691
-1810
-2651
-3347
-4031
-4592
-4845
-4821
-4717
-4557
-4127
-3325
-2431
-1767
-1236
-456
601
1488
1883
2062
2514
3262
3902
4214
4503
5058
5607
5592
4993
4521
4750
5377
5638
5291
4731
4163
3266
1884
582
-8
-154
-759
-2157
-3649
-4482
-4780
-5193
-5892
-6416
-6393
-6034
-5739
-5571
-5302
-4780
-4016
-2973
-1571
47
1483
2462
3148
3869
4630
5073
4993
4592
4186
3795
3227
2394
1350
171
-1067
-2161
-2883
-3220
-3461
-3858
-4302
-4460
-4217
-3795
-3468
-3229
-2869
-2247
-1400
-441
515
1304
1840
2261
2901
3919
5102
6018
6321
6023
5554
5505
6063
6729
6837
6295
5540
4770
3670
2136
719
-51
-549
-1594
-3289
-4796
-5492
-5787
-6447
-7439
-7995
-7739
-7193
-6981
-6991
-6678
-5857
-4809
-3657
-2213
-401
1394
2748
3662
4425
5089
5427
5343
5058
4813
4557
4077
3244
2150
978
-144
-1228
-2291
-3216
-3824
-4127
-4339
-4582
-4723
-4605
-4343
-4121
-3817
-3042
-1704
-312
528
867
1360
2471
3925
5108
5794
6209
6518
6574
6365
6266
6570
6928
6727
5957
5200
4691
3886
2321
491
-710
-1243
-2002
-3543
-5276
-6299
-6586
-6858
-7462
-7967
-7967
-7658
-7404
-7147
-6593
-5733
-4752
-3582
-1976
-6
1801
3018
3791
4556
5419
6083
6315
6238
6034
5667
5012
4103
3089
1995
750
-591
-1792
-2654
-3246
-3799
-4395
-4883
-5095
-5062
-4896
-4594
-4076
-3319
-2416
-1523
-782
-155
589
1639
2841
3853
4541
5143
5854
6497
6722
6572
6521
6856
7187
6908
6034
5146
4505
3673
2268
610
-686
-1611
-2641
-3924
-5034
-5641
-6050
-6728
-7591
-8116
-8078
-7802
-7637
-7437
-6832
-5738
-4423
-3068
-1551
227
2003
3384
4361
5261
6218
6951
7171
6942
6529
6024
5312
4263
2897
1367
-145
-1489
-2588
-3477
-4276
-5055
-5784
-6339
-6617
-6551
-6144
-5501
-4803
-4157
-3490
-2627
-1497
-211
1056
2243
3352
4344
5156
5845
6538
7153
7410
7220
6938
6964
7146
6963
6215
5276
4442
3481
2133
743
-151
-739
-1782
-3441
-4874
-5407
-5524
-6203
-7510
-8531
-8612
-8087
-7602
-7234
-6642
-5648
-4353
-2814
-1067
612
1877
2767
3733
5045
6360
7081
7058
6744
6594
6510
6027
4892
3363
1862
553
-663
-1846
-2962
-3996
-4995
-5891
-6513
-6750
-6680
-6464
-6173
-5752
-5120
-4269
-3244
-2110
-937
219
1344
2456
3553
4626
5680
6693
7542
8030
8067
7816
7580
7512
7432
7035
6266
5300
4254
3014
1535
87
-1047
-2016
-3209
-4591
-5664
-6242
-6768
-7649
-8583
-8948
-8592
-7892
-7159
-6337
-5339
-4259
-3134
-1779
-98
1614
2990
4027
5031
6076
6860
7135
7045
6870
6581
5912
4777
3411
2070
810
-440
-1708
-2977
-4221
-5364
-6250
-6746
-6884
-6851
-6775
-6599
-6175
-5463
-4586
-3671
-2670
-1499
-244
921
1990
3116
4318
5434
6354
7168
7925
8397
8282
7690
7171
7116
7252
7014
6265
5305
4300
3073
1595
243
-687
-1523
-2778
-4360
-5608
-6238
-6725
-7530
-8403
-8714
-8298
-7571
-6940
-6383
-5662
-4675
-3464
-2017
-316
1475
3079
4337
5342
6272
7101
7602
7596
7148
6452
5614
4611
3388
2003
594
-742
-2089
-3527
-4928
-5964
-6469
-6675
-7007
-7619
-8135
-8000
-7063
-5794
-4817
-4248
-3566
-2265
-457
1239
2451
3381
4455
5753
6952
7734
8098
8262
8353
8298
8003
7548
7120
6772
6335
5591
4467
3059
1534
123
-1026
-2063
-3374
-5078
-6687
-7587
-7752
-7754
-8026
-8406
-8417
-7876
-7016
-6171
-5430
-4568
-3306
-1599
273
1958
3292
4382
5425
6485
7317
7572
7217
6631
6196
5801
5040
3704
2040
459
-823
-1873
-2904
-4083
-5390
-6611
-7491
-7925
-8010
-7903
-7652
-7156
-6316
-5211
-4055
-2954
-1793
-450
1022
2423
3630
4724
5835
6930
7773
8216
8381
8528
8684
8607
8156
7569
7204
7002
6475
5274
3622
2045
773
-391
-1675
-3037
-4318
-5463
-6459
-7233
-7766
-8198
-8616
-8815
-8486
-7634
-6642
-5828
-5054
-3940
-2339
-517
1167
2581
3817
4977
6037
6885
7382
7458
7170
6675
6084
5334
4281
2900
1359
-122
-1473
-2787
-4139
-5456
-6565
-7340
-7783
-7980
-7969
-7714
-7186
-6475
-5685
-4796
-3667
-2287
-836
492
1680
2811
3906
4911
5793
6570
7212
7684
8016
8315
8546
8465
7908
7086
6398
5905
5206
3923
2196
512
-819
-1875
-2845
-3844
-4966
-6234
-7378
-8008
-8077
-8019
-8184
-8361
-8055
-7153
-6047
-5061
-4066
-2752
-1119
545
1995
3212
4269
5245
6166
6951
7410
7412
7084
6677
6235
5507
4316
2834
1404
146
-1112
-2504
-3899
-5081
-6017
-6791
-7364
-7593
-7464
-7105
-6614
-5986
-5223
-4396
-3537
-2571
-1416
-109
1194
2348
3347
4297
5241
6062
6641
7052
7468
7830
7828
7258
6320
5443
4887
4551
4141
3429
2392
1182
5
-1010
-1936
-2937
-4077
-5175
-5967
-6357
-6521
-6697
-6918
-6921
-6451
-5582
-4682
-3975
-3260
-2221
-926
250
1177
2135
3363
4651
5621
6129
6306
6276
6048
5668
5202
4612
3749
2607
1390
252
-905
-2219
-3586
-4737
-5520
-6023
-6401
-6730
-6963
-7033
-6896
-6565
-6059
-5362
-4459
-3426
-2390
-1368
-231
1098
2459
3598
4444
5186
6006
6829
7394
7582
7489
7255
6933
6567
6220
5870
5427
4850
4114
3102
1752
271
-971
-1841
-2536
-3285
-4107
-4817
-5269
-5463
-5542
-5584
-5534
-5258
-4736
-4122
-3594
-3171
-2656
-1863
-809
307
1315
2168
2915
3572
4120
4455
4469
4200
3838
3570
3311
2819
1957
853
-285
-1340
-2272
-3021
-3620
-4245
-5011
-5743
-6128
-6148
-6122
-6258
-6314
-5887
-4956
-3899
-3011
-2201
-1232
-86
1017
1951
2820
3743
4607
5223
5625
6022
6478
6824
6936
6892
6780
6512
6006
5389
4843
4229
3190
1714
315
-548
-1036
-1664
-2584
-3402
-3745
-3784
-3986
-4493
-4982
-5162
-5105
-4994
-4803
-4440
-3972
-3514
-2988
-2205
-1165
-137
654
1297
2017
2807
3368
3510
3399
3353
3468
3537
3271
2548
1500
451
-324
-884
-1566
-2571
-3677
-4507
-4979
-5341
-5777
-6152
-6192
-5835
-5301
-4775
-4172
-3279
-2101
-912
71
915
1842
2909
3942
4778
5483
6182
6848
7334
7585
7656
7585
7354
6974
6509
6002
5418
4651
3636
2497
1512
885
462
-171
-1227
-2419
-3269
-3742
-4267
-5112
-5963
-6343
-6225
-6012
-5973
-5934
-5641
-5067
-4354
-3525
-2543
-1449
-356
706
1783
2837
3716
4256
4465
4506
4532
4485
4150
3396
2364
1375
586
-157
-1094
-2228
-3347
-4276
-5008
-5586
-5948
-6045
-5972
-5914
-5847
-5489
-4647
-3559
-2612
-1825
-879
380
1715
2823
3683
4490
5328
6083
6592
6877
7103
7344
7465
7254
6724
6109
5660
5354
4896
4025
2829
1695
864
134
-911
-2318
-3648
-4492
-4988
-5582
-6406
-7100
-7361
-7320
-7278
-7221
-6890
-6181
-5320
-4499
-3613
-2437
-992
470
1792
3026
4171
5035
5492
5701
5922
6105
5949
5246
4116
2850
1666
614
-419
-1577
-2873
-4098
-5025
-5627
-6086
-6535
-6892
-7007
-6828
-6403
-5716
-4745
-3616
-2518
-1491
-409
770
1949
3072
4188
5264
6147
6742
7140
7474
7716
7738
7500
7125
6769
6481
6138
5579
4702
3539
2274
1176
389
-278
-1190
-2430
-3641
-4447
-4930
-5490
-6230
-6794
-6872
-6638
-6427
-6197
-5619
-4628
-3555
-2611
-1579
-196
1363
2680
3645
4507
5380
6024
6232
6121
5901
5555
4927
4027
3063
2146
1151
-34
-1303
-2474
-3545
-4615
-5637
-6414
-6840
-7042
-7189
-7272
-7129
-6636
-5863
-4952
-3971
-2910
-1787
-650
533
1808
3118
4265
5119
5741
6269
6755
7144
7367
7401
7247
6936
6508
6006
5445
4804
3987
2918
1678
547
-306
-1041
-1972
-3088
-4019
-4489
-4721
-5179
-5961
-6662
-6872
-6661
-6306
-5856
-5161
-4279
-3432
-2608
-1497
19
1567
2669
3305
3863
4556
5143
5310
5079
4682
4239
3691
3021
2265
1362
181
-1235
-2579
-3612
-4420
-5227
-6037
-6639
-6910
-6956
-6943
-6865
-6581
-6000
-5177
-4181
-3040
-1820
-664
374
1399
2497
3608
4609
5475
6247
6865
7189
7223
7207
7275
7226
6835
6264
5840
5546
5049
4192
3148
2098
1103
230
-426
-997
-1834
-2994
-4030
-4469
-4457
-4573
-5050
-5502
-5449
-4899
-4219
-3676
-3237
-2750
-2086
-1170
-14
1188
2159
2813
3331
3926
4554
4925
4833
4402
3908
3446
2869
2064
1080
-17
-1205
-2396
-3403
-4162
-4826
-5508
-6059
-6273
-6253
-6306
-6449
-6268
-5468
-4314
-3343
-2686
-1974
-905
356
1439
2260
3059
4035
5065
5860
6249
6314
6268
6268
6313
6283
6076
5710
5267
4812
4351
3880
3339
2598
1571
434
-487
-1084
-1632
-2424
-3335
-3992
-4269
-4461
-4826
-5247
-5464
-5439
-5306
-5058
-4559
-3803
-2994
-2271
-1518
-532
632
1695
2474
3059
3580
3988
4138
4008
3699
3275
2711
1994
1218
437
-431
-1479
-2576
-3467
-4091
-4651
-5271
-5815
-6064
-6042
-5972
-5917
-5652
-4968
-4001
-3082
-2321
-1524
-538
528
1473
2296
3130
4012
4804
5394
5806
6117
6338
6432
6417
6369
6291
6057
5549
4842
4142
3563
3001
2253
1232
156
-593
-904
-1173
-1906
-3078
-4115
-4498
-4353
-4221
-4430
-4767
-4846
-4523
-3948
-3274
-2589
-1946
-1323
-526
591
1801
2603
2801
2814
3198
3937
4418
4180
3409
2666
2182
1745
1052
62
-1048
-2066
-2849
-3420
-3952
-4601
-5296
-5760
-5798
-5534
-5250
-5034
-4711
-4114
-3289
-2395
-1534
-731
28
790
1635
2601
3612
4502
5170
5669
6120
6511
6694
6603
6348
6058
5726
5276
4715
4118
3560
3043
2485
1739
756
-269
-1053
-1545
-2013
-2682
-3451
-4013
-4251
-4338
-4461
-4597
-4611
-4449
-4112
-3589
-2910
-2219
-1620
-1010
-137
1025
2132
2787
2998
3123
3386
3597
3454
2950
2340
1796
1226
526
-252
-1022
-1843
-2765
-3633
-4218
-4555
-4924
-5470
-5982
-6159
-5960
-5603
-5246
-4809
-4173
-3368
-2543
-1741
-861
191
1362
2497
3487
4310
4979
5500
5888
6145
6239
6159
6003
5886
5807
5593
5058
4221
3334
2667
2257
1847
1129
50
-1083
-1890
-2301
-2615
-3102
-3665
-3988
-3953
-3783
-3721
-3786
-3803
-3637
-3206
-2516
-1704
-998
-483
29
776
1710
2502
2918
3025
3051
3095
3071
2858
2442
1913
1352
769
166
-461
-1151
-1944
-2751
-3422
-3962
-4511
-5107
-5533
-5569
-5291
-4997
-4844
-4628
-4073
-3177
-2178
-1252
-359
583
1540
2414
3182
3903
4601
5226
5699
6003
6171
6211
6064
5648
5019
4391
3944
3641
3282
2756
2166
1652
1206
667
-47
-788
-1296
-1486
-1582
-1901
-2468
-2961
-3072
-2869
-2660
-2563
-2438
-2187
-1930
-1736
-1419
-813
-98
363
494
590
924
1382
1649
1592
1391
1289
1341
1380
1191
725
99
-509
-1027
-1504
-2034
-2652
-3308
-3941
-4491
-4935
-5236
-5367
-5340
-5191
-4929
-4516
-3925
-3203
-2434
-1657
-866
-28
872
1829
2783
3648
4316
4763
5082
5408
5735
5860
5627
5150
4712
4435
4187
3787
3197
2512
1861
1340
923
470
-124
-787
-1357
-1741
-1942
-1971
-1915
-1935
-2098
-2190
-1919
-1336
-813
-622
-613
-501
-222
64
254
412
578
691
749
937
1319
1600
1416
868
459
451
532
240
-442
-1125
-1578
-1958
-2496
-3110
-3571
-3880
-4256
-4764
-5151
-5194
-4973
-4719
-4495
-4181
-3711
-3121
-2421
-1562
-579
332
1031
1611
2270
3009
3624
3978
4165
4359
4552
4607
4461
4259
4160
4113
3936
3547
3057
2570
2085
1605
1208
894
545
122
-184
-210
-135
-285
-655
-815
-477
79
332
156
-55
70
420
623
535
399
430
533
474
285
225
347
350
1
-472
-676
-573
-487
-640
-965
-1331
-1717
-2132
-2510
-2821
-3164
-3628
-4120
-4427
-4470
-4381
-4329
-4310
-4180
-3869
-3438
-2957
-2372
-1619
-802
-157
238
592
1157
1913
2597
3013
3195
3271
3321
3403
3577
3775
3800
3537
3188
3073
3218
3287
2997
2481
2103
1966
1822
1446
993
780
854
941
812
546
384
440
644
860
979
958
843
775
882
1123
1271
1127
701
212
-131
-320
-482
-715
-998
-1316
-1670
-2049
-2344
-2493
-2572
-2746
-3085
-3471
-3733
-3806
-3832
-3965
-4263
-4563
-4668
-4502
-4185
-3901
-3671
-3405
-2988
-2446
-1826
-1156
-466
153
586
872
1143
1504
1908
2253
2473
2541
2508
2485
2616
2852
2990
2833
2506
2273
2334
2581
2797
2759
2405
1844
1328
1122
1213
1368
1253
876
487
383
547
752
831
828
882
1003
1104
1150
1243
1407
1510
1411
1165
952
815
670
393
-11
-476
-872
-1150
-1342
-1582
-1949
-2404
-2841
-3175
-3430
-3621
-3746
-3809
-3896
-4051
-4182
-4142
-3929
-3612
-3233
-2756
-2217
-1717
-1267
-784
-178
493
1114
1612
2013
2363
2632
2834
3003
3246
3448
3462
3190
2799
2543
2492
2553
2496
2296
2002
1759
1618
1541
1437
1199
886
628
560
637
712
740
730
773
809
837
866
955
1077
1132
1113
1066
1060
1055
996
876
715
482
161
-198
-504
-770
-1106
-1535
-1940
-2178
-2307
-2502
-2878
-3318
-3651
-3803
-3846
-3900
-4007
-4167
-4311
-4329
-4118
-3707
-3247
-2876
-2575
-2266
-1879
-1450
-951
-374
284
912
1368
1623
1762
1968
2315
2725
2993
3003
2814
2605
2532
2512
2399
2123
1831
1665
1565
1437
1230
998
784
654
670
804
881
714
358
78
174
499
774
719
519
414
554
885
1223
1431
1322
999
632
575
766
1003
968
669
282
-112
-510
-970
-1336
-1616
-1845
-2220
-2639
-3018
-3237
-3389
-3490
-3526
-3437
-3209
-2919
-2570
-2237
-1910
-1691
-1518
-1263
-799
-211
246
492
644
963
1388
1821
2087
2277
2412
2517
2547
2432
2224
1991
1888
1871
1847
1653
1362
1107
1056
1178
1272
1168
848
474
264
259
411
539
550
443
320
283
294
326
303
340
469
650
772
732
649
564
532
442
350
250
144
-53
-377
-632
-820
-944
-1256
-1696
-2085
-2272
-2366
-2660
-3124
-3489
-3407
-3025
-2702
-2686
-2865
-2890
-2684
-2210
-1675
-1164
-840
-645
-482
-205
107
449
794
1206
1544
1690
1605
1513
1614
1895
2095
1936
1578
1259
1273
1410
1468
1346
1194
1096
998
851
706
576
408
188
82
170
419
579
613
535
516
561
620
675
723
937
1172
1314
1129
830
645
697
766
698
462
184
-102
-413
-700
-944
-1099
-1209
-1298
-1411
-1620
-1962
-2313
-2522
-2449
-2209
-1986
-1952
-1989
-1943
-1701
-1393
-1043
-612
-148
222
338
342
382
541
735
839
903
1002
1223
1416
1439
1300
1124
1019
903
814
739
740
684
581
476
472
526
527
450
320
189
73
79
199
414
548
524
333
115
50
241
515
715
650
485
320
284
308
312
289
191
74
-97
-262
-430
-578
-713
-843
-988
-1118
-1247
-1372
-1554
-1704
-1833
-1802
-1715
-1529
-1405
-1365
-1371
-1284
-972
-576
-255
-197
-266
-291
-68
309
605
704
659
703
778
896
891
833
706
631
652
708
736
668
587
479
411
383
464
526
517
431
428
468
513
463
455
457
536
636
836
1010
1045
840
568
464
538
690
644
437
88
-170
-261
-149
-24
23
-146
-396
-612
-658
-606
-646
-803
-971
-947
-857
-775
-843
-893
-921
-921
-904
-850
-735
-615
-524
-464
-423
-372
-345
-335
-314
-231
-57
42
94
103
277
473
565
482
386
445
581
683
653
602
576
575
504
400
347
414
494
503
417
395
359
339
280
356
493
548
436
271
209
176
138
12
-22
-41
-22
-103
-267
-449
-568
-613
-658
-745
-828
-801
-761
-730
-854
-897
-841
-613
-476
-465
-578
-572
-454
-299
-203
-131
-21
10
-55
-208
-270
-270
-219
-240
-281
-306
-306
-360
-453
-458
-295
-46
85
117
122
251
442
696
931
1148
1218
1195
1103
1061
1051
1028
1021
965
915
736
617
520
593
526
459
318
367
376
346
231
151
127
26
-132
-295
-262
-164
-145
-371
-636
-771
-716
-626
-608
-686
-792
-876
-811
-657
-430
-280
-190
-137
-93
-50
-61
-83
-47
77
174
141
-52
-203
-270
-249
-302
-436
-625
-742
-766
-689
-579
-479
-331
-208
-90
-11
120
363
593
769
814
901
1043
1255
1395
1452
1474
1450
1390
1246
1150
1124
1166
1142
1008
745
470
262
153
66
-124
-365
-599
-692
-763
-816
-914
-951
-981
-987
-1009
-953
-856
-816
-861
-948
-925
-863
-776
-721
-604
-526
-497
-606
-670
-634
-534
-448
-453
-496
-572
-631
-601
-530
-515
-586
-736
-837
-893
-853
-783
-667
-576
-534
-600
-632
-539
-302
-25
164
297
360
488
682
1037
1345
1625
1766
1894
1924
1860
1768
1692
1704
1679
1616
1406
1237
1103
1077
925
690
397
205
-13
-281
-584
-721
-688
-628
-690
-804
-879
-834
-754
-627
-473
-319
-171
-90
-17
-36
-44
-89
-27
12
94
78
28
-124
-242
-290
-285
-272
-321
-312
-309
-300
-396
-515
-613
-624
-559
-458
-395
-452
-589
-659
-568
-314
-101
5
14
171
545
976
1229
1235
1241
1379
1639
1780
1807
1729
1702
1581
1470
1341
1281
1190
987
727
462
253
35
-209
-473
-667
-835
-940
-1063
-1112
-1138
-1118
-1106
-1124
-1111
-1099
-1022
-958
-779
-540
-281
-132
-83
-37
-1
39
-6
-80
-176
-295
-429
-612
-772
-890
-963
-1033
-1161
-1289
-1331
-1219
-1062
-969
-1013
-1081
-1107
-1042
-994
-940
-856
-636
-361
-86
107
257
392
523
647
767
951
1087
1186
1178
1261
1358
1437
1429
1410
1430
1364
1194
959
833
778
736
629
507
380
188
-51
-280
-378
-383
-357
-390
-438
-474
-426
-343
-280
-263
-255
-193
-140
-174
-286
-304
-123
167
312
203
-5
-91
23
100
7
-230
-384
-413
-412
-505
-673
-859
-977
-980
-838
-605
-408
-320
-343
-326
-211
-20
118
222
335
492
576
559
512
559
717
905
1064
1189
1240
1186
1115
1134
1265
1279
1122
832
655
586
613
574
491
373
254
145
18
-12
24
103
17
-166
-340
-316
-217
-138
-120
-105
-55
-19
57
57
39
-75
-131
-198
-255
-352
-464
-552
-634
-716
-863
-1030
-1164
-1198
-1189
-1239
-1381
-1499
-1528
-1419
-1350
-1307
-1301
-1162
-937
-679
-540
-447
-341
-110
135
278
286
204
213
287
486
602
650
538
462
479
634
766
770
668
547
511
494
527
568
607
602
581
623
699
735
639
491
374
395
481
548
541
470
399
312
280
327
435
470
362
216
171
207
187
48
-155
-332
-503
-675
-808
-847
-824
-879
-1046
-1216
-1280
-1203
-1091
-980
-924
-875
-787
-634
-501
-390
-315
-194
-66
39
153
261
399
408
356
302
440
664
823
748
538
345
284
314
340
306
210
153
156
220
225
166
42
3
62
253
409
490
452
402
432
560
746
862
920
889
852
755
655
508
438
430
496
503
358
57
-311
-518
-538
-464
-541
-739
-927
-953
-856
-776
-740
-804
-934
-1105
-1174
-1096
-934
-833
-773
-696
-509
-290
-137
-57
-1
135
251
363
397
474
456
381
213
176
245
338
288
111
-58
-170
-157
-145
-73
-93
-95
-173
-191
-205
-150
-97
4
99
242
356
467
534
538
581
673
876
1012
1040
952
864
774
651
462
286
183
120
62
-40
-101
-101
-75
-111
-242
-391
-518
-599
-650
-592
-479
-370
-458
-661
-833
-790
-580
-393
-347
-430
-527
-494
-340
-140
-71
-115
-175
-88
47
136
71
-77
-168
-272
-266
-303
-231
-214
-194
-268
-349
-396
-392
-346
-353
-303
-287
-124
-50
62
12
31
49
228
415
624
736
795
852
841
857
758
773
737
803
807
791
672
503
384
386
416
408
268
121
-37
-153
-248
-294
-314
-359
-461
-569
-568
-458
-265
-154
-84
-90
-55
-99
-127
-207
-121
33
231
287
179
48
-39
59
132
223
155
109
34
53
54
-3
-113
-238
-310
-394
-409
-388
-336
-389
-481
-547
-490
-389
-244
-129
-29
41
91
154
180
248
315
499
684
823
761
599
487
511
547
450
251
123
174
306
361
330
267
283
239
155
-43
-146
-198
-166
-215
-270
-327
-320
-332
-420
-504
-535
-452
-370
-301
-275
-212
-173
-119
-120
-134
-173
-213
-222
-220
-191
-154
-117
-82
-67
-66
-153
-264
-378
-401
-393
-402
-400
-415
-366
-377
-304
-276
-239
-367
-488
-529
-415
-191
-59
42
-88
-135
-241
-157
-109
17
150
261
337
299
368
426
582
563
571
537
629
707
723
659
530
474
435
431
345
232
95
21
-11
-16
-81
-169
-276
-319
-373
-368
-414
-357
-319
-239
-243
-284
-273
-187
4
174
329
372
420
405
469
464
431
324
205
120
16
-88
-203
-285
-364
-411
-368
-239
-79
-64
-148
-324
-401
-363
-209
-70
-38
-71
-59
121
402
709
882
939
866
773
701
708
754
714
602
446
422
471
580
620
632
556
417
201
15
-75
-93
-25
-26
-4
-74
-65
-117
-224
-416
-606
-652
-679
-643
-717
-740
-787
-720
-562
-359
-168
-128
-117
-160
-162
-238
-261
-216
-22
74
46
-131
-249
-255
-201
-143
-184
-241
-333
-427
-529
-630
-635
-595
-512
-519
-568
-602
-550
-393
-269
-129
-64
23
65
120
185
309
460
557
542
445
440
538
709
744
599
383
245
287
378
414
344
182
29
-129
-220
-302
-380
-486
-581
-641
-627
-546
-409
-290
-265
-306
-337
-302
-159
17
175
205
90
-24
-51
74
225
280
212
59
-74
-121
-72
137
428
676
692
433
76
-153
-174
-22
102
167
113
21
-61
-146
-204
-224
-119
66
219
256
229
207
243
263
279
318
421
520
549
442
274
117
82
233
410
535
522
396
185
-106
-272
-273
-177
-121
-166
-252
-358
-453
-527
-575
-602
-589
-549
-504
-451
-394
-349
-297
-204
-38
112
165
150
91
90
113
182
242
283
352
400
416
367
377
482
609
649
538
358
229
227
306
331
285
244
249
247
150
-37
-234
-318
-234
-94
-25
-54
-31
95
232
275
265
297
377
383
298
212
190
224
193
116
17
-25
-69
-181
-373
-539
-599
-614
-662
-748
-817
-838
-809
-774
-736
-727
-668
-589
-547
-569
-569
-483
-381
-338
-281
-122
70
159
115
69
75
111
170
264
319
183
-99
-257
-99
197
295
127
-81
-127
-68
-22
-5
11
15
-12
12
95
149
78
-79
-186
-166
-28
196
372
469
458
441
468
524
577
561
512
452
405
325
236
158
145
109
34
-81
-190
-233
-220
-150
-117
-182
-365
-551
-621
-524
-357
-274
-299
-414
-462
-430
-325
-237
-211
-168
-83
17
9
-105
-203
-130
68
224
200
81
70
197
346
330
190
73
75
174
253
283
261
205
108
31
46
164
285
331
323
324
369
396
363
312
344
482
594
580
497
491
623
801
898
869
797
779
789
705
496
258
116
41
-64
-220
-354
-411
-448
-564
-740
-892
-921
-854
-753
-694
-668
-644
-585
-499
-419
-370
-367
-367
-332
-277
-278
-352
-466
-540
-580
-563
-497
-403
-344
-345
-352
-337
-299
-254
-196
-136
-94
-80
-50
-7
58
81
95
133
218
312
363
399
435
476
473
442
415
420
457
512
538
526
482
439
386
290
198
138
148
183
209
187
116
70
87
133
97
-36
-190
-269
-255
-216
-205
-235
-263
-271
-285
-335
-402
-450
-475
-508
-548
-565
-545
-494
-437
-368
-298
-263
-289
-397
-489
-473
-300
-100
-10
-39
-97
-76
-1
73
88
57
41
63
130
202
229
194
118
90
146
272
365
346
206
52
-15
47
165
249
291
352
488
619
651
608
594
677
774
791
739
678
648
601
532
479
451
390
254
105
43
65
90
54
-23
-77
-55
31
119
104
-47
-270
-449
-489
-422
-317
-267
-295
-374
-442
-467
-455
-430
-407
-398
-403
-387
-344
-308
-312
-323
-282
-189
-106
-83
-110
-133
-110
-46
48
116
150
120
30
-103
-214
-227
-149
-42
3
-31
-74
-56
19
64
43
25
94
209
278
265
242
262
275
231
151
112
120
134
134
145
173
183
156
114
103
121
136
122
91
43
-15
-93
-145
-183
-219
-257
-260
-208
-194
-251
-373
-447
-433
-327
-194
-118
-115
-126
-73
44
156
206
164
60
-26
-26
63
134
93
-44
-173
-216
-214
-263
-392
-524
-546
-443
-306
-233
-241
-252
-200
-60
78
144
131
114
119
125
125
145
200
263
335
412
479
483
438
378
342
302
244
163
83
39
47
86
117
112
63
-22
-78
-47
56
145
146
94
27
-16
-36
-13
45
91
79
-3
-107
-164
-133
-43
22
8
-58
-105
-102
-87
-93
-111
-91
-30
45
90
78
9
-136
-293
-392
-361
-234
-125
-72
-65
-31
39
133
203
205
131
42
-2
-5
-6
-23
-40
-56
-70
-58
-9
49
77
72
86
144
238
315
329
270
195
210
345
496
516
392
275
287
407
483
440
319
230
191
158
104
40
-2
-38
-56
-66
-55
-41
-25
-13
-15
-25
-27
-42
-92
-151
-168
-140
-142
-188
-250
-273
-272
-284
-324
-373
-376
-336
-307
-345
-415
-416
-352
-311
-387
-504
-557
-508
-419
-365
-355
-388
-403
-360
-268
-186
-147
-144
-156
-168
-142
-95
-69
-98
-127
-110
-46
28
72
64
-1
-23
77
292
487
545
462
315
195
141
129
107
70
60
115
195
227
195
126
84
90
139
205
232
220
165
125
119
145
159
110
16
-79
-145
-217
-326
-442
-510
-511
-463
-375
-258
-158
-102
-84
-58
-24
-15
-44
-85
-91
-45
36
111
137
131
114
112
98
66
29
-8
-48
-98
-126
-85
16
140
236
305
387
498
652
800
873
832
741
719
800
908
960
940
860
746
637
583
582
578
554
498
420
337
311
346
350
242
52
-116
-216
-267
-312
-339
-350
-368
-423
-509
-580
-628
-654
-658
-648
-634
-657
-705
-753
-783
-788
-766
-723
-686
-645
-591
-491
-392
-298
-204
-95
-8
-1
-31
-33
9
13
-69
-177
-220
-189
-128
-60
25
124
202
274
378
496
581
582
559
547
565
593
627
660
666
641
585
507
413
310
192
75
-16
-54
-106
-257
-508
-740
-814
-755
-689
-741
-872
-979
-1020
-1049
-1147
-1297
-1411
-1380
-1209
-996
-858
-826
-848
-859
-835
-763
-641
-475
-325
-232
-175
-88
60
200
248
223
243
391
614
791
868
891
942
1016
1096
1141
1166
1175
1209
1283
1397
1507
1555
1540
1499
1480
1468
1413
1279
1090
907
800
782
783
707
515
248
-49
-341
-589
-777
-957
-1171
-1366
-1465
-1456
-1430
-1432
-1460
-1466
-1407
-1270
-1109
-1010
-970
-924
-855
-843
-912
-983
-973
-879
-771
-697
-661
-611
-510
-365
-244
-192
-171
-115
19
199
377
537
716
926
1126
1255
1315
1375
1478
1617
1749
1854
1911
1925
1927
1949
1971
1916
1771
1621
1580
1643
1723
1720
1603
1413
1235
1131
1064
934
688
371
75
-188
-480
-845
-1238
-1556
-1774
-1933
-2090
-2208
-2215
-2099
-1939
-1836
-1826
-1867
-1879
-1832
-1756
-1701
-1678
-1659
-1627
-1594
-1569
-1536
-1494
-1453
-1437
-1437
-1399
-1296
-1143
-1008
-911
-820
-701
-560
-427
-294
-147
11
152
287
442
614
759
841
886
940
1021
1137
1286
1452
1581
1646
1679
1717
1768
1809
1839
1866
1893
1902
1895
1866
1807
1714
1596
1494
1407
1328
1247
1151
990
742
457
213
-5
-261
-561
-849
-1077
-1265
-1432
-1573
-1662
-1685
-1650
-1597
-1554
-1510
-1444
-1340
-1220
-1099
-1019
-1007
-1048
-1095
-1106
-1072
-1014
-961
-935
-915
-858
-744
-620
-555
-556
-562
-533
-479
-418
-336
-221
-127
-47
68
278
512
675
736
771
903
1164
1485
1711
1801
1835
1911
2025
2100
2116
2126
2196
2313
2407
2408
2314
2184
2081
2023
1964
1862
1689
1457
1156
835
539
274
-24
-385
-747
-1042
-1275
-1483
-1683
-1817
-1844
-1765
-1680
-1695
-1804
-1876
-1828
-1722
-1684
-1774
-1913
-2005
-1997
-1933
-1883
-1894
-1942
-1970
-1923
-1804
-1653
-1538
-1457
-1374
-1255
-1119
-1011
-944
-877
-756
-545
-266
15
248
410
531
641
785
956
1125
1259
1362
1461
1562
1678
1781
1874
1960
2077
2236
2421
2605
2722
2721
2569
2349
2178
2118
2125
2057
1831
1457
1046
680
371
56
-290
-642
-953
-1210
-1442
-1643
-1792
-1870
-1910
-1915
-1859
-1739
-1622
-1582
-1623
-1676
-1707
-1745
-1816
-1896
-1935
-1917
-1875
-1850
-1826
-1776
-1689
-1613
-1530
-1391
-1145
-853
-619
-473
-338
-143
55
188
267
373
514
658
781
901
1013
1093
1162
1274
1484
1743
1945
2035
2088
2222
2452
2676
2806
2842
2841
2841
2815
2719
2549
2378
2288
2259
2188
1976
1650
1338
1093
856
519
91
-325
-657
-931
-1197
-1426
-1545
-1555
-1555
-1619
-1715
-1736
-1645
-1508
-1430
-1446
-1498
-1552
-1607
-1704
-1825
-1938
-1993
-1961
-1858
-1771
-1800
-1928
-2024
-1952
-1723
-1453
-1257
-1153
-1065
-929
-726
-518
-364
-275
-189
-61
103
243
313
311
288
323
454
667
943
1270
1607
1885
2071
2183
2273
2359
2426
2454
2447
2408
2339
2260
2192
2117
1954
1685
1387
1164
1002
790
474
112
-212
-490
-779
-1090
-1387
-1590
-1658
-1619
-1566
-1563
-1590
-1594
-1553
-1492
-1445
-1445
-1475
-1486
-1426
-1329
-1269
-1298
-1378
-1419
-1393
-1347
-1332
-1327
-1286
-1193
-1087
-1011
-982
-981
-969
-924
-833
-710
-585
-478
-375
-234
-44
188
443
702
895
975
984
1039
1197
1406
1594
1753
1950
2210
2453
2561
2515
2446
2487
2634
2754
2730
2570
2371
2200
2035
1824
1557
1265
970
663
348
49
-205
-426
-614
-757
-823
-789
-708
-688
-817
-1041
-1203
-1212
-1122
-1071
-1122
-1243
-1349
-1399
-1398
-1377
-1357
-1345
-1347
-1342
-1317
-1266
-1212
-1163
-1130
-1116
-1127
-1158
-1182
-1187
-1141
-1056
-954
-881
-826
-755
-658
-557
-450
-278
-45
202
429
672
948
1201
1381
1529
1714
1924
2084
2158
2198
2262
2342
2364
2270
2076
1876
1736
1638
1499
1293
1078
915
784
606
347
68
-168
-344
-501
-664
-834
-991
-1126
-1222
-1252
-1224
-1191
-1245
-1384
-1530
-1576
-1522
-1444
-1401
-1384
-1346
-1303
-1307
-1360
-1384
-1325
-1220
-1141
-1107
-1080
-1023
-939
-858
-823
-857
-936
-1013
-1013
-902
-722
-586
-557
-580
-533
-340
-48
241
483
690
888
1076
1254
1435
1615
1783
1924
2084
2286
2490
2590
2515
2305
2093
1969
1919
1842
1670
1425
1182
992
836
671
464
248
72
-19
-55
-104
-227
-395
-503
-500
-445
-476
-634
-821
-908
-894
-904
-1010
-1154
-1219
-1184
-1137
-1151
-1183
-1141
-1023
-918
-877
-837
-734
-613
-553
-568
-598
-593
-551
-501
-474
-494
-536
-546
-491
-399
-334
-306
-249
-88
178
477
727
879
972
1097
1292
1492
1601
1620
1657
1762
1884
1912
1805
1613
1424
1291
1210
1152
1069
923
697
434
185
-23
-195
-341
-454
-550
-655
-785
-896
-919
-833
-736
-756
-886
-996
-1017
-1026
-1121
-1254
-1312
-1253
-1173
-1181
-1284
-1399
-1457
-1462
-1438
-1371
-1224
-1031
-864
-780
-768
-752
-674
-536
-393
-300
-265
-259
-238
-171
-76
21
103
197
304
388
430
482
620
857
1129
1343
1463
1504
1530
1530
1478
1351
1246
1241
1353
1476
1515
1423
1222
991
798
698
651
606
513
365
164
-73
-301
-439
-468
-459
-515
-634
-718
-693
-634
-666
-813
-949
-929
-753
-550
-457
-492
-595
-682
-727
-727
-697
-656
-614
-575
-522
-460
-405
-372
-352
-306
-205
-59
53
53
-48
-142
-135
-46
32
57
106
293
618
928
1077
1087
1097
1209
1378
1531
1625
1648
1598
1487
1331
1135
877
574
266
8
-174
-268
-300
-331
-436
-610
-777
-881
-930
-986
-1041
-1037
-920
-721
-535
-424
-359
-255
-86
79
126
24
-150
-311
-443
-587
-742
-882
-977
-1028
-1021
-930
-780
-662
-653
-733
-819
-860
-829
-702
-476
-217
19
246
541
904
1228
1409
1439
1411
1374
1329
1286
1328
1506
1751
1881
1797
1560
1295
1016
630
116
-469
-1050
-1576
-1932
-2026
-1933
-1850
-1900
-1997
-2013
-1962
-1978
-2104
-2208
-2119
-1827
-1434
-1001
-479
154
804
1347
1726
1965
2080
2064
1903
1586
1135
639
256
88
69
36
-107
-318
-506
-628
-701
-741
-731
-652
-511
-339
-81
377
1087
1903
2618
3165
3639
4118
4518
4696
4604
4360
4077
3756
3278
2586
1714
768
-167
-1036
-1831
-2590
-3350
-4085
-4712
-5142
-5345
-5379
-5288
-5071
-4678
-4150
-3596
-3088
-2563
-1904
-1069
-129
798
1630
2315
2797
3009
2930
2624
2207
1739
1205
573
-134
-840
-1449
-1911
-2253
-2541
-2781
-2892
-2815
-2588
-2316
-2031
-1653
-1031
-132
923
1949
2882
3808
4807
5811
6637
7172
7420
7439
7192
6610
5699
4589
3393
2109
679
-882
-2444
-3852
-4999
-5874
-6528
-7026
-7360
-7505
-7446
-7185
-6689
-5962
-5101
-4213
-3311
-2280
-1049
315
1636
2777
3677
4313
4646
4639
4298
3654
2755
1671
540
-508
-1423
-2216
-2908
-3499
-3943
-4151
-4072
-3769
-3351
-2858
-2222
-1374
-309
886
2117
3319
4498
5669
6805
7815
8578
9006
9095
8916
8487
7739
6619
5244
3744
2181
491
-1278
-3000
-4526
-5793
-6797
-7517
-7939
-8068
-7972
-7692
-7225
-6492
-5496
-4316
-3087
-1825
-480
961
2349
3493
4301
4816
5076
5051
4695
4001
3013
1790
425
-981
-2317
-3522
-4546
-5384
-6007
-6356
-6381
-6111
-5634
-4997
-4164
-3106
-1865
-487
996
2526
3980
5283
6459
7574
8600
9396
9791
9725
9307
8676
7823
6613
4991
3083
1108
-803
-2613
-4299
-5794
-7051
-8052
-8741
-9024
-8862
-8380
-7716
-6904
-5874
-4619
-3244
-1910
-691
482
1696
2923
4011
4848
5397
5643
5492
4899
3914
2706
1409
97
-1231
-2556
-3810
-4883
-5705
-6284
-6632
-6733
-6538
-6053
-5326
-4406
-3287
-1954
-434
1188
2809
4352
5768
7017
8053
8825
9287
9393
9161
8659
7938
6968
5702
4165
2459
670
-1165
-3002
-4731
-6202
-7317
-8059
-8467
-8546
-8287
-7685
-6769
-5597
-4250
-2831
-1428
-56
1298
2601
3739
4619
5270
5783
6186
6363
6146
5460
4402
3134
1791
423
-943
-2276
-3526
-4620
-5489
-6094
-6444
-6532
-6311
-5754
-4879
-3742
-2397
-908
640
2175
3636
4986
6197
7264
8140
8721
8907
8753
8407
7895
7070
5784
4147
2403
682
-1058
-2851
-4580
-6071
-7225
-8069
-8641
-8939
-8916
-8544
-7840
-6860
-5680
-4375
-3012
-1641
-287
1041
2277
3335
4160
4803
5294
5586
5590
5266
4657
3818
2790
1597
274
-1112
-2479
-3751
-4837
-5615
-6009
-6073
-5893
-5483
-4769
-3752
-2534
-1250
38
1360
2740
4123
5389
6461
7335
8015
8458
8616
8494
8109
7448
6474
5188
3661
1986
236
-1537
-3252
-4819
-6184
-7333
-8238
-8805
-8971
-8795
-8447
-7974
-7241
-6095
-4629
-3105
-1727
-454
818
2095
3238
4105
4679
5028
5208
5189
4891
4266
3336
2160
843
-485
-1715
-2825
-3838
-4722
-5353
-5630
-5528
-5097
-4395
-3491
-2477
-1427
-347
819
2110
3471
4780
5956
6999
7921
8672
9142
9238
8971
8465
7829
7033
5962
4577
2950
1182
-634
-2382
-3956
-5333
-6560
-7599
-8313
-8589
-8482
-8155
-7673
-6948
-5893
-4598
-3259
-1999
-784
429
1580
2531
3223
3737
4178
4527
4650
4436
3887
3063
2019
796
-519
-1784
-2890
-3822
-4639
-5350
-5845
-5961
-5624
-4923
-4063
-3203
-2322
-1264
61
1542
2951
4131
5107
6007
6903
7724
8352
8724
8837
8655
8103
7170
5941
4549
3035
1375
-418
-2209
-3839
-5261
-6488
-7494
-8165
-8419
-8257
-7784
-7106
-6327
-5473
-4529
-3458
-2276
-1028
221
1387
2395
3209
3871
4372
4656
4648
4330
3732
2906
1882
687
-621
-1940
-3158
-4192
-4977
-5491
-5768
-5853
-5745
-5393
-4774
-3938
-2952
-1829
-548
834
2183
3409
4555
5689
6744
7559
8028
8176
8085
7803
7304
6531
5487
4238
2866
1410
-100
-1621
-3094
-4453
-5600
-6478
-7091
-7459
-7526
-7236
-6635
-5854
-4964
-3932
-2729
-1424
-156
960
1902
2718
3433
3999
4328
4422
4389
4289
4024
3410
2425
1272
195
-722
-1577
-2459
-3327
-4056
-4579
-4869
-4870
-4512
-3848
-3075
-2326
-1548
-617
467
1581
2638
3620
4523
5316
5986
6526
6884
6973
6754
6266
5572
4694
3626
2392
1077
-212
-1416
-2539
-3602
-4561
-5314
-5793
-6051
-6181
-6189
-5946
-5377
-4563
-3658
-2706
-1669
-573
448
1304
1997
2563
3008
3321
3502
3527
3378
3076
2669
2158
1519
762
-30
-778
-1443
-2056
-2615
-3067
-3307
-3279
-3037
-2716
-2413
-2093
-1631
-950
-123
718
1529
2360
3221
4024
4640
4972
4993
4790
4495
4152
3670
2981
2140
1248
333
-609
-1533
-2382
-3145
-3832
-4388
-4736
-4852
-4792
-4628
-4384
-4031
-3526
-2876
-2143
-1424
-748
-80
592
1192
1620
1862
1983
2021
1966
1809
1597
1381
1168
901
528
60
-421
-809
-1068
-1232
-1340
-1402
-1404
-1320
-1124
-829
-470
-74
359
836
1354
1926
2523
3036
3310
3301
3124
2944
2815
2642
2290
1701
972
237
-393
-930
-1443
-1973
-2479
-2863
-3091
-3207
-3284
-3335
-3309
-3130
-2760
-2251
-1708
-1210
-762
-324
95
456
736
963
1169
1343
1424
1372
1207
978
738
530
412
385
372
292
144
4
-65
-56
-3
43
60
88
213
473
829
1211
1587
1955
2299
2567
2724
2793
2825
2818
2714
2485
2167
1805
1389
899
360
-157
-600
-977
-1330
-1711
-2129
-2522
-2779
-2848
-2786
-2706
-2666
-2623
-2488
-2212
-1853
-1515
-1255
-1037
-789
-459
-39
423
815
997
911
672
479
421
407
311
107
-138
-363
-535
-621
-630
-603
-580
-542
-447
-281
-82
107
273
452
685
988
1318
1616
1876
2141
2419
2639
2720
2652
2477
2214
1861
1439
992
565
159
-223
-592
-961
-1346
-1715
-1999
-2150
-2189
-2164
-2130
-2106
-2078
-1987
-1798
-1539
-1259
-973
-670
-363
-69
216
490
708
843
940
1054
1122
1013
718
363
67
-204
-520
-852
-1087
-1177
-1201
-1243
-1287
-1239
-1057
-794
-572
-451
-356
-152
201
581
849
983
1084
1279
1604
1955
2144
2068
1829
1586
1369
1064
608
71
-423
-816
-1128
-1375
-1533
-1579
-1537
-1457
-1372
-1271
-1144
-1019
-906
-776
-587
-371
-184
-14
207
503
828
1146
1464
1763
1966
2016
1932
1745
1443
1018
554
176
-91
-314
-536
-702
-746
-695
-632
-604
-584
-512
-364
-160
68
303
525
688
775
848
1011
1258
1452
1482
1398
1335
1322
1255
1006
558
-10
-567
-998
-1286
-1539
-1876
-2242
-2440
-2361
-2133
-1930
-1782
-1576
-1300
-1067
-951
-869
-684
-385
-62
208
438
678
957
1240
1469
1580
1549
1419
1272
1140
951
642
259
-62
-242
-295
-281
-252
-249
-273
-276
-206
-68
106
299
492
632
687
696
722
770
814
849
895
946
966
925
794
559
242
-108
-442
-746
-1019
-1277
-1554
-1861
-2159
-2359
-2390
-2220
-1894
-1543
-1317
-1242
-1200
-1081
-900
-737
-617
-519
-420
-341
-259
-130
56
258
419
573
785
1041
1232
1241
1085
857
657
524
443
377
320
308
387
568
796
1000
1143
1221
1240
1252
1335
1503
1629
1566
1347
1144
1085
1114
1090
959
790
649
514
290
-52
-440
-809
-1166
-1513
-1774
-1897
-1964
-2061
-2137
-2067
-1870
-1691
-1609
-1555
-1453
-1329
-1235
-1184
-1152
-1143
-1146
-1119
-1022
-856
-659
-470
-303
-165
-42
84
226
377
524
650
743
809
896
1044
1225
1393
1548
1741
1959
2142
2268
2360
2425
2447
2452
2471
2474
2402
2244
2038
1811
1558
1298
1104
1006
920
718
392
87
-88
-211
-449
-812
-1140
-1319
-1414
-1530
-1652
-1694
-1653
-1638
-1736
-1917
-2081
-2185
-2269
-2375
-2481
-2560
-2623
-2669
-2622
-2422
-2119
-1849
-1691
-1609
-1530
-1385
-1143
-817
-514
-333
-231
-51
276
651
952
1184
1404
1623
1831
2060
2312
2516
2606
2608
2602
2616
2621
2566
2430
2235
2053
1942
1884
1807
1644
1401
1140
934
783
623
393
98
-190
-406
-550
-660
-760
-841
-913
-999
-1089
-1169
-1300
-1578
-1992
-2382
-2597
-2644
-2657
-2733
-2824
-2799
-2599
-2321
-2120
-2042
-1995
-1882
-1723
-1596
-1520
-1410
-1170
-792
-361
33
364
647
910
1145
1347
1521
1688
1857
1978
1979
1857
1731
1729
1829
1921
1968
2019
2079
2074
1969
1821
1682
1538
1388
1265
1179
1062
854
594
408
367
397
352
190
13
-98
-172
-287
-444
-607
-774
-976
-1215
-1448
-1620
-1709
-1723
-1704
-1699
-1732
-1769
-1724
-1552
-1335
-1216
-1213
-1196
-1068
-872
-679
-480
-254
-47
100
229
409
638
849
1008
1124
1224
1280
1257
1142
966
819
792
878
962
967
937
951
979
953
872
786
706
610
508
438
398
344
269
227
260
325
326
211
5
-203
-328
-359
-397
-568
-873
-1184
-1376
-1467
-1530
-1576
-1555
-1450
-1310
-1205
-1190
-1229
-1208
-1018
-729
-543
-560
-618
-487
-155
168
324
365
437
592
769
893
925
884
827
801
805
827
881
984
1058
1013
870
767
773
803
746
609
500
469
461
363
132
-159
-356
-373
-288
-264
-394
-618
-823
-944
-983
-937
-809
-657
-589
-678
-882
-1084
-1190
-1212
-1219
-1214
-1146
-992
-827
-731
-730
-767
-760
-665
-520
-380
-225
6
298
545
658
676
732
901
1146
1361
1495
1581
1661
1734
1781
1788
1750
1672
1591
1531
1480
1424
1361
1277
1119
870
619
487
490
498
376
120
-172
-437
-663
-812
-836
-790
-810
-964
-1178
-1333
-1422
-1498
-1592
-1656
-1665
-1649
-1647
-1671
-1724
-1821
-1927
-1926
-1757
-1483
-1231
-1060
-925
-761
-546
-331
-163
-25
149
371
625
902
1189
1409
1489
1491
1551
1705
1856
1925
1934
1927
1911
1908
1948
2003
1997
1908
1785
1677
1574
1473
1383
1280
1113
872
627
434
284
131
-93
-440
-881
-1239
-1347
-1273
-1265
-1468
-1782
-2040
-2203
-2321
-2398
-2386
-2276
-2126
-2004
-1947
-1954
-1987
-1984
-1874
-1667
-1438
-1236
-1016
-764
-547
-425
-335
-189
-8
129
231
387
631
908
1145
1322
1460
1595
1743
1891
2016
2112
2213
2342
2443
2457
2368
2230
2110
2044
2023
1972
1788
1481
1192
1036
929
719
373
6
-281
-511
-749
-1024
-1305
-1562
-1791
-1995
-2134
-2168
-2143
-2171
-2298
-2436
-2456
-2348
-2214
-2159
-2197
-2262
-2275
-2181
-1976
-1726
-1551
-1491
-1445
-1269
-968
-672
-480
-330
-132
112
344
552
780
1050
1355
1660
1940
2201
2470
2737
2928
2986
2924
2807
2676
2561
2488
2450
2371
2172
1900
1676
1592
1580
1483
1188
755
359
73
-203
-580
-970
-1205
-1264
-1305
-1442
-1625
-1738
-1739
-1672
-1589
-1519
-1503
-1575
-1709
-1844
-1940
-2004
-2009
-1908
-1740
-1643
-1677
-1709
-1567
-1258
-930
-684
-505
-363
-248
-138
-3
166
362
609
897
1156
1364
1601
1935
2277
2479
2530
2542
2568
2553
2445
2286
2122
1947
1771
1646
1563
1420
1176
930
761
593
312
-34
-287
-426
-561
-762
-959
-1095
-1194
-1252
-1225
-1121
-1072
-1143
-1268
-1348
-1361
-1349
-1348
-1402
-1550
-1766
-1968
-2058
-2005
-1860
-1726
-1659
-1616
-1498
-1287
-1049
-850
-683
-541
-437
-355
-198
125
559
955
1221
1408
1594
1796
1994
2196
2370
2437
2357
2204
2078
1989
1869
1675
1432
1193
998
822
625
416
237
90
-62
-216
-307
-314
-330
-451
-643
-773
-789
-759
-736
-703
-654
-667
-790
-959
-1068
-1099
-1117
-1194
-1349
-1524
-1622
-1593
-1515
-1486
-1488
-1441
-1318
-1204
-1124
-1037
-927
-830
-730
-553
-281
2
262
545
882
1223
1526
1809
2051
2175
2141
2034
1955
1919
1879
1787
1625
1397
1153
968
863
814
766
682
514
263
9
-156
-232
-310
-438
-585
-687
-738
-745
-704
-622
-558
-570
-623
-607
-462
-275
-196
-291
-490
-707
-898
-1070
-1216
-1313
-1324
-1267
-1180
-1065
-892
-677
-493
-349
-173
73
320
521
706
890
1018
1084
1193
1431
1717
1906
1954
1925
1875
1805
1699
1551
1342
1064
755
486
295
144
-13
-194
-378
-543
-676
-785
-891
-979
-1010
-981
-970
-1021
-1067
-1040
-990
-1019
-1084
-1035
-819
-589
-524
-627
-766
-848
-888
-922
-971
-1066
-1227
-1390
-1442
-1348
-1175
-992
-805
-583
-338
-101
111
298
483
662
792
848
913
1116
1454
1750
1867
1814
1697
1587
1540
1587
1661
1602
1308
875
516
358
348
327
193
-21
-217
-339
-400
-428
-453
-512
-633
-774
-846
-816
-731
-671
-675
-735
-810
-845
-827
-796
-807
-859
-904
-916
-912
-924
-959
-1010
-1065
-1100
-1093
-1048
-986
-895
-738
-529
-334
-171
27
289
541
710
844
1027
1258
1461
1634
1829
2027
2139
2138
2105
2073
1980
1803
1659
1635
1604
1347
842
329
52
12
28
-27
-146
-263
-343
-354
-305
-264
-321
-478
-647
-727
-706
-623
-509
-424
-448
-575
-661
-600
-468
-431
-529
-681
-818
-919
-959
-936
-923
-970
-1035
-1021
-922
-784
-624
-430
-262
-194
-193
-124
56
229
303
356
511
736
921
1046
1173
1281
1298
1244
1232
1283
1301
1213
1047
841
601
375
257
261
268
159
-20
-127
-93
9
53
-6
-142
-310
-488
-651
-736
-695
-563
-491
-592
-810
-984
-995
-888
-798
-839
-1017
-1193
-1214
-1080
-940
-916
-972
-998
-950
-822
-621
-397
-247
-191
-112
89
342
500
533
540
592
664
723
808
950
1077
1076
932
770
691
659
569
397
215
94
26
-34
-105
-142
-98
9
89
64
-53
-182
-258
-257
-181
-68
-22
-132
-327
-451
-438
-372
-312
-247
-206
-300
-517
-668
-608
-432
-347
-399
-493
-548
-549
-474
-329
-191
-147
-124
31
345
656
800
796
785
836
903
937
984
1097
1182
1095
862
716
811
1025
1136
1084
967
843
699
526
391
336
321
278
217
194
199
154
58
2
16
4
-111
-264
-358
-396
-446
-551
-709
-881
-981
-951
-842
-782
-835
-947
-1023
-1008
-930
-880
-928
-1043
-1109
-1047
-870
-638
-402
-228
-158
-140
-32
216
483
623
638
622
632
664
712
755
739
663
598
636
736
787
732
626
542
509
528
566
547
414
215
43
-72
-161
-231
-258
-268
-303
-361
-412
-475
-589
-714
-755
-719
-721
-795
-844
-793
-719
-702
-700
-662
-645
-712
-808
-836
-789
-710
-598
-465
-355
-274
-150
13
103
69
27
115
312
492
589
627
651
680
699
681
638
613
613
575
459
334
307
395
508
549
500
401
300
221
195
226
250
207
121
86
118
151
154
159
138
13
-180
-279
-208
-104
-124
-278
-474
-659
-804
-849
-754
-574
-432
-421
-534
-665
-698
-588
-392
-180
10
167
253
246
211
251
385
523
605
672
774
865
883
837
780
708
606
527
524
554
540
472
398
345
324
329
326
260
138
41
3
-30
-108
-188
-197
-135
-44
57
151
176
103
1
-32
-4
8
-30
-75
-106
-165
-282
-399
-447
-417
-367
-354
-402
-457
-426
-294
-183
-225
-378
-473
-389
-188
9
104
117
121
149
170
137
95
93
89
26
-37
8
103
95
-48
-196
-261
-282
-290
-259
-192
-158
-208
-286
-332
-344
-343
-317
-251
-171
-105
-70
-79
-160
-286
-353
-293
-162
-83
-113
-216
-344
-476
-568
-548
-405
-245
-204
-277
-349
-336
-266
-170
-48
55
62
23
63
190
284
302
339
440
545
620
692
727
669
556
494
489
451
375
348
420
497
448
261
46
-88
-134
-139
-127
-78
3
103
196
227
153
-9
-154
-208
-146
-3
144
177
46
-147
-213
-86
95
146
36
-119
-208
-222
-181
-89
24
99
96
46
18
52
112
137
109
94
152
286
451
607
709
701
604
515
522
580
578
471
337
294
365
449
390
156
-129
-279
-251
-130
-19
36
-8
-173
-377
-464
-373
-217
-138
-177
-264
-349
-421
-495
-558
-587
-581
-580
-614
-658
-661
-624
-580
-550
-534
-551
-632
-733
-768
-695
-561
-448
-412
-446
-520
-589
-601
-507
-335
-217
-244
-341
-335
-174
27
179
317
476
601
634
605
580
570
565
588
676
820
932
914
736
491
312
248
245
242
202
107
-46
-225
-361
-423
-393
-277
-128
-21
14
16
33
60
110
180
224
166
41
0
104
231
211
62
-83
-147
-156
-148
-119
-99
-135
-203
-225
-197
-214
-320
-427
-440
-354
-234
-92
70
209
270
283
338
481
652
767
782
716
630
574
547
505
428
340
278
238
174
53
-74
-108
-38
9
-79
-231
-270
-153
-24
-19
-87
-78
47
205
339
464
555
510
314
102
18
33
16
-75
-133
-85
-32
-140
-414
-660
-713
-627
-568
-599
-662
-717
-774
-805
-762
-685
-665
-660
-513
-188
109
177
89
43
111
198
274
393
508
476
283
130
196
411
536
438
212
37
-12
37
124
183
129
-57
-265
-353
-309
-246
-249
-276
-248
-155
-67
-8
81
253
437
472
301
88
55
240
468
557
464
251
-9
-210
-285
-242
-173
-142
-154
-223
-337
-407
-320
-121
-8
-122
-359
-492
-415
-214
-24
99
164
196
208
209
201
184
177
198
243
278
281
268
270
259
155
-56
-261
-317
-192
-4
96
25
-174
-362
-395
-243
-17
125
132
110
178
318
400
385
352
334
269
127
-1
-61
-104
-174
-221
-192
-142
-142
-192
-273
-400
-560
-642
-550
-351
-209
-225
-337
-405
-346
-186
-36
33
57
103
184
253
273
239
157
41
-71
-159
-232
-299
-326
-276
-185
-130
-142
-161
-146
-139
-174
-193
-114
20
90
50
-28
-59
-15
103
280
479
646
754
806
803
754
717
741
786
749
599
412
275
214
186
137
22
-129
-240
-288
-314
-327
-263
-89
101
161
53
-124
-233
-197
-49
106
158
74
-81
-204
-234
-192
-146
-127
-140
-199
-337
-511
-600
-510
-274
-44
20
-146
-440
-639
-584
-316
-24
105
27
-146
-215
-63
218
434
485
433
377
372
441
578
693
661
453
204
79
133
292
431
451
312
103
-12
60
219
291
214
40
-168
-378
-511
-485
-302
-61
140
260
299
252
143
46
33
103
166
147
52
-61
-176
-330
-514
-656
-692
-658
-647
-688
-736
-746
-706
-633
-538
-429
-314
-214
-168
-199
-269
-272
-135
104
308
368
271
114
28
97
292
475
500
349
138
-5
-56
-80
-121
-161
-164
-99
1
76
69
19
-2
13
26
46
124
212
231
170
125
162
223
221
159
118
141
198
261
298
267
131
-48
-156
-163
-141
-169
-222
-236
-179
-89
-26
-14
-35
-35
19
87
99
61
74
189
296
270
121
-11
-33
34
108
116
29
-103
-172
-125
-30
-9
-91
-206
-274
-279
-249
-197
-119
-17
66
71
-22
-149
-188
-59
202
455
550
435
216
73
126
305
438
406
241
64
-9
61
211
323
293
137
-41
-119
-58
97
234
245
120
-46
-136
-113
-13
85
110
