-28
213
371
348
110
-254
-558
-609
-407
-141
-29
-115
-262
-305
-194
5
172
230
189
113
49
4
5
72
180
248
217
100
-34
-89
5
197
324
251
10
-247
-383
-320
-91
126
121
-127
-386
-437
-264
-40
92
72
-53
-197
-271
-264
-257
-284
-291
-208
-120
-127
-204
-209
-95
50
134
71
-205
-627
-881
-686
-133
380
599
530
285
-14
-176
-87
98
109
-76
-207
-143
5
60
-6
-129
-186
-72
182
342
227
-37
-159
-26
176
266
227
124
-3
-90
-41
105
132
-42
-211
-115
199
437
395
98
-277
-527
-502
-262
-48
-52
-197
-262
-142
57
184
172
37
-122
-189
-99
57
132
84
-4
-48
-52
-44
-57
-59
-12
132
319
439
442
387
359
340
266
139
19
-47
-50
0
92
207
300
323
257
132
-1
-114
-176
-153
-47
47
54
-31
-135
-222
-259
-178
55
308
386
251
55
-56
-91
-100
-79
22
190
346
382
239
-39
-276
-300
-116
81
98
-30
-149
-133
-30
81
146
159
105
7
-30
59
207
237
117
-35
-55
58
191
227
173
110
109
155
151
28
-187
-367
-419
-315
-104
166
380
394
157
-179
-379
-376
-285
-210
-186
-212
-281
-292
-167
-9
-3
-178
-376
-452
-388
-250
-126
-102
-180
-246
-211
-112
-39
-4
43
92
93
34
-30
-52
-64
-98
-141
-129
-51
22
-3
-122
-234
-220
-72
116
214
190
108
26
-57
-136
-140
-41
86
121
62
0
-28
-68
-134
-170
-152
-127
-116
-110
-95
-83
-30
101
273
393
437
433
395
286
126
18
26
96
97
-9
-149
-242
-270
-242
-167
-62
25
41
-35
-133
-131
13
204
307
247
73
-88
-72
142
385
433
243
-27
-196
-169
30
268
355
186
-170
-469
-487
-192
164
252
-1
-355
-494
-351
-120
-33
-122
-225
-190
-3
247
466
553
454
235
53
27
134
269
309
186
-27
-138
-17
247
453
509
453
331
164
70
166
416
602
572
349
70
-130
-178
-100
-35
-102
-260
-334
-199
57
203
79
-219
-428
-376
-144
70
136
33
-172
-373
-394
-173
186
427
371
16
-444
-740
-725
-485
-261
-178
-177
-106
58
236
284
157
-59
-138
30
333
494
381
112
-98
-130
0
202
326
238
-44
-291
-294
-44
238
344
216
-3
-138
-119
-16
71
82
23
-33
4
88
116
48
-8
7
36
50
81
178
278
340
331
256
83
-124
-275
-290
-219
-145
-108
-142
-277
-494
-609
-477
-204
-89
-254
-545
-726
-696
-486
-236
-172
-392
-705
-788
-560
-236
-68
-125
-297
-403
-310
-66
86
-45
-373
-574
-425
9
428
587
427
101
-154
-189
-34
150
258
295
315
316
297
286
354
505
649
628
403
107
-57
-54
25
84
99
74
-14
-107
-133
-2
243
476
571
517
413
387
500
680
745
583
300
94
75
191
353
450
416
266
99
-32
-154
-293
-409
-423
-287
-37
156
120
-134
-346
-294
-36
154
121
-45
-153
-160
-138
-129
-105
-41
45
135
167
67
-146
-286
-220
-15
136
130
-24
-257
-448
-452
-216
132
376
396
237
63
15
91
168
148
55
-15
-16
14
-8
-113
-226
-252
-199
-158
-184
-243
-309
-387
-440
-382
-169
110
318
356
193
-118
-375
-380
-125
118
102
-156
-391
-395
-188
44
146
144
134
184
227
213
120
20
-32
10
105
186
192
128
43
-3
17
84
174
253
268
165
-18
-181
-283
-350
-350
-255
-113
-70
-166
-331
-441
-419
-267
-115
-154
-410
-711
-811
-615
-220
160
319
193
-107
-371
-405
-154
217
424
292
-37
-279
-257
-37
158
152
-48
-249
-218
84
464
619
436
113
-38
70
234
259
118
-83
-202
-102
225
565
674
545
317
89
-91
-133
-16
89
39
-129
-273
-348
-354
-266
-109
5
-3
-113
-248
-311
-198
62
258
223
36
-77
-1
224
470
610
572
449
412
531
707
781
641
291
-150
-482
-525
-269
121
351
282
38
-112
-76
58
179
266
306
292
275
301
368
417
385
247
56
-44
52
334
660
844
756
451
194
170
321
392
245
-64
-317
-325
-106
98
46
-266
-646
-829
-670
-241
152
258
113
-66
-131
-107
-95
-211
-472
-733
-772
-554
-287
-246
-471
-751
-841
-691
-466
-290
-183
-113
-102
-116
-94
-30
-22
-128
-295
-405
-365
-173
15
-34
-360
-715
-789
-548
-207
0
6
-124
-247
-284
-216
-117
-30
-6
-34
-32
75
250
326
229
19
-151
-151
53
319
468
419
237
-34
-337
-504
-394
-86
156
177
17
-169
-267
-222
-91
11
-2
-94
-137
-57
77
124
65
22
87
205
330
498
689
736
517
165
-46
9
232
454
571
527
297
-23
-218
-130
141
363
376
187
-79
-233
-107
221
446
298
-101
-410
-323
129
640
802
464
-65
-335
-168
188
444
480
365
227
185
231
229
92
-100
-240
-313
-326
-215
65
421
645
579
253
-92
-165
102
477
610
344
-154
-527
-535
-241
52
107
-52
-207
-201
-97
-22
6
73
157
137
-54
-330
-532
-587
-500
-318
-72
175
316
249
0
-233
-235
-7
213
218
37
-140
-190
-156
-160
-257
-366
-312
-10
393
595
429
50
-247
-282
-130
-2
-70
-337
-603
-672
-519
-288
-131
-103
-181
-288
-369
-397
-372
-273
-98
74
123
-3
-201
-299
-215
-43
67
70
50
81
141
135
-10
-266
-499
-581
-484
-274
-45
123
154
15
-254
-521
-644
-568
-330
-48
138
120
-54
-172
-25
325
602
595
377
210
270
492
610
447
67
-297
-444
-342
-76
194
353
376
348
325
287
162
-41
-212
-204
16
296
410
266
-20
-270
-390
-385
-270
-51
220
411
395
192
-16
-72
47
251
433
490
364
119
-42
64
398
703
729
507
302
329
521
637
540
322
171
191
321
388
299
129
65
199
431
558
481
310
234
335
503
572
479
285
94
-28
-78
-73
-26
93
274
406
319
-37
-521
-932
-1161
-1182
-1056
-926
-945
-1145
-1385
-1523
-1507
-1359
-1128
-919
-856
-910
-930
-840
-732
-687
-604
-365
-13
249
281
123
-21
55
368
723
897
872
841
1018
1416
1829
2021
1958
1810
1749
1805
1927
2050
2117
2086
1979
1804
1478
872
0
-910
-1566
-1844
-1948
-2237
-2893
-3710
-4252
-4220
-3692
-3053
-2664
-2563
-2500
-2249
-1846
-1486
-1241
-925
-290
625
1418
1646
1318
885
826
1176
1579
1633
1205
488
-191
-571
-597
-383
-74
243
543
814
1066
1329
1642
2037
2531
3150
3858
4526
5014
5233
5053
4253
2902
1545
773
465
-91
-1347
-3009
-4336
-4805
-4448
-3848
-3644
-3861
-3893
-3345
-2597
-2293
-2444
-2396
-1614
-240
1051
1678
1649
1483
1673
2206
2621
2407
1435
89
-1055
-1776
-2347
-3099
-3990
-4731
-5123
-5106
-4696
-4014
-3255
-2458
-1434
-48
1555
3075
4317
5303
6130
6844
7407
7808
8166
8547
8701
8109
6539
4435
2607
1455
670
-329
-1782
-3415
-4754
-5561
-5996
-6367
-6694
-6620
-5892
-4805
-3979
-3686
-3556
-3001
-1759
-103
1403
2334
2686
2803
2983
3233
3288
2874
1918
623
-668
-1727
-2568
-3397
-4363
-5366
-6071
-6192
-5791
-5204
-4684
-4128
-3177
-1619
289
1978
3087
3850
4813
6186
7628
8599
8901
8821
8717
8486
7593
5797
3621
1844
672
-305
-1552
-3196
-4979
-6366
-6930
-6858
-6812
-7068
-7223
-6822
-5950
-4973
-4051
-3128
-2076
-757
827
2357
3409
3876
4084
4384
4740
4747
4063
2768
1263
-128
-1348
-2469
-3558
-4694
-5847
-6726
-7037
-6820
-6385
-5848
-5034
-3780
-2157
-387
1263
2628
3831
5231
7012
8806
9949
10131
9741
9448
9403
9012
7644
5434
3235
1740
843
-203
-2031
-4430
-6409
-7177
-7023
-6964
-7506
-8128
-8020
-6996
-5616
-4538
-3840
-2934
-1276
860
2576
3366
3620
4030
4766
5396
5411
4659
3397
2003
641
-814
-2433
-4021
-5271
-6125
-6779
-7345
-7641
-7359
-6455
-5195
-3883
-2550
-1020
787
2699
4454
5961
7362
8772
10001
10639
10570
10142
9679
8990
7687
5796
3766
2000
608
-571
-1919
-3732
-5675
-6973
-7360
-7491
-8058
-8869
-9109
-8347
-6957
-5661
-4797
-3988
-2599
-508
1669
3210
3992
4459
5037
5698
6003
5545
4330
2743
1188
-188
-1502
-2992
-4755
-6476
-7577
-7823
-7624
-7493
-7396
-6817
-5433
-3468
-1457
238
1720
3361
5327
7349
9014
10111
10657
10804
10802
10744
10307
9030
6968
4767
2975
1581
218
-1478
-3625
-5798
-7180
-7419
-7252
-7712
-8823
-9544
-8989
-7384
-5712
-4650
-3930
-2754
-779
1455
3165
4136
4756
5449
6229
6721
6484
5388
3746
2003
344
-1314
-3075
-4897
-6571
-7792
-8359
-8429
-8370
-8274
-7792
-6559
-4660
-2580
-723
897
2532
4381
6374
8239
9706
10666
11179
11431
11497
11144
9956
7938
5684
3789
2242
648
-1261
-3421
-5557
-7169
-7900
-8051
-8394
-9200
-9814
-9438
-8104
-6557
-5429
-4633
-3548
-1740
562
2699
4230
5207
5945
6641
7208
7307
6639
5284
3663
2147
710
-966
-3074
-5414
-7391
-8420
-8443
-8029
-7769
-7620
-6992
-5545
-3543
-1526
245
1891
3642
5576
7540
9210
10310
10748
10742
10735
10878
10663
9338
6920
4361
2501
1189
-277
-2273
-4526
-6445
-7477
-7626
-7664
-8390
-9502
-9811
-8690
-6899
-5592
-4983
-4266
-2651
-230
2182
3884
4857
5612
6517
7414
7812
7322
5970
4196
2510
1068
-437
-2358
-4588
-6578
-7794
-8162
-8064
-7902
-7677
-7045
-5769
-4036
-2210
-506
1086
2663
4334
6145
7942
9390
10209
10427
10400
10418
10302
9487
7686
5357
3253
1656
271
-1298
-3212
-5313
-7113
-8044
-8120
-8115
-8694
-9541
-9712
-8748
-7144
-5675
-4588
-3486
-1884
260
2509
4330
5478
6114
6571
7018
7253
6841
5560
3662
1710
59
-1448
-3183
-5190
-7016
-8126
-8394
-8134
-7686
-7124
-6323
-5185
-3737
-2063
-311
1380
2956
4488
6068
7671
9128
10189
10670
10679
10543
10351
9662
8048
5782
3646
2040
671
-947
-3008
-5277
-7150
-7995
-7906
-7822
-8502
-9502
-9679
-8534
-6749
-5294
-4392
-3399
-1654
737
3030
4589
5363
5760
6234
6906
7335
6828
5207
3118
1351
23
-1390
-3259
-5333
-6979
-7794
-7952
-7947
-8001
-7831
-7063
-5708
-4126
-2610
-1192
300
2010
3879
5627
7045
8238
9428
10501
11055
10913
10279
9334
8013
6325
4562
2934
1335
-422
-2370
-4383
-6189
-7351
-7724
-7834
-8374
-9241
-9553
-8717
-7163
-5738
-4693
-3527
-1750
492
2622
4208
5212
5879
6483
7077
7369
6934
5716
4110
2551
1092
-517
-2412
-4358
-5947
-6985
-7627
-8061
-8221
-7949
-7301
-6451
-5418
-4083
-2431
-623
1193
2962
4664
6269
7798
9270
10497
11169
11213
10886
10322
9259
7543
5594
3948
2553
920
-1169
-3421
-5346
-6549
-7067
-7529
-8541
-9768
-10141
-9195
-7678
-6588
-6007
-5191
-3532
-1192
1109
2755
3704
4440
5440
6644
7409
7080
5706
4075
2892
2013
704
-1371
-3666
-5392
-6341
-6973
-7694
-8355
-8486
-7874
-6770
-5572
-4475
-3383
-2035
-227
1883
3819
5294
6601
8183
9892
11017
11215
10917
10593
10012
8736
6984
5360
3930
2242
122
-2110
-4106
-5692
-6773
-7577
-8570
-9761
-10398
-9901
-8747
-7852
-7339
-6500
-4798
-2539
-431
1154
2394
3672
5141
6548
7421
7456
6809
5956
5182
4276
2831
815
-1310
-3082
-4453
-5662
-6854
-7842
-8293
-8047
-7308
-6443
-5611
-4637
-3277
-1487
549
2549
4254
5633
7001
8648
10310
11323
11460
11161
10773
10066
8833
7332
5801
4064
1999
-136
-2126
-4050
-5846
-7254
-8317
-9376
-10408
-10897
-10560
-9712
-8773
-7781
-6535
-4918
-3010
-961
1058
2872
4401
5692
6829
7680
7911
7393
6433
5434
4410
3067
1291
-691
-2560
-4170
-5537
-6704
-7592
-8083
-8149
-7896
-7367
-6503
-5288
-3790
-2023
31
2178
4087
5691
7312
9124
10733
11611
11768
11623
11262
10365
8882
7222
5589
3677
1325
-1097
-3158
-4851
-6337
-7686
-8991
-10302
-11289
-11456
-10842
-10061
-9501
-8819
-7440
-5248
-2708
-416
1355
2813
4404
6246
7863
8579
8262
7489
6857
6291
5213
3332
1042
-1025
-2617
-3957
-5344
-6774
-7926
-8498
-8466
-8050
-7455
-6698
-5666
-4222
-2347
-214
1882
3769
5562
7498
9479
11040
11845
12062
11989
11537
10489
9041
7549
5908
3766
1226
-1179
-3195
-4953
-6512
-7848
-9116
-10421
-11377
-11506
-10926
-10185
-9470
-8442
-6792
-4623
-2291
-129
1694
3271
4859
6531
7981
8805
8914
8528
7840
6860
5529
3890
2043
75
-1920
-3775
-5356
-6665
-7775
-8612
-8938
-8639
-7880
-6906
-5733
-4189
-2243
-96
2007
4009
5989
7960
9733
11060
11874
12243
12078
11214
9880
8659
7659
6205
3814
1028
-1220
-2759
-4142
-5818
-7781
-9704
-11059
-11463
-11203
-11037
-11175
-10870
-9354
-6816
-4206
-2202
-663
1035
3236
5590
7385
8264
8508
8611
8690
8404
7348
5529
3401
1455
-224
-1880
-3695
-5557
-7136
-8152
-8526
-8481
-8304
-8023
-7358
-6058
-4223
-2228
-382
1361
3279
5494
7696
9394
10433
11095
11572
11624
11005
9967
8937
7784
6010
3594
1124
-910
-2582
-4189
-5934
-7868
-9805
-11227
-11757
-11630
-11436
-11304
-10752
-9345
-7263
-5105
-3241
-1531
364
2536
4703
6434
7477
7920
8089
8162
7941
7115
5704
4062
2481
912
-812
-2694
-4492
-5932
-6920
-7545
-7907
-7974
-7631
-6810
-5567
-4036
-2357
-535
1524
3776
5934
7701
9056
10167
11013
11348
11065
10437
9812
9090
7802
5782
3452
1374
-318
-1876
-3592
-5614
-7804
-9664
-10720
-11069
-11301
-11692
-11774
-10917
-9122
-7031
-5179
-3504
-1611
655
3014
4998
6362
7214
7879
8514
8872
8564
7546
6224
4965
3710
2195
385
-1482
-3136
-4499
-5630
-6547
-7156
-7331
-7027
-6323
-5304
-4034
-2518
-755
1193
3159
4996
6714
8390
9902
10828
10842
10200
9632
9466
9099
7688
5315
2902
1122
-223
-1684
-3595
-5919
-8209
-9765
-10347
-10569
-11170
-11968
-12032
-10862
-8949
-7164
-5784
-4379
-2412
87
2560
4458
5726
6694
7653
8490
8815
8415
7534
6581
5627
4382
2659
657
-1248
-2855
-4193
-5354
-6353
-7071
-7330
-7041
-6339
-5446
-4436
-3152
-1459
499
2403
4131
5817
7562
9107
9937
9816
9232
8980
9172
8936
7498
5191
3005
1477
326
-1016
-2966
-5452
-7789
-9176
-9626
-10027
-11003
-12000
-11899
-10380
-8306
-6711
-5680
-4430
-2347
331
2797
4454
5405
6249
7410
8567
8982
8374
7275
6377
5724
4777
3178
1165
-698
-2103
-3209
-4332
-5542
-6524
-6918
-6694
-6171
-5647
-5062
-4060
-2411
-312
1764
3536
5149
6868
8545
9536
9455
8904
8874
9416
9367
7835
5340
3143
1862
1037
-229
-2462
-5263
-7516
-8476
-8678
-9315
-10694
-11766
-11392
-9714
-7921
-6802
-5960
-4494
-2163
424
2497
3831
4808
5962
7397
8597
8946
8414
7567
6877
6232
5192
3602
1774
150
-1146
-2362
-3740
-5159
-6205
-6610
-6532
-6323
-6066
-5465
-4207
-2386
-436
1327
2957
4713
6612
8176
8790
8502
8243
8764
9502
9152
7337
5066
3489
2709
1930
309
-2305
-5099
-6924
-7529
-7936
-9197
-10941
-11779
-10982
-9304
-7968
-7267
-6461
-4803
-2353
165
2075
3311
4361
5713
7217
8173
8135
7491
6995
6794
6278
4931
3024
1267
-33
-1212
-2710
-4501
-6077
-6949
-7130
-7073
-7089
-6930
-6075
-4419
-2468
-758
699
2306
4286
6330
7741
8077
7823
8038
9023
9688
8850
6796
4848
3757
3080
1978
-17
-2671
-5146
-6624
-7253
-8026
-9517
-11045
-11483
-10584
-9175
-8144
-7470
-6431
-4534
-2076
210
1872
3082
4339
5874
7303
8006
7858
7409
7165
6963
6239
4820
3123
1641
402
-931
-2548
-4181
-5351
-5880
-6043
-6184
-6255
-5885
-4822
-3250
-1620
-211
1139
2790
4836
6775
7806
7696
7331
7864
9141
9656
8450
6340
4779
4158
3684
2493
313
-2373
-4590
-5703
-6223
-7324
-9281
-10916
-10997
-9727
-8438
-7917
-7611
-6518
-4424
-2017
-67
1250
2329
3662
5284
6660
7242
7102
6825
6751
6584
5830
4496
3047
1826
676
-720
-2361
-3869
-4883
-5411
-5746
-6070
-6183
-5717
-4568
-3040
-1559
-277
1031
2669
4640
6355
7036
6678
6445
7359
8779
8988
7429
5372
4206
3931
3537
2204
-164
-2854
-4781
-5504
-5912
-7225
-9345
-10785
-10489
-9112
-8114
-7979
-7815
-6643
-4498
-2224
-502
660
1765
3233
4932
6220
6642
6458
6331
6486
6452
5698
4301
2811
1601
478
-933
-2601
-4026
-4804
-5105
-5371
-5680
-5637
-4918
-3712
-2474
-1384
-206
1317
3121
4840
5981
6248
6018
6264
7406
8503
8252
6715
5171
4472
4192
3458
1872
-324
-2491
-3992
-4823
-5763
-7456
-9400
-10364
-9897
-8884
-8394
-8352
-7813
-6244
-4095
-2145
-713
456
1776
3373
4929
5962
6347
6454
6662
6870
6609
5667
4364
3164
2148
986
-543
-2186
-3407
-3982
-4219
-4543
-4925
-4899
-4187
-3042
-1933
-992
53
1435
3102
4698
5669
5699
5345
5760
7206
8366
7871
6089
4587
4208
4287
3684
1895
-618
-2837
-4041
-4589
-5578
-7533
-9562
-10316
-9569
-8477
-8137
-8272
-7739
-6010
-3734
-1863
-644
408
1826
3600
5167
6005
6177
6236
6527
6774
6429
5385
4109
3079
2233
1110
-462
-2044
-3046
-3424
-3695
-4231
-4740
-4656
-3846
-2743
-1795
-1021
-94
1239
2915
4439
5127
4857
4584
5419
7028
7752
6691
4866
3855
3909
3944
2926
769
-1727
-3575
-4444
-5055
-6388
-8433
-9991
-10077
-9116
-8397
-8417
-8349
-7227
-5163
-3077
-1582
-479
796
2464
4179
5387
5890
6003
6163
6419
6399
5784
4708
3610
2716
1786
487
-1057
-2318
-2979
-3320
-3800
-4395
-4607
-4131
-3230
-2368
-1669
-870
275
1756
3325
4511
4858
4532
4560
5691
7177
7458
6205
4703
4145
4240
3882
2477
339
-1790
-3309
-4201
-5093
-6612
-8527
-9778
-9686
-8775
-8152
-8098
-7845
-6645
-4682
-2716
-1190
85
1487
3117
4672
5780
6336
6517
6583
6589
6390
5818
4892
3789
2653
1427
66
-1250
-2209
-2765
-3231
-3828
-4317
-4263
-3633
-2853
-2235
-1626
-694
583
1964
3243
4208
4600
4571
4897
6031
7197
7150
5882
4604
4175
4150
3610
2207
239
-1780
-3388
-4446
-5377
-6773
-8537
-9733
-9694
-8877
-8289
-8171
-7781
-6439
-4354
-2299
-739
493
1786
3257
4654
5665
6165
6282
6246
6176
5938
5291
4206
2975
1884
882
-257
-1518
-2572
-3221
-3649
-4103
-4453
-4356
-3759
-2986
-2253
-1428
-303
1017
2294
3422
4318
4770
4851
5163
6111
7092
7057
5905
4601
4011
3938
3550
2204
-6
-2330
-3905
-4601
-5243
-6690
-8661
-9916
-9688
-8589
-7835
-7755
-7516
-6244
-4071
-1916
-437
520
1545
2961
4516
5691
6169
6105
5948
5970
5930
5356
4123
2677
1500
582
-432
-1643
-2706
-3349
-3726
-4111
-4427
-4377
-3894
-3206
-2460
-1594
-540
615
1809
3089
4289
4978
5017
5057
5808
6968
7390
6512
5010
3987
3746
3585
2586
478
-2046
-3942
-4808
-5333
-6487
-8307
-9770
-9960
-9055
-8034
-7495
-7125
-6199
-4406
-2125
-36
1426
2373
3299
4570
5972
6852
6830
6266
5852
5788
5571
4639
3043
1356
61
-845
-1654
-2570
-3544
-4341
-4696
-4558
-4170
-3822
-3490
-2851
-1721
-343
912
1982
3155
4491
5566
5972
6007
6391
7255
7831
7319
5881
4411
3588
3166
2354
587
-1834
-4018
-5323
-6033
-6957
-8425
-9833
-10326
-9688
-8516
-7551
-6935
-6168
-4659
-2422
-105
1570
2518
3317
4529
5975
6902
6863
6233
5722
5575
5353
4481
2897
1108
-292
-1141
-1756
-2557
-3623
-4601
-5038
-4900
-4573
-4368
-4147
-3531
-2389
-979
372
1591
2812
4105
5311
6203
6721
7087
7523
7962
7984
7259
5922
4543
3511
2608
1224
-901
-3293
-5205
-6365
-7165
-8105
-9220
-10065
-10156
-9388
-8153
-6995
-6087
-5031
-3340
-1077
1111
2652
3613
4483
5518
6491
7019
6956
6433
5698
4928
4108
3050
1632
24
-1374
-2314
-2971
-3693
-4550
-5237
-5480
-5288
-4867
-4354
-3742
-2951
-1898
-555
992
2541
3875
4961
5919
6812
7516
7947
8150
8149
7744
6803
5526
4273
3104
1727
-61
-2098
-4041
-5683
-6992
-8027
-8862
-9537
-9898
-9682
-8807
-7568
-6336
-5131
-3655
-1746
324
2109
3414
4367
5171
5899
6479
6754
6570
5933
5049
4120
3126
1921
500
-909
-2088
-3060
-3987
-4889
-5573
-5885
-5876
-5666
-5245
-4561
-3684
-2729
-1651
-290
1325
2922
4267
5415
6541
7624
8424
8744
8612
8207
7667
6967
5933
4397
2480
586
-955
-2304
-3868
-5717
-7374
-8348
-8648
-8658
-8666
-8619
-8253
-7317
-5821
-4070
-2479
-1168
106
1635
3293
4655
5467
5922
6312
6621
6587
6068
5166
4035
2771
1494
355
-638
-1716
-3028
-4322
-5159
-5437
-5492
-5612
-5694
-5442
-4751
-3771
-2669
-1485
-226
1104
2521
4051
5551
6747
7508
7972
8294
8406
8174
7642
6888
5792
4240
2443
794
-595
-1935
-3351
-4703
-5820
-6668
-7241
-7488
-7426
-7160
-6738
-6087
-5173
-4089
-2925
-1642
-237
1104
2151
2926
3652
4390
4942
5075
4765
4157
3403
2588
1780
1003
161
-938
-2288
-3555
-4394
-4819
-5138
-5532
-5830
-5737
-5169
-4330
-3466
-2644
-1757
-690
566
1904
3176
4288
5252
6117
6827
7235
7302
7161
6886
6374
5515
4376
3116
1823
547
-638
-1700
-2708
-3675
-4477
-4993
-5280
-5457
-5452
-5115
-4513
-3928
-3474
-2933
-2068
-977
17
739
1292
1868
2508
3077
3358
3240
2793
2223
1737
1403
1070
484
-406
-1345
-2015
-2401
-2753
-3274
-3868
-4255
-4288
-4060
-3756
-3391
-2842
-2054
-1130
-220
653
1593
2663
3742
4586
5056
5261
5435
5665
5819
5715
5277
4541
3638
2763
2079
1528
855
-79
-1077
-1816
-2202
-2399
-2576
-2758
-2898
-2951
-2836
-2487
-1981
-1519
-1190
-876
-451
57
532
925
1207
1298
1167
973
955
1132
1227
934
259
-494
-1020
-1287
-1506
-1926
-2594
-3274
-3637
-3568
-3282
-3085
-3032
-2906
-2477
-1784
-1040
-408
156
752
1370
1905
2330
2738
3199
3656
3950
3951
3635
3139
2729
2544
2478
2239
1700
982
280
-294
-689
-816
-721
-625
-783
-1146
-1435
-1368
-926
-289
230
335
-21
-514
-659
-284
293
536
187
-550
-1179
-1322
-956
-429
-181
-440
-1051
-1657
-2018
-2123
-2058
-1964
-2020
-2374
-2884
-3141
-2853
-2190
-1628
-1432
-1424
-1252
-806
-234
285
703
985
1100
1138
1281
1601
1902
2002
1919
1821
1776
1761
1814
1970
2106
2003
1643
1293
1191
1258
1280
1200
1166
1190
1189
1083
930
786
662
607
640
692
574
207
-247
-477
-361
-126
-140
-502
-959
-1203
-1188
-1115
-1211
-1460
-1722
-1873
-1951
-2009
-2004
-1847
-1592
-1431
-1469
-1545
-1405
-995
-494
-82
193
334
295
114
61
405
1096
1695
1812
1456
964
686
780
1228
1836
2229
2058
1445
935
999
1524
2018
2136
1832
1311
827
635
788
1088
1236
1055
606
110
-230
-357
-335
-243
-171
-241
-521
-911
-1192
-1244
-1122
-1027
-1150
-1500
-1904
-2132
-2195
-2214
-2262
-2229
-2107
-2021
-2049
-2028
-1788
-1413
-1152
-1097
-1072
-906
-607
-350
-175
-76
8
28
130
430
948
1353
1452
1306
1227
1334
1555
1749
1807
1698
1445
1194
1074
1137
1276
1324
1170
867
526
324
275
351
368
229
-63
-356
-492
-348
-53
166
43
-334
-681
-773
-684
-708
-935
-1250
-1451
-1594
-1832
-2160
-2384
-2313
-2005
-1629
-1303
-1118
-1100
-1150
-1005
-541
20
312
331
329
514
754
857
840
908
1193
1573
1783
1658
1310
1002
1043
1449
1928
2047
1685
1175
906
969
1143
1193
1044
799
534
386
310
315
316
341
321
190
-44
-216
-89
241
577
572
319
-21
-170
-194
-249
-517
-919
-1307
-1529
-1552
-1501
-1513
-1652
-1725
-1579
-1325
-1197
-1272
-1381
-1343
-1157
-894
-617
-289
181
697
1019
1031
955
1200
1782
2363
2505
2198
1693
1396
1400
1624
1722
1541
1196
893
714
559
428
286
119
-162
-436
-732
-1014
-1300
-1369
-1158
-856
-796
-989
-1106
-867
-386
-108
-151
-376
-465
-438
-384
-487
-686
-974
-1174
-1324
-1499
-1656
-1766
-1676
-1601
-1566
-1587
-1564
-1435
-1209
-847
-549
-413
-436
-378
-96
311
695
931
1050
1271
1579
1917
2018
1961
1911
1995
2128
2197
2120
1973
1739
1458
1161
870
623
266
-52
-363
-513
-746
-974
-1221
-1322
-1342
-1310
-1164
-933
-618
-504
-579
-773
-795
-582
-311
-140
-190
-359
-558
-653
-566
-447
-393
-498
-598
-656
-666
-685
-666
-504
-230
2
-3
-187
-279
-43
471
908
1007
793
619
733
1121
1534
1789
1892
1971
2066
2122
2022
1857
1785
1832
1834
1598
1256
854
489
88
-236
-478
-689
-985
-1302
-1602
-1724
-1706
-1553
-1344
-1259
-1287
-1464
-1538
-1358
-994
-684
-658
-873
-1054
-1058
-870
-614
-500
-483
-574
-566
-453
-364
-293
-279
-194
-109
-54
-46
-106
-136
27
370
729
863
882
918
1090
1363
1594
1749
1750
1833
1923
1904
1709
1483
1475
1537
1472
1210
888
643
472
198
-189
-591
-819
-856
-894
-1021
-1274
-1551
-1681
-1564
-1252
-1108
-1270
-1581
-1707
-1601
-1429
-1350
-1313
-1287
-1201
-1096
-1066
-1040
-1047
-859
-669
-480
-411
-386
-281
-78
223
420
482
418
467
627
938
1209
1322
1287
1236
1325
1425
1431
1362
1404
1558
1729
1757
1605
1400
1264
1375
1588
1708
1520
1050
522
154
29
-15
-102
-329
-625
-979
-1318
-1544
-1574
-1423
-1227
-1206
-1428
-1838
-2119
-2102
-1806
-1581
-1488
-1523
-1487
-1499
-1499
-1420
-1209
-932
-779
-722
-858
-882
-781
-463
-242
-82
58
362
695
969
1013
912
835
1031
1489
1958
2149
2045
1784
1625
1673
1903
2142
2233
2129
1910
1630
1395
1178
973
792
592
443
186
-106
-464
-786
-1002
-1108
-1099
-1078
-1116
-1170
-1295
-1445
-1616
-1631
-1486
-1219
-1074
-1120
-1382
-1624
-1618
-1397
-1113
-974
-950
-919
-877
-740
-613
-417
-201
3
230
433
625
647
603
640
858
1157
1389
1517
1590
1666
1857
2038
2199
2240
2380
2517
2572
2355
1988
1586
1318
1257
1340
1341
1099
706
370
129
-133
-412
-688
-858
-1034
-1223
-1461
-1699
-1854
-1892
-1815
-1793
-1872
-2026
-2059
-1903
-1681
-1536
-1578
-1689
-1788
-1755
-1506
-1132
-827
-791
-947
-1085
-1016
-779
-458
-193
-64
-92
-193
-248
-203
-27
297
661
907
1047
1164
1372
1523
1624
1743
1929
2098
2150
2090
1946
1725
1545
1510
1590
1583
1342
877
389
-16
-276
-493
-747
-952
-1135
-1203
-1319
-1483
-1704
-1877
-1905
-1823
-1743
-1701
-1657
-1579
-1499
-1499
-1463
-1364
-1132
-904
-723
-606
-526
-439
-353
-250
-130
-49
-33
-90
-82
76
340
583
725
832
985
1145
1264
1327
1436
1629
1844
2028
2130
2235
2297
2380
2409
2404
2338
2276
2219
2121
1847
1450
1001
638
368
151
-70
-392
-746
-1032
-1149
-1186
-1266
-1465
-1702
-1880
-1886
-1790
-1694
-1728
-1831
-1915
-1823
-1605
-1391
-1325
-1344
-1279
-1109
-941
-889
-891
-837
-667
-482
-346
-330
-320
-287
-206
-127
-9
249
606
902
963
930
1010
1359
1749
1983
1926
1765
1722
1855
2055
2091
1977
1784
1661
1616
1572
1426
1138
780
482
230
19
-208
-375
-544
-779
-1110
-1447
-1668
-1765
-1740
-1693
-1684
-1761
-1882
-1963
-1987
-1938
-1838
-1735
-1601
-1430
-1196
-1016
-979
-1011
-998
-829
-607
-462
-450
-492
-452
-307
-134
5
165
392
643
789
850
928
1103
1350
1576
1738
1837
1909
1989
2047
2082
2141
2276
2399
2337
2034
1639
1334
1140
946
664
326
-10
-256
-465
-612
-776
-890
-1002
-1142
-1340
-1572
-1695
-1696
-1609
-1594
-1675
-1755
-1721
-1585
-1488
-1485
-1485
-1360
-1166
-1025
-1018
-1012
-889
-662
-504
-501
-531
-465
-298
-144
-37
119
358
645
842
943
993
1096
1273
1480
1642
1763
1886
2041
2171
2162
2055
1895
1850
1827
1770
1544
1203
887
676
583
452
255
-24
-276
-501
-664
-838
-984
-1092
-1167
-1257
-1383
-1463
-1487
-1476
-1426
-1313
-1207
-1231
-1401
-1544
-1510
-1246
-904
-648
-620
-689
-730
-663
-607
-605
-585
-504
-373
-273
-203
-130
11
273
620
896
1041
1101
1196
1309
1372
1389
1470
1717
2000
2136
1994
1776
1636
1637
1651
1602
1457
1209
870
511
188
-28
-159
-248
-335
-436
-540
-767
-1084
-1379
-1444
-1359
-1302
-1401
-1593
-1737
-1747
-1621
-1444
-1274
-1177
-1076
-965
-798
-708
-745
-877
-946
-811
-525
-249
-187
-342
-560
-629
-525
-321
-144
3
152
325
494
608
691
814
1018
1313
1621
1847
1871
1685
1480
1433
1599
1791
1808
1605
1305
1067
940
876
801
642
377
109
-88
-214
-423
-718
-1014
-1162
-1175
-1129
-1110
-1156
-1190
-1168
-1057
-1005
-1067
-1222
-1304
-1284
-1143
-1020
-950
-976
-995
-963
-891
-825
-748
-653
-570
-512
-476
-423
-384
-327
-269
-139
65
328
542
656
723
829
1036
1313
1605
1757
1753
1691
1741
1885
1952
1844
1621
1435
1336
1279
1195
1082
901
694
470
305
137
-88
-349
-561
-623
-624
-625
-768
-954
-1138
-1178
-1138
-1063
-986
-912
-855
-843
-817
-710
-611
-604
-633
-634
-529
-498
-505
-565
-614
-650
-704
-707
-693
-666
-677
-679
-599
-348
6
328
469
534
686
1061
1467
1696
1607
1336
1152
1193
1403
1514
1462
1297
1185
1138
1122
1028
792
501
255
184
77
-141
-519
-819
-913
-819
-689
-701
-855
-1042
-1090
-1010
-847
-725
-596
-503
-394
-360
-348
-389
-365
-329
-295
-393
-570
-745
-809
-766
-722
-709
-798
-887
-980
-929
-753
-519
-384
-393
-400
-282
15
325
540
631
718
852
968
1063
1147
1269
1273
1154
945
872
872
916
832
674
458
302
275
342
361
174
-113
-364
-392
-378
-376
-470
-524
-568
-643
-714
-671
-520
-332
-180
-99
-109
-264
-412
-482
-389
-240
-63
12
-10
-199
-425
-572
-585
-514
-491
-486
-469
-406
-365
-275
-106
192
444
516
475
430
528
639
719
768
851
980
1115
1202
1211
1117
971
923
963
1039
918
673
379
201
135
88
34
-64
-143
-142
-87
-33
-122
-384
-643
-771
-646
-433
-284
-216
-256
-245
-226
-152
-142
-188
-308
-437
-525
-507
-403
-351
-399
-555
-668
-710
-632
-551
-492
-539
-516
-462
-289
-171
-45
17
76
166
292
406
428
392
348
337
340
394
442
513
468
401
291
330
444
602
562
388
57
-174
-273
-184
-59
-128
-338
-591
-641
-532
-359
-204
-126
-189
-296
-375
-289
-227
-248
-344
-377
-332
-261
-241
-263
-356
-427
-394
-234
-39
46
27
-51
-65
-56
-17
-21
-13
-10
15
79
216
354
394
363
335
362
376
392
433
436
346
198
98
96
132
192
311
411
468
381
197
20
-68
-35
17
21
-50
-124
-161
-113
-81
-79
-111
-145
-158
-155
-142
-144
-219
-318
-401
-451
-431
-349
-252
-242
-253
-167
-10
58
65
132
241
251
146
59
70
123
214
332
440
465
351
221
155
171
203
218
245
280
285
318
388
478
514
483
459
457
453
383
237
82
-3
-14
-7
-34
-100
-185
-213
-169
-76
-11
49
128
162
99
-27
-126
-220
-321
-381
-354
-323
-380
-467
-503
-492
-483
-428
-311
-251
-353
-522
-539
-375
-161
-25
98
232
312
276
218
250
314
304
190
88
53
66
85
47
-51
-213
-340
-342
-236
-177
-268
-397
-365
-168
18
53
-59
-221
-322
-282
-171
-131
-190
-210
-123
14
92
107
55
37
123
273
270
76
-112
-150
-149
-251
-370
-407
-351
-283
-186
-71
39
126
189
181
69
-71
-86
78
294
387
305
189
167
221
267
268
296
358
367
239
39
-61
25
185
245
140
-59
-214
-221
-60
98
108
-17
-88
-7
160
292
329
275
169
103
150
293
420
449
380
239
63
-128
-235
-205
-104
-49
-106
-183
-216
-151
-35
78
100
7
-68
-21
133
181
68
-74
-35
179
385
388
181
-105
-285
-270
-149
-61
-122
-245
-338
-353
-313
-260
-219
-198
-194
-186
-199
-229
-259
-260
-217
-164
-121
-82
-7
100
193
241
298
380
465
458
373
277
238
254
240
194
128
101
96
98
90
35
-62
-174
-207
-146
-22
85
137
131
44
-86
-186
-130
52
240
299
240
111
-15
-78
-76
-86
-194
-345
-399
-299
-148
-101
-177
-273
-322
-343
-387
-430
-428
-399
-356
-288
-192
-97
-64
-43
-14
35
79
122
201
267
305
315
332
371
376
347
267
164
54
-45
-100
-122
-91
-41
5
21
7
-25
-68
-108
-122
-97
-27
56
120
157
192
234
248
191
69
-66
-169
-219
-231
-214
-194
-176
-170
-176
-215
-292
-380
-419
-391
-347
-354
-383
-390
-331
-255
-197
-164
-151
-80
22
159
254
302
293
218
118
40
41
96
153
172
176
200
233
234
189
148
168
234
273
244
195
184
200
179
114
66
90
143
177
181
193
226
270
308
334
335
324
337
375
394
334
250
196
192
183
122
42
-31
-82
-125
-156
-169
-173
-176
-161
-123
-87
-95
-122
-125
-88
-32
11
31
35
27
16
5
19
61
104
115
91
59
40
37
-6
-98
-167
-130
-16
51
34
-19
-72
-145
-238
-277
-244
-189
-167
-158
-116
-17
118
248
312
251
103
-45
-97
-58
23
96
122
105
68
14
-62
-158
-241
-292
-336
-379
-428
-437
-438
-444
-467
-465
-426
-383
-340
-311
-311
-348
-381
-360
-325
-320
-339
-332
-285
-243
-209
-183
-160
-164
-169
-116
-20
44
7
-88
-165
-184
-153
-111
-87
-95
-117
-104
-25
97
203
251
274
299
334
348
326
316
343
442
546
630
678
725
774
786
744
660
568
485
425
376
335
287
230
165
84
-13
-129
-225
-243
-193
-132
-134
-169
-187
-177
-170
-196
-212
-188
-126
-80
-60
-52
-43
-35
-29
-10
19
48
88
128
133
79
-27
-118
-151
-88
19
93
71
-15
-70
-56
32
110
146
126
104
102
105
93
68
55
80
166
279
362
367
327
290
285
281
239
145
46
-5
10
44
57
48
10
-58
-155
-222
-195
-77
39
76
55
48
69
93
112
131
116
39
-75
-162
-189
-175
-162
-178
-240
-332
-441
-536
-574
-565
-558
-611
-705
-779
-801
-784
-765
-768
-771
-733
-626
-494
-401
-364
-343
-295
-222
-133
-15
118
229
271
247
202
179
199
241
270
278
264
247
252
311
425
532
602
657
721
773
767
720
690
694
703
669
587
491
436
456
494
441
285
100
-19
-71
-90
-124
-208
-373
-577
-751
-857
-901
-915
-889
-842
-780
-739
-728
-737
-752
-767
-788
-806
-789
-737
-669
-608
-549
-482
-425
-374
-320
-246
-181
-132
-78
25
178
351
495
619
731
848
954
1056
1160
1263
1378
1492
1582
1622
1626
1613
1582
1522
1459
1407
1357
1270
1155
1049
959
866
732
576
448
355
264
128
-28
-183
-329
-483
-635
-761
-880
-1000
-1127
-1220
-1268
-1289
-1319
-1372
-1445
-1515
-1583
-1642
-1670
-1648
-1596
-1543
-1492
-1407
-1285
-1166
-1073
-1003
-929
-865
-795
-722
-608
-460
-272
-83
80
205
318
450
583
712
843
1009
1182
1305
1345
1370
1433
1554
1664
1731
1742
1722
1677
1610
1528
1428
1310
1185
1094
1038
988
868
689
503
382
311
235
106
-63
-230
-338
-384
-400
-446
-544
-681
-823
-939
-1042
-1152
-1283
-1385
-1417
-1434
-1500
-1633
-1752
-1812
-1835
-1836
-1798
-1673
-1506
-1337
-1222
-1138
-1066
-980
-881
-808
-752
-677
-544
-385
-269
-223
-196
-128
-15
94
180
256
364
512
686
861
1022
1178
1324
1450
1541
1609
1660
1682
1680
1662
1634
1602
1583
1591
1610
1605
1572
1532
1513
1520
1520
1466
1366
1249
1143
1046
949
845
729
597
442
262
64
-124
-282
-417
-585
-805
-1046
-1233
-1350
-1438
-1558
-1708
-1840
-1900
-1883
-1838
-1806
-1792
-1761
-1683
-1555
-1403
-1266
-1164
-1099
-1043
-969
-880
-785
-720
-702
-728
-757
-757
-707
-596
-425
-245
-125
-81
-50
34
171
328
480
622
738
804
820
814
832
902
996
1065
1083
1080
1093
1132
1179
1237
1310
1404
1486
1516
1484
1421
1385
1392
1433
1448
1386
1233
1033
857
741
688
661
636
593
515
415
306
194
79
-29
-110
-175
-248
-323
-383
-441
-538
-679
-815
-914
-1010
-1149
-1327
-1514
-1684
-1850
-2014
-2149
-2222
-2233
-2219
-2209
-2197
-2152
-2048
-1885
-1696
-1513
-1353
-1222
-1134
-1075
-1022
-960
-879
-774
-624
-481
-386
-344
-292
-197
-81
32
150
288
431
546
630
699
786
906
1036
1152
1236
1309
1370
1433
1507
1609
1715
1795
1838
1868
1901
1930
1934
1915
1883
1849
1808
1753
1682
1577
1434
1256
1061
882
734
613
489
355
221
82
-61
-197
-296
-363
-421
-478
-522
-544
-580
-653
-764
-876
-947
-969
-978
-1033
-1139
-1246
-1300
-1314
-1331
-1380
-1443
-1499
-1526
-1511
-1451
-1336
-1170
-973
-795
-694
-665
-661
-602
-489
-349
-230
-138
-53
27
118
199
266
301
323
361
437
524
589
616
626
638
650
656
650
640
635
648
667
672
637
596
570
581
604
638
692
777
869
932
946
926
901
888
907
938
948
909
848
797
748
653
493
314
185
99
17
-108
-243
-357
-445
-525
-603
-673
-723
-739
-735
-740
-795
-887
-982
-1049
-1078
-1091
-1110
-1144
-1200
-1256
-1318
-1368
-1404
-1417
-1418
-1424
-1420
-1373
-1273
-1146
-1020
-878
-728
-605
-540
-522
-494
-425
-313
-183
-31
153
323
404
368
283
233
258
326
396
462
545
663
795
889
925
945
1005
1101
1183
1220
1221
1188
1114
1019
958
948
959
964
945
905
851
820
835
858
835
746
634
529
442
375
319
260
178
106
66
54
26
-42
-126
-200
-256
-301
-341
-362
-355
-327
-297
-281
-286
-273
-238
-197
-196
-242
-318
-408
-498
-591
-677
-749
-783
-793
-773
-713
-605
-484
-392
-329
-262
-179
-90
-9
51
66
51
41
29
-13
-78
-124
-154
-207
-291
-354
-367
-327
-259
-174
-84
-26
-25
-88
-170
-219
-203
-131
-34
58
121
144
131
118
134
167
200
224
250
271
272
265
275
315
360
390
409
432
455
459
432
399
381
377
377
376
387
403
404
378
346
336
372
456
545
581
554
514
502
487
450
387
312
225
146
111
93
32
-106
-272
-392
-431
-439
-477
-584
-717
-834
-898
-934
-975
-1042
-1100
-1111
-1077
-1025
-973
-918
-880
-877
-910
-954
-1015
-1086
-1149
-1162
-1130
-1101
-1091
-1066
-988
-890
-805
-703
-538
-349
-217
-151
-79
29
142
222
283
353
440
543
655
763
849
900
937
981
1024
1048
1075
1145
1247
1315
1310
1278
1292
1349
1398
1399
1368
1330
1311
1307
1281
1188
1049
951
936
942
886
763
627
520
421
297
130
-34
-150
-201
-200
-174
-147
-154
-203
-270
-337
-401
-461
-503
-522
-550
-621
-736
-845
-901
-893
-853
-811
-789
-762
-702
-607
-538
-551
-635
-732
-792
-824
-860
-928
-1016
-1087
-1124
-1122
-1080
-1006
-930
-885
-862
-823
-755
-651
-522
-363
-201
-67
26
87
126
151
181
213
236
239
258
314
394
456
492
533
595
673
752
830
911
980
1023
1032
1027
1050
1125
1239
1334
1364
1315
1238
1178
1152
1139
1121
1100
1072
1033
963
868
761
666
592
531
479
420
347
256
150
52
-44
-151
-285
-440
-619
-806
-969
-1078
-1152
-1225
-1319
-1423
-1521
-1585
-1621
-1648
-1690
-1738
-1763
-1754
-1730
-1723
-1728
-1704
-1622
-1511
-1415
-1335
-1245
-1135
-1026
-933
-838
-737
-627
-502
-343
-165
29
220
407
571
708
815
885
936
1005
1124
1260
1349
1356
1307
1250
1205
1148
1075
1040
1092
1198
1271
1279
1250
1217
1188
1183
1231
1309
1349
1291
1138
938
741
584
468
399
359
325
262
164
38
-129
-335
-544
-683
-756
-814
-875
-895
-839
-745
-679
-675
-717
-769
-794
-796
-784
-757
-658
-450
-226
-145
-266
-437
-469
-376
-284
-267
-272
-287
-373
-479
-516
-446
-380
-360
-375
-393
-423
-380
-174
45
94
-42
-85
98
389
593
600
413
185
191
522
890
863
496
270
487
893
1072
980
782
567
392
445
715
885
731
478
450
550
536
431
439
580
650
566
382
182
20
-59
-52
-78
-242
-524
-755
-789
-616
-408
-365
-554
-832
-1006
-996
-877
-800
-875
-1061
-1168
-1074
-834
-624
-520
-531
-625
-744
-817
-814
-776
-763
-816
-907
-923
-780
-507
-228
-62
-104
-318
-490
-423
-225
-139
-152
-81
39
20
-69
-3
214
402
535
700
808
727
567
552
718
899
907
727
452
260
301
613
1070
1428
1465
1188
845
662
675
689
551
242
-126
-398
-503
-471
-412
-430
-528
-609
-596
-502
-416
-406
-486
-608
-676
-600
-397
-168
-10
51
39
1
-42
-68
-67
-1
120
269
430
598
713
715
665
693
839
949
860
547
178
-24
95
530
1077
1457
1525
1406
1354
1448
1497
1304
891
470
201
152
283
492
659
745
789
820
789
656
435
166
-133
-457
-767
-1072
-1441
-1907
-2351
-2630
-2735
-2789
-2868
-2966
-2996
-2874
-2564
-2133
-1781
-1661
-1731
-1762
-1611
-1322
-1016
-718
-426
-161
92
425
863
1264
1473
1473
1372
1254
1147
1004
751
380
-27
-369
-601
-742
-816
-831
-747
-526
-182
199
529
786
998
1218
1472
1744
1993
2220
2463
2772
3123
3429
3604
3645
3597
3485
3308
3091
2837
2508
2096
1691
1404
1237
1084
834
475
32
-461
-1019
-1653
-2346
-3068
-3777
-4446
-5025
-5435
-5599
-5495
-5213
-4863
-4469
-3960
-3327
-2661
-2084
-1654
-1403
-1295
-1230
-1086
-813
-418
107
780
1560
2326
2916
3229
3286
3154
2839
2294
1509
569
-416
-1367
-2214
-2870
-3265
-3379
-3239
-2889
-2382
-1773
-1103
-409
230
719
1006
1169
1337
1577
1860
2151
2480
2872
3316
3767
4210
4623
4967
5151
5116
4878
4490
3975
3309
2496
1597
749
94
-304
-514
-671
-825
-923
-901
-763
-595
-498
-518
-572
-544
-417
-356
-504
-818
-1142
-1402
-1646
-1923
-2209
-2439
-2552
-2522
-2407
-2274
-2152
-1978
-1767
-1593
-1528
-1549
-1610
-1646
-1595
-1435
-1220
-981
-682
-258
284
886
1454
1874
2075
2053
1847
1431
777
-78
-979
-1790
-2470
-3055
-3538
-3816
-3804
-3508
-3002
-2368
-1681
-1030
-466
35
512
928
1238
1474
1725
2040
2426
2867
3352
3850
4350
4826
5224
5482
5572
5462
5086
4429
3605
2788
2060
1372
687
52
-430
-707
-823
-830
-775
-673
-577
-557
-691
-995
-1422
-1899
-2401
-2928
-3477
-3997
-4387
-4535
-4398
-4055
-3617
-3122
-2557
-1982
-1495
-1187
-1069
-1103
-1196
-1264
-1288
-1256
-1113
-805
-353
160
652
1072
1393
1628
1773
1777
1566
1121
497
-218
-975
-1782
-2598
-3269
-3620
-3623
-3380
-2965
-2409
-1736
-977
-147
705
1481
2124
2652
3087
3415
3626
3758
3853
3961
4116
4316
4512
4669
4794
4894
4927
4857
4679
4385
3927
3254
2381
1398
421
-478
-1255
-1841
-2171
-2241
-2128
-1926
-1671
-1396
-1174
-1103
-1192
-1368
-1563
-1804
-2134
-2561
-3022
-3430
-3701
-3797
-3714
-3453
-3009
-2403
-1727
-1073
-526
-122
129
267
330
336
290
226
194
258
440
716
1002
1272
1541
1807
1978
1928
1598
1029
300
-514
-1351
-2149
-2847
-3390
-3728
-3833
-3699
-3348
-2838
-2212
-1515
-770
-24
694
1360
1961
2472
2864
3126
3282
3395
3529
3705
3890
4069
4238
4383
4440
4377
4199
3916
3493
2917
2245
1551
837
66
-747
-1524
-2179
-2657
-2948
-3064
-3043
-2914
-2723
-2528
-2386
-2306
-2278
-2300
-2399
-2574
-2780
-2955
-3052
-3033
-2851
-2506
-2040
-1506
-940
-391
50
317
440
477
455
376
279
211
178
153
142
153
197
251
323
395
434
387
242
32
-251
-643
-1137
-1632
-2028
-2291
-2444
-2485
-2393
-2136
-1711
-1133
-426
363
1140
1808
2332
2772
3203
3627
3992
4241
4366
4406
4400
4387
4351
4252
4054
3788
3505
3207
2838
2361
1803
1201
559
-125
-839
-1533
-2158
-2670
-3058
-3321
-3422
-3319
-3023
-2631
-2214
-1793
-1387
-1068
-886
-807
-765
-750
-788
-874
-953
-971
-902
-760
-587
-418
-276
-185
-154
-161
-179
-217
-317
-482
-655
-773
-815
-766
-615
-343
24
447
880
1292
1647
1910
2056
2040
1814
1376
811
234
-295
-788
-1259
-1685
-1994
-2124
-2069
-1862
-1555
-1192
-818
-448
-76
300
645
914
1109
1244
1312
1322
1330
1391
1500
1636
1795
1962
2075
2079
1984
1816
1569
1210
731
148
-505
-1163
-1759
-2251
-2633
-2892
-3016
-3029
-2957
-2798
-2506
-2046
-1457
-842
-296
152
524
829
1063
1228
1347
1438
1516
1604
1712
1796
1793
1677
1472
1208
906
580
255
-55
-357
-668
-1005
-1338
-1580
-1661
-1588
-1457
-1328
-1182
-968
-676
-352
-44
214
416
543
578
504
313
31
-291
-571
-749
-836
-885
-945
-1001
-1006
-914
-719
-452
-168
72
243
339
377
380
370
348
314
278
243
206
192
236
343
482
632
797
984
1152
1248
1226
1079
849
570
255
-104
-483
-798
-964
-938
-752
-460
-78
376
855
1262
1521
1626
1628
1591
1544
1490
1408
1302
1178
1057
963
913
923
1001
1139
1278
1357
1346
1254
1078
800
431
12
-428
-858
-1227
-1503
-1676
-1743
-1686
-1516
-1292
-1099
-993
-966
-974
-984
-1023
-1131
-1293
-1454
-1588
-1709
-1792
-1775
-1637
-1439
-1248
-1067
-862
-648
-452
-296
-192
-186
-333
-612
-916
-1125
-1237
-1309
-1353
-1308
-1142
-881
-571
-256
2
154
214
240
251
222
138
32
-46
-83
-90
-65
10
150
369
660
993
1306
1561
1757
1904
1984
1980
1906
1807
1724
1673
1643
1630
1640
1659
1660
1654
1704
1843
2002
2068
2016
1887
1709
1451
1104
736
436
224
46
-136
-284
-329
-275
-202
-189
-244
-334
-455
-650
-953
-1335
-1715
-2035
-2287
-2467
-2567
-2588
-2543
-2429
-2230
-1974
-1718
-1516
-1393
-1352
-1383
-1447
-1513
-1559
-1578
-1571
-1560
-1542
-1471
-1301
-1052
-791
-558
-344
-124
99
314
500
638
727
777
785
743
684
659
682
725
777
871
1032
1237
1429
1577
1666
1723
1763
1781
1743
1655
1563
1536
1578
1632
1632
1576
1526
1526
1563
1600
1622
1612
1546
1425
1283
1153
1013
841
649
458
278
116
-11
-98
-163
-208
-231
-245
-279
-360
-511
-754
-1078
-1433
-1748
-1976
-2112
-2197
-2274
-2366
-2443
-2458
-2394
-2269
-2127
-1986
-1855
-1716
-1553
-1375
-1210
-1091
-1018
-969
-932
-926
-963
-1013
-1007
-891
-687
-454
-256
-106
-6
68
125
151
144
119
133
191
247
276
311
418
602
819
1014
1182
1371
1627
1912
2130
2218
2196
2128
2039
1937
1806
1651
1493
1343
1218
1141
1127
1172
1239
1296
1320
1294
1204
1059
913
808
736
657
528
366
216
128
93
74
40
7
-12
-48
-164
-387
-686
-1010
-1324
-1602
-1820
-1979
-2103
-2206
-2264
-2255
-2175
-2035
-1848
-1647
-1488
-1399
-1361
-1340
-1323
-1308
-1266
-1175
-1057
-941
-816
-644
-445
-281
-186
-164
-176
-187
-185
-191
-224
-272
-324
-371
-401
-364
-245
-63
163
429
724
1002
1239
1421
1541
1600
1626
1651
1664
1624
1506
1350
1221
1169
1184
1225
1261
1314
1405
1498
1522
1428
1243
1035
878
787
698
548
336
134
-11
-93
-120
-94
-19
92
224
344
412
422
384
278
66
-241
-578
-881
-1132
-1324
-1458
-1545
-1578
-1532
-1400
-1225
-1068
-940
-841
-786
-815
-928
-1066
-1170
-1209
-1216
-1197
-1121
-946
-699
-462
-286
-173
-87
10
133
237
245
136
-54
-278
-488
-625
-641
-537
-344
-78
229
532
790
988
1128
1206
1226
1191
1089
903
652
397
179
12
-108
-168
-162
-97
25
202
435
699
962
1181
1314
1330
1222
1024
783
543
315
116
-9
-17
90
258
429
568
674
753
799
785
680
500
280
40
-231
-526
-806
-1047
-1235
-1343
-1334
-1196
-963
-694
-442
-247
-149
-147
-207
-289
-398
-547
-738
-937
-1112
-1212
-1217
-1145
-1048
-958
-851
-711
-574
-497
-481
-494
-516
-560
-625
-685
-700
-646
-526
-368
-189
26
284
547
739
835
850
798
682
539
418
327
245
189
199
282
386
471
540
602
651
675
694
739
797
820
797
765
767
791
806
805
804
813
839
900
997
1089
1128
1095
997
840
627
367
83
-201
-437
-589
-640
-610
-566
-557
-576
-543
-400
-177
36
158
176
104
-41
-242
-467
-672
-833
-923
-937
-879
-772
-630
-472
-321
-188
-82
-15
-13
-86
-219
-374
-519
-635
-721
-763
-740
-626
-424
-170
81
280
407
473
508
520
467
309
60
-208
-426
-575
-660
-685
-666
-625
-563
-441
-239
9
247
424
526
547
483
338
144
-42
-162
-189
-135
-20
148
379
678
991
1229
1315
1251
1086
852
577
292
35
-206
-440
-642
-779
-846
-851
-771
-599
-383
-169
31
217
350
384
331
236
114
-43
-201
-315
-384
-431
-425
-307
-72
203
442
609
674
632
520
384
218
11
-222
-439
-616
-744
-797
-740
-577
-358
-136
51
179
233
202
102
-31
-177
-325
-481
-638
-784
-902
-962
-927
-776
-537
-270
-24
192
381
515
546
457
268
24
-231
-453
-593
-626
-545
-361
-103
180
430
623
756
865
959
1022
999
867
675
508
412
358
317
309
371
498
658
806
915
964
964
944
921
897
851
790
723
661
609
555
495
441
419
438
482
522
527
479
383
263
129
-35
-248
-494
-725
-891
-969
-972
-932
-859
-765
-659
-575
-519
-494
-514
-597
-732
-857
-925
-943
-988
-1106
-1266
-1395
-1459
-1459
-1397
-1280
-1119
-945
-784
-670
-620
-623
-658
-704
-740
-738
-677
-593
-508
-404
-246
-51
144
325
500
669
809
885
868
771
644
553
512
492
462
424
405
438
521
639
768
893
1004
1080
1108
1088
1029
943
837
734
657
617
610
626
655
681
687
666
628
592
569
553
535
480
359
171
-36
-222
-366
-481
-585
-693
-799
-878
-918
-920
-911
-900
-876
-830
-778
-753
-778
-847
-933
-983
-958
-872
-778
-707
-632
-525
-393
-272
-196
-159
-136
-115
-104
-126
-170
-211
-231
-220
-176
-116
-53
5
61
118
181
251
333
421
502
557
569
547
506
458
411
386
401
447
525
635
774
907
979
980
926
875
849
834
820
812
831
868
909
937
947
934
914
896
860
773
630
445
246
59
-95
-207
-277
-324
-365
-402
-414
-395
-343
-270
-201
-178
-223
-302
-373
-423
-477
-544
-591
-582
-521
-465
-464
-531
-650
-793
-930
-1023
-1073
-1102
-1131
-1156
-1163
-1172
-1183
-1171
-1097
-949
-769
-597
-458
-348
-273
-226
-184
-119
-41
12
14
-12
-30
-38
-48
-65
-78
-79
-65
-34
2
12
-4
-22
-11
23
57
81
111
172
261
344
392
433
509
627
730
771
753
710
666
614
559
489
396
279
159
53
-33
-91
-95
-44
25
57
40
-5
-26
-4
40
71
77
86
118
184
254
301
299
278
276
287
281
254
221
198
191
223
278
314
303
261
230
213
194
127
19
-96
-171
-206
-236
-269
-275
-233
-152
-64
17
74
80
42
-20
-89
-170
-254
-303
-292
-250
-230
-244
-262
-220
-107
40
144
160
106
30
-6
19
89
160
196
197
185
182
199
230
256
266
256
243
224
194
158
120
87
60
42
28
29
57
116
185
211
166
77
4
-17
-3
35
93
174
271
340
340
261
163
111
113
119
75
-18
-114
-157
-128
-72
-48
-84
-150
-220
-292
-351
-381
-377
-359
-336
-306
-276
-266
-270
-267
-259
-267
-297
-328
-364
-413
-467
-517
-550
-579
-603
-627
-656
-686
-703
-680
-620
-552
-509
-495
-493
-484
-454
-396
-295
-178
-90
-79
-127
-197
-274
-354
-404
-387
-310
-210
-116
-24
67
153
220
269
300
301
262
191
119
70
41
19
9
23
67
139
250
398
555
686
791
870
916
919
898
879
865
846
817
792
767
732
663
570
488
448
456
488
515
517
472
376
247
133
68
46
51
74
110
136
132
102
76
65
70
88
109
114
74
-4
-94
-155
-175
-160
-135
-112
-100
-91
-77
-56
-28
-9
-15
-57
-117
-160
-184
-206
-258
-330
-389
-400
-373
-337
-310
-276
-213
-114
0
99
157
165
141
119
123
126
97
30
-50
-129
-197
-233
-215
-130
-13
95
148
124
46
-48
-123
-166
-169
-135
-94
-82
-112
-175
-251
-300
-284
-194
-78
5
37
38
23
-12
-70
-145
-225
-291
-336
-361
-382
-409
-435
-451
-465
-500
-556
-613
-658
-713
-779
-831
-850
-856
-877
-898
-888
-816
-681
-499
-303
-130
1
101
186
261
325
389
444
453
391
287
195
147
149
195
267
330
375
425
501
579
602
551
477
436
445
451
407
314
223
189
234
336
450
528
548
531
502
477
453
438
432
424
389
311
204
121
100
142
207
272
334
385
391
329
235
157
127
119
93
23
-85
-187
-232
-218
-179
-147
-137
-135
-115
-51
40
116
151
148
115
54
-25
-108
-169
-199
