-198
-149
-104
-77
-73
-113
-204
-309
-371
-373
-337
-294
-257
-223
-183
-142
-121
-130
-150
-141
-79
14
103
157
181
190
197
196
188
184
193
201
200
208
242
289
309
294
263
264
329
429
499
496
446
378
307
249
232
247
254
241
232
245
260
241
194
145
114
107
127
187
250
285
278
253
224
182
129
67
1
-58
-74
-43
-7
-12
-57
-105
-126
-123
-135
-183
-252
-291
-267
-202
-139
-117
-134
-158
-168
-158
-145
-118
-65
8
79
130
156
140
87
5
-68
-85
-22
107
257
398
502
529
453
306
165
90
83
102
132
164
198
221
231
235
230
209
163
109
60
26
5
9
49
96
95
3
-161
-328
-431
-455
-443
-429
-415
-392
-364
-334
-320
-326
-352
-361
-339
-299
-272
-261
-255
-249
-247
-249
-259
-293
-335
-359
-338
-307
-316
-362
-363
-234
-13
184
264
247
210
205
226
235
183
69
-40
-74
-43
-30
-76
-144
-187
-222
-276
-309
-257
-130
3
79
78
42
36
94
170
191
149
97
81
87
84
34
-65
-149
-128
1
102
62
-97
-238
-280
-241
-192
-165
-154
-133
-99
-75
-91
-141
-188
-187
-128
-54
-9
-2
-11
-27
-57
-89
-90
-40
29
72
63
-1
-98
-195
-248
-231
-129
49
259
438
528
540
522
537
591
645
654
606
515
413
359
396
500
605
676
719
728
686
600
515
484
524
592
590
464
275
134
91
101
116
134
165
192
176
94
-34
-148
-176
-116
-42
-18
-62
-136
-194
-184
-106
-18
1
-84
-246
-404
-489
-482
-439
-422
-426
-415
-376
-336
-312
-292
-251
-198
-190
-273
-421
-546
-568
-478
-347
-267
-284
-329
-297
-171
-59
-63
-157
-231
-230
-182
-146
-151
-180
-201
-188
-153
-120
-101
-96
-98
-97
-73
-26
13
-8
-108
-259
-388
-435
-407
-348
-297
-251
-213
-203
-225
-234
-181
-61
71
177
206
136
-1
-96
-71
21
65
11
-91
-159
-141
-52
41
92
126
198
294
342
298
206
128
93
96
127
155
132
56
-24
-43
19
143
278
366
379
337
292
283
333
430
506
527
522
541
568
537
423
288
245
361
583
749
712
471
191
63
137
300
403
374
260
132
49
34
67
99
70
-13
-97
-134
-116
-62
-13
-3
-39
-99
-167
-229
-255
-211
-113
-33
-40
-115
-175
-167
-114
-83
-105
-160
-198
-211
-229
-283
-348
-358
-298
-233
-251
-348
-443
-463
-418
-350
-297
-258
-218
-157
-93
-61
-41
33
187
327
346
226
54
-79
-107
-34
71
110
65
0
-27
-15
11
27
-11
-161
-365
-464
-345
-101
52
-7
-185
-283
-208
-27
154
292
381
399
341
215
47
-76
-23
201
370
293
35
-206
-354
-465
-548
-554
-465
-346
-295
-386
-592
-733
-646
-355
-77
-10
-156
-341
-373
-205
9
73
-66
-270
-369
-328
-226
-130
-60
-19
-14
-19
1
41
78
100
117
123
142
205
302
324
216
69
23
112
271
466
635
668
508
288
195
260
372
449
459
392
287
229
235
229
183
190
284
329
223
66
41
171
327
387
310
127
-50
-78
56
206
270
284
280
176
-74
-327
-384
-224
-33
40
-15
-112
-178
-167
-71
38
89
74
40
2
-58
-133
-170
-164
-132
-92
-44
9
34
1
-64
-91
-35
57
79
13
-59
-46
36
116
171
212
240
241
244
264
258
202
157
183
211
136
-28
-153
-179
-147
-133
-166
-223
-253
-232
-195
-182
-200
-213
-224
-243
-259
-225
-122
27
168
231
186
87
30
40
65
47
-25
-118
-180
-162
-92
-66
-144
-268
-352
-382
-388
-379
-361
-382
-443
-467
-377
-204
-63
-39
-124
-256
-356
-365
-288
-203
-173
-188
-174
-83
78
215
210
60
-90
-90
37
159
180
73
-95
-155
17
289
392
264
125
160
321
462
513
469
350
240
220
239
164
-35
-232
-298
-185
52
262
268
46
-217
-334
-314
-264
-217
-137
-27
85
180
203
97
-104
-251
-243
-96
96
241
253
95
-134
-258
-176
38
226
268
108
-203
-473
-488
-232
80
265
331
359
381
394
400
369
251
100
35
147
386
593
628
486
287
146
78
55
81
140
185
189
178
153
75
-40
-110
-85
-2
89
160
178
114
-26
-186
-295
-289
-177
-27
62
36
-100
-281
-391
-357
-205
-22
117
181
178
105
-35
-212
-283
-168
43
113
-43
-273
-360
-226
25
193
102
-218
-529
-579
-340
47
367
446
238
-101
-349
-388
-228
65
367
480
334
52
-187
-355
-470
-484
-338
-107
53
55
-70
-248
-405
-469
-370
-90
226
355
180
-162
-383
-336
-104
98
139
33
-123
-208
-151
15
135
66
-145
-319
-310
-153
32
123
68
-102
-251
-241
-111
-20
-41
-45
31
76
-29
-178
-204
-72
132
324
425
375
209
82
86
172
210
93
-150
-364
-360
-175
-37
-123
-328
-394
-232
-2
72
-49
-209
-240
-98
127
298
303
190
124
265
529
719
727
643
570
509
436
352
301
282
284
264
226
185
179
216
246
216
112
30
47
165
281
302
196
30
-65
5
214
401
410
184
-165
-430
-448
-265
-56
67
129
174
168
73
-62
-146
-133
-109
-155
-233
-183
31
220
169
-95
-339
-410
-312
-174
-110
-193
-341
-365
-182
87
275
348
317
185
-14
-168
-218
-205
-214
-293
-427
-524
-483
-343
-258
-325
-466
-586
-623
-548
-330
-75
50
12
-95
-166
-171
-42
207
413
386
231
221
410
542
452
274
158
31
-177
-290
-155
58
50
-197
-436
-450
-253
-13
35
-201
-526
-601
-327
33
215
206
159
153
188
310
520
710
717
530
265
89
107
294
481
473
233
-144
-535
-838
-954
-826
-506
-159
78
126
-14
-251
-393
-268
83
387
420
231
56
20
53
51
5
-17
21
91
103
-8
-172
-193
32
340
463
354
261
380
569
514
84
-473
-752
-534
-1
430
446
126
-214
-354
-320
-232
-132
-57
-63
-169
-255
-191
9
172
149
-38
-231
-261
-75
233
463
410
77
-259
-307
-70
121
9
-323
-539
-383
94
600
792
564
100
-294
-409
-238
84
365
478
441
353
318
388
505
495
213
-232
-518
-447
-98
242
350
147
-173
-305
-78
282
382
35
-514
-810
-605
-25
536
818
756
549
404
411
458
417
333
332
411
430
323
135
-22
-135
-192
-214
-274
-396
-531
-549
-434
-217
77
398
536
310
-186
-609
-693
-496
-222
-65
-50
-116
-176
-207
-251
-300
-311
-243
-126
-35
-58
-205
-404
-561
-679
-788
-833
-779
-678
-642
-688
-734
-683
-476
-130
227
456
451
220
-134
-463
-588
-418
29
521
770
644
317
87
133
367
564
576
469
319
127
-72
-137
-11
103
119
154
343
506
538
487
397
163
-190
-377
-286
-44
131
200
85
-207
-513
-532
-215
177
341
187
-134
-422
-487
-330
-31
180
242
186
159
194
226
217
144
25
-156
-260
-156
110
272
189
47
21
17
-140
-321
-287
-45
158
206
154
64
-43
-84
-3
104
170
231
346
411
331
170
135
339
660
813
572
73
-398
-599
-538
-273
88
354
360
107
-130
-179
-21
165
279
237
79
-29
95
372
450
169
-235
-321
16
555
914
896
563
199
71
159
266
244
133
-22
-184
-259
-149
100
249
130
-185
-480
-573
-502
-409
-402
-445
-486
-531
-514
-344
-98
-95
-446
-867
-946
-633
-213
-17
-160
-488
-663
-467
-44
300
416
446
484
436
182
-122
-164
130
415
313
-151
-552
-552
-250
26
77
9
34
238
425
301
-186
-631
-585
-40
566
840
757
505
286
138
-6
-207
-311
-106
432
954
1032
490
-358
-894
-795
-338
-38
-82
-279
-467
-551
-417
-115
78
-55
-294
-363
-237
-159
-220
-380
-535
-498
-194
232
404
153
-287
-546
-475
-236
-64
0
3
6
30
42
-50
-274
-419
-177
404
867
839
383
-97
-237
17
441
635
434
-9
-336
-316
-7
332
473
422
294
210
153
98
-16
-200
-344
-267
34
279
241
4
-126
-62
87
163
214
325
533
770
881
756
443
182
148
334
594
777
725
384
-122
-486
-568
-458
-321
-232
-220
-350
-564
-676
-565
-315
-53
199
413
425
162
-153
-187
78
355
453
451
432
309
-11
-386
-573
-384
82
484
527
154
-372
-778
-813
-474
9
293
214
-133
-502
-509
0
689
923
523
-65
-392
-389
-230
-68
-1
-28
23
219
380
350
187
24
-162
-303
-194
222
584
491
-18
-507
-619
-425
-208
-168
-253
-350
-372
-347
-276
-211
-207
-285
-394
-474
-580
-710
-709
-418
53
412
469
239
-166
-584
-797
-688
-383
-95
35
-12
-217
-459
-533
-294
201
651
590
-195
-1258
-1717
-1146
14
917
1036
344
-610
-1121
-862
-266
106
273
500
757
764
526
230
89
188
496
638
405
189
487
1078
1283
929
488
363
497
617
448
-27
-553
-759
-564
-145
261
483
432
152
-183
-464
-605
-440
74
670
987
984
815
523
131
-191
-283
-229
-165
-49
239
632
820
516
-160
-646
-548
-135
26
-136
-181
113
457
460
93
-326
-406
28
697
1063
751
-13
-642
-615
31
720
858
394
-205
-495
-345
93
493
505
137
-148
-13
341
504
381
159
-35
-109
-43
78
166
351
765
1166
1187
755
147
-406
-797
-941
-773
-369
47
212
-3
-452
-789
-816
-673
-620
-809
-1141
-1425
-1361
-877
-235
142
40
-401
-881
-1015
-600
139
597
471
102
-16
125
123
-225
-672
-812
-508
-34
179
-45
-474
-736
-708
-574
-514
-542
-556
-506
-393
-226
0
301
572
617
344
10
-33
222
407
213
-247
-637
-679
-390
-44
47
-162
-368
-288
15
211
76
-307
-628
-552
9
773
1233
1103
515
-126
-436
-274
180
527
539
375
317
395
421
338
269
345
594
947
1202
1097
597
38
-219
-152
-32
-44
-80
70
394
612
460
12
-351
-314
46
324
189
-266
-623
-627
-430
-347
-449
-557
-509
-293
-25
161
208
191
239
363
470
492
455
391
331
360
552
807
909
796
649
672
881
1166
1437
1622
1659
1588
1548
1627
1747
1776
1704
1645
1688
1768
1713
1378
763
-7
-783
-1490
-2107
-2641
-3112
-3572
-4074
-4558
-4858
-4832
-4530
-4156
-3884
-3710
-3460
-2917
-2064
-1190
-646
-448
-202
468
1530
2598
3272
3413
3196
2942
2839
2763
2481
1952
1379
995
864
860
739
385
-43
-205
55
650
1441
2371
3355
4240
4894
5120
4609
3239
1513
271
-137
-200
-729
-2122
-4031
-5465
-5559
-4519
-3636
-3955
-5061
-5597
-4799
-3259
-2224
-2310
-2845
-2488
-602
1980
3776
4078
3454
2958
3134
3691
3851
3009
1222
-820
-2393
-3321
-4020
-5000
-6272
-7287
-7382
-6390
-4800
-3350
-2405
-1624
-346
1683
3977
5792
6835
7435
8125
9141
10278
11089
11158
10261
8433
6042
3747
2058
814
-734
-3099
-5852
-7938
-8717
-8608
-8597
-9147
-9716
-9373
-7782
-5543
-3653
-2582
-1875
-635
1504
3955
5751
6449
6420
6318
6420
6429
5835
4404
2398
338
-1437
-3013
-4668
-6446
-7973
-8819
-8977
-8838
-8675
-8244
-7076
-5007
-2391
210
2456
4366
6161
7944
9570
10728
11229
11236
11194
11370
11437
10667
8657
5774
2866
613
-929
-2273
-4135
-6721
-9347
-10910
-10968
-10157
-9472
-9241
-8960
-7936
-5994
-3638
-1632
-334
643
2044
4133
6364
7893
8331
7955
7335
6813
6214
5088
3230
961
-1219
-3116
-4838
-6504
-8087
-9460
-10397
-10684
-10321
-9505
-8349
-6776
-4761
-2478
-134
2190
4434
6481
8234
9723
10967
11793
11998
11716
11450
11402
10960
9237
6157
2705
39
-1518
-2662
-4436
-7159
-9868
-11130
-10591
-9476
-9191
-9765
-9920
-8536
-5799
-2997
-1332
-789
-168
1637
4422
6892
7997
7815
7245
7057
7216
6958
5528
3024
344
-1744
-3258
-4722
-6496
-8458
-10129
-10958
-10711
-9725
-8606
-7593
-6331
-4308
-1531
1356
3602
5025
6150
7614
9555
11484
12635
12542
11562
10742
10796
11026
9865
6710
2791
-36
-1159
-1630
-3014
-5949
-9417
-11453
-11021
-9227
-8268
-8954
-9857
-9051
-6265
-3068
-1183
-841
-693
792
3728
6679
8129
7938
7236
7099
7504
7529
6321
3891
1104
-1119
-2637
-4073
-6002
-8232
-9986
-10667
-10359
-9592
-8800
-7951
-6664
-4607
-1883
913
3152
4718
6084
7743
9653
11312
12254
12373
11925
11391
11132
10857
9606
6791
3191
334
-1188
-2303
-4203
-6995
-9736
-11353
-11453
-10625
-10054
-10367
-10804
-9969
-7534
-4695
-2787
-1830
-719
1386
4171
6593
7914
8262
8268
8348
8352
7813
6406
4254
1852
-326
-2245
-4220
-6396
-8441
-9914
-10718
-11036
-10914
-10180
-8778
-6951
-4991
-2932
-651
1787
4085
6004
7591
9045
10459
11751
12688
12944
12389
11397
10511
9624
7932
5046
1722
-886
-2492
-3774
-5542
-7952
-10317
-11577
-11328
-10406
-10056
-10448
-10444
-8961
-6233
-3515
-1746
-642
819
3185
5921
7995
8868
8898
8877
9202
9393
8543
6309
3346
628
-1457
-3246
-5197
-7342
-9247
-10443
-10810
-10538
-9798
-8666
-7255
-5681
-3867
-1701
623
2694
4324
5722
7158
8669
10087
11255
12023
12181
11647
10785
10072
9298
7581
4582
1273
-1077
-2332
-3454
-5325
-7892
-10272
-11399
-10986
-9945
-9540
-9886
-9839
-8415
-5938
-3538
-1900
-730
708
2789
5168
7113
8127
8307
8176
8109
7960
7243
5685
3518
1189
-1002
-2980
-4764
-6411
-7966
-9267
-9944
-9750
-8847
-7689
-6585
-5460
-4035
-2221
-288
1415
2852
4336
6076
7893
9403
10478
11233
11624
11458
10871
10288
9631
8152
5533
2658
641
-591
-2079
-4470
-7302
-9579
-10545
-10279
-9711
-9854
-10597
-10645
-8995
-6249
-3983
-2954
-2346
-867
1779
4624
6485
7083
7167
7593
8379
8695
7769
5705
3353
1468
41
-1487
-3514
-5811
-7750
-8886
-9283
-9331
-9298
-9072
-8331
-6979
-5313
-3742
-2324
-746
1239
3451
5427
6945
8234
9675
11179
12111
12012
11282
10703
10251
9024
6603
3801
1666
212
-1338
-3516
-6120
-8480
-9809
-9892
-9495
-9726
-10584
-10811
-9446
-7104
-5200
-4276
-3522
-1880
796
3680
5822
6901
7343
7808
8551
9124
8775
7261
5150
3255
1764
163
-2054
-4704
-7044
-8478
-9081
-9373
-9661
-9741
-9231
-8045
-6433
-4721
-3048
-1311
670
2876
4991
6714
8110
9493
10937
12053
12411
12138
11758
11324
10148
7790
4882
2486
818
-780
-2887
-5421
-7885
-9649
-10314
-10200
-10247
-10909
-11434
-10750
-8871
-6891
-5588
-4555
-2848
-183
2750
5009
6268
6961
7720
8738
9584
9593
8473
6582
4615
2921
1217
-995
-3687
-6220
-7991
-9002
-9634
-10070
-10175
-9807
-8946
-7614
-5921
-4097
-2268
-286
1991
4324
6278
7737
9057
10574
12067
12893
12775
12146
11518
10686
9043
6547
3891
1676
-169
-2104
-4432
-6975
-9102
-10213
-10458
-10699
-11460
-12213
-12013
-10647
-8787
-7132
-5701
-3972
-1571
1256
3837
5667
6806
7749
8854
9903
10262
9545
8057
6425
4855
2986
506
-2330
-4871
-6711
-7964
-8957
-9795
-10268
-10152
-9440
-8264
-6797
-5185
-3466
-1507
802
3213
5289
6956
8635
10588
12392
13309
13231
12780
12371
11572
9784
7258
4833
2851
925
-1354
-3952
-6570
-8763
-10107
-10716
-11343
-12421
-13308
-13041
-11589
-9785
-8201
-6655
-4694
-2173
672
3400
5582
7093
8260
9484
10682
11213
10569
9019
7292
5709
3930
1591
-1122
-3706
-5852
-7558
-8926
-9983
-10660
-10807
-10304
-9211
-7766
-6173
-4399
-2228
354
2936
5091
6888
8789
10909
12670
13457
13365
12978
12484
11445
9569
7267
5103
3116
958
-1531
-4169
-6636
-8585
-9873
-10803
-11840
-12916
-13392
-12842
-11612
-10304
-8982
-7229
-4801
-1981
735
3085
5090
6881
8545
10025
11068
11369
10852
9744
8299
6573
4502
2104
-433
-2894
-5118
-6989
-8457
-9524
-10232
-10570
-10409
-9638
-8336
-6751
-5000
-2923
-452
2084
4274
6166
8134
10227
11936
12840
13074
12999
12598
11585
10025
8314
6576
4550
2142
-376
-2734
-4901
-6859
-8585
-10189
-11693
-12742
-12960
-12496
-11873
-11210
-10056
-8051
-5468
-2938
-756
1332
3643
6083
8161
9474
10073
10313
10413
10170
9182
7346
5045
2805
784
-1275
-3572
-5877
-7724
-8932
-9704
-10226
-10349
-9848
-8789
-7445
-5864
-3902
-1598
714
2837
4943
7201
9336
10907
11842
12348
12417
11903
11008
10154
9227
7621
5196
2597
450
-1341
-3210
-5359
-7677
-9841
-11387
-12106
-12357
-12681
-12968
-12449
-10690
-8216
-5929
-4046
-2046
444
3126
5434
7090
8200
9005
9690
10137
9901
8707
6893
5128
3642
2009
-174
-2629
-4673
-6022
-7075
-8227
-9239
-9522
-8945
-7997
-7112
-6143
-4659
-2559
-162
2175
4376
6476
8421
10095
11321
11853
11662
11222
11038
10836
9773
7653
5226
3284
1780
158
-2018
-4668
-7197
-8905
-9799
-10611
-11810
-12793
-12611
-11182
-9380
-7972
-6782
-5077
-2571
178
2429
3983
5275
6738
8337
9525
9775
9148
8255
7515
6643
5061
2771
460
-1271
-2553
-3971
-5757
-7457
-8434
-8551
-8250
-7963
-7541
-6471
-4542
-2167
44
1939
3831
5986
8190
9832
10492
10399
10327
10708
11049
10430
8706
6642
5053
3921
2618
554
-2234
-5007
-6914
-7969
-9044
-10707
-12380
-13004
-12358
-11175
-10191
-9301
-7870
-5587
-2889
-463
1389
2958
4659
6556
8220
9117
9158
8770
8356
7797
6664
4878
2891
1154
-327
-1866
-3604
-5366
-6812
-7712
-8054
-8045
-7873
-7445
-6461
-4799
-2743
-709
1173
3071
5121
7046
8302
8718
8903
9576
10508
10648
9492
7689
6161
5151
4233
2797
450
-2446
-4843
-6165
-7153
-8792
-10838
-12061
-11928
-11092
-10359
-9740
-8672
-6817
-4394
-1933
145
1821
3441
5265
7052
8203
8524
8486
8545
8467
7695
6182
4489
3052
1748
207
-1644
-3488
-4980
-6052
-6850
-7471
-7817
-7697
-6983
-5697
-4049
-2349
-767
833
2748
4946
6805
7677
7799
8186
9256
10103
9672
8202
6750
5895
5290
4327
2550
16
-2512
-4167
-5127
-6450
-8565
-10510
-11147
-10592
-9892
-9618
-9258
-8052
-5949
-3593
-1587
-40
1408
3147
5109
6693
7386
7429
7528
7856
7834
6955
5543
4303
3364
2199
424
-1604
-3241
-4359
-5372
-6504
-7382
-7533
-7031
-6303
-5510
-4419
-2908
-1187
539
2322
4071
5336
5898
6340
7306
8407
8653
7917
7014
6488
6100
5437
4241
2314
-49
-1981
-3088
-4177
-6112
-8436
-9860
-9962
-9521
-9347
-9315
-8773
-7433
-5584
-3678
-2020
-612
839
2605
4459
5771
6330
6634
7135
7512
7131
5998
4802
3979
3196
1855
-47
-1898
-3191
-4064
-4975
-6016
-6732
-6720
-6144
-5448
-4736
-3724
-2274
-623
955
2474
3891
4899
5375
5866
6833
7808
7949
7341
6768
6503
6095
5210
3899
2237
408
-1181
-2409
-3803
-5749
-7707
-8755
-8834
-8724
-8932
-9067
-8519
-7231
-5618
-4039
-2626
-1292
200
1949
3636
4775
5380
5941
6698
7201
6913
5933
4922
4208
3410
1989
74
-1634
-2707
-3435
-4299
-5260
-5845
-5795
-5334
-4763
-4140
-3304
-2139
-684
885
2360
3532
4270
4718
5382
6523
7617
7888
7411
6918
6755
6536
5865
4680
3083
1333
-177
-1415
-2922
-5016
-7111
-8277
-8458
-8442
-8770
-9051
-8640
-7449
-5960
-4604
-3413
-2105
-436
1442
3046
4029
4596
5184
5859
6173
5747
4815
4006
3514
2837
1474
-298
-1697
-2412
-2902
-3651
-4499
-4904
-4671
-4102
-3571
-3123
-2538
-1577
-238
1220
2484
3367
3828
4030
4427
5308
6276
6591
6204
5750
5611
5469
4946
3977
2617
1056
-314
-1341
-2541
-4368
-6321
-7396
-7496
-7499
-7988
-8479
-8248
-7261
-6026
-4876
-3752
-2475
-992
567
1944
2919
3571
4205
4941
5446
5338
4736
4159
3756
3144
1964
563
-432
-905
-1391
-2313
-3360
-3875
-3631
-3086
-2768
-2751
-2602
-1945
-805
372
1260
1907
2514
3098
3646
4317
5098
5627
5640
5454
5388
5348
5021
4384
3449
2175
709
-614
-1827
-3273
-4908
-6167
-6812
-7277
-7874
-8300
-8107
-7371
-6423
-5375
-4126
-2755
-1423
-175
1076
2263
3244
3980
4560
4944
4980
4647
4144
3630
3006
2118
1046
91
-616
-1211
-1876
-2533
-2992
-3170
-3178
-3089
-2861
-2408
-1717
-890
-51
753
1639
2647
3524
3910
3982
4385
5320
6104
6091
5590
5301
5306
5099
4376
3171
1631
0
-1375
-2491
-3753
-5332
-6763
-7495
-7619
-7686
-7914
-7891
-7121
-5694
-4164
-2890
-1770
-538
850
2215
3292
3935
4242
4483
4757
4836
4460
3735
2993
2372
1703
851
-62
-818
-1387
-1910
-2483
-3045
-3437
-3538
-3320
-2863
-2330
-1833
-1320
-627
271
1253
2195
3032
3675
4150
4717
5477
6052
6013
5544
5146
4917
4509
3720
2584
1143
-480
-1952
-3114
-4320
-5883
-7411
-8158
-8054
-7789
-7809
-7704
-6861
-5336
-3742
-2495
-1465
-311
1080
2464
3475
3957
4148
4394
4729
4784
4245
3281
2408
1902
1521
853
-141
-1083
-1637
-1909
-2284
-2881
-3356
-3353
-3003
-2724
-2617
-2325
-1562
-551
286
913
1711
2861
3962
4467
4446
4585
5250
5953
5939
5161
4239
3697
3408
2803
1446
-440
-2095
-3011
-3561
-4499
-5932
-7121
-7387
-6904
-6413
-6254
-5963
-4939
-3301
-1790
-848
-167
783
2022
3081
3586
3660
3712
3917
4002
3572
2673
1841
1509
1439
996
3
-994
-1429
-1429
-1572
-2081
-2595
-2756
-2653
-2526
-2361
-1969
-1333
-602
111
825
1641
2662
3759
4509
4655
4591
4983
5784
6174
5603
4511
3712
3399
3038
2079
501
-1154
-2276
-2763
-3226
-4265
-5620
-6381
-6140
-5523
-5317
-5432
-5084
-3922
-2477
-1476
-967
-429
506
1626
2451
2752
2741
2737
2772
2608
2147
1605
1233
1008
701
177
-504
-1140
-1573
-1805
-2032
-2414
-2853
-3030
-2812
-2446
-2251
-2160
-1792
-971
65
1017
1872
2779
3761
4604
5067
5136
5133
5345
5617
5425
4562
3445
2647
2237
1764
838
-464
-1699
-2548
-3094
-3697
-4540
-5377
-5774
-5593
-5182
-4985
-4986
-4734
-3927
-2810
-1840
-1136
-475
287
1004
1461
1629
1666
1764
1954
2031
1775
1250
808
627
472
18
-678
-1251
-1511
-1662
-1995
-2467
-2753
-2644
-2276
-1909
-1608
-1175
-438
526
1440
2180
2905
3830
4816
5415
5379
5036
4980
5295
5400
4783
3705
2799
2336
2028
1489
519
-727
-1766
-2186
-2220
-2596
-3615
-4662
-4873
-4242
-3623
-3707
-4142
-4004
-2956
-1667
-991
-1001
-1007
-440
545
1319
1503
1330
1301
1585
1837
1649
1063
535
308
117
-455
-1334
-1993
-2104
-1967
-2107
-2543
-2762
-2401
-1708
-1180
-957
-716
-114
830
1793
2498
2962
3405
3991
4605
4896
4685
4315
4277
4557
4572
3950
2993
2330
2174
2122
1558
362
-913
-1614
-1774
-2060
-2918
-3984
-4517
-4297
-3876
-3889
-4245
-4274
-3562
-2501
-1780
-1587
-1433
-817
170
934
1090
892
906
1281
1591
1368
689
55
-198
-259
-545
-1175
-1826
-2106
-2009
-1898
-2058
-2333
-2310
-1810
-1110
-618
-421
-225
280
1082
1891
2470
2845
3225
3697
4112
4274
4251
4319
4577
4758
4560
3974
3255
2639
2174
1694
940
-166
-1350
-2190
-2646
-3116
-3940
-4869
-5340
-5179
-4842
-4798
-4942
-4758
-4002
-2991
-2193
-1720
-1294
-632
262
1087
1525
1510
1293
1165
1195
1186
934
473
34
-227
-399
-671
-1058
-1408
-1586
-1594
-1525
-1451
-1399
-1339
-1166
-755
-119
576
1214
1873
2647
3455
4142
4697
5193
5576
5734
5733
5744
5743
5465
4770
3854
3022
2345
1640
734
-357
-1449
-2391
-3177
-3940
-4748
-5477
-5922
-6010
-5876
-5634
-5260
-4686
-3946
-3115
-2189
-1169
-226
424
786
1087
1431
1618
1465
1116
903
869
699
159
-562
-1078
-1263
-1373
-1665
-2063
-2247
-2087
-1799
-1621
-1498
-1177
-574
157
837
1482
2196
3001
3833
4604
5248
5711
6038
6323
6532
6437
5928
5228
4649
4164
3472
2459
1329
310
-594
-1466
-2354
-3258
-4157
-4936
-5481
-5761
-5841
-5790
-5662
-5459
-5117
-4559
-3814
-3066
-2470
-1982
-1390
-651
4
309
312
305
459
628
566
220
-211
-504
-584
-585
-719
-1062
-1456
-1620
-1435
-1067
-805
-726
-624
-249
395
1065
1557
1944
2449
3154
3865
4369
4650
4843
5022
5143
5159
5048
4790
4339
3710
3003
2344
1770
1166
411
-459
-1250
-1810
-2152
-2408
-2708
-3132
-3639
-4051
-4187
-4012
-3709
-3509
-3467
-3383
-3025
-2430
-1880
-1583
-1464
-1298
-1003
-699
-547
-562
-603
-529
-343
-192
-223
-452
-739
-870
-748
-514
-437
-613
-803
-688
-229
285
588
716
926
1373
2000
2644
3159
3425
3438
3442
3691
4107
4268
3919
3247
2636
2293
2135
1932
1472
737
-43
-548
-665
-598
-682
-1008
-1338
-1411
-1259
-1127
-1187
-1382
-1539
-1498
-1278
-1089
-1200
-1627
-2053
-2068
-1556
-898
-670
-1082
-1737
-1996
-1620
-945
-530
-694
-1262
-1717
-1612
-1003
-433
-383
-786
-1136
-988
-359
356
761
826
822
1022
1473
2009
2402
2501
2394
2241
2154
2104
2078
2058
1916
1510
870
275
-49
-146
-246
-432
-554
-462
-268
-215
-338
-361
-60
467
861
837
359
-297
-677
-537
-104
134
-66
-502
-846
-940
-837
-659
-518
-548
-841
-1325
-1717
-1706
-1339
-1005
-1065
-1413
-1632
-1465
-1065
-767
-690
-667
-396
191
856
1184
1037
729
759
1302
2019
2395
2164
1535
983
892
1182
1380
1103
425
-299
-798
-994
-878
-641
-572
-888
-1350
-1564
-1325
-789
-302
-97
-242
-469
-440
-18
475
584
178
-372
-556
-249
227
447
276
-120
-492
-679
-625
-419
-216
-175
-373
-702
-911
-770
-333
18
53
-149
-184
110
548
756
718
832
1398
2183
2581
2400
1946
1771
2002
2386
2424
1906
1018
234
-123
-128
-79
-231
-547
-976
-1420
-1810
-1870
-1522
-1007
-842
-1164
-1599
-1688
-1373
-939
-648
-560
-583
-584
-529
-435
-330
-159
40
155
151
17
-125
-245
-164
86
302
188
-296
-785
-941
-683
-377
-342
-628
-835
-653
-59
549
873
838
734
803
1167
1650
2072
2347
2540
2742
2863
2844
2592
2275
1953
1636
1152
508
-103
-514
-761
-1042
-1349
-1597
-1647
-1711
-1912
-2294
-2584
-2614
-2368
-2017
-1808
-1815
-1944
-1794
-1302
-623
-151
38
34
-92
-220
-270
-7
448
894
855
310
-403
-729
-473
5
309
233
-15
-175
-68
219
500
620
711
867
1126
1278
1372
1489
1749
2003
2116
2129
2090
2090
1950
1683
1264
973
852
871
745
296
-412
-1102
-1438
-1435
-1291
-1374
-1667
-2119
-2406
-2506
-2388
-2200
-2045
-2005
-2173
-2398
-2441
-2019
-1386
-889
-855
-998
-1047
-809
-410
-12
323
506
692
812
930
953
994
1095
1241
1324
1335
1291
1257
1190
1159
1276
1579
1860
1846
1538
1199
1052
1037
1105
1182
1263
1239
1046
745
444
333
463
615
545
210
-178
-454
-644
-753
-847
-926
-1024
-1108
-1290
-1588
-1918
-1999
-1798
-1566
-1466
-1605
-1740
-1860
-1746
-1546
-1289
-1166
-1023
-809
-427
-17
302
458
481
588
732
980
1123
1348
1534
1678
1652
1566
1620
1845
2131
2292
2269
2108
1918
1736
1572
1432
1393
1423
1342
1024
637
402
368
311
97
-218
-517
-689
-819
-987
-1222
-1433
-1486
-1487
-1594
-1864
-2127
-2180
-2112
-2075
-2155
-2222
-2131
-1901
-1666
-1582
-1665
-1741
-1669
-1450
-1230
-1045
-876
-698
-551
-437
-281
-80
132
315
371
369
393
687
1166
1552
1647
1625
1744
2022
2262
2351
2411
2444
2513
2438
2285
2025
1844
1813
1875
1821
1500
1026
546
194
-57
-193
-295
-471
-730
-1052
-1300
-1522
-1626
-1660
-1639
-1734
-1883
-2040
-2059
-1959
-1808
-1686
-1745
-1858
-1990
-1962
-1855
-1645
-1426
-1263
-1188
-1194
-1087
-891
-608
-436
-388
-396
-307
-49
260
472
590
714
980
1294
1634
1852
2047
2210
2450
2732
2930
2981
2888
2820
2781
2699
2455
2181
1996
1958
1905
1722
1368
882
410
93
-97
-309
-625
-918
-1046
-1118
-1269
-1523
-1716
-1712
-1593
-1488
-1551
-1681
-1803
-1804
-1760
-1711
-1698
-1725
-1759
-1739
-1602
-1408
-1255
-1183
-1143
-1078
-978
-869
-785
-754
-670
-567
-419
-304
-44
388
861
1129
1156
1180
1411
1774
2082
2217
2309
2432
2484
2403
2240
2252
2401
2513
2324
1911
1537
1314
1165
874
536
232
39
-179
-457
-786
-1033
-1199
-1299
-1481
-1728
-1971
-2050
-1987
-1869
-1749
-1654
-1578
-1604
-1651
-1706
-1673
-1597
-1494
-1427
-1436
-1438
-1360
-1190
-1026
-869
-676
-454
-352
-320
-206
90
427
608
711
819
1036
1258
1459
1553
1563
1531
1597
1766
1963
2046
2026
1922
1794
1627
1506
1400
1272
997
632
281
88
56
46
-83
-392
-722
-914
-884
-771
-830
-1180
-1670
-1982
-1940
-1703
-1540
-1655
-1997
-2333
-2313
-1804
-1100
-749
-1033
-1656
-2031
-1763
-1016
-289
-88
-447
-964
-1075
-602
160
738
866
669
467
595
1129
1784
2203
2189
1959
1798
1856
2084
2343
2564
2661
2647
2573
2510
2491
2474
2418
2215
1895
1602
1429
1309
1063
728
397
119
-164
-435
-654
-806
-962
-1090
-1223
-1405
-1662
-1832
-1820
-1698
-1641
-1693
-1750
-1798
-1778
-1741
-1668
-1656
-1651
-1599
-1508
-1519
-1633
-1674
-1448
-1028
-648
-505
-556
-621
-498
-145
252
555
764
1081
1481
1797
1852
1754
1701
1823
2035
2210
2212
2013
1669
1371
1340
1567
1803
1705
1272
723
302
50
-110
-204
-290
-382
-539
-746
-997
-1186
-1254
-1183
-1129
-1199
-1383
-1533
-1590
-1572
-1536
-1462
-1388
-1418
-1568
-1758
-1830
-1806
-1765
-1772
-1793
-1772
-1700
-1615
-1530
-1505
-1498
-1435
-1184
-754
-275
181
565
929
1224
1501
1752
1976
2114
2155
2184
2204
2239
2213
2129
1924
1646
1409
1310
1321
1323
1255
1076
830
550
374
343
427
451
288
21
-163
-130
-35
12
-51
-103
-144
-172
-255
-398
-597
-778
-892
-976
-1088
-1260
-1386
-1440
-1445
-1492
-1535
-1502
-1381
-1277
-1246
-1219
-1094
-884
-646
-434
-236
-56
159
477
820
1064
1129
1177
1314
1552
1759
1843
1800
1706
1677
1686
1678
1534
1338
1155
1087
1105
1119
1042
855
695
651
716
702
532
263
47
-31
-73
-167
-417
-677
-828
-821
-797
-889
-1034
-1095
-1009
-906
-881
-952
-1038
-1175
-1375
-1570
-1610
-1428
-1191
-1070
-1189
-1385
-1488
-1345
-1026
-733
-548
-485
-343
-150
74
184
259
414
668
919
993
940
873
951
1127
1219
1147
1022
990
1047
1045
962
832
740
714
705
642
461
270
191
211
164
-43
-319
-485
-505
-458
-488
-612
-744
-804
-790
-807
-860
-931
-1021
-1129
-1247
-1295
-1306
-1272
-1214
-1152
-1168
-1315
-1488
-1571
-1449
-1223
-986
-859
-810
-743
-595
-362
-161
63
277
573
795
950
984
996
1033
1149
1308
1446
1519
1559
1623
1673
1729
1746
1791
1753
1661
1556
1551
1573
1462
1193
909
771
747
728
624
426
218
61
24
3
-83
-284
-502
-628
-682
-674
-664
-633
-669
-779
-917
-963
-904
-809
-791
-874
-1005
-1061
-955
-791
-680
-714
-732
-635
-420
-203
-107
-122
-136
13
310
595
685
622
524
519
601
713
838
910
916
815
727
710
801
862
824
721
634
628
592
530
410
337
310
293
209
4
-261
-524
-740
-876
-928
-916
-898
-881
-845
-793
-771
-762
-766
-767
-842
-932
-997
-961
-902
-872
-902
-1005
-1089
-1110
-997
-859
-790
-801
-774
-608
-352
-98
34
99
114
171
258
370
473
512
520
524
559
567
557
571
670
798
847
792
679
653
710
800
822
794
706
553
370
278
346
472
516
431
298
208
137
71
-44
-151
-256
-286
-314
-342
-450
-554
-655
-672
-628
-513
-417
-395
-421
-477
-462
-436
-321
-219
-83
-38
2
-15
-1
-7
-18
-21
5
66
108
109
135
245
399
457
390
306
327
446
566
649
655
646
565
456
324
280
371
531
667
645
488
249
80
51
128
192
156
65
27
33
22
-88
-205
-289
-374
-553
-780
-880
-798
-620
-559
-589
-611
-516
-351
-303
-350
-470
-458
-378
-248
-200
-185
-168
-98
-38
-74
-170
-232
-186
-103
-87
-149
-239
-252
-166
-34
59
75
74
119
228
328
427
478
598
685
752
706
630
576
546
551
540
558
528
483
435
438
497
533
538
429
272
68
-101
-297
-502
-645
-677
-667
-750
-896
-1014
-973
-853
-763
-835
-907
-826
-557
-290
-175
-195
-267
-300
-214
-20
181
264
161
-22
-252
-366
-389
-288
-227
-236
-287
-242
-85
110
248
278
270
277
409
601
752
711
528
355
347
451
599
712
801
784
640
453
391
512
636
590
332
63
-124
-211
-336
-487
-611
-595
-443
-338
-384
-606
-746
-661
-339
-38
44
-82
-193
-149
35
235
334
318
170
27
-55
16
155
283
296
160
-46
-226
-245
-162
-50
-6
25
48
88
152
217
273
277
283
262
146
-42
-207
-201
-61
142
339
498
586
561
452
275
146
133
268
338
231
-82
-387
-589
-634
-526
-325
-137
-85
-166
-305
-384
-418
-381
-367
-302
-226
-158
-181
-190
-70
178
356
358
223
37
-119
-241
-282
-264
-157
-27
78
62
-51
-151
-131
14
107
38
-130
-189
-85
20
-1
-107
-129
-20
186
333
337
184
3
-43
92
356
539
552
355
148
43
96
197
300
377
362
226
11
-127
-171
-177
-204
-260
-331
-393
-420
-440
-518
-580
-456
-155
86
81
-54
-122
-136
-173
-197
-126
-19
16
39
100
183
188
205
253
251
90
-105
-148
-43
40
9
-95
-182
-233
-211
-150
-97
-41
57
226
370
426
390
353
436
591
657
481
244
154
202
186
31
-88
-117
-92
-83
-49
-62
-192
-378
-427
-333
-276
-338
-424
-413
-366
-309
-237
-107
-26
-57
-173
-243
-250
-277
-343
-388
-343
-278
-242
-242
-268
-312
-364
-368
-310
-223
-149
-95
-13
88
139
112
126
238
337
267
137
149
336
515
575
557
537
537
575
649
700
640
474
330
306
394
495
539
507
415
284
158
53
-40
-125
-171
-178
-196
-252
-302
-295
-249
-193
-134
-75
-52
-86
-135
-134
-61
52
147
159
72
-75
-165
-139
-58
-43
-138
-251
-330
-368
-383
-341
-283
-274
-295
-249
-111
-12
-16
-37
30
175
290
376
431
463
446
407
395
375
314
188
54
-37
-67
-41
-16
-25
-109
-233
-325
-350
-316
-297
-314
-354
-401
-463
-518
-518
-421
-297
-205
-206
-245
-288
-299
-273
-215
-98
33
128
146
113
89
60
44
25
30
41
59
61
26
-20
-47
-23
22
48
47
21
-11
-46
-73
-71
-15
101
227
309
326
308
303
318
344
360
366
368
332
246
123
18
-61
-121
-151
-156
-120
-92
-103
-207
-373
-517
-581
-569
-524
-434
-288
-111
21
92
141
236
370
482
533
536
522
515
525
534
509
439
336
205
75
-20
-55
-61
-78
-76
-47
-3
-1
-2
30
109
189
255
298
320
312
312
339
385
412
391
326
222
120
43
9
-34
-116
-241
-380
-516
-658
-786
-869
-870
-812
-738
-694
-698
-712
-695
-605
-476
-342
-224
-114
-1
116
251
401
538
618
642
636
631
620
589
529
457
398
341
252
139
65
98
199
283
250
135
-12
-123
-203
-232
-189
-100
-46
-74
-159
-230
-249
-206
-120
-42
-21
-78
-160
-240
-291
-340
-363
-379
-420
-526
-671
-777
-795
-740
-663
-576
-478
-403
-411
-504
-586
-567
-419
-208
2
180
318
434
537
652
793
939
1036
1029
914
725
533
406
354
327
287
236
204
164
94
-6
-93
-146
-182
-199
-192
-124
-18
73
109
110
121
119
90
40
23
65
142
212
219
150
42
-35
-57
-61
-135
-268
-384
-402
-349
-321
-367
-481
-586
-656
-669
-649
-611
-582
-540
-460
-320
-152
8
143
273
382
422
388
333
335
377
432
449
427
367
307
262
226
193
173
204
293
429
560
612
575
486
438
435
457
459
448
456
482
506
474
374
259
194
189
179
104
-30
-171
-275
-356
-454
-589
-739
-865
-950
-982
-953
-898
-865
-876
-876
-837
-781
-743
-711
-625
-478
-315
-183
-58
75
207
303
370
406
410
396
386
389
379
351
322
334
361
379
339
285
270
325
414
485
544
568
585
577
586
588
585
573
589
632
662
636
557
459
364
271
179
100
26
-59
-192
-364
-531
-636
-688
-734
-798
-852
-880
-901
-925
-943
-935
-898
-834
-755
-684
-639
-621
-613
-589
-536
-460
-398
-351
-322
-277
-221
-163
-128
-119
-105
-67
-4
42
78
93
98
92
106
174
294
445
586
692
728
715
677
663
667
665
640
621
657
731
787
770
720
686
694
674
593
459
301
115
-113
-346
-528
-620
-642
-644
-650
-647
-604
-517
-403
-310
-277
-318
-375
-397
-372
-350
-380
-447
-505
-511
-471
-405
-332
-266
-218
-178
-133
-110
-124
-152
-126
-43
44
76
66
52
58
89
140
205
263
305
336
371
430
493
533
538
546
581
636
669
666
639
609
598
619
675
724
721
631
486
348
300
344
417
448
427
402
390
360
278
160
72
52
77
119
167
208
202
135
53
-4
-28
-46
-65
-105
-183
-303
-448
-603
-775
-958
-1124
-1254
-1340
-1419
-1514
-1633
-1717
-1703
-1606
-1481
-1400
-1342
-1286
-1213
-1114
-988
-852
-756
-685
-582
-418
-250
-137
-78
-16
60
143
229
313
391
451
509
577
666
755
818
867
944
1077
1236
1391
1522
1619
1669
1697
1732
1759
1734
1652
1576
1555
1579
1610
1604
1565
1477
1342
1168
968
756
536
323
103
-132
-384
-645
-936
-1273
-1638
-1973
-2228
-2388
-2463
-2489
-2487
-2449
-2335
-2156
-1978
-1861
-1791
-1709
-1582
-1447
-1355
-1341
-1370
-1385
-1328
-1223
-1119
-1070
-1042
-992
-896
-756
-583
-375
-168
25
208
419
666
924
1173
1386
1554
1665
1761
1874
2027
2196
2367
2517
2613
2654
2648
2642
2633
2600
2524
2437
2380
2358
2326
2243
2134
2026
1912
1743
1512
1286
1128
1043
980
877
725
558
410
256
42
-246
-573
-889
-1199
-1520
-1859
-2181
-2447
-2644
-2812
-3007
-3199
-3294
-3240
-3087
-2924
-2779
-2624
-2446
-2249
-2071
-1945
-1871
-1831
-1770
-1670
-1534
-1392
-1257
-1117
-971
-836
-731
-637
-509
-326
-126
12
62
93
190
379
595
744
773
717
678
723
818
889
930
985
1091
1224
1365
1487
1588
1681
1789
1922
2054
2144
2177
2155
2118
2083
2025
1923
1776
1626
1470
1291
1084
890
738
623
521
413
305
177
14
-168
-326
-432
-516
-591
-628
-593
-505
-462
-506
-621
-754
-887
-1025
-1174
-1349
-1540
-1733
-1905
-2041
-2115
-2112
-2034
-1922
-1795
-1642
-1458
-1268
-1116
-1006
-924
-868
-834
-791
-715
-611
-519
-469
-464
-484
-489
-441
-355
-262
-184
-102
-23
45
124
241
391
516
592
643
720
840
960
1031
1038
1030
1045
1095
1186
1328
1501
1654
1749
1808
1870
1952
2050
2148
2220
2237
2209
2167
2128
2077
1980
1846
1694
1555
1430
1281
1073
818
578
384
232
93
-47
-181
-296
-372
-414
-444
-495
-570
-658
-759
-906
-1111
-1357
-1610
-1875
-2170
-2485
-2760
-2918
-2957
-2919
-2856
-2770
-2632
-2419
-2149
-1865
-1627
-1455
-1336
-1227
-1115
-1006
-919
-852
-774
-674
-559
-465
-418
-408
-381
-309
-207
-120
-82
-54
21
191
426
647
814
945
1098
1270
1406
1463
1451
1425
1409
1409
1403
1398
1405
1430
1470
1508
1554
1611
1663
1678
1635
1544
1427
1285
1122
946
778
623
487
376
272
152
-8
-178
-337
-481
-617
-758
-872
-922
-890
-797
-697
-633
-641
-707
-790
-826
-803
-760
-747
-799
-889
-983
-1055
-1105
-1156
-1219
-1306
-1378
-1380
-1274
-1083
-868
-653
-434
-206
-2
151
232
236
189
134
93
41
-28
-81
-97
-101
-115
-117
-86
-45
-15
-6
19
82
182
281
348
394
459
556
649
690
670
615
569
558
575
590
572
534
515
556
647
771
878
950
990
1036
1108
1214
1312
1350
1303
1191
1083
990
909
815
735
712
752
817
821
728
573
430
345
287
237
185
148
117
99
110
135
138
102
34
-60
-168
-262
-316
-356
-427
-554
-720
-902
-1071
-1231
-1402
-1608
-1813
-1956
-1987
-1906
-1758
-1594
-1451
-1351
-1301
-1285
-1269
-1214
-1134
-1051
-988
-942
-919
-935
-996
-1087
-1132
-1065
-887
-690
-556
-486
-420
-329
-222
-134
-70
-9
90
226
353
441
491
531
563
581
595
608
635
677
742
806
846
873
927
1027
1133
1199
1211
1193
1165
1124
1069
991
905
819
744
683
639
612
598
603
643
703
755
775
770
734
673
615
608
656
709
728
712
682
638
571
482
379
259
134
21
-67
-155
-286
-485
-725
-943
-1109
-1223
-1302
-1350
-1368
-1382
-1412
-1447
-1450
-1403
-1342
-1313
-1321
-1335
-1322
-1302
-1291
-1294
-1298
-1289
-1264
-1223
-1176
-1131
-1081
-1020
-941
-855
-779
-713
-635
-518
-370
-225
-99
42
239
489
729
908
1018
1097
1184
1281
1376
1459
1543
1640
1747
1864
2001
2141
2231
2234
2183
2148
2143
2124
2063
1982
1891
1774
1643
1532
1455
1373
1270
1161
1068
972
865
756
669
610
548
459
347
243
156
66
-35
-141
-243
-344
-461
-601
-764
-942
-1144
-1384
-1668
-1961
-2216
-2419
-2580
-2727
-2864
-2984
-3066
-3097
-3084
-3043
-2982
-2892
-2771
-2635
-2496
-2358
-2225
-2095
-1971
-1824
-1631
-1392
-1148
-945
-803
-701
-608
-499
-354
-162
48
229
367
507
678
856
993
1099
1218
1349
1454
1511
1545
1601
1674
1747
1803
1874
1997
2164
2318
2401
2400
2330
2221
2123
2066
2041
2005
1946
1902
1896
1890
1807
1608
1342
1090
898
761
661
594
550
510
441
333
199
88
32
25
15
-38
-123
-202
-245
-266
-292
-359
-485
-671
-886
-1095
-1263
-1386
-1465
-1503
-1525
-1577
-1711
-1916
-2118
-2233
-2244
-2220
-2214
-2216
-2185
-2093
-1954
-1793
-1634
-1477
-1316
-1166
-1045
-954
-865
-769
-670
-571
-460
-339
-226
-130
-52
27
118
225
340
430
490
546
656
830
1007
1114
1145
1168
1247
1372
1518
1671
1831
1977
2077
2129
2145
2144
2128
2093
2051
1998
1931
1844
1760
1702
1651
1575
1468
1356
1241
1093
900
705
519
286
-81
-529
-840
-825
-543
-290
-311
-611
-968
-1127
-963
-616
-422
-612
-1077
-1470
-1570
-1436
-1280
-1213
-1194
-1150
-1097
-1144
-1371
-1719
-2035
-2204
-2257
-2275
-2290
-2271
-2184
-2034
-1843
-1640
-1457
-1298
-1145
-977
-793
-608
-430
-286
-194
-171
-181
-165
-83
51
204
350
479
598
707
805
874
913
942
986
1053
1139
1239
1323
1341
1279
1192
1154
1201
1303
1401
1461
1488
1506
1517
1505
1475
1451
1446
1425
1350
1239
1149
1123
1133
1125
1050
937
840
790
748
669
548
434
372
346
281
110
-132
-347
-486
-583
-694
-823
-944
-1025
-1065
-1126
-1283
-1529
-1722
-1743
-1604
-1462
-1454
-1647
-1946
-2178
-2165
-1963
-1825
-1960
-2306
-2536
-2388
-1848
-1197
-738
-624
-738
-838
-755
-526
-315
-207
-193
-201
-221
-192
-70
151
377
517
533
442
302
186
171
247
383
545
753
1004
1258
1454
1587
1698
1830
1981
2132
2256
2364
2475
2613
2760
2873
2912
2880
2822
2778
2753
2685
2533
2298
2030
1754
1474
1180
899
670
509
368
191
-22
-233
-421
-641
-972
-1457
-2029
-2544
-2891
-3042
-3056
-3001
-2931
-2866
-2803
-2737
-2678
-2628
-2546
-2401
-2221
-2080
-2004
-1961
-1903
-1815
-1690
-1521
-1316
-1129
-1023
-1012
-1035
-1024
-965
-915
-939
-1055
-1202
-1284
-1228
-1029
-738
-409
-99
173
412
675
991
1342
1676
1967
2251
2573
2931
3296
3639
3943
4145
4159
3970
3662
3363
3124
2944
2797
2649
2485
2287
2059
1775
1414
1012
666
429
232
-54
-465
-942
-1408
-1844
-2218
-2484
-2655
-2811
-2989
-3139
-3203
-3162
-3044
-2865
-2651
-2439
-2257
-2096
-1933
-1722
-1440
-1059
-596
-60
496
1011
1413
1672
1766
1663
1376
975
536
61
-470
-1032
-1548
-1957
-2233
-2367
-2350
-2208
-1977
-1704
-1391
-1045
-695
-400
-176
8
185
377
615
950
1415
1990
2612
3184
3607
3848
3951
3987
3947
3764
3378
2833
2240
1726
1359
1148
1049
986
900
789
652
448
166
-109
-249
-263
-297
-499
-901
-1415
-1913
-2290
-2538
-2696
-2790
-2768
-2602
-2325
-2029
-1768
-1534
-1286
-1000
-727
-535
-453
-418
-349
-181
79
419
818
1271
1750
2214
2588
2789
2748
2447
1908
1174
292
-657
-1560
-2308
-2871
-3269
-3513
-3580
-3464
-3195
-2842
-2466
-2106
-1784
-1524
-1337
-1183
-982
-664
-219
319
913
1518
2075
2539
2925
3279
3603
3830
3878
3737
3466
3145
2802
2439
2046
1632
1213
820
479
202
-17
-194
-338
-455
-548
-623
-690
-764
-854
-962
-1048
-1079
-1077
-1126
-1277
-1501
-1742
-1957
-2136
-2274
-2340
-2300
-2157
-1963
-1780
-1629
-1499
-1362
-1203
-1028
-849
-660
-435
-162
162
532
937
1349
1738
2063
2272
2326
2232
2026
1721
1295
738
91
-566
-1167
-1651
-1999
-2215
-2311
-2261
-2020
-1586
-1057
-554
-129
238
577
883
1136
1348
1527
1691
1865
2098
2397
2731
3029
3264
3426
3533
3568
3524
3366
3053
2567
1941
1250
543
-117
-682
-1120
-1461
-1720
-1890
-1975
-2024
-2085
-2153
-2195
-2177
-2086
-1952
-1831
-1759
-1725
-1699
-1666
-1635
-1615
-1586
-1515
-1375
-1161
-899
-642
-449
-342
-295
-285
-305
-380
-487
-578
-586
-493
-318
-91
160
442
773
1174
1605
1974
2198
2273
2242
2148
1968
1669
1264
790
288
-240
-766
-1217
-1522
-1662
-1650
-1494
-1195
-789
-365
7
289
485
603
677
734
793
858
937
1042
1184
1380
1635
1950
2277
2563
2748
2806
2723
2484
2067
1464
712
-124
-970
-1777
-2486
-3044
-3405
-3545
-3472
-3242
-2956
-2686
-2451
-2250
-2094
-1974
-1853
-1691
-1478
-1207
-867
-456
-1
453
876
1270
1644
1973
2203
2287
2224
2029
1709
1261
718
157
-323
-677
-912
-1048
-1099
-1076
-990
-850
-651
-410
-164
28
119
115
90
111
177
237
251
223
170
105
37
-35
-106
-161
-182
-152
-75
41
164
266
318
313
265
200
156
159
218
300
373
433
500
587
689
799
892
927
865
711
494
250
-4
-257
-512
-761
-972
-1112
-1183
-1199
-1155
-1028
-850
-690
-591
-528
-452
-353
-261
-186
-86
108
425
805
1161
1461
1733
1982
2162
2240
2226
2152
2032
1863
1660
1428
1181
944
737
554
380
228
131
87
62
21
-60
-194
-365
-529
-647
-735
-831
-958
-1075
-1142
-1144
-1094
-1018
-933
-857
-799
-752
-697
-623
-536
-447
-357
-274
-221
-223
-308
-466
-670
-884
-1094
-1288
-1445
-1553
-1608
-1626
-1627
-1623
-1590
-1485
-1301
-1095
-948
-892
-904
-936
-984
-1066
-1161
-1194
-1090
-840
-514
-180
139
455
769
1041
1199
1220
1156
1103
1103
1129
1138
1130
1155
1247
1412
1606
1803
1999
2193
2362
2455
2450
2352
2208
2036
1831
1581
1305
1053
857
724
642
597
572
566
575
572
497
315
51
-225
-473
-720
-978
-1209
-1369
-1474
-1575
-1674
-1730
-1710
-1623
-1498
-1374
-1285
-1238
-1213
-1178
-1136
-1119
-1151
-1227
-1307
-1364
-1383
-1365
-1314
-1242
-1158
-1057
-930
-785
-630
-476
-336
-249
-223
-203
-131
-14
92
167
261
416
637
877
1080
1217
1305
1374
1442
1480
1461
1386
1291
1203
1127
1079
1089
1175
1304
1421
1485
1510
1534
1578
1629
1632
1573
1489
1426
1388
1330
1214
1049
889
801
800
840
851
795
672
508
330
133
-101
-365
-620
-829
-996
-1132
-1233
-1298
-1343
-1397
-1478
-1573
-1655
-1712
-1767
-1837
-1925
-2010
-2065
-2063
-1992
-1884
-1779
-1698
-1637
-1585
-1538
-1471
-1361
-1217
-1080
-986
-917
-842
-751
-674
-626
-597
-577
-557
-521
-431
-268
-60
137
276
358
413
474
555
632
678
705
756
841
920
972
989
992
998
1039
1130
1230
1301
1322
1308
1258
1168
1054
961
923
932
959
997
1048
1099
1116
1071
962
827
711
632
572
502
424
351
271
171
60
-30
-89
-141
-214
-308
-402
-479
-550
-641
-730
-786
-802
-824
-870
-916
-927
-901
-855
-789
-694
-578
-481
-440
-446
-471
-505
-561
-614
-618
-558
-464
-377
-312
-279
-268
-272
-275
-284
-330
-413
-506
-557
-544
-478
-384
-269
-113
97
350
598
794
923
1012
1078
1118
1132
1149
1207
1300
1394
1463
1496
1505
1500
1494
1481
1428
1307
1109
865
609
363
148
8
-33
-2
51
90
117
136
151
160
176
202
219
179
36
-193
-443
-655
-823
-965
-1065
-1092
-1042
-965
-927
-964
-1055
-1154
-1224
-1251
-1234
-1197
-1166
-1166
-1190
-1209
-1196
-1146
-1087
-1042
-1000
-920
-785
-623
-463
-312
-184
-119
-140
-207
-279
-343
-414
-476
-503
-478
-394
-252
-74
107
257
350
395
409
421
437
442
422
372
321
285
260
236
219
241
322
460
635
824
985
1075
1075
1007
910
797
668
542
452
413
420
457
508
561
622
690
759
804
801
765
729
705
666
578
439
263
85
-55
-145
-210
-261
-257
-169
-51
9
-13
-73
-140
-222
-332
-445
-520
-529
-479
-403
-341
-293
-232
-145
-62
-15
-6
-24
-65
-135
-246
-399
-584
-768
-907
-969
-940
-830
-675
-498
-299
-96
60
112
70
-4
-60
-108
-168
-216
-210
-146
-76
-40
-29
-13
21
67
124
190
252
301
332
358
375
369
343
308
272
217
139
62
30
62
135
210
263
308
348
374
353
293
213
126
48
-6
-36
-73
-123
-136
-63
80
236
363
460
516
536
548
575
618
659
681
669
613
525
434
369
368
420
476
472
408
318
218
101
-36
-182
-349
-545
-759
-928
-1006
-996
-958
-930
-886
-800
-694
-618
-590
-607
-670
-762
-853
-917
-966
-1012
-1054
-1086
-1114
-1137
-1148
-1133
-1091
-1029
-938
-818
-677
-549
-458
-413
-404
-401
-383
-348
-304
-261
-205
-124
-29
63
146
220
291
362
451
557
666
744
771
748
692
630
587
575
596
643
721
819
930
1043
1164
1284
1378
1432
1437
1401
1346
1308
1277
1220
1152
1120
1146
1190
1217
1220
1214
1195
1150
1058
915
739
550
352
147
-32
-143
-176
-159
-127
-87
-48
-35
-66
-130
-197
-256
-309
-384
-519
-750
-1058
-1376
-1648
-1852
-1985
-2060
-2095
-2118
-2116
-2071
-1964
-1817
-1668
-1545
-1464
-1409
-1344
-1245
-1116
-981
-825
-634
-411
-185
29
216
361
460
526
576
615
650
685
709
691
632
571
552
581
628
685
759
863
994
1141
1265
1313
1262
1139
1006
888
790
692
584
481
421
438
523
645
764
853
908
923
907
845
727
537
294
34
-211
-413
-540
-573
-505
-386
-272
-204
-205
-252
-318
-372
-433
-525
-658
-803
-944
-1078
-1204
-1327
-1451
-1563
-1625
-1600
-1486
-1321
-1139
-965
-825
-742
-710
-706
-715
-747
-792
-817
-797
-738
-666
-594
-492
-323
-84
174
350
417
418
441
505
562
561
487
383
293
250
246
277
349
464
592
704
822
978
1154
1295
1370
1382
1340
1255
1147
1043
975
953
975
1019
1076
1144
1217
1267
1279
1243
1169
1092
1039
996
915
769
596
441
321
220
141
91
47
-21
-119
-233
-360
-495
-624
-744
-864
-998
-1111
-1169
-1181
-1183
-1179
-1135
-1054
-974
-926
-900
-864
-807
-730
-651
-615
-631
-679
-716
-715
-678
-624
-590
-593
-606
-605
-593
-599
-617
-613
-558
-451
-303
-138
10
110
156
155
109
35
-27
-31
21
88
121
103
47
-15
-35
-1
79
181
295
411
521
616
689
736
738
685
609
575
612
683
741
787
831
854
828
760
679
594
516
456
430
430
424
367
240
74
-81
-199
-282
-330
-342
-336
-337
-340
-338
-316
-291
-279
-296
-328
-348
-360
-405
-514
-671
-818
-923
-983
-1014
-1025
-1010
-972
-890
-762
-613
-484
-395
-311
-204
-92
-16
25
66
129
189
205
162
93
43
42
88
153
224
293
364
423
458
472
475
468
446
413
379
359
356
357
339
307
288
316
384
458
490
467
405
325
235
138
51
1
-26
-61
-123
-209
-301
-371
-378
-313
-210
-120
-61
-13
51
140
235
297
302
262
206
144
72
11
-9
21
90
185
308
442
549
592
557
461
361
316
334
368
359
299
226
186
200
254
306
327
310
276
239
189
115
24
-70
-174
-299
-437
-552
-629
-682
-714
-713
-674
-614
-549
-493
-444
-409
-400
-415
-446
-482
-520
-553
-560
-523
-452
-378
-328
-299
-276
-251
-214
-177
-151
-139
-115
-94
-116
-195
-285
-334
-348
-340
-294
-185
-31
122
237
304
326
325
326
337
332
299
270
272
292
278
242
220
220
217
192
173
189
241
286
298
297
317
348
360
352
345
339
321
315
342
387
418
437
464
496
503
463
382
291
221
191
192
190
153
81
5
-42
-52
-46
-43
-53
-73
-119
-194
-300
-412
-507
-575
-618
-651
-692
-760
-841
-896
-898
-866
-842
-857
-896
-931
-927
-879
-797
-703
-616
-539
-467
-388
-288
-170
-50
53
133
182
195
180
163
168
197
229
245
258
284
309
312
292
264
246
243
272
339
430
520
606
687
743
763
749
720
694
683
693
703
693
652
597
551
516
482
444
421
420
424
431
435
435
405
339
259
185
121
57
-12
-75
-123
-157
-166
-135
-76
-22
-11
-61
-164
-286
-380
-436
-489
-571
-651
-672
-617
-541
-508
-530
-570
-601
-623
-629
-616
-589
-561
-548
-547
-557
-568
-570
-557
-526
-476
-406
-313
-203
-103
-28
24
89
168
245
309
363
410
420
399
379
401
479
565
599
560
503
486
505
508
471
418
376
355
335
294
240
199
182
175
170
161
116
10
-138
-266
-336
-352
-350
-350
-360
-380
-384
-363
-326
-321
-368
-437
-470
-448
-403
-372
-360
-346
-303
-228
-147
-87
-71
-89
-125
-160
-172
-158
-115
-68
-26
7
36
48
41
27
17
-1
-25
-36
-11
43
87
86
52
23
25
46
54
42
24
28
61
124
187
210
186
149
137
143
141
118
99
109
155
227
294
332
337
353
416
518
582
561
474
372
270
163
60
-8
-34
-53
-84
-108
-85
-3
92
150
144
94
63
91
170
234
237
173
64
-74
-212
-316
-366
-368
-346
-313
-276
-228
-183
-160
-157
-147
-115
-90
-85
-78
-40
14
52
80
116
165
200
215
235
275
314
325
315
320
349
368
344
290
247
236
249
263
267
265
259
246
208
136
47
-11
-1
62
126
159
153
120
76
52
60
90
113
108
62
-28
-151
-280
-388
-474
-552
-638
-703
-724
-696
-661
-673
-742
-817
-820
-755
-707
-756
-867
-942
-917
-814
-702
-636
-626
-637
-629
-596
-567
-568
-581
-571
-526
-470
-424
-390
-353
-303
-234
-150
-67
0
47
87
117
136
152
204
317
456
576
662
741
831
905
936
921
890
858
825
776
711
651
630
658
720
789
835
837
795
735
692
677
672
643
579
513
483
503
537
561
576
587
582
557
528
490
415
282
128
3
-89
-182
-289
-382
-438
-453
-452
-459
-486
-509
-493
-428
-356
-319
-315
-312
-293
-282
-297
-338
-393
-449
-491
-503
-488
-458
-431
-422
-439
-462
-464
-433
-384
-336
-313
-339
-408
-471
-490
-457
-397
-333
-265
-200
-137
-85
-53
-38
-30
-15
15
66
143
235
331
414
479
511
506
475
439
399
360
328
311
298
262
200
134
96
100
125
137
126
109
106
104
91
64
33
5
-10
-7
3
-17
-78
-158
-245
-338
-446
-531
-562
-547
-533
-573
-649
-724
-755
-736
-671
-572
-433
-254
-74
62
126
125
64
-24
-84
-82
-43
-10
16
51
89
89
37
-55
-145
-190
-175
-122
-71
-39
-16
23
92
173
224
242
268
331
398
427
429
434
450
471
508
