64
93
115
110
65
-6
-67
-86
-58
0
61
83
47
-13
-44
-35
-45
-109
-202
-284
-332
-354
-348
-327
-309
-284
-222
-108
9
67
68
77
138
227
293
310
278
221
148
67
-20
-86
-108
-88
-59
-36
-8
39
86
99
86
83
100
110
75
15
-29
-9
87
226
353
419
441
440
428
411
407
447
523
594
625
608
553
449
312
188
117
74
13
-66
-132
-167
-184
-184
-184
-200
-228
-204
-100
44
143
164
135
121
154
227
308
350
333
274
215
182
185
234
297
312
239
101
-50
-191
-294
-319
-257
-163
-110
-121
-158
-158
-90
38
160
210
161
55
-41
-97
-126
-148
-151
-118
-61
-36
-78
-190
-333
-452
-508
-491
-428
-355
-315
-312
-338
-372
-420
-493
-567
-605
-584
-512
-416
-333
-296
-319
-367
-388
-367
-327
-293
-258
-208
-143
-88
-70
-95
-131
-147
-149
-165
-198
-221
-217
-211
-258
-356
-446
-455
-360
-200
-25
129
249
325
348
310
263
268
353
471
573
636
649
615
544
458
374
305
266
243
202
126
42
-20
-56
-97
-161
-228
-275
-283
-269
-235
-189
-133
-78
-25
27
69
91
101
117
130
133
147
202
280
322
294
212
111
22
-27
-30
-14
-27
-63
-84
-64
-26
6
44
95
141
140
98
48
42
81
151
227
309
384
421
415
394
408
477
589
690
727
678
587
506
445
374
291
242
258
311
332
317
293
292
302
332
390
461
498
475
411
346
304
286
267
221
149
71
2
-64
-132
-208
-280
-344
-400
-438
-446
-422
-385
-369
-382
-415
-446
-462
-460
-460
-479
-509
-524
-504
-469
-433
-397
-360
-337
-351
-397
-438
-457
-458
-481
-520
-556
-587
-644
-760
-881
-918
-832
-690
-585
-545
-542
-532
-493
-411
-303
-202
-126
-66
-25
-10
-7
12
39
47
20
-28
-71
-97
-117
-165
-236
-288
-278
-217
-137
-60
-4
12
6
28
88
142
158
165
212
298
380
406
373
323
302
347
457
593
681
677
595
519
509
563
624
643
603
508
391
293
233
191
145
105
85
89
115
171
250
321
373
416
453
449
397
332
301
312
335
346
342
335
328
319
298
243
175
129
134
159
164
125
44
-55
-156
-234
-281
-295
-284
-264
-251
-239
-209
-160
-107
-73
-39
11
66
88
44
-47
-133
-152
-118
-76
-59
-63
-77
-95
-107
-115
-156
-246
-356
-452
-532
-604
-634
-596
-519
-459
-433
-407
-359
-288
-203
-125
-65
-9
70
179
270
293
256
201
172
157
134
89
35
-10
-52
-95
-131
-133
-102
-80
-115
-194
-257
-267
-250
-243
-248
-257
-280
-319
-343
-335
-292
-225
-138
-45
12
17
-16
-59
-93
-107
-91
-40
19
73
107
122
111
85
68
62
68
92
152
223
257
237
192
161
162
196
245
287
318
358
394
401
371
329
309
333
392
437
420
358
307
297
311
316
300
269
232
183
107
20
-24
12
89
129
92
5
-88
-170
-240
-274
-249
-184
-129
-119
-158
-233
-310
-344
-324
-299
-304
-316
-308
-293
-312
-367
-446
-518
-546
-490
-374
-264
-208
-211
-248
-302
-342
-351
-321
-264
-210
-159
-90
11
110
161
169
164
168
159
140
130
157
235
341
433
479
485
474
447
392
312
242
209
209
215
214
214
209
195
176
154
154
176
207
214
178
134
129
192
281
336
319
241
133
41
11
56
128
161
124
31
-89
-221
-354
-463
-521
-529
-519
-519
-522
-495
-425
-362
-347
-362
-366
-358
-369
-380
-346
-265
-182
-113
-46
37
117
164
173
167
190
228
234
176
98
66
97
145
161
157
169
214
264
298
320
347
383
427
466
483
468
433
404
382
340
268
195
169
200
252
277
239
159
77
31
10
-6
-7
21
55
43
-36
-166
-292
-371
-365
-301
-244
-258
-345
-458
-553
-602
-585
-511
-434
-402
-440
-529
-633
-715
-760
-763
-728
-650
-551
-470
-429
-405
-356
-284
-228
-207
-195
-171
-134
-113
-119
-124
-93
-16
48
58
26
5
24
68
131
208
277
305
285
252
236
247
275
316
374
455
545
588
550
448
348
302
304
337
386
440
470
453
406
375
372
388
402
413
426
424
405
384
379
378
359
326
281
221
125
3
-123
-224
-299
-348
-381
-415
-450
-481
-512
-544
-565
-551
-502
-443
-392
-360
-326
-265
-174
-74
-4
37
52
57
62
73
88
109
140
158
137
97
94
146
209
249
275
319
377
424
459
492
520
529
527
540
580
626
648
633
583
511
435
371
326
277
209
124
36
-52
-147
-242
-331
-393
-417
-404
-406
-470
-589
-702
-757
-763
-744
-725
-711
-706
-695
-675
-680
-726
-791
-835
-855
-856
-824
-759
-688
-647
-630
-609
-564
-497
-419
-348
-299
-284
-286
-272
-212
-119
-54
-36
-44
-32
10
82
184
289
360
361
313
271
293
369
454
506
535
542
521
462
394
350
340
366
408
444
462
488
524
547
536
509
512
565
645
698
668
577
476
420
395
363
312
261
240
237
251
287
356
425
444
393
281
132
-24
-148
-203
-182
-109
-21
55
95
81
29
7
78
216
323
335
254
120
-43
-190
-268
-274
-262
-290
-365
-460
-543
-598
-613
-596
-559
-507
-439
-370
-321
-296
-279
-235
-156
-76
-26
8
62
119
126
65
-21
-94
-141
-150
-117
-80
-89
-150
-211
-232
-218
-196
-195
-212
-234
-254
-287
-346
-407
-420
-366
-266
-152
-70
-46
-70
-85
-53
9
61
99
140
169
163
135
140
197
269
318
314
273
197
100
-4
-112
-223
-337
-422
-461
-450
-415
-381
-366
-360
-326
-237
-113
-1
84
172
277
377
436
455
455
446
423
387
343
286
221
156
93
23
-57
-122
-151
-138
-104
-75
-60
-39
11
71
106
126
160
230
309
383
437
461
465
468
487
510
528
538
520
455
342
199
59
-67
-185
-289
-367
-404
-419
-425
-418
-403
-402
-419
-390
-288
-129
8
85
93
58
20
3
26
58
67
32
-21
-58
-81
-115
-170
-215
-222
-198
-198
-266
-371
-431
-390
-283
-187
-147
-153
-177
-206
-234
-241
-202
-101
35
152
207
204
184
172
177
195
209
191
119
41
5
23
42
30
-8
-45
-50
-14
51
100
106
80
63
85
132
161
146
98
48
29
59
138
245
346
411
422
379
308
238
200
192
195
183
127
35
-67
-146
-186
-187
-144
-78
-27
-9
-14
-6
35
98
162
199
206
188
149
75
-32
-126
-156
-124
-74
-27
11
32
11
-36
-52
-17
40
73
73
54
10
-50
-112
-153
-156
-125
-75
-52
-81
-129
-162
-180
-215
-261
-299
-305
-285
-255
-225
-204
-189
-190
-220
-282
-351
-382
-359
-298
-230
-179
-165
-184
-193
-150
-46
80
195
283
342
359
323
262
207
196
221
236
193
109
31
13
30
40
9
-46
-87
-98
-91
-102
-156
-240
-323
-372
-371
-324
-245
-169
-126
-127
-135
-106
-34
41
97
141
184
217
216
162
63
-48
-121
-125
-64
20
82
91
48
-8
-20
45
161
265
327
350
363
380
398
403
401
401
407
413
433
466
486
454
383
324
320
346
342
282
197
129
104
129
193
256
275
237
167
103
63
35
-9
-67
-104
-96
-51
1
49
91
122
135
132
124
113
99
61
0
-71
-129
-170
-193
-229
-317
-465
-625
-719
-724
-682
-663
-688
-727
-752
-759
-754
-744
-719
-686
-628
-537
-425
-310
-216
-138
-94
-90
-100
-97
-99
-159
-297
-457
-546
-526
-406
-244
-92
-2
12
-16
-45
-75
-115
-121
-35
126
290
398
451
461
428
396
404
480
586
665
686
663
642
659
716
785
839
861
818
705
550
414
341
324
343
373
402
405
365
285
174
37
-111
-237
-310
-339
-368
-429
-521
-616
-673
-664
-605
-543
-519
-538
-586
-625
-608
-514
-372
-258
-218
-220
-202
-149
-108
-117
-166
-234
-304
-361
-382
-371
-327
-256
-172
-114
-108
-119
-97
-41
15
49
70
102
138
184
226
260
280
289
309
348
415
487
536
537
492
417
344
304
321
377
435
454
433
410
402
397
367
320
304
347
408
395
279
131
50
79
171
273
341
359
322
248
169
113
88
91
103
113
108
66
-34
-175
-313
-407
-454
-468
-472
-470
-456
-432
-415
-432
-478
-520
-527
-504
-476
-461
-454
-461
-445
-391
-294
-206
-149
-95
-2
117
206
236
227
226
244
261
236
174
109
86
113
161
177
144
73
-1
-55
-72
-42
17
61
49
-12
-79
-97
-49
55
169
228
216
173
149
146
138
141
191
288
378
403
352
267
184
94
-26
-169
-282
-333
-336
-337
-363
-414
-476
-527
-546
-541
-540
-547
-534
-482
-427
-409
-419
-429
-431
-430
-399
-324
-245
-226
-274
-324
-309
-228
-132
-73
-49
-23
17
59
82
90
81
49
-1
-57
-109
-134
-100
-15
63
90
81
73
66
62
77
107
147
212
325
448
510
484
413
356
342
358
378
388
397
423
474
550
627
682
703
701
683
647
601
557
522
496
466
423
356
268
181
110
65
29
10
16
32
23
-41
-132
-214
-255
-248
-193
-113
-62
-85
-169
-251
-296
-313
-324
-324
-329
-349
-381
-397
-398
-379
-335
-248
-168
-146
-180
-197
-142
-42
41
63
70
107
183
241
240
178
113
123
221
351
448
516
599
705
807
887
952
1025
1126
1244
1335
1335
1241
1100
962
828
666
457
179
-185
-654
-1175
-1640
-1957
-2141
-2277
-2451
-2686
-2920
-3025
-2914
-2632
-2318
-2070
-1886
-1708
-1491
-1231
-970
-769
-656
-591
-489
-304
-55
168
290
305
277
306
424
585
692
698
638
592
612
677
715
679
592
537
570
673
778
843
891
980
1160
1410
1662
1879
2090
2314
2536
2735
2936
3139
3297
3357
3321
3232
3127
3003
2816
2521
2112
1616
1050
399
-313
-1014
-1633
-2144
-2582
-3006
-3443
-3850
-4140
-4260
-4235
-4112
-3941
-3732
-3504
-3253
-2985
-2718
-2482
-2286
-2092
-1831
-1476
-1062
-674
-380
-193
-64
105
355
639
838
892
829
757
767
859
949
939
828
687
581
502
397
227
8
-194
-281
-197
40
321
538
661
759
943
1251
1628
1981
2259
2486
2730
3036
3363
3634
3804
3905
3983
4066
4146
4167
4053
3771
3386
3009
2672
2308
1811
1144
335
-536
-1402
-2219
-2967
-3632
-4204
-4676
-5041
-5280
-5382
-5360
-5237
-5025
-4723
-4333
-3870
-3363
-2864
-2431
-2075
-1766
-1464
-1160
-852
-545
-233
64
324
495
565
550
506
458
383
256
99
-33
-119
-193
-294
-412
-508
-541
-471
-292
-81
52
83
128
305
641
1085
1570
2045
2467
2836
3214
3651
4142
4616
5017
5359
5668
5908
5962
5746
5312
4812
4356
3930
3383
2564
1458
236
-856
-1692
-2349
-3015
-3810
-4699
-5499
-5987
-6057
-5819
-5529
-5385
-5385
-5343
-5074
-4553
-3929
-3391
-3017
-2743
-2442
-2030
-1528
-1050
-687
-415
-132
233
626
902
954
836
757
868
1102
1215
1020
558
67
-189
-114
145
293
152
-183
-418
-337
35
462
734
826
916
1209
1772
2469
3095
3545
3885
4261
4735
5236
5613
5780
5744
5587
5396
5243
5122
4916
4444
3579
2382
1072
-78
-950
-1665
-2481
-3543
-4720
-5690
-6210
-6281
-6139
-6049
-6122
-6233
-6123
-5624
-4838
-4086
-3615
-3397
-3165
-2706
-2033
-1363
-915
-733
-627
-322
289
985
1408
1434
1265
1202
1334
1507
1495
1231
879
672
671
684
475
41
-353
-432
-220
18
74
13
77
410
939
1462
1843
2140
2530
3099
3722
4207
4522
4804
5180
5599
5886
5907
5686
5406
5231
5085
4696
3870
2732
1608
694
-83
-971
-2103
-3386
-4538
-5334
-5785
-6104
-6469
-6837
-7021
-6879
-6473
-5948
-5437
-4983
-4568
-4129
-3630
-3092
-2557
-2032
-1520
-1064
-700
-377
-11
387
699
860
968
1162
1447
1610
1441
968
472
227
235
247
33
-385
-742
-805
-604
-390
-341
-378
-270
99
657
1265
1825
2289
2679
3110
3713
4483
5270
5917
6350
6603
6763
6912
7019
6979
6745
6376
5916
5305
4479
3482
2421
1367
316
-768
-1908
-3063
-4131
-5019
-5730
-6312
-6761
-7004
-7026
-6898
-6675
-6346
-5901
-5392
-4882
-4378
-3890
-3427
-2988
-2539
-2083
-1651
-1232
-783
-321
48
261
368
473
594
651
579
389
183
61
12
-109
-439
-919
-1336
-1514
-1460
-1325
-1237
-1189
-1076
-780
-301
267
834
1368
1909
2496
3151
3833
4488
5062
5554
6007
6473
6945
7288
7371
7188
6921
6698
6437
5938
5100
4025
2883
1794
738
-413
-1741
-3137
-4364
-5265
-5859
-6254
-6558
-6840
-7060
-7056
-6709
-6125
-5589
-5250
-4989
-4571
-3934
-3224
-2635
-2234
-1925
-1548
-1051
-546
-203
-62
-9
105
345
630
799
709
415
101
-94
-222
-443
-828
-1273
-1577
-1650
-1590
-1564
-1628
-1668
-1530
-1154
-604
-8
539
1037
1588
2287
3138
4015
4809
5485
6086
6644
7144
7529
7723
7722
7629
7554
7453
7150
6519
5588
4495
3401
2371
1308
48
-1412
-2816
-3875
-4570
-5112
-5666
-6202
-6617
-6836
-6800
-6515
-6143
-5852
-5634
-5317
-4814
-4203
-3613
-3124
-2756
-2457
-2104
-1604
-1037
-591
-370
-296
-219
-79
76
133
16
-268
-598
-863
-1094
-1390
-1776
-2123
-2321
-2377
-2374
-2356
-2311
-2215
-2021
-1672
-1136
-464
224
860
1514
2290
3165
4009
4750
5415
6039
6616
7134
7565
7857
7985
8011
7955
7725
7205
6408
5467
4513
3593
2615
1439
45
-1376
-2572
-3489
-4260
-5018
-5761
-6387
-6774
-6831
-6574
-6183
-5873
-5683
-5415
-4891
-4162
-3463
-2971
-2660
-2370
-1942
-1335
-659
-117
162
265
422
762
1151
1288
1031
549
151
-23
-106
-323
-799
-1428
-1976
-2255
-2293
-2279
-2346
-2434
-2380
-2074
-1536
-896
-294
225
768
1476
2343
3231
4014
4683
5280
5838
6371
6836
7150
7271
7296
7305
7244
6932
6298
5435
4507
3616
2730
1713
433
-1028
-2398
-3465
-4281
-5014
-5703
-6295
-6725
-6936
-6836
-6465
-6059
-5792
-5549
-5070
-4328
-3534
-2892
-2422
-2057
-1693
-1222
-638
-99
205
309
438
735
1088
1251
1119
790
474
281
135
-143
-666
-1316
-1860
-2149
-2267
-2377
-2521
-2615
-2568
-2376
-2041
-1583
-1046
-499
62
720
1486
2250
2904
3502
4154
4893
5652
6342
6857
7098
7127
7156
7314
7437
7232
6599
5710
4838
4089
3323
2294
918
-573
-1835
-2742
-3485
-4276
-5132
-5887
-6372
-6499
-6294
-5929
-5618
-5428
-5213
-4800
-4196
-3578
-3115
-2822
-2579
-2220
-1665
-1004
-456
-171
-60
134
557
1050
1297
1124
673
233
-7
-92
-251
-639
-1184
-1643
-1883
-1983
-2101
-2283
-2431
-2412
-2147
-1659
-1063
-495
4
515
1142
1899
2697
3455
4148
4782
5361
5885
6341
6687
6897
7034
7166
7238
7076
6590
5850
5018
4197
3372
2417
1221
-124
-1361
-2331
-3150
-3993
-4851
-5568
-6056
-6348
-6485
-6487
-6406
-6288
-6074
-5666
-5079
-4490
-4023
-3620
-3148
-2556
-1904
-1301
-847
-582
-417
-191
191
627
898
889
685
475
353
245
-31
-550
-1189
-1676
-1877
-1903
-1983
-2190
-2389
-2404
-2195
-1834
-1432
-1061
-704
-248
410
1229
2033
2674
3210
3803
4537
5341
6057
6552
6770
6843
6974
7235
7402
7191
6569
5775
5057
4456
3815
2904
1647
219
-1034
-1952
-2686
-3466
-4305
-5041
-5536
-5753
-5730
-5616
-5595
-5676
-5618
-5206
-4519
-3850
-3387
-3062
-2709
-2234
-1661
-1085
-613
-289
-51
225
597
962
1120
966
650
427
373
295
-36
-620
-1245
-1673
-1849
-1910
-2029
-2257
-2470
-2531
-2389
-2090
-1722
-1360
-1007
-538
182
1095
1946
2598
3155
3797
4539
5283
5938
6407
6620
6668
6784
7023
7143
6865
6194
5372
4635
4030
3376
2412
1064
-407
-1633
-2522
-3255
-4028
-4837
-5582
-6142
-6393
-6299
-6028
-5839
-5785
-5661
-5265
-4640
-4001
-3509
-3140
-2782
-2338
-1783
-1166
-602
-197
22
174
410
766
1082
1131
856
446
140
-44
-285
-689
-1161
-1531
-1753
-1890
-2004
-2139
-2291
-2384
-2291
-1970
-1506
-1029
-586
-129
423
1087
1794
2474
3121
3790
4488
5170
5796
6318
6680
6887
7077
7332
7505
7324
6728
5942
5216
4571
3812
2772
1471
149
-971
-1886
-2797
-3807
-4776
-5521
-6005
-6274
-6321
-6195
-6072
-6029
-5890
-5441
-4746
-4071
-3574
-3195
-2795
-2309
-1748
-1191
-733
-426
-213
41
417
823
1032
907
570
320
294
296
53
-467
-997
-1336
-1506
-1643
-1793
-1942
-2088
-2188
-2152
-1920
-1548
-1117
-648
-83
627
1469
2328
3062
3646
4203
4856
5590
6290
6843
7202
7391
7528
7668
7660
7257
6455
5559
4810
4125
3254
2077
652
-858
-2256
-3382
-4260
-5047
-5830
-6521
-6980
-7153
-7064
-6792
-6456
-6154
-5838
-5359
-4671
-3941
-3376
-3006
-2668
-2214
-1625
-1016
-527
-216
-5
241
562
879
1064
1054
888
683
541
403
122
-343
-823
-1151
-1326
-1458
-1586
-1696
-1774
-1794
-1693
-1427
-1043
-623
-222
195
710
1372
2128
2874
3545
4187
4858
5565
6227
6730
7016
7128
7241
7446
7612
7427
6761
5784
4818
4002
3232
2325
1171
-178
-1525
-2630
-3433
-4120
-4886
-5699
-6323
-6615
-6595
-6379
-6085
-5799
-5550
-5224
-4715
-4070
-3494
-3095
-2784
-2397
-1860
-1272
-786
-494
-340
-188
14
195
238
119
-96
-314
-465
-592
-806
-1192
-1648
-2006
-2196
-2270
-2306
-2328
-2357
-2390
-2362
-2139
-1660
-1055
-526
-131
295
946
1822
2727
3480
4095
4746
5542
6388
7057
7405
7500
7566
7740
7928
7841
7268
6268
5136
4161
3385
2600
1541
177
-1204
-2251
-2892
-3412
-4128
-5033
-5839
-6256
-6207
-5816
-5342
-5043
-4980
-4909
-4529
-3818
-3087
-2641
-2491
-2386
-2080
-1546
-989
-652
-580
-571
-410
-106
111
31
-340
-800
-1086
-1115
-1057
-1188
-1571
-1976
-2161
-2139
-2110
-2171
-2243
-2211
-2025
-1655
-1127
-580
-185
96
494
1177
2063
2918
3621
4206
4808
5515
6287
6942
7294
7350
7344
7503
7770
7794
7261
6218
5054
4162
3561
2903
1805
251
-1369
-2600
-3333
-3867
-4554
-5421
-6174
-6518
-6388
-5958
-5493
-5202
-5098
-4943
-4470
-3662
-2835
-2333
-2193
-2124
-1824
-1254
-658
-320
-325
-474
-478
-224
82
137
-161
-616
-941
-1045
-1126
-1448
-2032
-2600
-2887
-2893
-2816
-2806
-2866
-2935
-2907
-2675
-2185
-1565
-1010
-579
-137
480
1279
2145
2968
3729
4484
5279
6100
6805
7205
7248
7164
7272
7630
7862
7485
6412
5106
4136
3614
3108
2100
519
-1182
-2437
-3087
-3486
-4066
-4863
-5526
-5745
-5522
-5080
-4632
-4301
-4102
-3910
-3554
-2960
-2252
-1644
-1277
-1118
-981
-661
-156
286
418
281
173
273
422
315
-153
-767
-1215
-1387
-1462
-1723
-2244
-2796
-3093
-3107
-3055
-3098
-3166
-3130
-2941
-2632
-2230
-1769
-1269
-715
-70
678
1480
2292
3092
3877
4659
5465
6300
7055
7542
7627
7464
7394
7606
7828
7495
6380
4852
3614
2995
2685
2006
532
-1443
-3121
-3905
-4021
-4206
-4916
-5880
-6499
-6445
-5849
-5133
-4656
-4492
-4377
-3976
-3219
-2340
-1648
-1280
-1204
-1214
-1026
-498
162
530
410
3
-299
-297
-121
-111
-524
-1232
-1841
-2058
-2008
-2026
-2309
-2762
-3162
-3352
-3290
-3094
-2949
-2930
-2898
-2633
-2055
-1274
-480
193
727
1263
2012
3017
4077
4936
5568
6148
6806
7429
7747
7653
7372
7293
7522
7650
7102
5744
4105
2924
2420
2087
1166
-572
-2559
-3921
-4316
-4218
-4391
-5093
-5906
-6182
-5690
-4760
-3947
-3549
-3423
-3208
-2652
-1817
-973
-389
-158
-175
-228
-126
180
570
808
702
262
-289
-652
-723
-677
-843
-1362
-2053
-2568
-2733
-2688
-2724
-3028
-3498
-3833
-3784
-3404
-2978
-2743
-2665
-2514
-2078
-1337
-452
354
995
1595
2342
3292
4325
5276
6065
6665
7027
7130
7081
7112
7364
7646
7488
6539
4963
3426
2546
2320
2082
1077
-785
-2781
-3962
-4044
-3658
-3711
-4538
-5593
-6032
-5445
-4234
-3188
-2801
-2881
-2821
-2230
-1216
-266
226
189
-89
-219
-7
449
841
921
606
55
-454
-679
-618
-572
-875
-1609
-2479
-3070
-3184
-2990
-2877
-3109
-3616
-4066
-4134
-3766
-3183
-2705
-2469
-2316
-1942
-1191
-179
827
1636
2257
2852
3568
4433
5374
6266
6972
7348
7327
7034
6780
6864
7216
7348
6662
5054
3135
1797
1445
1555
1116
-482
-2784
-4593
-5036
-4345
-3632
-3816
-4842
-5786
-5745
-4612
-3101
-2115
-1987
-2322
-2411
-1879
-915
-53
276
35
-424
-653
-437
83
529
560
87
-659
-1295
-1563
-1520
-1454
-1657
-2194
-2874
-3391
-3540
-3369
-3113
-3025
-3186
-3439
-3494
-3169
-2572
-2008
-1674
-1462
-1091
-393
567
1578
2447
3104
3645
4261
5075
6031
6877
7341
7284
6877
6528
6604
7044
7268
6603
4883
2765
1256
883
1171
1014
-360
-2654
-4668
-5344
-4679
-3718
-3515
-4230
-5116
-5262
-4360
-2848
-1535
-934
-943
-1034
-793
-191
528
1099
1351
1259
954
677
624
817
1025
940
400
-415
-1126
-1488
-1567
-1626
-1865
-2318
-2872
-3337
-3532
-3421
-3182
-3079
-3220
-3451
-3506
-3214
-2599
-1846
-1177
-691
-252
363
1240
2208
3035
3662
4222
4887
5681
6463
6995
7099
6835
6461
6269
6287
6238
5663
4313
2463
794
-108
-315
-492
-1368
-3058
-4945
-6131
-6140
-5318
-4501
-4312
-4655
-4938
-4653
-3749
-2577
-1530
-851
-551
-501
-509
-377
-3
542
981
1019
590
2
-325
-226
27
13
-441
-1136
-1725
-2029
-2130
-2239
-2473
-2776
-3030
-3190
-3277
-3289
-3191
-2982
-2713
-2448
-2194
-1914
-1522
-982
-312
430
1211
1990
2696
3274
3818
4489
5375
6344
7124
7448
7198
6580
6058
6047
6477
6791
6321
4818
2691
805
-116
-94
88
-466
-2020
-3991
-5440
-5751
-5076
-4099
-3474
-3373
-3533
-3570
-3228
-2443
-1334
-174
690
997
766
328
136
447
1103
1633
1649
1185
609
228
47
-131
-441
-885
-1380
-1884
-2396
-2921
-3391
-3662
-3655
-3485
-3416
-3588
-3888
-4029
-3814
-3275
-2647
-2153
-1832
-1518
-1022
-276
672
1711
2713
3549
4166
4655
5194
5894
6676
7271
7370
6895
6154
5676
5682
5836
5453
4153
2226
425
-657
-1016
-1173
-1734
-2913
-4390
-5586
-6090
-5888
-5258
-4543
-3982
-3642
-3435
-3172
-2679
-1892
-901
44
648
774
528
194
27
145
447
708
732
502
111
-392
-964
-1484
-1733
-1676
-1542
-1685
-2244
-3017
-3596
-3661
-3245
-2710
-2449
-2559
-2820
-2919
-2704
-2209
-1580
-968
-449
-4
445
972
1608
2362
3231
4157
5012
5699
6250
6766
7204
7366
7118
6615
6214
6115
6141
5798
4694
2899
980
-404
-1010
-1155
-1448
-2308
-3656
-4979
-5724
-5675
-5046
-4235
-3537
-3045
-2723
-2488
-2227
-1804
-1152
-342
403
853
871
544
142
-66
-2
194
366
432
350
12
-669
-1574
-2357
-2646
-2414
-2055
-2112
-2778
-3703
-4301
-4248
-3731
-3216
-3036
-3142
-3242
-3114
-2751
-2284
-1776
-1181
-438
413
1244
1953
2555
3157
3841
4608
5420
6252
7025
7554
7611
7153
6454
5943
5852
5984
5856
5039
3496
1629
26
-935
-1343
-1604
-2131
-3036
-4115
-5012
-5458
-5383
-4856
-4005
-3008
-2114
-1527
-1278
-1189
-1025
-638
-35
637
1150
1288
1022
530
64
-206
-252
-109
84
68
-415
-1376
-2491
-3291
-3482
-3194
-2875
-2934
-3374
-3876
-4141
-4137
-3990
-3772
-3483
-3114
-2693
-2270
-1893
-1543
-1127
-540
230
1090
1955
2808
3639
4397
5029
5570
6139
6808
7450
7769
7552
6912
6223
5773
5566
5339
4759
3621
2020
348
-980
-1807
-2310
-2777
-3394
-4153
-4900
-5425
-5579
-5324
-4737
-3951
-3122
-2399
-1856
-1474
-1195
-952
-666
-248
280
754
970
851
477
4
-405
-605
-544
-377
-406
-835
-1584
-2344
-2818
-2930
-2872
-2897
-3075
-3265
-3315
-3243
-3171
-3174
-3223
-3200
-2966
-2449
-1752
-1068
-521
-72
411
1044
1882
2876
3879
4708
5300
5744
6192
6719
7264
7656
7716
7408
6899
6436
6110
5785
5171
4079
2571
966
-366
-1269
-1874
-2462
-3211
-4081
-4868
-5367
-5494
-5311
-4912
-4335
-3575
-2687
-1841
-1215
-896
-795
-732
-521
-118
345
676
758
593
212
-288
-730
-937
-939
-985
-1315
-1933
-2627
-3189
-3555
-3814
-4060
-4263
-4283
-4054
-3708
-3476
-3470
-3578
-3604
-3391
-2927
-2281
-1561
-854
-214
351
900
1524
2300
3196
4096
4866
5479
6019
6597
7200
7661
7775
7483
6943
6422
6074
5849
5487
4705
3396
1771
240
-882
-1584
-2116
-2723
-3483
-4271
-4880
-5164
-5133
-4877
-4437
-3801
-3004
-2179
-1440
-871
-514
-370
-307
-145
179
577
896
1035
935
618
222
-95
-293
-499
-830
-1276
-1712
-2041
-2282
-2571
-3026
-3604
-4053
-4142
-3862
-3428
-3100
-3016
-3123
-3213
-3062
-2598
-1936
-1266
-686
-162
400
1073
1846
2652
3403
4095
4799
5572
6371
7070
7574
7843
7869
7676
7324
6904
6472
6017
5451
4623
3440
1962
445
-843
-1807
-2567
-3302
-4090
-4870
-5506
-5874
-5920
-5665
-5197
-4602
-3941
-3257
-2604
-2067
-1697
-1442
-1189
-862
-496
-161
100
254
264
122
-100
-326
-576
-956
-1500
-2084
-2529
-2783
-2966
-3245
-3675
-4155
-4480
-4535
-4376
-4186
-4089
-4081
-4057
-3899
-3538
-2995
-2360
-1718
-1083
-404
382
1295
2267
3183
3958
4607
5215
5878
6630
7433
8145
8603
8719
8544
8207
7789
7307
6748
6108
5330
4315
3044
1647
341
-746
-1626
-2393
-3132
-3868
-4533
-4981
-5089
-4871
-4460
-3989
-3506
-3025
-2575
-2160
-1749
-1319
-895
-538
-276
-105
-3
42
28
-25
-80
-151
-344
-756
-1360
-1988
-2477
-2785
-2989
-3196
-3472
-3796
-4084
-4248
-4274
-4210
-4128
-4055
-3937
-3668
-3186
-2587
-2049
-1662
-1313
-794
9
1028
2080
2996
3725
4329
4915
5576
6327
7106
7784
8243
8435
8378
8137
7782
7361
6844
6152
5254
4229
3174
2111
995
-169
-1312
-2352
-3252
-4029
-4703
-5260
-5652
-5829
-5795
-5573
-5195
-4708
-4208
-3796
-3475
-3150
-2750
-2329
-1973
-1701
-1465
-1240
-1050
-928
-897
-985
-1184
-1464
-1759
-2025
-2248
-2453
-2686
-2956
-3213
-3395
-3469
-3469
-3481
-3568
-3726
-3842
-3763
-3406
-2874
-2380
-2057
-1823
-1481
-886
-40
942
1920
2806
3601
4340
5072
5823
6608
7402
8118
8654
8967
9097
9110
9042
8841
8410
7666
6658
5554
4528
3623
2728
1722
570
-655
-1849
-2909
-3760
-4382
-4794
-5036
-5150
-5174
-5159
-5118
-5021
-4815
-4487
-4073
-3604
-3116
-2678
-2371
-2190
-2017
-1740
-1361
-1036
-921
-1059
-1344
-1616
-1804
-1957
-2168
-2450
-2725
-2910
-2995
-3034
-3088
-3235
-3502
-3823
-4013
-3907
-3498
-2958
-2501
-2207
-1975
-1628
-1059
-304
525
1317
2043
2754
3524
4376
5253
6064
6751
7315
7775
8121
8361
8550
8728
8823
8653
8129
7321
6411
5520
4670
3826
2961
2096
1224
267
-865
-2133
-3341
-4260
-4822
-5141
-5417
-5781
-6204
-6552
-6684
-6555
-6205
-5710
-5147
-4604
-4157
-3820
-3501
-3116
-2681
-2329
-2149
-2104
-2084
-2031
-1991
-2043
-2211
-2427
-2590
-2641
-2595
-2536
-2583
-2797
-3137
-3444
-3578
-3506
-3312
-3111
-2932
-2729
-2417
-1948
-1311
-549
243
974
1641
2334
3126
4022
4985
5959
6860
7572
8039
8323
8551
8802
9036
9135
8985
8571
8001
7416
6856
6223
5421
4456
3446
2492
1621
776
-143
-1176
-2253
-3221
-3998
-4613
-5152
-5661
-6135
-6552
-6863
-6996
-6893
-6579
-6152
-5697
-5233
-4731
-4220
-3798
-3562
-3471
-3348
-3039
-2573
-2143
-1946
-2030
-2267
-2450
-2443
-2276
-2103
-2073
-2209
-2411
-2560
-2611
-2588
-2516
-2411
-2298
-2174
-1968
-1590
-1033
-390
217
736
1222
1799
2525
3358
4203
5011
5799
6564
7261
7817
8197
8420
8541
8581
8507
8278
7926
7558
7258
7010
6692
6154
5324
4307
3312
2461
1679
809
-214
-1340
-2486
-3604
-4635
-5494
-6127
-6563
-6876
-7114
-7289
-7388
-7387
-7249
-6968
-6566
-6095
-5618
-5179
-4787
-4420
-4077
-3768
-3495
-3238
-2998
-2793
-2641
-2515
-2364
-2177
-1998
-1900
-1898
-1943
-1950
-1886
-1769
-1651
-1556
-1468
-1335
-1092
-721
-260
214
669
1137
1691
2367
3115
3844
4475
5014
5518
6062
6664
7263
7740
7984
7998
7886
7775
7704
7616
7447
7183
6861
6513
6143
5701
5111
4312
3320
2256
1268
421
-350
-1169
-2121
-3211
-4377
-5486
-6406
-7051
-7408
-7558
-7622
-7700
-7778
-7772
-7617
-7315
-6886
-6326
-5659
-4987
-4458
-4155
-4026
-3919
-3682
-3304
-2885
-2560
-2363
-2254
-2160
-2037
-1878
-1697
-1510
-1309
-1094
-864
-645
-430
-204
42
280
489
716
1053
1565
2219
2909
3517
4013
4455
4916
5434
6000
6588
7133
7549
7795
7895
7921
7931
7944
7922
7786
7494
7116
6764
6476
6155
5663
4947
4048
3060
2057
1079
115
-853
-1814
-2754
-3691
-4655
-5645
-6587
-7337
-7772
-7885
-7830
-7793
-7861
-7964
-7953
-7708
-7221
-6588
-5948
-5392
-4954
-4627
-4376
-4149
-3898
-3598
-3248
-2901
-2606
-2376
-2168
-1952
-1740
-1547
-1355
-1129
-841
-461
0
452
768
929
1073
1353
1795
2295
2760
3181
3611
4061
4480
4816
5074
5308
5559
5830
6093
6361
6676
7027
7287
7315
7095
6786
6582
6556
6591
6488
6149
5625
5030
4392
3663
2798
1831
859
-28
-809
-1535
-2299
-3185
-4213
-5293
-6262
-6981
-7421
-7671
-7874
-8112
-8366
-8538
-8542
-8330
-7918
-7373
-6765
-6148
-5561
-5079
-4732
-4462
-4143
-3705
-3167
-2594
-2061
-1626
-1310
-1079
-864
-613
-317
14
362
718
1067
1393
1693
1972
2236
2473
2690
2932
3267
3731
4289
4833
5246
5492
5614
5710
5854
6099
6453
6864
7213
7393
7366
7175
6919
6695
6546
6416
6224
5951
5619
5226
4735
4137
3454
2702
1892
1050
212
-602
-1392
-2186
-3017
-3892
-4772
-5608
-6365
-7019
-7531
-7886
-8096
-8222
-8331
-8450
-8519
-8434
-8128
-7618
-6980
-6319
-5738
-5288
-4970
-4715
-4398
-3884
-3162
-2379
-1712
-1218
-823
-443
-76
269
614
1013
1496
2040
2549
2895
3016
2992
2988
3109
3354
3691
4091
4498
4802
4930
4904
4842
4854
4985
5193
5419
5617
5768
5849
5846
5758
5599
5404
5227
5118
5039
4891
4595
4183
3753
3370
2992
2521
1880
1096
284
-445
-1074
-1684
-2373
-3175
-4027
-4841
-5581
-6274
-6906
-7414
-7772
-8033
-8253
-8415
-8486
-8446
-8288
-7979
-7507
-6898
-6238
-5639
-5168
-4796
-4402
-3884
-3220
-2459
-1691
-990
-410
61
459
831
1233
1700
2226
2749
3206
3566
3827
4007
4135
4263
4420
4585
4717
4814
4904
4988
5000
4876
4640
4413
4324
4387
4534
4676
4783
4846
4859
4843
4794
4715
4582
4424
4259
4090
3913
3709
3477
3170
2794
2345
1836
1252
587
-120
-816
-1439
-2024
-2656
-3422
-4320
-5249
-6056
-6610
-6918
-7112
-7332
-7583
-7784
-7891
-7892
-7743
-7411
-6935
-6412
-5897
-5415
-4971
-4574
-4184
-3728
-3184
-2580
-1980
-1386
-750
-60
621
1215
1700
2114
2518
2966
3456
3921
4252
4399
4395
4304
4192
4130
4170
4260
4332
4309
4205
4031
3892
3803
3712
3595
3506
3498
3528
3598
3621
3510
3217
2920
2722
2615
2545
2515
2506
2474
2378
2180
1826
1367
907
531
204
-134
-530
-1020
-1555
-2103
-2632
-3146
-3599
-3998
-4468
-5033
-5602
-6012
-6272
-6422
-6551
-6718
-6905
-6993
-6873
-6560
-6138
-5713
-5348
-5026
-4690
-4274
-3758
-3132
-2424
-1671
-890
-105
647
1317
1915
2469
2991
3467
3868
4196
4475
4727
4930
5014
4974
4825
4630
4389
4130
3888
3717
3571
3393
3196
2960
2708
2383
2132
2018
2039
2099
2113
2046
1882
1665
1531
1486
1540
1658
1783
1852
1747
1552
1272
1003
758
567
364
214
112
-7
-304
-823
-1411
-2019
-2485
-2799
-2985
-3198
-3523
-3898
-4314
-4727
-5137
-5477
-5735
-5871
-5941
-5928
-5819
-5619
-5398
-5177
-4864
-4421
-3882
-3251
-2540
-1768
-994
-240
501
1196
1833
2366
2803
3189
3572
3937
4190
4328
4332
4249
4075
3916
3801
3689
3506
3197
2829
2379
1991
1683
1486
1278
1080
955
837
727
527
340
112
-28
7
193
509
774
987
1014
963
891
885
960
1087
1235
1319
1304
1187
1007
789
598
394
215
29
-134
-352
-611
-909
-1269
-1690
-2095
-2358
-2544
-2767
-3080
-3439
-3751
-3982
-4066
-4030
-3943
-3865
-3775
-3591
-3282
-2855
-2347
-1855
-1450
-1112
-672
-72
615
1221
1709
2105
2455
2752
2983
3171
3300
3390
3381
3337
3174
2919
2541
2199
1925
1686
1443
1136
834
453
158
-116
-314
-492
-656
-741
-861
-930
-1003
-976
-913
-829
-698
-525
-303
-149
21
150
298
425
625
866
1040
1114
1121
1138
1121
1036
910
774
692
625
525
295
-89
-489
-823
-1069
-1308
-1541
-1685
-1819
-1988
-2246
-2497
-2638
-2638
-2523
-2405
-2304
-2210
-2081
-1881
-1590
-1216
-832
-463
-143
142
446
814
1208
1532
1798
2011
2183
2230
2161
1971
1708
1489
1324
1186
966
707
390
77
-250
-461
-583
-648
-666
-753
-824
-1012
-1138
-1204
-1190
-1080
-975
-749
-535
-294
-108
39
190
328
559
851
1244
1566
1770
1833
1822
1834
1833
1923
1980
2014
1924
1761
1610
1401
1213
991
816
588
307
-27
-384
-723
-975
-1140
-1248
-1365
-1458
-1533
-1556
-1511
-1391
-1214
-1076
-936
-868
-775
-720
-596
-387
-103
214
419
570
595
608
536
461
377
308
314
313
283
102
-166
-429
-670
-828
-977
-1094
-1233
-1371
-1463
-1523
-1571
-1645
-1719
-1756
-1698
-1555
-1329
-1105
-885
-724
-574
-402
-197
14
153
281
393
541
722
938
1124
1295
1479
1690
1826
1860
1913
1960
2013
1931
1815
1610
1445
1278
1199
1127
1048
900
630
378
150
33
-80
-169
-274
-378
-409
-353
-253
-205
-213
-223
-219
-145
-15
91
172
218
297
260
87
-187
-428
-615
-710
-711
-650
-636
-739
-911
-1075
-1191
-1216
-1176
-1085
-1056
-1107
-1158
-1152
-1047
-969
-913
-893
-807
-638
-461
-257
-177
-153
-284
-357
-349
-251
-86
33
222
331
495
542
587
600
729
968
1208
1389
1449
1451
1325
1222
1126
1158
1124
1122
1013
856
596
334
149
6
-51
-85
-109
-164
-208
-196
-186
-249
-380
-503
-506
-429
-330
-285
-298
-314
-340
-239
-111
37
33
-70
-229
-328
-306
-208
-127
-139
-199
-273
-337
-406
-449
-437
-343
-166
26
130
117
44
15
45
146
290
464
569
565
456
384
417
522
659
713
700
607
568
627
722
743
634
471
350
312
350
348
250
16
-197
-326
-343
-339
-369
-407
-479
-507
-557
-534
-561
-552
-632
-722
-845
-913
-888
-876
-795
-757
-671
-663
-680
-679
-753
-780
-851
-815
-783
-725
-696
-710
-735
-748
-711
-624
-449
-233
-127
-128
-213
-137
84
445
801
937
938
760
708
749
957
1201
1318
1347
1248
1206
1136
1126
1113
1135
1140
1098
1034
923
851
859
951
1007
873
653
440
396
416
442
433
375
305
168
-5
-246
-546
-786
-904
-872
-875
-981
-1165
-1310
-1344
-1346
-1355
-1380
-1397
-1389
-1404
-1376
-1408
-1466
-1551
-1529
-1414
-1313
-1229
-1222
-1163
-1160
-1043
-938
-782
-721
-668
-577
-443
-298
-157
-19
151
264
370
456
592
789
1047
1316
1539
1640
1623
1548
1520
1715
2024
2385
2540
2541
2392
2202
2055
2039
2175
2401
2504
2357
1947
1533
1373
1465
1633
1623
1430
1111
823
588
422
290
170
-20
-306
-629
-921
-1162
-1338
-1440
-1484
-1583
-1720
-1899
-2042
-2202
-2302
-2335
-2319
-2354
-2466
-2566
-2590
-2496
-2387
-2369
-2468
-2614
-2672
-2603
-2426
-2216
-2058
-1932
-1846
-1788
-1796
-1742
-1500
-1088
-682
-426
-316
-232
-141
75
321
685
1008
1289
1348
1286
1220
1265
1460
1739
2118
2418
2608
2575
2427
2237
2216
2409
2753
2978
2972
2755
2549
2458
2537
2687
2800
2713
2403
2060
1833
1833
1871
1867
1652
1323
934
645
409
223
-4
-225
-473
-651
-816
-974
-1242
-1579
-1913
-2153
-2239
-2280
-2277
-2397
-2573
-2862
-3118
-3281
-3308
-3206
-3048
-2865
-2745
-2742
-2755
-2779
-2673
-2483
-2114
-1696
-1400
-1247
-1212
-1119
-987
-776
-531
-309
-160
-27
111
268
413
595
805
985
1118
1263
1495
1823
2178
2401
2449
2353
2269
2267
2364
2566
2795
2986
3042
2952
2731
2483
2294
2243
2228
2260
2202
2125
1962
1771
1589
1471
1487
1551
1506
1281
898
511
187
-82
-273
-516
-803
-1211
-1573
-1849
-1943
-1972
-2006
-2155
-2350
-2478
-2538
-2555
-2560
-2578
-2586
-2596
-2476
-2357
-2319
-2382
-2404
-2318
-2146
-1948
-1756
-1640
-1573
-1509
-1423
-1319
-1193
-1030
-840
-643
-444
-271
-211
-187
-172
-40
146
354
515
639
812
993
1137
1218
1249
1239
1243
1356
1581
1808
1958
2031
2031
1978
1958
2034
2243
2523
2697
2639
2315
1996
1822
1875
1977
2024
1832
1487
1011
625
266
14
-211
-376
-538
-730
-927
-1129
-1212
-1296
-1339
-1470
-1483
-1515
-1511
-1597
-1629
-1638
-1578
-1513
-1408
-1300
-1165
-1036
-980
-1000
-1046
-1012
-885
-715
-601
-614
-789
-938
-1025
-947
-875
-770
-682
-604
-629
-686
-719
-583
-380
-140
33
145
218
281
367
447
488
559
655
798
909
985
1059
1130
1248
1331
1421
1427
1411
1342
1321
1325
1348
1355
1357
1341
1318
1266
1280
1247
1220
1071
901
645
406
253
176
166
75
-32
-201
-359
-526
-722
-928
-1048
-1050
-882
-754
-659
-707
-808
-939
-1048
-969
-721
-363
-150
-131
-274
-420
-476
-448
-393
-347
-238
-69
40
-11
-212
-461
-576
-522
-283
-104
-65
-200
-390
-551
-580
-491
-334
-198
-92
10
99
186
255
309
303
276
203
220
264
404
479
525
479
437
437
475
556
571
545
490
416
339
221
166
183
233
179
-34
-326
-527
-540
-502
-503
-674
-879
-1064
-1004
-735
-396
-263
-342
-525
-650
-666
-547
-331
-150
-103
-220
-359
-417
-264
-23
230
317
337
304
317
354
424
501
559
599
543
370
145
70
168
322
323
198
81
155
365
554
537
380
203
236
455
767
920
859
609
360
173
226
471
804
943
688
234
-255
-396
-297
14
187
191
-18
-239
-373
-357
-287
-262
-294
-392
-532
-736
-878
-963
-984
-1044
-1048
-1019
-892
-863
-897
-1093
-1217
-1245
-1042
-744
-453
-338
-348
-411
-383
-251
-65
179
309
443
461
575
634
695
663
587
515
481
565
655
729
632
518
406
491
661
909
1035
1037
881
688
591
587
687
753
851
885
884
781
683
578
574
636
816
921
872
608
280
-21
-191
-233
-168
-90
-66
-134
-287
-452
-558
-554
-473
-387
-360
-425
-560
-761
-968
-1176
-1262
-1275
-1197
-1154
-1151
-1193
-1274
-1315
-1330
-1209
-1070
-948
-938
-951
-996
-1000
-1020
-943
-868
-796
-743
-664
-505
-402
-304
-289
-197
-128
-15
17
80
188
349
425
400
380
489
667
842
949
1014
1082
1170
1340
1466
1489
1373
1275
1281
1341
1313
1203
1052
945
826
719
648
578
508
450
446
448
391
343
346
420
545
690
811
817
735
626
538
497
430
329
108
-144
-386
-557
-646
-762
-912
-1115
-1205
-1188
-1077
-1018
-1014
-1083
-1159
-1216
-1291
-1386
-1489
-1516
-1463
-1354
-1227
-1106
-1054
-1073
-1168
-1190
-1099
-851
-605
-481
-546
-702
-778
-654
-387
-159
-9
82
253
349
394
328
288
322
507
789
1012
1040
975
936
939
945
960
1080
1202
1318
1338
1292
1160
1088
1152
1304
1423
1474
1503
1503
1483
1455
1387
1282
1178
1195
1243
1178
966
711
569
517
530
535
470
357
129
-81
-271
-346
-443
-608
-727
-671
-421
-318
-525
-1039
-1479
-1603
-1377
-1009
-803
-826
-1119
-1369
-1480
-1310
-1120
-1093
-1311
-1659
-1828
-1735
-1338
-994
-902
-1125
-1328
-1278
-1023
-811
-763
-804
-837
-795
-736
-707
-799
-906
-949
-802
-547
-246
-13
44
-95
-281
-241
113
513
745
764
793
873
967
945
778
608
653
986
1356
1536
1417
1240
1109
1187
1391
1582
1654
1581
1490
1326
1196
1144
1207
1264
1245
1260
1240
1191
970
698
435
278
273
322
392
294
84
-226
-437
-506
-475
-442
-521
-651
-833
-1018
-1206
-1387
-1462
-1504
-1455
-1457
-1493
-1620
-1707
-1649
-1453
-1248
-1147
-1177
-1214
-1205
-1070
-907
-740
-659
-705
-817
-894
-747
-421
32
360
509
377
193
76
199
444
674
809
798
726
586
582
716
1006
1261
1480
1497
1367
1115
1049
1219
1533
1843
2008
2027
1828
1550
1279
1181
1256
1493
1660
1622
1240
730
286
131
211
379
422
204
-229
-665
-836
-778
-598
-575
-741
-1111
-1447
-1520
-1291
-957
-739
-794
-977
-1252
-1357
-1367
-1256
-1184
-1144
-1152
-1230
-1389
-1648
-1925
-2082
-2002
-1667
-1319
-1105
-1147
-1337
-1501
-1506
-1293
-978
-674
-484
-443
-572
-723
-780
-557
-159
310
553
447
131
-92
57
444
864
1099
1074
952
830
901
1088
1364
1582
1679
1727
1780
1846
1766
1646
1541
1614
1823
2099
2248
2087
1712
1317
1142
1146
1257
1254
1098
780
511
252
119
10
64
-5
-195
-479
-647
-669
-646
-545
-495
-527
-779
-1024
-1228
-1185
-1029
-791
-698
-841
-1127
-1359
-1268
-983
-692
-640
-710
-839
-924
-924
-828
-721
-762
-883
-963
-833
-586
-379
-370
-545
-720
-686
-326
230
609
560
148
-257
-361
-137
312
702
853
673
359
210
335
754
1175
1459
1424
1200
958
798
790
942
1239
1460
1408
1038
600
327
338
511
607
597
435
271
29
-161
-290
-299
-239
-197
-267
-501
-820
-1058
-1112
-966
-751
-598
-623
-808
-1066
-1226
-1149
-922
-664
-523
-457
-435
-364
-178
4
-29
-290
-532
-499
-208
163
337
151
-300
-682
-778
-570
-225
151
330
303
71
-118
-218
-73
250
608
761
639
442
265
233
279
492
823
1167
1289
1094
644
227
73
337
862
1375
1583
1336
797
184
-97
-62
376
813
1135
908
295
-481
-992
-1013
-686
-146
105
-25
-670
-1356
-1787
-1657
-1138
-502
-131
-184
-620
-1149
-1394
-1287
-875
-561
-366
-445
-587
-800
-883
-847
-668
-440
-210
12
33
-124
-475
-660
-658
-394
-27
367
552
416
48
-240
-206
108
548
848
904
725
519
471
601
818
1019
1122
1119
1070
1045
1050
1042
1111
1207
1288
1285
1264
1207
1047
854
750
770
787
770
683
556
389
201
-93
-535
-928
-1040
-859
-697
-769
-1134
-1580
-1883
-1904
-1706
-1555
-1473
-1528
-1563
-1621
-1589
-1476
-1294
-1144
-1067
-1136
-1216
-1314
-1209
-952
-474
-26
227
262
168
159
210
496
794
1078
1016
776
357
113
101
440
811
1072
1029
837
626
630
918
1289
1585
1701
1749
1703
1669
1610
1620
1580
1636
1682
1698
1609
1410
1213
932
795
793
974
1090
972
593
59
-243
-283
-100
-50
-148
-355
-611
-819
-1060
-1231
-1331
-1265
-1116
-1094
-1264
-1594
-1916
-2058
-1983
-1762
-1658
-1716
-1911
-2093
-2178
-2115
-1897
-1682
-1467
-1310
-1199
-1252
-1355
-1279
-940
-499
-217
-223
-508
-810
-827
-469
5
269
262
97
-13
101
394
724
873
921
906
892
892
993
1173
1263
1213
1146
1175
1263
1239
1131
991
1062
1329
1687
1828
1677
1400
1196
1243
1349
1499
1472
1371
1110
755
346
44
83
380
750
849
700
376
129
11
-25
-142
-334
-384
-288
-190
-382
-768
-1195
-1332
-1153
-757
-517
-547
-842
-1169
-1355
-1274
-914
-499
-214
-339
-733
-1175
-1235
-964
-491
-249
-307
-710
-1088
-1188
-909
-431
-138
-185
-587
-910
-944
-554
-93
228
218
21
-156
-178
10
272
531
638
591
472
464
598
787
904
995
1101
1206
1214
1045
866
815
1066
1344
1443
1243
957
796
750
791
702
576
367
271
150
12
-187
-317
-283
-207
-112
-143
-166
-262
-361
-556
-680
-686
-521
-459
-627
-990
-1221
-1156
-985
-866
-975
-1043
-1097
-946
-812
-661
-625
-582
-608
-763
-1064
-1377
-1460
-1325
-948
-594
-357
-440
-716
-1088
-1216
-1010
-422
111
318
82
-332
-592
-511
-52
500
972
1134
1043
704
484
556
1034
1607
2026
2001
1535
914
503
588
989
1570
1855
1796
1249
742
421
628
1113
1694
1881
1476
738
70
-49
247
892
1301
1255
604
-133
-536
-334
246
768
803
328
-341
-870
-1056
-942
-588
-351
-364
-716
-1160
-1527
-1554
-1177
-541
-58
-43
-539
-1249
-1779
-1765
-1199
-488
-163
-539
-1276
-1867
-1843
-1335
-731
-448
-580
-959
-1329
-1488
-1400
-1127
-802
-497
-429
-579
-899
-882
-484
218
706
815
615
400
376
569
955
1374
1592
1377
863
440
458
844
1283
1360
1049
618
502
762
1050
1182
1140
1226
1363
1512
1454
1303
1195
1334
1608
1766
1679
1381
1020
677
518
522
598
514
230
-189
-509
-543
-309
-125
-247
-696
-1189
-1490
-1412
-1015
-572
-451
-815
-1426
-1871
-1739
-1076
-330
-136
-676
-1516
-1957
-1679
-971
-539
-795
-1603
-2377
-2615
-2249
-1562
-1014
-874
-1090
-1326
-1267
-807
-109
551
888
828
619
636
1039
1626
2044
2108
1898
1629
1518
1583
1743
1846
1801
1651
1434
1244
1068
960
925
939
981
1012
1075
1077
999
828
681
654
786
971
961
606
10
-436
-518
-334
-299
-679
-1406
-2101
-2420
-2358
-2193
-2232
-2503
-2881
-3188
-3333
-3206
-2795
-2247
-1850
-1776
-1932
-1991
-1698
-1107
-543
-354
-499
-668
-537
-147
172
148
-177
-475
-533
-376
-202
-133
-165
-220
-200
-87
123
376
645
855
984
1109
1404
1887
2404
2709
2801
2858
3119
3560
4001
4252
4269
4167
4046
4034
4069
4076
3926
3645
3340
3139
3071
2995
2707
2062
1159
299
-202
-302
-274
-555
-1384
-2613
-3674
-4026
-3595
-2967
-2837
-3493
-4527
-5240
-5091
-4099
-2917
-2287
-2495
-3054
-3227
-2617
-1439
-345
128
-99
-586
-758
-412
240
733
793
402
-151
-551
-605
-424
-274
-424
-908
-1537
-2060
-2301
-2251
-1978
-1707
-1619
-1728
-1755
-1456
-795
-91
375
504
634
1079
1887
2693
3173
3340
3454
3757
4213
4666
4921
4963
4811
4573
4226
3916
3684
3610
3521
3236
2652
1860
1101
510
88
-306
-705
-1143
-1689
-2500
-3572
-4585
-5094
-4922
-4403
-4180
-4624
-5529
-6149
-5865
-4706
-3349
-2538
-2458
-2665
-2529
-1737
-561
446
898
907
907
1235
1846
2416
2652
2440
1926
1366
1053
1047
1140
895
97
-1048
-1934
-2106
-1677
-1254
-1439
-2177
-2867
-2800
-1935
-840
-227
-252
-433
-152
810
2047
2999
3405
3510
3745
4368
5304
6227
6812
6876
6533
6087
5885
6023
6236
6117
5455
4469
3559
3043
2856
2646
1995
844
-465
-1455
-1936
-2096
-2349
-2984
-3991
-5125
-6003
-6390
-6295
-6045
-6022
-6381
-6942
-7227
-6830
-5735
-4470
-3678
-3573
-3696
-3368
-2271
-766
429
829
621
517
1013
1971
2719
2781
2206
1484
1043
957
975
815
351
-377
-1230
-1975
-2363
-2283
-1966
-1862
-2288
-3039
-3500
-3175
-2151
-1061
-482
-486
-512
57
1364
2895
3944
4291
4345
4685
5496
6423
7029
7116
6891
6686
6692
6797
6678
6123
5207
4264
3588
3205
2848
2155
1013
-376
-1586
-2359
-2744
-3068
-3642
-4507
-5483
-6269
-6729
-6748
-6510
-6252
-6320
-6642
-6886
-6667
-5942
-4994
-4180
-3703
-3417
-3033
-2277
-1222
-149
587
944
1145
1488
2020
2530
2824
2831
2657
2388
2167
2058
2003
1802
1310
653
79
-234
-419
-664
-1058
-1489
-1803
-1913
-1877
-1816
-1781
-1650
-1264
-616
100
671
1104
1613
2395
3398
4330
4938
5264
5588
6091
6657
7006
6996
6722
6410
6190
5942
5490
4759
3920
3122
2422
1735
981
132
-758
-1586
-2343
-3061
-3771
-4380
-4870
-5323
-5884
-6490
-6889
-6843
-6456
-6117
-6179
-6552
-6723
-6234
-5192
-4217
-3792
-3757
-3470
-2532
-1189
-76
433
550
775
1364
2115
2638
2770
2669
2607
2688
2763
2652
2285
1766
1232
772
398
121
-107
-360
-734
-1185
-1537
-1570
-1314
-1021
-991
-1192
-1275
-917
-157
617
1077
1226
1423
1978
2880
3736
4186
4221
4203
4500
5124
5726
5907
5598
5057
4630
4405
4244
3913
3317
2516
1669
949
399
-79
-669
-1435
-2270
-2972
-3442
-3770
-4121
-4530
-4884
-5055
-5151
-5388
-5804
-6102
-5908
-5279
-4663
-4500
-4688
-4693
-4062
-2933
-1873
-1334
-1200
-954
-245
794
1638
1925
1747
1607
1895
2516
2974
2865
2270
1662
1468
1668
1838
1574
867
105
-287
-202
71
105
-265
-791
-1074
-969
-693
-528
-534
-546
-387
-34
387
733
1054
1491
2090
2669
3048
3243
3407
3675
4016
4305
4376
4188
3855
3581
3438
3319
3040
2511
1801
1080
481
-9
-516
-1112
-1711
-2179
-2500
-2827
-3268
-3779
-4159
-4271
-4148
-3965
-3863
-3875
-3886
-3763
-3422
-2865
-2176
-1503
-1028
-819
-710
-438
90
684
1094
1248
1286
1422
1723
2065
2219
2090
1858
1777
1928
2058
1909
1461
968
665
543
424
113
-406
-955
-1296
-1358
-1337
-1484
-1846
-2206
-2305
-2105
-1794
-1635
-1672
-1724
-1524
-1026
-390
102
340
393
514
870
1432
1990
2318
2348
2177
2025
2046
2190
2240
2064
1719
1379
1090
790
396
-56
-515
-942
-1348
-1731
-2066
-2326
-2484
-2561
-2610
-2676
-2730
-2711
-2535
-2193
-1768
-1408
-1131
-813
-321
304
915
1395
1758
2075
2435
2840
3245
3586
3836
3975
3973
3856
3686
3548
3378
3099
2656
2151
1706
1347
1003
558
4
-542
-909
-1046
-1128
-1357
-1783
-2219
-2451
-2438
-2334
-2340
-2497
-2665
-2670
-2490
-2264
-2104
-1964
-1734
-1415
-1120
-938
-836
-721
-526
-267
-50
44
1
-105
-206
-271
-303
-331
-376
-497
-702
-943
-1099
-1113
-1080
-1157
-1421
-1760
-1977
-1930
-1679
-1416
-1279
-1236
-1146
-941
-658
-352
-7
423
939
1445
1830
2066
2264
2564
2986
3415
3709
3840
3855
3833
3812
3802
3760
3635
3408
3132
2827
2507
2148
1794
1444
1098
744
405
129
-124
-375
-664
-936
-1147
-1290
-1386
-1485
-1590
-1690
-1737
-1692
-1590
-1495
-1440
-1373
-1242
-1094
-1035
-1111
-1240
-1282
-1176
-1026
-985
-1112
-1325
-1506
-1581
-1572
-1546
-1604
-1757
-1911
-1947
-1845
-1697
-1624
-1657
-1730
-1735
-1584
-1324
-1064
-932
-902
-876
-747
-518
-270
-87
0
93
289
627
988
1247
1356
1409
1529
1771
2058
2265
2344
2344
2368
2416
2433
2364
2276
2247
2265
2235
2076
1858
1675
1596
1521
1359
1097
840
670
597
583
577
543
457
342
232
149
65
-38
-180
-324
-433
-471
-479
-529
-692
-955
-1211
-1341
-1314
-1248
-1275
-1449
-1671
-1848
-1928
-1958
-1989
-2079
-2203
-2294
-2270
-2142
-1971
-1812
-1702
-1648
-1616
-1515
-1289
-982
-736
-601
-500
-274
66
371
472
385
286
341
588
885
1071
1083
1033
1064
1190
1304
1295
1183
1089
1107
1211
1277
1242
1134
1030
960
930
945
979
1014
1025
1008
921
777
651
648
757
879
884
778
645
614
706
818
812
626
355
133
64
91
116
59
-65
-194
-294
-351
-387
-438
-552
-742
-957
-1087
-1082
-998
-966
-1041
-1163
-1231
-1175
-1034
-887
-843
-918
-1027
-1030
-877
-657
-516
-520
-613
-695
-694
-604
-462
-331
-251
-215
-176
-94
22
122
176
181
178
201
276
389
480
469
351
195
118
151
247
311
312
294
319
413
524
598
588
523
451
428
464
511
506
438
368
350
377
394
388
370
350
321
297
316
396
475
476
375
248
190
218
239
151
-40
-226
-291
-237
-133
-98
-167
-305
-407
-398
-255
-63
60
27
-133
-308
-377
-298
-146
-52
-97
-231
-338
-334
-263
-225
-282
-385
-446
-415
-344
-308
-355
-450
-520
-525
-477
-419
-348
-274
-205
-183
-198
-220
-222
-203
-194
-202
-236
-255
-225
-125
-3
56
13
-69
-96
-39
48
106
109
72
42
52
93
101
47
-47
-100
-48
125
346
503
542
497
468
503
598
674
677
592
482
421
441
505
555
575
596
630
637
585
507
486
536
611
630
580
496
431
401
370
306
203
92
-16
-136
-286
-448
-604
-760
-908
-993
-993
-958
-956
-995
-1026
-1028
-996
-923
-825
-735
-680
-631
-538
-388
-236
-150
-112
-44
131
361
506
446
224
51
101
344
541
485
191
-127
-221
-17
327
537
455
172
-86
-173
-99
36
138
144
55
-84
-202
-253
-230
-159
-94
-67
-76
-73
-41
11
62
130
237
380
498
535
527
567
706
899
1055
1125
1098
998
888
848
875
880
767
537
262
23
-126
-189
-224
-300
-441
-622
-772
-837
-809
-744
-708
-729
-771
-769
-686
-566
-483
-471
-490
-479
-404
-290
-193
-155
-170
-206
-244
-292
-341
-372
-388
-433
-549
-721
-882
-965
-931
-817
-722
-742
-866
-970
-948
-805
-640
-540
-531
-573
-590
-529
-404
-281
-195
-132
-48
61
180
285
365
428
494
578
668
749
843
968
1113
1232
1305
1345
1384
1437
1508
1581
1633
1650
1649
1640
1597
1483
1301
1102
929
778
603
406
235
150
158
203
208
136
24
-62
-78
-52
-30
-25
-28
-16
0
10
17
49
95
115
87
49
22
-7
-63
-138
-199
-233
-234
-209
-177
-177
-246
-361
-457
-489
-477
-484
-541
-633
-730
-803
-841
-865
-929
-1062
-1241
-1399
-1488
-1476
-1373
-1257
-1214
-1265
-1313
-1289
-1198
-1104
-1019
-922
-775
-588
-382
-202
-69
44
175
332
444
476
463
496
600
716
757
672
484
265
106
38
33
40
41
61
101
138
118
25
-104
-188
-168
-63
62
152
218
293
411
565
741
921
1073
1181
1240
1284
1345
1423
1503
1568
1594
1554
1433
1262
1073
868
659
471
347
267
160
-43
-317
-580
-751
-820
-842
-891
-1020
-1209
-1400
-1517
-1546
-1523
-1510
-1525
-1547
-1553
-1530
-1480
-1393
-1266
-1091
-897
-730
-622
-537
-423
-275
-148
-85
-69
-38
33
127
181
188
166
170
225
309
370
349
290
264
330
432
509
567
671
848
1046
1180
1207
1169
1146
1194
1281
1359
1403
1437
1462
1486
1521
1572
1620
1639
1635
1629
1641
1658
1652
1593
1508
1437
1388
1287
1092
821
553
327
140
-35
-235
-460
-695
-896
-1065
-1220
-1392
-1589
-1801
-1979
-2083
-2121
-2135
-2148
-2158
-2166
-2158
-2115
-2034
-1949
-1895
-1878
-1881
-1885
-1864
-1777
-1599
-1349
-1083
-867
-727
-652
-596
-550
-519
-505
-494
-468
-454
-448
-439
-399
-343
-308
-304
-277
-160
40
227
316
322
339
450
630
797
864
848
807
815
881
999
1148
1285
1381
1422
1440
1458
1499
1551
1597
1619
1623
1592
1513
1392
1281
1218
1209
1227
1237
1201
1112
992
858
729
609
513
429
341
223
60
-149
-364
-519
-596
-646
-737
-877
-1012
-1084
-1076
-1021
-963
-931
-902
-833
-702
-536
-385
-291
-259
-263
-269
-269
-271
-270
-263
-261
-288
-340
-391
-403
-357
-278
-231
-241
-269
-261
-211
-152
-108
-88
-85
-68
3
119
215
249
222
180
183
262
390
470
452
362
286
260
260
243
215
212
244
283
275
214
142
96
36
-95
-271
-397
-405
-316
-196
-95
-52
-63
-131
-217
-299
-344
-340
-301
-253
-248
-302
-390
-453
-451
-413
-407
-473
-592
-692
-719
-662
-574
-506
-473
-459
-441
-414
-372
-331
-290
-257
-237
-230
-211
-161
-96
-43
7
92
214
328
392
429
481
569
671
755
793
777
713
642
603
605
644
707
783
816
794
728
679
667
669
662
626
575
532
511
484
424
319
205
111
42
-33
-121
-198
-216
-192
-191
-267
-405
-531
-600
-617
-621
-625
-597
-519
-421
-350
-305
-241
-151
-49
40
101
127
117
87
49
19
-12
-49
-76
-64
-8
43
42
-15
-94
-155
-198
-221
-216
-160
-77
-20
-21
-29
29
167
326
434
464
455
458
489
510
486
437
401
412
432
428
373
300
245
230
217
139
-21
-213
-354
-414
-424
-462
-598
-817
-991
-1028
-969
-964
-1075
-1245
-1388
-1438
-1391
-1267
-1122
-1002
-945
-952
-992
-1012
-980
-896
-771
-624
-484
-366
-281
-228
-193
-115
68
330
584
744
805
808
809
836
881
918
933
931
929
931
920
891
862
850
867
898
929
936
918
892
879
878
858
799
734
706
716
714
645
525
418
384
415
462
480
488
526
614
734
841
911
931
915
886
856
808
710
541
342
162
14
-120
-262
-410
-566
-729
-893
-1049
-1197
-1329
-1425
-1483
-1516
-1543
-1580
-1639
-1720
-1791
-1811
-1767
-1691
-1626
-1585
-1544
-1459
-1315
-1135
-962
-828
-706
-562
-385
-204
-61
29
89
152
231
327
415
468
477
467
460
455
454
478
534
590
612
593
562
522
457
358
257
198
203
268
368
460
506
502
488
505
562
643
710
758
796
853
909
910
818
669
555
524
547
545
488
404
327
257
177
66
-82
-265
-437
-538
-572
-583
-631
-709
-798
-884
-958
-1000
-981
-901
-801
-720
-658
-591
-491
-364
-246
-174
-146
-113
-35
87
213
324
427
536
643
738
792
789
731
638
540
464
437
463
523
599
677
735
735
671
594
552
547
537
489
405
311
229
161
91
19
-39
-76
-99
-123
-166
-230
-283
-273
-193
-107
-73
-88
-116
-137
-145
-113
-49
4
-18
-105
-230
-301
-399
-497
-671
-730
-769
-840
-1050
-1094
-795
-329
-194
-611
-1218
-1522
-1357
-1019
-825
-900
-1146
-1455
-1524
-1159
-400
173
50
-712
-1262
-1062
-361
-22
-130
-213
92
463
644
718
909
1095
1150
1074
1123
1318
1458
1256
824
593
845
1263
1264
732
181
