118
88
98
104
81
9
-106
-230
-321
-376
-439
-535
-608
-598
-501
-396
-360
-422
-540
-643
-691
-702
-716
-748
-793
-832
-854
-852
-845
-861
-906
-950
-966
-957
-941
-931
-910
-870
-819
-780
-758
-746
-727
-686
-628
-559
-489
-408
-309
-194
-90
5
98
211
320
386
402
401
422
458
479
451
360
217
60
-53
-113
-152
-192
-217
-212
-184
-142
-74
15
96
148
164
143
115
105
127
174
222
277
341
423
515
578
603
588
553
494
423
347
271
186
91
12
-17
13
60
64
-1
-86
-123
-103
-55
-10
40
96
128
124
126
187
291
386
432
438
433
438
445
432
379
301
229
182
149
101
46
7
-5
-6
-1
34
113
219
312
363
373
363
371
395
418
418
400
371
352
369
429
471
441
358
285
262
267
287
290
251
170
78
4
-88
-220
-362
-446
-435
-347
-235
-151
-124
-140
-154
-157
-182
-264
-365
-426
-427
-413
-421
-458
-504
-560
-632
-717
-790
-824
-837
-851
-865
-826
-724
-606
-531
-505
-497
-488
-472
-434
-376
-312
-245
-163
-75
-29
-34
-40
-17
-9
-71
-181
-261
-271
-241
-224
-247
-294
-332
-344
-330
-286
-221
-152
-82
17
151
282
374
406
400
367
311
242
189
197
272
375
450
464
428
394
404
434
434
395
352
327
306
279
238
175
104
75
128
228
316
360
380
401
432
451
441
400
345
296
241
174
107
60
32
6
-4
11
65
128
173
182
164
131
82
16
-62
-142
-201
-229
-230
-213
-183
-139
-105
-83
-60
-19
32
82
140
206
264
321
389
441
413
298
177
128
147
170
164
145
142
147
131
95
56
36
18
-9
-57
-107
-134
-120
-69
3
75
132
151
125
69
-1
-58
-89
-80
-55
-52
-87
-135
-171
-202
-234
-254
-238
-219
-239
-309
-399
-467
-506
-533
-580
-646
-693
-705
-686
-637
-568
-518
-525
-562
-574
-551
-522
-499
-464
-418
-360
-305
-272
-271
-276
-249
-194
-152
-130
-94
-29
42
93
120
120
94
66
65
96
140
185
239
292
318
288
213
128
80
79
116
179
267
385
503
583
605
597
588
577
549
492
402
285
185
153
183
211
181
114
62
75
134
189
207
195
180
183
214
237
217
132
35
-12
14
68
107
118
136
185
243
272
263
241
215
173
101
10
-58
-72
-36
18
39
5
-70
-162
-250
-326
-374
-389
-370
-319
-266
-253
-301
-368
-408
-413
-403
-365
-284
-175
-70
24
110
172
184
162
142
141
138
130
149
207
278
310
302
268
212
141
79
50
37
19
11
24
34
3
-51
-93
-113
-112
-70
28
147
214
211
168
120
76
47
59
94
106
65
14
-7
11
28
12
-57
-167
-274
-360
-398
-386
-315
-203
-101
-62
-102
-171
-201
-177
-145
-150
-178
-193
-177
-155
-156
-193
-236
-243
-209
-154
-114
-106
-131
-156
-147
-102
-51
-35
-46
-56
-52
-49
-75
-118
-148
-144
-118
-100
-93
-93
-69
-16
48
103
145
176
196
207
209
201
185
177
182
204
220
219
202
182
168
140
107
98
143
217
282
329
343
329
275
212
167
159
169
146
65
-49
-147
-208
-240
-231
-169
-72
9
23
-20
-83
-122
-117
-78
-39
-34
-72
-138
-211
-262
-259
-188
-92
-26
-11
-19
-29
-49
-84
-103
-73
7
89
138
147
139
120
100
95
107
123
116
82
32
-1
19
81
130
123
84
63
61
45
3
-56
-127
-187
-201
-156
-89
-54
-59
-72
-47
20
92
119
109
118
151
171
131
46
-54
-156
-263
-367
-444
-477
-466
-409
-307
-190
-122
-134
-166
-138
-55
6
5
-21
-5
61
149
200
174
94
31
19
22
-21
-114
-213
-269
-271
-243
-204
-147
-58
45
101
90
33
-13
-17
22
94
183
295
427
556
628
627
584
570
616
688
722
693
649
620
573
453
292
187
180
204
165
65
1
46
165
254
246
142
-8
-143
-214
-219
-190
-142
-92
-51
-54
-111
-225
-364
-470
-493
-428
-331
-256
-235
-271
-340
-406
-451
-477
-490
-478
-451
-422
-410
-419
-448
-491
-518
-495
-401
-286
-218
-225
-254
-226
-129
-25
31
63
124
208
255
224
133
29
-45
-55
-9
55
111
156
180
172
151
149
167
192
212
212
174
104
39
-3
-46
-96
-137
-121
-35
90
192
234
248
274
321
340
302
219
150
148
193
241
255
253
254
263
277
293
316
336
346
336
296
235
174
133
101
45
-38
-132
-206
-261
-304
-359
-433
-499
-532
-516
-471
-423
-382
-350
-316
-290
-280
-308
-360
-420
-459
-458
-390
-260
-109
15
101
148
166
157
131
99
73
70
83
82
34
-43
-118
-183
-241
-279
-264
-193
-110
-57
-26
4
33
59
95
152
232
343
472
586
643
630
583
539
525
529
539
541
528
485
412
323
240
156
62
-26
-81
-110
-126
-134
-131
-111
-63
7
66
76
32
-7
8
87
176
221
215
186
167
144
80
-24
-125
-182
-221
-256
-285
-308
-362
-470
-571
-586
-504
-384
-284
-222
-192
-187
-195
-189
-164
-126
-95
-88
-101
-98
-51
41
151
241
280
250
171
90
41
28
18
-8
-46
-87
-134
-197
-267
-330
-369
-371
-337
-286
-235
-183
-111
-24
51
106
157
216
272
292
275
235
197
167
146
118
66
-20
-130
-234
-302
-311
-287
-266
-280
-313
-345
-352
-326
-269
-195
-127
-67
-11
29
44
49
79
130
178
203
227
262
306
335
335
315
283
244
183
103
37
20
40
63
75
88
91
67
12
-34
-35
-6
19
8
-14
-5
66
166
236
229
156
77
54
100
170
199
168
118
102
117
109
51
-16
-39
-8
33
32
-15
-83
-124
-114
-61
4
66
127
176
195
167
111
68
59
79
110
152
200
232
236
225
227
224
194
155
135
143
155
161
155
150
141
133
135
139
135
127
146
196
241
234
184
124
63
-9
-93
-157
-196
-218
-242
-265
-285
-292
-285
-285
-318
-379
-423
-423
-394
-378
-392
-418
-439
-452
-463
-465
-431
-359
-283
-255
-294
-378
-451
-490
-478
-428
-364
-325
-327
-329
-314
-294
-305
-340
-372
-380
-362
-331
-290
-260
-249
-250
-252
-241
-209
-156
-89
-16
65
135
179
190
181
167
159
166
189
220
243
270
304
350
411
485
561
616
659
693
713
693
646
607
581
542
480
418
382
358
330
297
275
268
272
283
299
314
327
324
284
204
123
79
77
95
102
86
44
11
31
98
163
192
185
152
105
68
41
9
-18
-16
23
64
92
113
113
84
37
-13
-68
-115
-128
-110
-107
-142
-197
-250
-306
-349
-351
-306
-250
-226
-234
-239
-201
-122
-36
17
38
39
24
-15
-65
-107
-123
-116
-90
-45
-24
-80
-209
-320
-341
-298
-262
-274
-332
-418
-492
-518
-479
-391
-267
-129
-4
72
92
83
82
95
97
90
75
54
23
-11
-24
-25
-39
-96
-199
-319
-412
-457
-483
-539
-614
-650
-589
-471
-386
-397
-470
-523
-490
-377
-243
-149
-111
-114
-122
-114
-94
-64
-27
24
51
47
38
71
149
227
284
325
371
404
386
308
197
112
71
57
47
42
52
73
90
98
109
135
177
235
309
396
507
636
753
797
751
659
589
561
551
524
472
406
339
292
266
244
189
97
-1
-40
-1
81
141
139
106
81
84
97
100
95
79
66
81
142
209
253
273
306
358
391
376
296
179
53
-56
-148
-216
-248
-219
-140
-33
48
100
136
184
234
252
232
190
157
129
101
54
-21
-115
-188
-214
-215
-235
-302
-380
-405
-316
-138
36
121
115
71
23
-24
-60
-70
-68
-110
-222
-368
-473
-500
-478
-432
-401
-415
-476
-527
-514
-460
-426
-444
-488
-535
-565
-573
-589
-626
-677
-711
-728
-719
-661
-546
-401
-281
-211
-199
-207
-211
-191
-149
-87
-17
49
90
103
91
70
67
71
62
25
-7
2
42
80
88
78
80
100
121
124
124
151
212
281
343
411
502
578
599
577
553
554
559
560
568
580
574
540
490
447
407
361
317
280
240
183
122
71
31
1
-7
30
94
155
179
161
127
124
167
212
214
179
129
79
31
-17
-66
-117
-141
-114
-54
-9
-3
-15
-15
1
39
97
162
214
257
295
308
281
225
178
162
175
174
124
5
-148
-287
-365
-375
-350
-348
-403
-465
-468
-395
-292
-212
-182
-206
-254
-272
-233
-156
-90
-46
-7
41
90
121
102
8
-159
-334
-452
-504
-532
-566
-598
-619
-628
-622
-573
-492
-420
-378
-355
-336
-332
-327
-293
-219
-142
-101
-98
-97
-58
30
141
242
327
406
498
600
692
731
686
554
367
182
25
-95
-207
-336
-458
-523
-509
-451
-386
-310
-221
-130
-47
54
180
286
321
277
211
189
237
311
359
376
427
555
728
855
876
802
680
546
443
397
410
429
410
344
249
149
84
70
83
80
48
0
-57
-108
-141
-144
-126
-79
-16
22
-7
-88
-175
-245
-297
-305
-247
-163
-127
-166
-240
-313
-365
-393
-389
-368
-340
-317
-307
-322
-381
-478
-568
-605
-579
-498
-398
-312
-287
-312
-334
-299
-199
-54
107
239
305
298
232
127
20
-54
-94
-125
-154
-188
-233
-293
-324
-291
-211
-134
-68
9
86
117
99
97
155
260
364
447
507
563
618
663
679
675
690
750
862
987
1077
1090
1053
1012
987
968
951
962
1008
1089
1207
1360
1499
1561
1513
1378
1182
945
673
371
31
-350
-757
-1181
-1613
-2035
-2427
-2755
-2998
-3118
-3095
-2955
-2743
-2495
-2215
-1919
-1624
-1341
-1060
-802
-594
-449
-326
-197
-60
54
111
99
23
-82
-174
-239
-301
-360
-370
-291
-153
-32
14
-9
-44
-27
64
197
315
416
541
738
1003
1277
1501
1662
1801
1961
2164
2419
2705
2962
3148
3282
3404
3521
3592
3562
3399
3121
2788
2429
2002
1440
740
-30
-786
-1496
-2175
-2829
-3441
-3970
-4353
-4540
-4512
-4338
-4108
-3868
-3595
-3241
-2808
-2362
-2012
-1790
-1622
-1405
-1106
-785
-531
-380
-308
-250
-156
-51
12
-15
-95
-149
-99
44
179
227
212
227
303
386
407
344
239
139
101
165
323
499
629
730
884
1122
1409
1700
1972
2230
2488
2776
3094
3384
3582
3679
3734
3800
3877
3931
3913
3776
3500
3151
2824
2560
2257
1779
1078
229
-624
-1390
-2054
-2692
-3368
-4065
-4659
-5009
-5057
-4874
-4611
-4372
-4134
-3798
-3310
-2749
-2263
-1919
-1645
-1304
-853
-359
42
257
305
306
375
503
581
523
367
212
131
117
123
87
-21
-182
-343
-459
-548
-656
-791
-905
-936
-858
-699
-504
-299
-70
206
555
955
1354
1728
2115
2551
3033
3496
3893
4222
4503
4748
4937
5011
4911
4619
4216
3791
3342
2752
1937
943
-88
-1050
-1923
-2742
-3533
-4279
-4909
-5328
-5493
-5447
-5296
-5101
-4860
-4519
-4068
-3556
-3082
-2694
-2362
-2009
-1602
-1183
-823
-557
-351
-147
94
339
516
580
550
493
468
492
527
518
445
331
206
78
-73
-246
-422
-565
-631
-600
-474
-289
-60
219
563
959
1373
1794
2232
2724
3303
3953
4583
5070
5356
5499
5602
5720
5809
5787
5600
5253
4786
4190
3431
2490
1434
366
-639
-1595
-2543
-3497
-4410
-5188
-5751
-6046
-6088
-5943
-5715
-5466
-5179
-4787
-4270
-3684
-3106
-2583
-2131
-1760
-1473
-1264
-1117
-993
-832
-615
-375
-153
24
138
156
117
87
128
197
220
162
57
-32
-88
-122
-168
-222
-284
-352
-413
-426
-332
-113
220
612
1023
1442
1906
2449
3047
3623
4109
4514
4910
5343
5758
6026
6049
5859
5583
5322
5062
4681
4029
3066
1910
772
-217
-1076
-1937
-2909
-3989
-5054
-5926
-6473
-6659
-6543
-6242
-5879
-5516
-5116
-4611
-3977
-3271
-2578
-1973
-1490
-1115
-789
-442
-42
360
651
750
696
626
638
715
757
696
546
379
217
41
-187
-463
-750
-1016
-1246
-1453
-1617
-1712
-1696
-1534
-1230
-831
-412
11
473
1036
1716
2465
3202
3834
4337
4770
5249
5821
6395
6773
6797
6512
6150
5948
5888
5683
5012
3797
2326
1010
76
-648
-1562
-2901
-4474
-5767
-6415
-6494
-6420
-6529
-6807
-6952
-6695
-6039
-5227
-4509
-3945
-3420
-2815
-2139
-1518
-1061
-759
-517
-265
-13
200
387
578
754
800
629
280
-40
-151
-71
-22
-209
-606
-999
-1187
-1156
-1077
-1145
-1376
-1568
-1473
-1054
-522
-112
152
455
996
1784
2648
3380
3914
4334
4798
5388
6051
6629
6988
7091
7004
6876
6852
6923
6854
6332
5283
3992
2884
2108
1378
250
-1377
-3089
-4336
-4956
-5339
-5969
-6891
-7627
-7675
-7032
-6204
-5694
-5527
-5264
-4513
-3375
-2366
-1898
-1868
-1808
-1346
-540
205
497
328
103
261
823
1343
1349
843
311
199
428
488
4
-853
-1560
-1765
-1607
-1529
-1821
-2335
-2659
-2529
-2068
-1639
-1437
-1328
-1002
-317
577
1429
2126
2749
3411
4132
4872
5600
6284
6836
7163
7264
7258
7301
7431
7461
7093
6211
5061
4019
3204
2363
1179
-397
-2093
-3525
-4509
-5184
-5850
-6648
-7391
-7771
-7646
-7157
-6565
-6052
-5601
-5024
-4172
-3150
-2255
-1678
-1313
-911
-352
244
637
680
480
322
420
656
709
439
18
-258
-320
-357
-597
-1103
-1701
-2130
-2248
-2145
-2055
-2141
-2366
-2545
-2487
-2141
-1622
-1121
-721
-306
305
1162
2106
2933
3552
4046
4587
5294
6093
6736
7049
7110
7158
7319
7534
7675
7582
7133
6352
5471
4665
3866
2854
1519
-40
-1596
-2900
-3867
-4661
-5557
-6584
-7438
-7781
-7576
-7078
-6585
-6253
-5992
-5543
-4721
-3672
-2777
-2251
-1929
-1500
-864
-214
193
262
161
203
539
978
1155
936
527
223
122
96
-61
-458
-1001
-1438
-1607
-1616
-1742
-2107
-2505
-2628
-2363
-1887
-1433
-1082
-733
-212
525
1392
2213
2896
3483
4110
4863
5676
6376
6844
7137
7412
7715
7896
7814
7532
7211
6842
6226
5243
4021
2800
1653
455
-939
-2476
-3885
-4942
-5688
-6392
-7173
-7854
-8152
-7987
-7511
-6933
-6399
-5935
-5425
-4689
-3718
-2776
-2166
-1863
-1553
-1006
-313
228
413
272
73
94
336
496
288
-212
-704
-957
-978
-936
-1055
-1433
-1916
-2192
-2168
-2072
-2181
-2467
-2635
-2454
-1948
-1350
-880
-548
-150
520
1423
2325
3076
3748
4459
5201
5903
6537
7108
7617
8061
8403
8513
8302
7930
7649
7451
6997
6039
4713
3388
2287
1314
159
-1357
-3011
-4335
-5148
-5752
-6503
-7342
-7899
-7967
-7627
-7086
-6534
-6090
-5681
-5051
-4087
-3061
-2357
-2032
-1801
-1393
-810
-225
134
164
15
1
226
397
208
-295
-774
-968
-888
-753
-833
-1222
-1743
-2092
-2179
-2181
-2303
-2529
-2663
-2543
-2140
-1576
-1014
-557
-103
517
1355
2257
3047
3710
4332
4981
5675
6407
7115
7691
8079
8344
8565
8701
8616
8267
7744
7150
6427
5451
4216
2898
1678
507
-807
-2337
-3839
-5012
-5837
-6561
-7323
-7958
-8251
-8194
-7928
-7537
-7038
-6472
-5865
-5168
-4385
-3626
-2995
-2434
-1903
-1450
-1104
-756
-403
-220
-311
-484
-497
-359
-288
-447
-832
-1266
-1507
-1503
-1504
-1795
-2272
-2570
-2515
-2319
-2266
-2378
-2473
-2348
-1935
-1327
-727
-257
166
727
1487
2354
3219
4059
4874
5651
6382
7098
7802
8416
8841
9085
9230
9298
9181
8813
8276
7687
6988
5984
4641
3207
1981
942
-230
-1745
-3395
-4779
-5729
-6412
-7052
-7675
-8169
-8403
-8290
-7817
-7149
-6537
-6076
-5544
-4710
-3658
-2760
-2285
-2154
-2039
-1687
-1151
-731
-663
-843
-989
-928
-756
-671
-836
-1223
-1608
-1749
-1688
-1751
-2172
-2798
-3235
-3243
-2942
-2669
-2647
-2787
-2785
-2422
-1765
-1092
-595
-203
326
1138
2158
3188
4087
4865
5607
6365
7135
7892
8586
9114
9407
9517
9520
9377
8998
8451
7888
7297
6420
5101
3528
2058
834
-360
-1779
-3421
-4958
-6095
-6829
-7397
-7944
-8397
-8638
-8573
-8157
-7440
-6654
-6015
-5445
-4673
-3614
-2539
-1794
-1475
-1372
-1162
-712
-206
8
-186
-555
-756
-681
-522
-584
-1012
-1641
-2106
-2186
-2074
-2180
-2639
-3149
-3319
-3089
-2721
-2464
-2316
-2122
-1779
-1291
-698
-47
603
1232
1924
2766
3702
4568
5289
5953
6671
7403
8038
8548
8992
9356
9553
9524
9281
8850
8295
7753
7268
6636
5593
4140
2598
1277
222
-854
-2255
-3961
-5521
-6522
-7058
-7590
-8366
-9135
-9486
-9240
-8529
-7687
-7012
-6555
-6047
-5228
-4173
-3243
-2672
-2371
-2066
-1563
-915
-404
-313
-572
-822
-777
-544
-454
-713
-1259
-1791
-1998
-1854
-1716
-1966
-2529
-2941
-2880
-2520
-2249
-2240
-2302
-2153
-1679
-994
-277
403
1087
1865
2763
3739
4698
5568
6369
7149
7864
8372
8646
8857
9179
9519
9621
9351
8808
8188
7641
7175
6608
5683
4313
2709
1202
-7
-1043
-2232
-3783
-5471
-6787
-7515
-7942
-8476
-9108
-9496
-9376
-8822
-8100
-7442
-6878
-6242
-5364
-4274
-3217
-2404
-1839
-1368
-859
-333
71
213
129
15
27
124
126
-71
-446
-873
-1171
-1232
-1176
-1260
-1589
-1965
-2119
-1999
-1788
-1665
-1611
-1466
-1127
-623
-49
556
1191
1865
2586
3380
4244
5098
5849
6482
7084
7665
8135
8441
8703
9029
9318
9370
9105
8607
7947
7225
6541
5903
5083
3810
2128
428
-860
-1749
-2671
-4100
-5929
-7515
-8322
-8518
-8758
-9338
-9937
-10015
-9433
-8442
-7455
-6739
-6249
-5652
-4668
-3418
-2324
-1695
-1467
-1309
-932
-335
175
275
-43
-414
-503
-342
-277
-588
-1180
-1669
-1749
-1517
-1379
-1613
-2052
-2277
-2084
-1670
-1361
-1247
-1137
-797
-188
567
1339
2079
2776
3423
4057
4753
5548
6378
7135
7764
8255
8637
8929
9170
9324
9329
9192
8956
8555
7845
6908
6052
5392
4602
3281
1482
-319
-1680
-2628
-3612
-5039
-6779
-8227
-8960
-9148
-9280
-9578
-9863
-9846
-9363
-8444
-7319
-6312
-5563
-4896
-4059
-3051
-2113
-1462
-1150
-1032
-851
-445
50
308
168
-174
-384
-303
-93
-72
-407
-886
-1109
-940
-660
-607
-798
-959
-860
-489
-31
329
562
811
1228
1801
2451
3105
3729
4294
4827
5415
6103
6825
7476
7976
8310
8502
8630
8777
8944
9038
8968
8660
8039
7096
6074
5311
4834
4198
2894
952
-1045
-2459
-3220
-3895
-5150
-7030
-8825
-9780
-9814
-9549
-9591
-10018
-10366
-10110
-9090
-7683
-6494
-5836
-5474
-4906
-3874
-2609
-1623
-1257
-1370
-1453
-1080
-340
241
190
-438
-1076
-1152
-639
-153
-329
-1138
-1865
-1893
-1330
-838
-911
-1396
-1709
-1415
-642
112
517
682
974
1641
2634
3662
4437
4879
5198
5691
6484
7424
8210
8632
8689
8597
8618
8847
9076
9030
8672
8189
7678
6989
6010
4913
3966
3182
2221
758
-1134
-2858
-3891
-4397
-5163
-6685
-8510
-9689
-9757
-9194
-8836
-9086
-9552
-9493
-8509
-6924
-5523
-4806
-4596
-4266
-3415
-2185
-1082
-558
-639
-898
-788
-199
441
566
49
-688
-1055
-794
-268
-93
-523
-1116
-1271
-881
-381
-179
-242
-247
63
633
1231
1678
2015
2395
2913
3559
4284
5023
5668
6137
6462
6821
7370
8066
8655
8847
8593
8175
7989
8162
8393
8272
7672
6761
5739
4702
3750
2953
2222
1252
-191
-2007
-3705
-4806
-5325
-5849
-6980
-8639
-10108
-10671
-10301
-9571
-9165
-9281
-9499
-9133
-7878
-6166
-4765
-4092
-3872
-3543
-2762
-1668
-690
-226
-331
-653
-708
-327
187
347
-21
-631
-999
-896
-528
-283
-334
-538
-664
-597
-373
-48
314
670
970
1213
1513
2030
2783
3557
4115
4462
4824
5399
6152
6868
7361
7625
7847
8190
8589
8767
8538
8018
7538
7316
7318
7289
6903
5948
4535
3123
2174
1722
1290
258
-1592
-3775
-5420
-6031
-6018
-6320
-7478
-9130
-10354
-10472
-9571
-8431
-7856
-7989
-8199
-7736
-6443
-4840
-3587
-2975
-2839
-2759
-2348
-1545
-665
-127
-65
-267
-443
-425
-228
28
193
191
23
-250
-469
-388
93
691
927
653
264
335
1068
2105
2864
3022
2819
2824
3430
4489
5483
5998
6037
5976
6195
6773
7461
7940
8104
8040
7874
7689
7550
7478
7403
7241
6986
6591
5906
4825
3528
2398
1636
1029
106
-1427
-3390
-5204
-6354
-6831
-7148
-7855
-9051
-10307
-11029
-10921
-10165
-9274
-8673
-8408
-8125
-7435
-6241
-4787
-3468
-2569
-2155
-2002
-1785
-1301
-608
60
471
496
200
-145
-185
212
796
1087
813
181
-246
-10
813
1696
2074
1853
1413
1269
1632
2301
2926
3314
3556
3829
4231
4727
5274
5844
6388
6751
6790
6599
6516
6825
7418
7879
7871
7404
6788
6373
6323
6490
6502
6018
4965
3596
2341
1547
1195
856
-34
-1713
-3837
-5707
-6819
-7248
-7500
-8060
-9007
-10028
-10667
-10642
-9997
-9040
-8119
-7418
-6898
-6361
-5562
-4396
-3027
-1844
-1145
-907
-850
-671
-236
382
931
1150
941
481
84
-26
154
411
494
316
57
-28
133
401
639
884
1267
1805
2334
2678
2867
3150
3718
4471
5095
5385
5466
5622
5965
6312
6429
6342
6304
6481
6748
6840
6609
6167
5769
5631
5759
5936
5845
5270
4237
3013
1968
1301
879
302
-792
-2456
-4345
-5955
-6989
-7556
-8000
-8579
-9334
-10111
-10686
-10811
-10335
-9331
-8097
-7013
-6273
-5761
-5136
-4147
-2876
-1674
-838
-384
-135
104
415
803
1210
1561
1766
1750
1530
1257
1152
1286
1512
1618
1550
1438
1386
1374
1361
1448
1805
2426
3075
3469
3564
3568
3756
4228
4871
5467
5860
6011
5956
5813
5762
5995
6503
7013
7159
6761
5995
5294
5097
5464
6031
6251
5810
4750
3386
2122
1239
736
304
-456
-1808
-3672
-5613
-7079
-7844
-8167
-8504
-9078
-9780
-10374
-10659
-10529
-9951
-9010
-7881
-6786
-5909
-5262
-4673
-3924
-2992
-2026
-1197
-585
-187
29
157
305
564
948
1365
1634
1639
1453
1266
1201
1269
1456
1737
2004
2110
2003
1801
1703
1856
2236
2676
3002
3157
3180
3130
3102
3265
3758
4475
5071
5230
4965
4631
4636
5126
5872
6427
6449
5982
5433
5241
5516
6023
6413
6403
5797
4599
3095
1758
906
461
-32
-1091
-2876
-5001
-6811
-7948
-8540
-8900
-9223
-9556
-9926
-10266
-10377
-10057
-9242
-8034
-6653
-5371
-4363
-3614
-2971
-2295
-1489
-507
565
1462
1925
1935
1707
1496
1479
1681
1972
2153
2128
1923
1603
1253
1029
1069
1366
1747
1965
1864
1487
1129
1117
1538
2148
2630
2831
2797
2696
2717
2998
3526
4133
4597
4798
4770
4664
4665
4849
5141
5376
5445
5362
5243
5215
5330
5498
5488
5069
4183
3048
1974
1156
514
-228
-1364
-2922
-4617
-6096
-7236
-8141
-8884
-9437
-9781
-9987
-10088
-10030
-9721
-9106
-8177
-6996
-5713
-4498
-3486
-2716
-2136
-1563
-817
130
1089
1802
2150
2193
2143
2201
2442
2786
3092
3238
3129
2746
2199
1726
1514
1583
1767
1861
1746
1480
1189
1006
1019
1253
1608
1888
1980
1962
2002
2172
2430
2695
2911
3066
3212
3439
3776
4176
4543
4794
4872
4800
4762
4968
5450
5912
5940
5297
4125
2846
1886
1344
923
196
-1033
-2607
-4214
-5610
-6736
-7637
-8351
-8888
-9271
-9552
-9757
-9819
-9616
-9033
-8042
-6723
-5277
-3933
-2870
-2095
-1462
-795
-4
901
1845
2678
3196
3277
3003
2632
2433
2525
2828
3091
3070
2709
2172
1678
1356
1218
1179
1119
956
679
355
103
79
328
694
940
970
891
894
1105
1532
2013
2299
2289
2147
2178
2520
3061
3573
3898
4003
3976
3986
4227
4751
5401
5835
5738
5038
3982
2935
2107
1455
809
18
-1046
-2399
-3931
-5423
-6699
-7651
-8268
-8630
-8888
-9146
-9370
-9422
-9123
-8380
-7237
-5871
-4501
-3298
-2366
-1699
-1164
-524
362
1442
2501
3323
3782
3892
3763
3562
3458
3542
3770
3943
3848
3419
2811
2251
1890
1697
1534
1287
923
528
223
94
94
109
57
-62
-166
-135
155
676
1234
1575
1638
1597
1713
2119
2748
3418
3957
4300
4479
4590
4749
5047
5430
5694
5625
5170
4425
3517
2527
1567
736
16
-783
-1845
-3182
-4654
-6051
-7202
-7984
-8434
-8688
-8884
-9061
-9131
-8953
-8405
-7491
-6298
-5002
-3779
-2762
-1961
-1303
-693
-50
699
1554
2370
2971
3264
3295
3165
3009
2974
3097
3253
3236
2941
2441
1956
1677
1591
1464
1093
513
-73
-518
-784
-879
-846
-808
-908
-1151
-1332
-1193
-676
4
535
779
848
973
1331
1904
2543
3116
3628
4125
4578
4933
5208
5464
5715
5905
5965
5777
5236
4366
3338
2336
1415
511
-499
-1707
-3109
-4575
-5915
-6959
-7622
-7958
-8152
-8373
-8593
-8592
-8210
-7486
-6560
-5530
-4462
-3414
-2425
-1537
-782
-128
560
1354
2176
2862
3328
3558
3574
3471
3397
3436
3498
3411
3080
2568
2057
1677
1373
987
480
-21
-425
-756
-1018
-1125
-1035
-880
-830
-885
-904
-724
-311
253
821
1303
1703
2062
2393
2668
2904
3209
3694
4326
4915
5271
5362
5318
5314
5459
5684
5763
5463
4763
3815
2824
1909
1108
322
-636
-1879
-3309
-4691
-5856
-6753
-7436
-7976
-8433
-8787
-8938
-8792
-8324
-7583
-6671
-5746
-4908
-4142
-3353
-2532
-1735
-972
-214
542
1239
1833
2291
2601
2789
2928
3093
3240
3266
3104
2837
2578
2347
2069
1655
1083
380
-352
-966
-1344
-1492
-1532
-1588
-1715
-1837
-1819
-1582
-1176
-720
-270
210
771
1407
2033
2531
2842
3058
3383
3970
4741
5455
5901
6064
6066
6071
6154
6252
6191
5809
5090
4158
3190
2273
1345
277
-984
-2326
-3577
-4632
-5504
-6264
-6976
-7653
-8235
-8611
-8683
-8443
-7975
-7399
-6770
-6056
-5217
-4298
-3394
-2558
-1729
-829
156
1140
2007
2664
3110
3425
3688
3897
3992
3948
3808
3607
3354
3033
2652
2224
1740
1166
489
-220
-841
-1291
-1579
-1767
-1877
-1886
-1777
-1585
-1374
-1145
-799
-255
456
1199
1850
2365
2753
3079
3420
3861
4437
5096
5709
6137
6314
6261
6097
5961
5911
5824
5512
4906
4084
3165
2209
1221
166
-975
-2141
-3217
-4155
-5035
-5941
-6890
-7802
-8563
-9048
-9163
-8950
-8557
-8115
-7621
-7020
-6301
-5508
-4662
-3748
-2771
-1747
-714
247
1070
1745
2331
2839
3242
3538
3759
3905
3911
3726
3377
2956
2531
2104
1603
991
314
-352
-961
-1477
-1830
-1956
-1872
-1679
-1486
-1347
-1252
-1108
-785
-189
608
1416
2052
2469
2736
2957
3252
3697
4288
4920
5439
5720
5735
5589
5446
5412
5465
5521
5509
5353
4970
4316
3424
2410
1416
517
-298
-1103
-1963
-2932
-4004
-5128
-6204
-7119
-7827
-8329
-8648
-8753
-8618
-8289
-7888
-7498
-7073
-6484
-5620
-4496
-3224
-1967
-851
88
897
1645
2360
3061
3743
4349
4775
4975
4984
4843
4549
4101
3532
2894
2230
1570
900
204
-483
-1051
-1426
-1626
-1734
-1824
-1937
-2043
-2045
-1833
-1370
-750
-103
468
932
1311
1659
2065
2605
3287
4025
4682
5161
5437
5532
5495
5391
5332
5409
5617
5800
5726
5227
4339
3281
2289
1480
812
167
-591
-1528
-2627
-3821
-5042
-6190
-7174
-7939
-8486
-8823
-8968
-8994
-8986
-8956
-8777
-8289
-7435
-6296
-5035
-3784
-2628
-1591
-650
242
1154
2114
3083
3938
4561
4922
5068
5048
4867
4545
4141
3716
3253
2684
1972
1175
416
-203
-649
-967
-1225
-1493
-1787
-2047
-2184
-2162
-1993
-1661
-1191
-670
-227
141
550
1116
1838
2601
3291
3838
4305
4722
5048
5225
5288
5332
5379
5401
5345
5170
4888
4567
4237
3809
3208
2452
1633
834
70
-710
-1603
-2657
-3805
-4900
-5795
-6440
-6912
-7346
-7823
-8301
-8649
-8732
-8480
-7908
-7071
-6071
-5023
-4021
-3092
-2198
-1275
-259
858
2006
3059
3929
4573
4978
5164
5214
5186
5062
4777
4292
3632
2861
2090
1392
802
293
-152
-569
-980
-1373
-1725
-1994
-2148
-2111
-1888
-1556
-1247
-1038
-906
-748
-427
72
656
1193
1653
2069
2442
2753
3029
3349
3750
4159
4447
4535
4457
4301
4139
3957
3719
3441
3168
2906
2583
2128
1501
679
-318
-1385
-2345
-3071
-3594
-4044
-4565
-5216
-5956
-6698
-7302
-7630
-7597
-7273
-6823
-6360
-5887
-5346
-4692
-3883
-2900
-1752
-501
746
1848
2728
3407
3971
4472
4895
5166
5228
5080
4756
4299
3764
3165
2509
1801
1149
620
153
-355
-944
-1509
-1983
-2297
-2470
-2539
-2575
-2608
-2603
-2550
-2393
-2094
-1585
-913
-198
419
888
1317
1789
2342
2883
3339
3683
3955
4173
4312
4314
4182
3951
3669
3411
3148
2822
2327
1613
685
-328
-1276
-2004
-2513
-2881
-3184
-3489
-3815
-4247
-4740
-5144
-5253
-5010
-4494
-3892
-3394
-3063
-2834
-2567
-2203
-1713
-1096
-403
247
795
1241
1640
1974
2234
2444
2658
2908
3128
3258
3233
3075
2802
2490
2187
1886
1521
1071
586
130
-315
-757
-1175
-1513
-1739
-1880
-1963
-2077
-2229
-2391
-2446
-2329
-2052
-1703
-1399
-1121
-814
-416
15
465
944
1448
1951
2374
2687
2822
2814
2706
2545
2359
2153
1957
1719
1376
878
269
-357
-879
-1233
-1409
-1486
-1527
-1629
-1878
-2240
-2576
-2674
-2532
-2205
-1830
-1448
-1098
-801
-513
-240
84
397
764
1163
1593
1953
2180
2288
2301
2283
2247
2189
2085
1926
1697
1419
1160
1030
1014
1031
992
901
762
555
293
29
-147
-253
-322
-453
-683
-1017
-1410
-1786
-2142
-2389
-2506
-2430
-2231
-2030
-1889
-1839
-1770
-1652
-1431
-1138
-783
-433
-150
55
184
299
328
309
224
209
230
246
142
-115
-438
-742
-903
-1000
-1020
-1044
-1051
-1088
-1161
-1239
-1253
-1142
-901
-596
-305
-19
244
520
801
1116
1484
1851
2161
2310
2325
2245
2191
2192
2260
2359
2387
2314
2074
1780
1493
1338
1306
1357
1383
1372
1327
1261
1111
851
564
291
121
62
126
153
31
-257
-611
-918
-1145
-1219
-1218
-1191
-1213
-1305
-1415
-1518
-1525
-1477
-1413
-1386
-1342
-1291
-1265
-1302
-1412
-1537
-1583
-1522
-1376
-1323
-1467
-1719
-2004
-2130
-2170
-2088
-1926
-1744
-1594
-1567
-1595
-1617
-1460
-1135
-724
-323
36
431
724
896
991
1167
1468
1808
2110
2306
2354
2230
2037
1840
1727
1691
1739
1825
1863
1823
1658
1495
1350
1295
1324
1406
1574
1661
1668
1527
1354
1251
1230
1322
1450
1560
1514
1255
860
468
239
165
216
293
282
167
-56
-259
-387
-478
-497
-523
-497
-534
-629
-785
-959
-1115
-1296
-1436
-1566
-1656
-1817
-2115
-2511
-2929
-3222
-3349
-3333
-3215
-3128
-3080
-3148
-3237
-3251
-3067
-2655
-2154
-1569
-1039
-545
-207
25
269
562
970
1375
1784
2089
2230
2171
1985
1798
1623
1492
1414
1392
1349
1259
1030
796
549
514
644
884
1149
1313
1476
1525
1596
1642
1725
1826
1897
1938
1865
1723
1508
1307
1117
1043
987
998
936
884
770
600
438
257
226
254
385
422
309
48
-259
-511
-643
-712
-758
-873
-1057
-1380
-1787
-2225
-2554
-2707
-2684
-2554
-2491
-2557
-2693
-2789
-2794
-2692
-2506
-2158
-1750
-1378
-1139
-990
-773
-527
-262
-80
128
329
557
661
621
447
240
147
100
187
235
294
181
45
-109
-127
-2
271
652
990
1192
1200
1108
1068
1172
1392
1681
1858
1961
1919
1860
1762
1625
1486
1314
1266
1322
1515
1644
1587
1356
1093
988
1054
1195
1320
1290
1145
892
623
455
334
363
291
177
-94
-398
-679
-987
-1218
-1471
-1571
-1623
-1642
-1682
-1846
-2015
-2253
-2323
-2183
-1837
-1409
-1090
-889
-837
-839
-823
-695
-476
-254
-178
-243
-452
-669
-905
-1057
-1141
-1122
-994
-862
-757
-811
-896
-1006
-1001
-901
-659
-323
2
194
211
182
206
369
567
798
941
1046
1090
1142
1164
1108
973
837
849
992
1206
1348
1341
1256
1097
1053
1088
1281
1478
1575
1460
1255
1122
1083
1093
1004
916
738
592
362
129
-149
-402
-549
-625
-623
-693
-810
-918
-1049
-1063
-1058
-824
-530
-252
-86
-112
-151
-240
-207
-127
-74
-72
-191
-233
-264
-300
-490
-945
-1350
-1746
-1808
-1879
-1749
-1688
-1599
-1631
-1674
-1662
-1575
-1354
-1092
-744
-432
-173
-39
40
76
220
385
748
1066
1336
1286
1124
937
927
1003
1092
1153
1125
1136
1107
1150
1174
1284
1396
1530
1547
1516
1431
1324
1261
1111
1085
945
904
700
500
203
-73
-233
-327
-289
-335
-332
-424
-455
-501
-436
-337
-120
130
458
737
885
917
826
783
726
711
699
625
424
30
-467
-943
-1360
-1632
-1887
-2070
-2290
-2427
-2492
-2500
-2393
-2275
-2100
-1929
-1656
-1263
-933
-650
-554
-419
-380
-203
-32
210
360
411
365
231
165
154
278
369
463
465
457
424
467
566
725
846
918
868
759
643
628
707
759
773
639
543
396
351
239
117
-28
-191
-269
-380
-344
-363
-294
-327
-311
-253
-52
228
458
602
633
653
671
775
890
995
957
850
646
564
544
512
368
51
-252
-662
-928
-1111
-1093
-1075
-1158
-1294
-1414
-1322
-1109
-774
-506
-253
-177
-110
-198
-144
-73
214
514
764
844
723
565
355
299
305
463
521
489
308
159
50
60
122
221
284
349
389
379
263
136
43
-13
-90
-180
-192
-162
-136
-256
-506
-737
-880
-827
-757
-656
-675
-815
-1007
-1134
-958
-624
-236
-51
-45
-151
-189
-124
88
277
538
695
776
612
378
192
124
129
99
49
-20
-42
-53
-74
-92
-60
16
80
135
244
470
770
1052
1217
1222
1110
1030
998
1070
1076
1064
1006
953
928
841
788
633
587
528
565
464
275
40
-103
-69
81
286
374
312
68
-193
-387
-339
-219
-118
-248
-483
-759
-920
-1010
-1049
-1061
-1115
-1199
-1423
-1618
-1816
-1845
-1864
-1811
-1811
-1796
-1802
-1861
-1936
-1989
-1853
-1564
-1185
-934
-878
-943
-971
-848
-662
-492
-448
-448
-413
-238
-21
179
337
443
562
677
916
1210
1530
1741
1825
1797
1761
1768
1846
1902
1937
1938
1962
1933
1828
1750
1728
1826
1855
1863
1772
1688
1641
1655
1655
1577
1438
1371
1369
1375
1244
1044
868
782
689
528
322
84
-106
-340
-537
-817
-1040
-1248
-1383
-1539
-1737
-1876
-2005
-2005
-2037
-2046
-2174
-2358
-2497
-2536
-2418
-2321
-2240
-2303
-2391
-2467
-2376
-2201
-2026
-2039
-2174
-2350
-2338
-2131
-1883
-1663
-1544
-1308
-1056
-684
-343
28
344
590
855
1102
1491
1801
2080
2149
2161
2180
2291
2456
2543
2479
2247
2021
1916
2012
2091
2096
1888
1746
1637
1717
1767
1822
1771
1634
1483
1369
1400
1422
1409
1284
1170
1111
1105
1107
1016
812
601
479
455
366
155
-104
-364
-531
-730
-895
-1120
-1282
-1413
-1511
-1598
-1703
-1783
-1888
-2011
-2141
-2189
-2220
-2256
-2380
-2496
-2559
-2614
-2654
-2725
-2770
-2718
-2613
-2420
-2281
-2075
-1822
-1513
-1263
-1045
-741
-353
105
438
698
786
923
1037
1275
1421
1571
1610
1667
1688
1761
1828
1835
1766
1731
1822
1959
2036
1955
1788
1581
1523
1543
1642
1656
1646
1546
1430
1335
1324
1358
1407
1384
1321
1168
1041
837
626
370
209
172
196
183
-15
-284
-533
-573
-567
-662
-1004
-1353
-1500
-1448
-1364
-1425
-1547
-1745
-1926
-2130
-2302
-2458
-2505
-2448
-2339
-2288
-2337
-2358
-2343
-2254
-2268
-2268
-2186
-1880
-1457
-1062
-760
-533
-310
-79
114
332
453
603
692
912
1131
1337
1361
1253
1135
1115
1245
1367
1465
1418
1327
1191
1111
1080
1137
1234
1357
1407
1357
1217
1096
1097
1209
1396
1570
1717
1773
1740
1596
1459
1382
1399
1407
1340
1222
1053
898
727
600
463
346
200
36
-162
-433
-699
-917
-1006
-1023
-1053
-1096
-1234
-1388
-1572
-1692
-1743
-1706
-1602
-1545
-1546
-1604
-1614
-1643
-1699
-1703
-1619
-1386
-1217
-1088
-1091
-1069
-998
-779
-433
-64
175
220
161
127
179
333
539
764
837
748
545
421
435
510
577
540
513
509
603
648
631
560
545
637
833
1085
1262
1298
1220
1147
1141
1215
1338
1448
1446
1300
1029
761
620
641
744
735
626
401
172
-123
-407
-675
-873
-972
-1027
-1071
-1316
-1658
-2072
-2248
-2241
-2033
-1831
-1689
-1671
-1799
-1939
-1981
-1790
-1471
-1159
-945
-853
-829
-851
-839
-737
-532
-249
-35
40
-67
-188
-251
-165
0
209
416
529
604
518
468
413
559
765
986
1057
962
738
517
416
523
744
950
1046
1034
975
876
882
957
1162
1332
1527
1624
1597
1395
1222
1235
1501
1791
1910
1749
1442
1165
1018
960
924
843
710
461
72
-393
-783
-967
-995
-1022
-1186
-1454
-1723
-1854
-1879
-1804
-1763
-1678
-1573
-1394
-1263
-1203
-1217
-1238
-1197
-1069
-832
-545
-255
-38
75
84
60
74
193
429
721
962
1029
929
743
586
538
534
519
384
224
47
-65
-152
-135
-60
-1
-44
-208
-290
-307
-149
-7
180
345
543
749
923
1086
1193
1325
1387
1364
1247
1172
1249
1293
1171
811
443
223
156
101
-121
-485
-859
-1048
-1110
-1223
-1540
-2003
-2414
-2626
-2594
-2428
-2298
-2354
-2535
-2698
-2660
-2411
-2009
-1634
-1463
-1495
-1599
-1544
-1283
-864
-466
-202
-57
74
258
415
502
466
461
551
862
1203
1380
1260
1010
892
982
1250
1500
1678
1682
1617
1535
1568
1645
1767
1868
1912
1824
1566
1319
1227
1420
1694
1842
1726
1476
1301
1288
1413
1515
1528
1405
1227
1048
954
945
960
868
610
201
-237
-589
-799
-930
-1127
-1446
-1836
-2168
-2371
-2405
-2305
-2120
-2025
-2066
-2201
-2214
-2061
-1817
-1596
-1446
-1347
-1303
-1194
-987
-681
-459
-379
-394
-372
-287
-217
-230
-325
-378
-374
-262
-165
-119
-177
-282
-292
-195
29
260
490
642
758
893
1121
1395
1614
1740
1759
1797
1853
1976
2060
2114
2130
2129
2087
1958
1806
1610
1426
1206
1073
1057
1080
995
700
331
77
28
79
64
-40
-216
-447
-815
-1302
-1779
-2080
-2123
-2064
-2071
-2281
-2627
-2938
-2989
-2720
-2248
-1879
-1772
-1927
-2138
-2187
-1926
-1413
-867
-546
-539
-709
-859
-836
-651
-396
-209
-203
-368
-612
-790
-828
-738
-587
-483
-499
-614
-689
-611
-368
-57
257
526
740
851
896
985
1251
1706
2205
2532
2570
2404
2283
2472
3011
3648
3969
3739
3146
2627
2598
3038
3581
3696
3162
2273
1555
1377
1639
1989
2007
1559
853
358
288
487
522
206
-331
-773
-973
-1138
-1513
-2167
-2782
-3092
-3109
-3128
-3390
-3842
-4260
-4421
-4272
-3887
-3392
-2953
-2618
-2380
-2093
-1708
-1236
-821
-548
-380
-245
-110
-55
-102
-221
-334
-436
-550
-704
-873
-1047
-1231
-1443
-1663
-1791
-1741
-1528
-1291
-1123
-996
-785
-428
4
370
598
800
1143
1663
2214
2596
2789
2910
3132
3470
3830
4068
4138
4112
4090
4095
4091
4050
3997
3923
3713
3347
2851
2451
2197
2026
1781
1427
1076
805
576
271
-190
-689
-1064
-1176
-1104
-1075
-1363
-2071
-2936
-3566
-3685
-3479
-3309
-3485
-3947
-4405
-4498
-4118
-3413
-2715
-2270
-2077
-1990
-1787
-1365
-747
-86
384
526
351
58
-110
-58
100
58
-368
-1087
-1733
-2049
-2064
-2065
-2245
-2591
-2916
-3065
-3013
-2793
-2475
-2091
-1734
-1434
-1152
-767
-187
579
1393
2078
2557
2902
3250
3686
4239
4852
5382
5637
5523
5182
4893
4882
5055
5101
4732
3985
3187
2688
2610
2701
2594
2062
1270
603
373
562
814
670
-79
-1146
-1916
-1936
-1374
-975
-1453
-2778
-4154
-4675
-4200
-3388
-3122
-3666
-4577
-5020
-4544
-3346
-2132
-1488
-1471
-1681
-1592
-952
117
1141
1670
1575
1142
838
984
1477
1793
1426
361
-861
-1663
-1849
-1710
-1764
-2294
-3149
-3833
-3964
-3580
-3027
-2664
-2618
-2699
-2594
-2037
-1084
-12
871
1404
1692
2012
2652
3596
4544
5166
5379
5364
5373
5552
5811
5916
5707
5232
4737
4397
4209
3986
3559
2938
2235
1577
1037
630
324
45
-273
-718
-1364
-2174
-2856
-3083
-2774
-2361
-2442
-3305
-4562
-5400
-5259
-4388
-3667
-3778
-4604
-5310
-5176
-4091
-2654
-1612
-1329
-1505
-1457
-732
548
1763
2353
2189
1718
1492
1763
2248
2445
2006
1019
-107
-897
-1193
-1254
-1511
-2248
-3283
-4190
-4549
-4324
-3828
-3481
-3429
-3447
-3147
-2382
-1337
-367
352
899
1471
2161
2931
3685
4334
4876
5334
5777
6188
6508
6665
6627
6455
6206
5931
5609
5184
4636
3981
3283
2605
1971
1381
777
156
-469
-1010
-1412
-1733
-2203
-2979
-3809
-4175
-3799
-3143
-2991
-3753
-4937
-5574
-5107
-4014
-3387
-3856
-4929
-5476
-4783
-3189
-1722
-1130
-1295
-1384
-742
579
1939
2729
2811
2499
2288
2441
2820
2967
2527
1538
454
-291
-570
-732
-1204
-2146
-3269
-4064
-4285
-4075
-3858
-3847
-3932
-3824
-3419
-2854
-2307
-1793
-1201
-443
480
1448
2324
3023
3622
4273
5047
5824
6399
6622
6555
6416
6383
6450
6384
5992
5288
4527
3986
3698
3415
2829
1887
852
40
-440
-719
-1026
-1480
-2103
-2842
-3648
-4319
-4577
-4297
-3836
-3817
-4513
-5471
-5808
-5125
-3946
-3313
-3684
-4492
-4665
-3755
-2280
-1212
-980
-1154
-922
89
1460
2449
2667
2395
2190
2435
2990
3408
3275
2571
1651
918
508
183
-387
-1292
-2285
-2996
-3311
-3420
-3657
-4106
-4524
-4540
-4055
-3327
-2744
-2436
-2182
-1660
-775
265
1183
1866
2454
3148
3991
4813
5406
5716
5880
6084
6407
6733
6844
6540
5865
5084
4526
4220
3902
3263
2307
1307
528
17
-420
-923
-1488
-1988
-2386
-2776
-3297
-3959
-4544
-4768
-4542
-4195
-4128
-4492
-4915
-4926
-4395
-3693
-3331
-3402
-3568
-3322
-2526
-1461
-633
-309
-270
-13
778
1879
2736
2948
2650
2354
2491
2946
3232
2936
2132
1223
543
122
-269
-824
-1563
-2303
-2844
-3112
-3214
-3320
-3481
-3566
-3407
-2966
-2398
-1902
-1560
-1273
-853
-189
658
1471
2106
2579
3055
3608
4194
4684
5025
5238
5389
5504
5530
5402
5105
4741
4394
4049
3592
2948
2195
1501
971
494
-88
-795
-1443
-1904
-2246
-2641
-3131
-3613
-4007
-4316
-4536
-4554
-4295
-3924
-3776
-3978
-4216
-4057
-3381
-2580
-2120
-2124
-2199
-1851
-1009
-108
381
475
601
1131
1946
2589
2708
2435
2212
2328
2647
2755
2383
1652
934
498
290
40
-449
-1143
-1796
-2218
-2381
-2444
-2559
-2779
-3012
-3063
-2792
-2252
-1685
-1327
-1173
-995
-529
231
1013
1522
1729
1916
2346
3040
3715
4131
4237
4245
4354
4590
4741
4581
4125
3624
3324
3175
2896
2296
1502
806
349
-25
-546
-1307
-2168
-2904
-3353
-3523
-3560
-3625
-3731
-3812
-3824
-3770
-3594
-3179
-2540
-1898
-1493
-1341
-1170
-714
21
702
978
813
574
662
1115
1550
1568
1192
826
838
1145
1338
1127
632
241
165
259
144
-375
-1113
-1655
-1740
-1549
-1496
-1847
-2430
-2820
-2764
-2389
-2076
-2037
-2157
-2128
-1803
-1309
-901
-685
-517
-183
342
842
1122
1219
1375
1710
2149
2519
2774
2970
3189
3405
3516
3433
3202
2979
2873
2815
2612
2186
1658
1223
894
518
-13
-592
-1007
-1197
-1316
-1576
-2010
-2399
-2497
-2287
-2033
-1965
-2007
-1837
-1287
-522
99
426
572
787
1178
1634
1975
2120
2180
2270
2395
2417
2245
1938
1636
1402
1156
815
408
55
-198
-405
-656
-971
-1293
-1538
-1672
-1766
-1934
-2203
-2483
-2697
-2816
-2831
-2711
-2507
-2313
-2189
-2095
-1944
-1688
-1381
-1132
-979
-821
-539
-159
190
391
470
572
855
1302
1688
1790
1650
1503
1533
1686
1754
1609
1306
1039
948
979
964
794
535
328
236
212
136
-65
-384
-710
-903
-927
-866
-878
-988
-1054
-895
-512
-136
23
12
80
383
800
1097
1144
1071
1103
1323
1604
1740
1691
1579
1542
1598
1633
1551
1350
1117
902
689
451
194
-76
-406
-810
-1214
-1489
-1612
-1705
-1907
-2225
-2501
-2544
-2344
-2098
-2041
-2225
-2440
-2450
-2191
-1851
-1661
-1647
-1654
-1506
-1237
-1009
-934
-955
-918
-735
-449
-178
-8
43
31
56
193
424
661
823
900
947
1009
1075
1095
1077
1107
1237
1394
1424
1285
1058
902
897
999
1048
926
689
546
637
879
1059
1041
921
893
1062
1324
1502
1525
1480
1492
1613
1789
1925
1942
1828
1640
1468
1374
1345
1311
1207
1037
870
768
712
628
471
274
94
-59
-223
-437
-685
-910
-1063
-1144
-1180
-1214
-1263
-1349
-1461
-1603
-1775
-1970
-2146
-2260
-2302
-2292
-2269
-2252
-2258
-2270
-2259
-2173
-1981
-1720
-1493
-1418
-1480
-1498
-1300
-891
-479
-231
-146
-76
71
262
378
365
280
225
273
389
473
404
162
-153
-372
-419
-334
-242
-228
-288
-349
-305
-134
90
270
384
478
542
548
503
490
562
732
939
1092
1116
1063
1074
1213
1382
1433
1359
1288
1352
1540
1715
1726
1578
1416
1382
1453
1475
1349
1127
941
861
837
786
653
478
327
223
79
-195
-581
-955
-1215
-1358
-1456
-1582
-1730
-1860
-1914
-1875
-1738
-1527
-1309
-1153
-1071
-1007
-886
-680
-430
-203
-50
69
213
403
593
714
765
778
818
838
778
610
417
301
270
266
197
76
-30
-60
-68
-160
-346
-520
-538
-403
-231
-138
-125
-97
17
205
366
415
365
309
336
444
556
609
577
491
388
341
386
517
641
678
590
429
306
295
394
492
511
432
322
236
181
151
135
124
42
-133
-365
-602
-838
-1102
-1356
-1541
-1611
-1617
-1655
-1779
-1904
-1885
-1677
-1415
-1266
-1275
-1297
-1167
-858
-531
-344
-292
-225
-8
345
721
980
1053
990
912
902
917
876
740
533
290
44
-168
-299
-358
-402
-497
-615
-673
-610
-482
-389
-368
-388
-372
-271
-78
127
266
315
341
422
561
709
811
880
965
1099
1260
1380
1411
1340
1224
1165
1235
1380
1467
1414
1278
1168
1143
1177
1194
1161
1109
1095
1115
1080
897
589
269
41
-125
-310
-545
-758
-881
-953
-1073
-1283
-1473
-1513
-1380
-1212
-1148
-1211
-1281
-1224
-1037
-866
-845
-940
-976
-839
-597
-412
-358
-343
-258
-116
-45
-106
-247
-379
-477
-536
-550
-520
-489
-516
-636
-811
-918
-869
-714
-637
-753
-979
-1098
-983
-718
-487
-406
-414
-397
-303
-165
-36
78
170
226
251
291
433
692
987
1188
1289
1403
1620
1886
2082
2150
2127
2100
2134
2215
2261
2190
2035
1868
1705
1497
1230
970
776
633
467
239
-25
-266
-450
-578
-677
-753
-797
-819
-864
-974
-1090
-1110
-1000
-860
-790
-794
-784
-698
-542
-399
-351
-387
-416
-360
-266
-233
-317
-459
-584
-664
-752
-879
-1004
-1080
-1128
-1233
-1396
-1524
-1511
-1395
-1300
-1307
-1377
-1403
-1358
-1289
-1270
-1304
-1332
-1297
-1187
-1042
-896
-745
-569
-374
-178
12
219
457
715
953
1155
1339
1542
1763
1968
2118
2208
2271
2343
2422
2466
2445
2380
2318
2263
2180
2049
1870
1656
1414
1158
917
718
554
374
130
-156
-376
-440
-377
-294
-294
-376
-480
-534
-528
-503
-493
-487
-435
-343
-265
-246
-255
-238
-176
-121
-146
-257
-384
-465
-505
-552
-619
-699
-775
-856
-953
-1069
-1188
-1286
-1367
-1454
-1576
-1700
-1776
-1788
-1785
-1840
-1966
-2092
-2112
-1989
-1781
-1589
-1459
-1350
-1187
-931
-614
-302
-43
166
366
594
864
1161
1458
1728
1958
2169
2386
2606
2783
2866
2846
2762
2687
2665
2670
2609
2433
2173
1890
1605
1300
993
739
568
448
306
126
-61
-211
-319
-398
-435
-410
-336
-281
-284
-337
-386
-403
-375
-326
-273
-226
-196
-191
-224
-244
-211
-145
-117
-174
-302
-431
-499
-496
-493
-571
-735
-914
-1037
-1109
-1182
-1299
-1438
-1548
-1620
-1694
-1809
-1922
-1973
-1933
-1878
-1876
-1913
-1888
-1720
-1458
-1215
-1081
-1010
-892
-651
-341
-77
62
99
125
207
369
578
832
1092
1292
1381
1398
1430
1500
1533
1462
1317
1205
1189
1222
1195
1045
815
615
526
512
480
402
344
372
463
523
488
376
269
234
269
312
319
309
321
342
335
308
340
480
679
818
844
808
791
792
759
665
543
441
365
280
136
-56
-246
-371
-469
-621
-852
-1079
-1192
-1173
-1108
-1102
-1194
-1341
-1447
-1462
-1402
-1334
-1286
-1251
-1222
-1186
-1148
-1098
-1041
-978
-917
-861
-775
-625
-398
-133
133
374
583
742
839
891
952
1061
1180
1232
1200
1176
1245
1369
1423
1333
1151
990
919
902
858
732
556
426
356
291
160
4
-78
-38
50
62
-40
-171
-198
-118
-12
39
71
147
251
327
330
306
320
400
496
539
521
470
414
336
218
69
-87
-214
-310
-396
-514
-670
-831
-952
-1020
-1062
-1124
-1216
-1319
-1424
-1542
-1652
-1692
-1620
-1470
-1325
-1240
-1206
-1165
-1067
-939
-861
-853
-845
-743
-540
-293
-85
46
91
95
117
199
346
519
668
757
796
820
858
910
952
992
1045
1108
1123
1041
884
728
644
638
654
626
532
422
358
352
341
262
137
32
-11
-4
30
93
167
235
272
303
365
480
592
620
541
439
441
569
714
745
668
590
618
724
794
740
591
455
391
333
180
-75
-321
-433
-385
-299
-322
-484
-654
-719
-702
-697
-739
-787
-793
-770
-769
-813
-874
-909
-909
-877
-828
-761
-690
-623
-553
-451
-305
-136
9
97
136
156
200
278
365
427
438
417
395
386
387
381
359
320
274
220
145
51
-47
-135
-201
-263
-329
-388
-418
-416
-416
-437
-462
-475
-494
-536
-579
-579
-530
-452
-361
-267
-169
-76
3
47
57
70
133
246
342
364
330
328
393
473
490
436
350
278
227
187
145
72
-23
-135
-230
-300
-337
-346
-333
-310
-294
-298
-321
-331
-316
-286
-260
-203
-82
89
238
319
365
438
559
674
731
735
746
806
882
910
871
802
738
677
607
534
479
427
338
174
-40
-232
-349
-413
-475
-562
-665
-753
-789
-757
-706
-717
-808
-916
-958
-929
-875
-843
-805
-725
-606
-487
-402
-327
-225
-82
68
191
304
445
640
856
1036
1132
1150
1123
1074
998
897
798
733
694
640
558
475
407
333
241
139
43
-60
-171
-283
-376
-436
-470
-499
-537
-548
-498
-372
-211
-69
32
117
225
349
442
475
485
514
570
614
605
536
449
393
362
308
181
-3
-167
-253
-287
-375
-568
-808
-992
-1086
-1144
-1221
-1326
-1424
-1498
-1547
-1582
-1594
-1552
-1441
-1277
-1129
-1045
-1002
-910
-718
-470
-267
-145
-40
135
391
640
805
893
968
1070
1189
1282
1332
1346
1343
1327
1295
1256
1244
1258
1241
1152
1018
925
899
890
824
672
470
302
217
198
177
121
56
18
12
18
26
30
16
-14
-20
28
103
157
159
123
64
7
-33
-63
-95
-141
-201
-281
-364
-415
-415
-392
-417
-548
-789
-1064
-1294
-1439
-1527
-1585
-1613
-1612
-1607
-1625
-1663
-1700
-1705
-1654
-1535
-1342
-1106
-886
-717
-599
-497
-395
-288
-143
68
314
519
663
789
940
1098
1223
1296
1336
1378
1435
1511
1565
1569
1509
1422
1349
1272
1140
939
753
659
650
648
596
505
410
332
267
208
156
135
156
192
203
152
57
-40
-90
-86
-47
12
64
103
123
120
81
16
-40
-73
-107
-184
-305
-442
-551
-615
-660
-732
-833
-921
-953
-931
-900
-901
-935
-955
-922
-861
-824
-838
-843
-774
-618
-429
-283
-213
-194
-167
-85
44
177
288
355
390
432
545
736
954
1121
1207
1214
1178
1136
1105
1076
1029
977
947
949
961
957
923
854
749
632
544
510
497
452
360
268
232
243
238
159
21
-135
-266
-362
-417
-436
-425
-419
-452
-528
-617
-669
-691
-721
-780
-840
-882
-912
-953
-1010
-1078
-1137
-1162
-1153
-1144
-1174
-1224
-1240
-1183
-1080
-996
-989
-1044
-1100
-1105
-1061
-1017
-990
-955
-885
-805
-748
-720
-676
-601
-500
-405
-311
-198
-51
105
218
267
284
342
475
645
792
896
986
1088
1203
1312
1401
1466
1511
1543
1546
1515
1462
1419
1399
1381
1353
1326
1311
1287
1226
1149
1102
1108
1151
1178
1146
1028
867
716
607
520
442
393
375
363
315
233
139
54
-26
-113
-219
-338
-444
-528
-600
-675
-732
-774
-811
-871
-954
-1035
-1086
-1106
-1134
-1208
-1319
-1418
-1485
-1540
-1601
-1638
-1614
-1514
-1357
-1199
-1092
-1043
-987
-874
-736
-649
-640
-645
-591
-458
-284
-107
57
204
332
436
513
571
644
759
897
1022
1116
1193
1253
1274
1258
1212
1134
1016
890
817
819
861
891
892
890
892
861
746
567
403
300
243
202
178
158
114
32
-55
-107
-98
-32
46
78
38
-34
-102
-147
-171
-160
-126
-113
-165
-273
-395
-508
-601
-670
-703
-711
-707
-720
-772
-867
-971
-1040
-1055
-1021
-964
-905
-874
-864
-846
-793
-715
-631
-543
-450
-350
-245
-139
-40
55
141
218
282
337
394
453
493
494
468
452
476
545
628
676
643
549
471
463
510
560
583
569
504
391
261
176
163
195
204
164
95
47
35
36
15
-47
-127
-191
-223
-211
-148
-35
101
215
285
323
359
400
442
469
475
463
425
367
285
188
86
-12
-112
-212
-290
-329
-343
-377
-458
-586
-724
-845
-928
-983
-1022
-1045
-1040
-1004
-940
-865
-791
-710
-594
-430
-253
-119
-33
36
113
201
298
418
533
617
656
682
719
766
817
871
920
937
926
919
944
973
954
868
758
670
601
522
430
359
313
244
120
-27
-128
-170
-179
-196
-227
-254
-245
-211
-189
-210
-267
-314
-305
-241
-168
-140
-160
-173
-132
-56
-7
-8
-21
6
72
123
109
49
-3
-21
-33
-70
-128
-198
-287
-423
-586
-724
-811
-862
-920
-979
-1017
-1018
-1006
-991
-956
-896
-846
-828
-802
-712
-563
-421
-321
-258
-202
-149
-76
42
201
374
525
653
766
862
940
1003
1032
1000
900
765
623
485
345
214
103
10
-82
-187
-297
-404
-488
-531
-512
-447
-380
-345
-323
-274
-193
-114
-61
-8
73
172
255
302
321
317
300
296
322
352
338
274
205
181
198
234
270
299
318
336
360
374
358
322
300
306
322
328
310
272
216
146
63
-19
-78
-104
-108
-92
-45
21
53
30
-15
-17
40
126
202
252
287
308
318
317
316
319
333
357
382
393
381
352
317
279
238
193
138
69
-11
-91
-156
-191
-190
-180
-203
-268
-354
-423
-450
-423
-370
-329
-313
-303
-294
-323
-390
-454
-469
-451
-441
-451
-475
-497
-505
-478
-430
-389
-356
-311
-254
-217
-214
-230
-228
-190
-101
16
107
108
19
-81
-118
-80
-27
5
16
22
16
2
-15
-35
-70
-125
-179
-214
-241
-277
-318
-344
-333
-273
-177
-91
-58
-77
-101
-86
-17
90
193
261
304
348
388
395
375
372
406
456
486
491
472
444
416
387
360
328
285
218
125
22
-87
-202
-331
-452
-531
-553
-536
-514
-512
-525
-530
-503
-437
-349
-267
-202
-138
-56
30
83
83
45
14
21
62
106
125
126
146
207
283
326
323
301
300
322
347
368
390
417
441
457
450
422
392
385
400
433
491
569
635
661
653
633
620
602
565
504
425
342
271
232
221
221
201
152
73
-9
-53
-48
-32
-45
-90
-118
-103
-42
33
98
146
197
247
258
210
119
12
-109
-232
-340
-415
-469
-516
-576
-667
-779
-867
-905
-911
-908
-908
-912
-924
-946
-967
-984
-989
-966
-906
-817
-731
-672
-626
-568
-484
-380
-280
-206
-153
-86
6
101
152
142
87
33
25
77
162
229
256
251
253
287
343
383
395
391
372
328
265
213
169
127
83
66
83
131
197
249
269
269
307
404
518
572
543
473
417
397
405
413
396
354
317
317
345
363
343
291
239
224
232
221
157
51
-69
-173
-255
-302
-325
-343
-378
-432
-488
-535
-569
-599
-626
-647
-657
-657
-652
-627
-572
-494
-423
-373
-337
-305
-271
-242
-204
-128
7
181
341
462
549
603
626
627
617
601
578
570
582
603
589
516
410
331
328
390
468
520
518
467
391
343
355
408
442
419
339
241
161
113
87
63
30
-13
-46
-55
-50
-77
-152
-247
-312
-337
-347
-380
-426
-446
-402
-322
-266
-257
-260
-231
-168
-96
-38
-4
8
1
-26
-62
-109
-153
-203
-266
-346
-426
-486
-525
-568
-618
-654
-656
-637
-623
-614
-598
-568
-546
-545
-562
-569
-554
-509
-445
-367
-273
-168
-49
80
220
354
480
589
693
783
848
866
833
782
737
691
609
494
377
307
272
242
192
127
48
-31
-105
-163
-200
-205
-167
-96
-16
32
39
13
-8
1
59
159
275
381
461
502
485
410
323
279
294
339
389
418
403
315
178
49
-22
-34
-30
-48
-109
-202
-289
-344
-365
-367
-358
-357
-388
-437
-463
-448
-414
-385
-344
-278
-199
-141
-125
-149
-192
-233
-256
-257
-230
-156
-34
109
235
312
346
348
324
284
255
264
301
333
345
331
296
255
223
204
167
105
48
38
68
109
131
122
76
-16
-138
-273
-399
-499
-546
-538
