235
244
215
162
104
65
62
84
98
83
70
96
151
204
238
265
293
323
367
425
463
428
320
196
114
87
90
105
111
96
52
-8
-74
-128
-158
-189
-246
-334
-403
-422
-399
-375
-376
-387
-378
-329
-249
-167
-114
-103
-130
-154
-140
-103
-101
-166
-252
-301
-290
-252
-221
-210
-208
-210
-227
-268
-332
-415
-519
-619
-667
-640
-578
-545
-553
-561
-520
-417
-286
-167
-87
-32
19
72
103
100
87
108
173
238
250
199
122
49
-30
-132
-226
-253
-193
-110
-64
-72
-88
-74
-24
31
76
120
181
268
345
384
383
372
378
409
450
472
439
345
237
152
98
57
36
48
93
144
185
223
272
335
383
401
391
388
404
424
420
374
315
263
235
216
211
223
243
230
168
89
45
39
38
20
-37
-111
-176
-205
-223
-253
-272
-246
-193
-187
-255
-345
-370
-293
-146
7
97
116
89
58
35
17
22
62
128
196
241
251
221
168
116
71
44
40
62
89
109
103
62
-15
-99
-159
-201
-238
-283
-326
-353
-327
-222
-83
13
25
-12
-76
-150
-196
-150
-10
144
233
224
129
-8
-133
-189
-170
-120
-105
-142
-199
-266
-356
-476
-590
-649
-646
-598
-541
-504
-500
-504
-461
-368
-266
-201
-143
-64
-7
-47
-162
-250
-235
-138
-34
11
-29
-117
-167
-130
-17
117
222
271
268
230
172
103
40
8
2
14
34
63
79
82
76
82
99
139
197
276
355
410
435
438
448
455
450
437
431
418
368
272
172
104
96
153
254
357
395
353
257
163
114
134
205
283
338
364
371
352
302
227
142
84
81
138
204
230
193
119
78
105
172
214
205
163
100
22
-60
-110
-122
-93
-38
26
70
89
81
46
-14
-83
-119
-113
-78
-54
-78
-168
-302
-430
-505
-525
-503
-447
-368
-299
-271
-271
-269
-260
-277
-333
-395
-427
-417
-386
-361
-367
-419
-517
-631
-688
-646
-532
-428
-374
-365
-376
-370
-310
-213
-134
-102
-90
-76
-62
-58
-67
-78
-72
-20
52
106
139
196
320
466
562
559
472
351
229
119
37
6
33
109
206
305
369
378
339
284
234
202
194
204
224
239
242
227
204
194
212
233
233
205
177
169
171
161
124
87
80
125
187
213
176
99
14
-65
-136
-189
-211
-192
-128
-45
13
1
-78
-176
-232
-218
-148
-64
-10
-2
-12
15
79
151
190
200
188
153
80
-19
-106
-146
-126
-92
-92
-141
-205
-244
-233
-183
-123
-80
-65
-69
-85
-90
-62
-20
12
25
56
102
117
63
-28
-97
-113
-96
-74
-52
-31
-20
-56
-158
-292
-389
-408
-385
-366
-356
-324
-276
-239
-218
-198
-175
-141
-74
24
99
102
49
6
2
33
83
146
209
233
203
137
70
44
63
109
130
101
50
25
27
13
-9
-12
11
20
-13
-67
-97
-58
51
191
328
453
580
680
710
672
608
562
543
540
546
542
525
502
492
483
429
303
135
0
-74
-126
-189
-240
-234
-164
-73
-10
-6
-52
-99
-95
-49
-8
12
48
114
172
190
153
88
0
-86
-144
-178
-235
-357
-509
-627
-678
-669
-635
-597
-575
-571
-589
-628
-667
-662
-597
-491
-360
-222
-106
-59
-80
-131
-182
-250
-335
-387
-359
-270
-187
-151
-160
-186
-201
-190
-175
-187
-223
-243
-220
-173
-108
-12
114
230
287
295
277
257
245
276
363
467
509
484
454
464
513
566
602
585
494
366
257
180
114
75
102
194
293
340
301
176
-6
-188
-292
-294
-225
-152
-132
-173
-265
-362
-424
-424
-366
-281
-196
-120
-45
36
104
135
126
96
69
40
-6
-70
-135
-171
-148
-65
50
133
156
141
134
161
213
276
326
364
397
443
494
531
558
587
622
625
565
442
308
200
126
76
53
66
99
108
80
51
57
99
147
168
144
74
-2
-37
-30
-28
-68
-125
-166
-191
-214
-243
-287
-357
-438
-476
-427
-307
-201
-170
-208
-278
-350
-418
-443
-415
-354
-317
-332
-380
-415
-409
-372
-319
-263
-220
-225
-277
-360
-434
-473
-450
-360
-229
-85
20
48
6
-46
-38
25
109
167
182
164
135
102
63
24
17
53
104
125
100
55
16
-9
-6
9
32
53
94
162
237
312
386
463
522
550
551
534
489
422
358
322
291
229
124
4
-103
-208
-329
-450
-521
-500
-381
-192
-6
102
102
24
-77
-155
-176
-140
-83
-30
18
58
73
54
30
32
51
50
6
-41
-56
-32
12
59
85
50
-44
-158
-252
-314
-329
-284
-202
-127
-90
-88
-109
-143
-173
-180
-160
-128
-94
-49
21
116
223
331
446
550
601
561
461
359
294
263
249
249
239
192
105
11
-68
-141
-240
-348
-428
-465
-478
-472
-406
-267
-96
57
169
224
229
214
209
209
184
151
148
179
206
223
255
299
300
230
129
43
-5
-13
16
64
92
74
13
-80
-176
-232
-190
-69
34
40
-33
-96
-107
-72
-22
23
60
83
78
25
-46
-77
-49
-20
-39
-88
-107
-76
-9
44
53
22
-13
-15
0
13
10
-8
-36
-46
-28
-2
-22
-78
-107
-70
-7
17
9
33
120
207
210
115
-1
-60
-30
50
121
150
125
40
-86
-204
-280
-325
-376
-427
-455
-463
-492
-543
-572
-542
-457
-339
-204
-67
47
108
117
86
41
8
6
42
93
114
67
-24
-73
-28
76
134
105
17
-57
-84
-84
-82
-83
-48
37
135
186
168
124
97
98
100
85
44
-37
-134
-194
-177
-107
-33
7
4
-41
-103
-130
-86
25
169
312
422
464
442
396
373
369
336
270
203
189
216
234
197
110
5
-83
-130
-136
-136
-155
-180
-182
-171
-171
-167
-127
-49
24
67
78
60
7
-59
-86
-35
77
195
273
298
279
228
156
90
75
116
178
208
179
90
-27
-111
-131
-96
-46
4
44
57
29
-18
-39
-21
17
38
42
49
67
74
59
45
57
85
105
107
81
33
-21
-45
-44
-42
-49
-58
-77
-117
-169
-199
-190
-146
-86
-28
15
50
83
128
173
184
135
40
-37
-66
-55
-47
-52
-65
-93
-148
-211
-246
-246
-233
-234
-259
-288
-318
-330
-323
-304
-277
-238
-173
-110
-86
-135
-239
-335
-349
-248
-97
16
40
19
-3
-15
-35
-58
-64
-53
-38
-32
-32
-32
-34
-40
-48
-46
-31
-14
-1
-3
-25
-73
-127
-169
-175
-132
-64
-6
14
-12
-81
-173
-244
-275
-256
-195
-115
-46
-16
-2
15
43
66
66
44
12
10
43
86
104
111
145
208
280
331
355
347
318
289
283
310
360
423
487
536
556
560
549
502
402
304
276
342
450
526
531
474
412
382
381
384
388
411
428
401
326
258
226
208
169
104
47
18
18
29
22
-10
-68
-128
-169
-199
-228
-262
-290
-304
-275
-186
-49
68
110
74
-2
-83
-150
-186
-190
-168
-146
-153
-218
-329
-448
-537
-576
-561
-516
-478
-462
-419
-313
-170
-43
39
88
106
99
80
70
77
108
153
179
142
54
-50
-147
-248
-360
-458
-516
-547
-578
-613
-631
-619
-590
-544
-491
-453
-459
-494
-505
-462
-374
-280
-205
-179
-191
-204
-207
-235
-343
-499
-627
-655
-597
-514
-471
-469
-456
-388
-281
-199
-173
-176
-156
-88
19
132
223
290
357
439
510
546
545
521
467
394
341
335
368
401
410
382
326
282
289
356
438
495
515
518
538
612
736
888
1035
1152
1218
1217
1150
1035
902
793
738
717
688
627
550
448
296
120
0
-11
70
173
259
292
248
147
44
-6
3
35
61
49
-18
-144
-294
-416
-473
-458
-404
-354
-342
-355
-375
-386
-384
-358
-315
-299
-344
-449
-553
-605
-582
-512
-432
-414
-488
-625
-738
-772
-729
-623
-469
-288
-148
-87
-82
-86
-71
-40
-11
-6
-27
-38
-4
58
111
134
126
94
40
-24
-93
-174
-231
-245
-223
-219
-237
-248
-227
-185
-150
-124
-93
-20
90
202
273
300
299
276
232
184
145
115
65
-20
-121
-215
-288
-358
-425
-487
-530
-526
-465
-360
-259
-198
-194
-215
-220
-173
-80
24
83
90
68
51
39
11
-34
-84
-123
-158
-181
-177
-132
-44
75
202
301
343
341
330
358
443
561
692
833
982
1088
1094
996
839
707
675
742
830
829
721
582
498
485
508
547
596
643
655
600
499
410
402
481
584
650
644
556
369
108
-161
-377
-513
-575
-614
-698
-869
-1105
-1329
-1480
-1544
-1572
-1618
-1709
-1815
-1885
-1882
-1816
-1722
-1615
-1487
-1339
-1185
-1053
-950
-864
-757
-610
-433
-269
-135
-14
103
225
360
516
660
752
792
823
893
1033
1254
1530
1792
1987
2103
2170
2231
2310
2406
2503
2592
2665
2680
2608
2433
2180
1894
1639
1447
1272
1012
568
-47
-702
-1226
-1562
-1808
-2121
-2536
-2954
-3234
-3329
-3310
-3266
-3237
-3192
-3093
-2910
-2630
-2284
-1945
-1676
-1472
-1286
-1076
-870
-740
-732
-773
-728
-543
-310
-183
-196
-253
-219
-56
173
383
526
605
648
701
802
940
1068
1165
1250
1357
1480
1597
1680
1723
1746
1806
1960
2184
2393
2509
2528
2504
2488
2488
2483
2437
2323
2139
1910
1676
1469
1273
1046
756
434
125
-151
-409
-669
-929
-1168
-1355
-1501
-1660
-1888
-2159
-2375
-2463
-2430
-2343
-2247
-2164
-2106
-2058
-1986
-1852
-1674
-1478
-1281
-1081
-877
-685
-512
-358
-221
-119
-56
-30
-12
-7
-35
-95
-159
-211
-247
-231
-165
-94
-88
-134
-173
-156
-78
22
101
143
204
341
544
731
854
943
1052
1181
1287
1337
1324
1285
1263
1271
1287
1307
1350
1412
1460
1472
1494
1556
1647
1722
1731
1661
1511
1310
1078
828
556
237
-180
-724
-1347
-1928
-2352
-2615
-2805
-3020
-3262
-3438
-3464
-3332
-3123
-2912
-2702
-2449
-2111
-1714
-1334
-1037
-831
-680
-554
-430
-281
-86
140
329
444
508
586
678
723
677
584
538
584
683
748
745
710
739
897
1163
1440
1633
1723
1767
1863
2073
2384
2728
3031
3269
3466
3653
3862
4077
4245
4291
4206
4038
3859
3693
3513
3265
2889
2360
1658
830
-67
-951
-1782
-2559
-3302
-3991
-4589
-5053
-5350
-5479
-5475
-5405
-5280
-5090
-4798
-4435
-4065
-3763
-3533
-3341
-3128
-2869
-2562
-2250
-1991
-1800
-1625
-1394
-1120
-878
-731
-652
-551
-346
-37
285
512
603
609
619
724
935
1172
1313
1302
1211
1150
1194
1338
1558
1819
2094
2378
2679
2988
3258
3454
3584
3703
3859
4064
4285
4458
4526
4493
4435
4423
4478
4515
4432
4176
3751
3198
2556
1890
1233
547
-277
-1280
-2367
-3371
-4181
-4812
-5345
-5851
-6316
-6635
-6696
-6472
-6040
-5527
-5024
-4555
-4072
-3502
-2851
-2222
-1746
-1453
-1238
-961
-573
-154
166
312
324
297
333
455
590
626
535
432
459
629
799
811
636
406
276
324
476
587
564
487
523
760
1141
1528
1818
2006
2193
2503
2992
3568
4098
4482
4735
4956
5239
5588
5906
6095
6135
6042
5823
5466
4965
4338
3635
2905
2136
1262
203
-1027
-2300
-3416
-4273
-4927
-5542
-6191
-6783
-7136
-7146
-6872
-6487
-6157
-5898
-5594
-5101
-4425
-3731
-3216
-2916
-2697
-2386
-1944
-1479
-1150
-1033
-1067
-1085
-942
-648
-384
-315
-425
-552
-548
-394
-179
-39
-69
-238
-376
-317
-54
244
420
456
475
603
882
1247
1578
1816
2031
2374
2910
3558
4155
4620
4999
5388
5841
6321
6729
6961
6990
6872
6679
6434
6122
5726
5219
4570
3758
2789
1686
476
-798
-2029
-3116
-4023
-4821
-5594
-6345
-6977
-7359
-7429
-7249
-6946
-6611
-6246
-5806
-5278
-4708
-4206
-3842
-3597
-3345
-2974
-2461
-1903
-1434
-1112
-866
-588
-236
121
364
422
334
261
329
537
735
779
639
417
260
249
319
337
244
129
133
337
716
1160
1555
1882
2230
2680
3234
3818
4373
4855
5257
5614
5986
6396
6792
7088
7222
7184
7000
6693
6260
5685
4991
4208
3337
2349
1220
-17
-1270
-2431
-3441
-4323
-5147
-5936
-6638
-7139
-7364
-7320
-7125
-6896
-6655
-6335
-5889
-5362
-4854
-4446
-4145
-3886
-3569
-3142
-2646
-2207
-1926
-1818
-1789
-1723
-1570
-1405
-1323
-1333
-1334
-1219
-985
-734
-590
-592
-646
-595
-373
-69
156
226
204
276
575
1080
1620
2078
2467
2886
3381
3942
4521
5078
5582
6013
6391
6742
7097
7420
7657
7764
7747
7627
7400
7037
6502
5799
4965
4057
3086
2028
841
-445
-1741
-2937
-3973
-4871
-5686
-6452
-7112
-7570
-7758
-7727
-7589
-7440
-7260
-6965
-6498
-5911
-5354
-4927
-4617
-4310
-3925
-3468
-3022
-2647
-2355
-2101
-1825
-1496
-1153
-875
-689
-570
-446
-276
-51
160
253
200
113
166
408
711
928
1040
1147
1361
1712
2133
2524
2834
3096
3413
3851
4398
4970
5481
5906
6283
6672
7079
7445
7689
7780
7744
7633
7478
7223
6775
6068
5169
4186
3173
2084
848
-528
-1936
-3223
-4307
-5190
-5954
-6655
-7293
-7792
-8063
-8098
-7975
-7790
-7556
-7239
-6806
-6248
-5599
-4951
-4419
-4048
-3770
-3465
-3065
-2621
-2243
-2009
-1899
-1835
-1759
-1653
-1516
-1373
-1226
-1055
-828
-569
-351
-222
-170
-147
-95
31
240
469
654
812
1033
1376
1822
2290
2708
3075
3456
3941
4544
5196
5803
6321
6768
7206
7695
8229
8699
8970
8970
8715
8274
7750
7255
6806
6282
5499
4373
2952
1387
-134
-1474
-2630
-3723
-4856
-6003
-7025
-7781
-8210
-8349
-8324
-8245
-8144
-7954
-7608
-7108
-6526
-5950
-5442
-5021
-4670
-4336
-3975
-3581
-3214
-2949
-2820
-2788
-2742
-2566
-2234
-1870
-1659
-1675
-1772
-1744
-1526
-1261
-1121
-1130
-1148
-1021
-700
-288
76
309
484
735
1136
1626
2096
2507
2911
3410
4054
4821
5588
6247
6767
7235
7744
8287
8740
8978
8994
8858
8623
8264
7775
7185
6526
5751
4776
3578
2246
924
-320
-1540
-2846
-4239
-5540
-6513
-7100
-7477
-7869
-8296
-8548
-8411
-7915
-7305
-6802
-6393
-5912
-5261
-4512
-3812
-3256
-2818
-2399
-1948
-1511
-1206
-1074
-1079
-1137
-1181
-1163
-1078
-993
-981
-1058
-1168
-1249
-1289
-1296
-1287
-1252
-1175
-1026
-802
-547
-335
-180
1
301
746
1270
1818
2346
2855
3400
4079
4907
5746
6432
6953
7445
8003
8555
8954
9111
9019
8729
8308
7851
7389
6824
5989
4846
3561
2350
1280
204
-1050
-2515
-3983
-5185
-6008
-6615
-7240
-7931
-8468
-8599
-8313
-7835
-7409
-7094
-6780
-6295
-5582
-4755
-4011
-3469
-3097
-2776
-2418
-2025
-1694
-1531
-1561
-1690
-1778
-1770
-1717
-1718
-1790
-1874
-1879
-1812
-1752
-1786
-1923
-2068
-2122
-2033
-1834
-1566
-1253
-885
-454
19
511
1019
1577
2197
2869
3596
4407
5288
6133
6854
7488
8127
8745
9191
9361
9303
9109
8828
8465
8062
7598
6969
6055
4904
3695
2549
1447
270
-1049
-2471
-3838
-5013
-5955
-6754
-7500
-8161
-8576
-8612
-8327
-7908
-7519
-7154
-6693
-6036
-5213
-4388
-3738
-3328
-3065
-2757
-2301
-1747
-1276
-1018
-962
-984
-943
-805
-646
-589
-679
-826
-915
-912
-885
-891
-952
-1050
-1142
-1160
-1050
-861
-669
-510
-306
46
582
1227
1883
2511
3151
3886
4721
5541
6189
6673
7185
7846
8528
8980
9148
9157
9082
8841
8394
7860
7313
6658
5723
4521
3219
1971
790
-444
-1841
-3357
-4775
-5885
-6688
-7340
-7978
-8577
-8966
-8983
-8621
-8095
-7626
-7251
-6830
-6260
-5575
-4875
-4246
-3747
-3359
-2967
-2479
-1943
-1520
-1313
-1283
-1316
-1293
-1174
-1037
-1019
-1159
-1330
-1395
-1343
-1269
-1245
-1298
-1419
-1542
-1557
-1405
-1133
-823
-507
-148
312
905
1629
2432
3243
4026
4804
5600
6362
7012
7545
8045
8554
9021
9341
9477
9444
9250
8870
8322
7692
7005
6163
5027
3658
2269
1040
-105
-1350
-2771
-4202
-5410
-6306
-6985
-7609
-8222
-8726
-8955
-8820
-8383
-7802
-7208
-6633
-6025
-5340
-4580
-3808
-3122
-2602
-2220
-1868
-1485
-1137
-946
-930
-983
-960
-812
-622
-551
-700
-1001
-1268
-1397
-1439
-1500
-1595
-1694
-1766
-1782
-1667
-1379
-986
-606
-283
64
523
1112
1763
2402
3022
3694
4492
5371
6211
6920
7522
8068
8579
9021
9354
9522
9437
9068
8497
7926
7427
6834
5890
4567
3099
1783
661
-470
-1838
-3409
-4903
-6053
-6821
-7368
-7864
-8345
-8697
-8742
-8392
-7781
-7140
-6595
-6051
-5369
-4544
-3750
-3170
-2842
-2632
-2360
-1970
-1529
-1172
-1000
-1053
-1277
-1525
-1662
-1680
-1715
-1896
-2194
-2436
-2478
-2357
-2255
-2314
-2463
-2480
-2230
-1808
-1397
-1099
-861
-556
-59
645
1455
2225
2913
3611
4421
5313
6128
6764
7305
7952
8737
9446
9827
9883
9811
9697
9455
9004
8406
7702
6799
5611
4222
2801
1445
113
-1306
-2852
-4406
-5755
-6804
-7622
-8318
-8909
-9331
-9472
-9234
-8676
-8032
-7474
-6932
-6230
-5367
-4485
-3697
-3026
-2481
-2055
-1713
-1423
-1163
-958
-842
-875
-1011
-1108
-1079
-1049
-1195
-1493
-1748
-1833
-1789
-1696
-1610
-1590
-1640
-1667
-1564
-1321
-990
-606
-206
212
689
1280
1959
2654
3347
4096
4936
5794
6535
7125
7673
8309
8985
9496
9704
9688
9581
9330
8808
8074
7345
6637
5723
4444
2936
1482
167
-1120
-2535
-4069
-5519
-6669
-7480
-8113
-8685
-9153
-9377
-9283
-8881
-8269
-7595
-6972
-6378
-5739
-4998
-4159
-3259
-2422
-1804
-1424
-1136
-789
-421
-178
-155
-295
-461
-508
-430
-386
-528
-821
-1089
-1231
-1277
-1283
-1319
-1433
-1616
-1723
-1609
-1259
-791
-353
-13
262
629
1209
1978
2784
3511
4207
4966
5803
6642
7433
8188
8872
9406
9715
9863
9916
9830
9449
8758
7959
7235
6479
5389
3869
2164
637
-620
-1812
-3210
-4807
-6313
-7413
-8096
-8600
-9120
-9582
-9765
-9518
-8900
-8142
-7468
-6920
-6335
-5567
-4660
-3789
-3085
-2561
-2150
-1752
-1337
-964
-759
-752
-857
-959
-993
-958
-908
-958
-1147
-1381
-1528
-1575
-1609
-1661
-1695
-1690
-1662
-1596
-1432
-1153
-818
-485
-138
294
873
1611
2449
3287
4079
4864
5681
6472
7190
7903
8693
9469
9981
10115
10021
9924
9823
9480
8745
7733
6678
5631
4453
3022
1429
-115
-1512
-2860
-4287
-5761
-7094
-8140
-8879
-9353
-9579
-9555
-9318
-8919
-8390
-7702
-6855
-5905
-4988
-4196
-3504
-2814
-2094
-1439
-967
-681
-445
-147
153
269
113
-185
-374
-329
-167
-125
-316
-639
-921
-1092
-1204
-1327
-1476
-1592
-1631
-1553
-1357
-1047
-646
-230
126
417
749
1244
1910
2649
3396
4198
5077
5957
6766
7554
8400
9217
9783
9970
9881
9694
9438
8992
8298
7464
6579
5560
4267
2723
1127
-362
-1770
-3244
-4828
-6381
-7679
-8612
-9231
-9660
-9929
-9970
-9713
-9176
-8451
-7633
-6797
-5959
-5124
-4295
-3507
-2770
-2112
-1591
-1234
-971
-673
-324
-54
4
-165
-445
-695
-847
-967
-1207
-1604
-1998
-2198
-2184
-2088
-2017
-1993
-1997
-1979
-1844
-1531
-1098
-659
-264
119
573
1232
2144
3179
4115
4915
5747
6657
7501
8166
8783
9485
10146
10497
10450
10203
9966
9713
9208
8325
7178
6005
4863
3587
1973
76
-1758
-3228
-4375
-5536
-6882
-8209
-9150
-9604
-9791
-9950
-10039
-9827
-9191
-8288
-7418
-6740
-6143
-5410
-4482
-3523
-2747
-2200
-1774
-1318
-824
-404
-170
-107
-120
-172
-305
-525
-697
-717
-661
-728
-983
-1266
-1371
-1271
-1147
-1169
-1308
-1374
-1220
-861
-409
47
486
920
1406
2048
2902
3871
4759
5494
6161
6838
7519
8215
8974
9758
10369
10592
10439
10109
9740
9250
8466
7374
6137
4923
3702
2282
548
-1328
-2980
-4226
-5270
-6446
-7820
-9103
-9940
-10227
-10163
-10031
-9921
-9653
-9008
-7975
-6797
-5746
-4933
-4247
-3514
-2662
-1801
-1110
-679
-465
-350
-217
-17
203
345
288
-25
-477
-772
-736
-596
-777
-1372
-2001
-2250
-2083
-1787
-1641
-1701
-1773
-1627
-1220
-699
-191
309
787
1221
1708
2449
3453
4509
5419
6174
6854
7530
8306
9217
10080
10583
10601
10317
9975
9626
9120
8319
7228
5972
4633
3151
1442
-438
-2199
-3603
-4701
-5842
-7225
-8633
-9610
-9967
-9943
-9894
-9943
-9893
-9488
-8639
-7532
-6461
-5599
-4866
-4090
-3181
-2223
-1403
-871
-607
-445
-214
90
357
490
448
226
-143
-508
-684
-653
-627
-853
-1325
-1754
-1827
-1520
-1131
-961
-1035
-1103
-938
-524
5
516
962
1350
1758
2330
3154
4139
5107
5959
6712
7360
7880
8385
9078
9958
10682
10846
10391
9608
8858
8264
7706
6911
5701
4102
2319
517
-1223
-2843
-4291
-5589
-6859
-8142
-9342
-10276
-10835
-10954
-10668
-10144
-9605
-9116
-8495
-7514
-6204
-4867
-3850
-3226
-2726
-2003
-1029
-149
291
281
107
33
131
308
392
234
-192
-711
-1106
-1259
-1251
-1256
-1400
-1665
-1898
-1959
-1814
-1526
-1191
-875
-619
-370
-22
517
1215
1931
2564
3132
3754
4502
5390
6357
7295
8051
8559
8939
9415
10065
10695
10984
10745
10035
9058
8027
7059
6154
5206
4049
2552
702
-1311
-3156
-4595
-5682
-6692
-7828
-9036
-10082
-10748
-10949
-10708
-10172
-9531
-8909
-8249
-7418
-6370
-5225
-4144
-3206
-2374
-1576
-815
-189
212
382
397
382
423
491
409
44
-518
-1000
-1240
-1336
-1511
-1831
-2150
-2293
-2224
-2049
-1863
-1686
-1459
-1117
-650
-123
384
886
1459
2146
2883
3584
4214
4834
5553
6439
7394
8176
8644
8939
9343
9943
10529
10789
10580
9937
8968
7795
6598
5516
4542
3452
1987
44
-2161
-4200
-5715
-6719
-7534
-8421
-9390
-10278
-10958
-11298
-11180
-10579
-9673
-8714
-7840
-7036
-6221
-5313
-4270
-3140
-2047
-1121
-455
-84
76
202
434
753
1040
1150
979
527
2
-321
-374
-381
-587
-966
-1300
-1409
-1310
-1138
-998
-863
-630
-249
191
557
832
1151
1648
2329
3079
3804
4471
5126
5833
6651
7551
8387
9009
9389
9644
9895
10179
10451
10616
10480
9804
8517
6893
5408
4360
3586
2613
1023
-1195
-3608
-5646
-6986
-7735
-8218
-8732
-9395
-10162
-10838
-11144
-10888
-10086
-8939
-7699
-6601
-5779
-5182
-4587
-3759
-2655
-1431
-363
322
540
406
159
30
117
311
353
32
-583
-1208
-1606
-1769
-1820
-1808
-1742
-1685
-1768
-1997
-2168
-2032
-1549
-893
-288
157
474
794
1251
1910
2731
3634
4517
5265
5823
6299
6908
7726
8608
9369
9939
10313
10434
10303
10029
9691
9176
8282
7001
5547
4171
2944
1767
455
-1136
-2976
-4858
-6544
-7927
-8962
-9639
-10037
-10354
-10712
-10982
-10903
-10332
-9314
-8005
-6608
-5339
-4350
-3647
-3097
-2505
-1695
-659
386
1110
1345
1191
900
683
598
545
383
76
-316
-760
-1263
-1745
-1988
-1854
-1462
-1091
-935
-986
-1093
-1065
-772
-228
453
1151
1769
2219
2495
2741
3180
3910
4840
5801
6675
7415
7999
8438
8820
9261
9784
10221
10359
10135
9634
8928
7968
6737
5352
4013
2821
1677
347
-1369
-3422
-5482
-7159
-8290
-8958
-9374
-9722
-10126
-10574
-10913
-10926
-10470
-9507
-8136
-6585
-5156
-4044
-3221
-2526
-1796
-955
-4
939
1675
1995
1829
1288
618
85
-189
-269
-326
-478
-791
-1267
-1799
-2163
-2206
-1973
-1625
-1282
-1002
-843
-795
-710
-402
231
1092
1966
2630
2987
3145
3315
3689
4328
5188
6140
7037
7750
8211
8480
8740
9161
9710
10137
10198
9818
9060
7977
6654
5245
3946
2804
1725
532
-941
-2768
-4822
-6768
-8296
-9307
-9896
-10211
-10436
-10720
-11040
-11182
-10899
-10075
-8747
-7094
-5412
-3999
-3000
-2332
-1789
-1193
-474
310
1028
1534
1736
1583
1118
502
-52
-444
-693
-855
-977
-1156
-1475
-1874
-2182
-2246
-2016
-1507
-832
-170
337
668
861
1008
1253
1746
2454
3191
3763
4187
4624
5223
5961
6655
7145
7376
7478
7684
8246
9157
10077
10491
10124
9064
7663
6304
5309
4798
4560
4142
3094
1240
-1250
-3883
-6049
-7346
-7813
-7821
-7837
-8240
-9183
-10438
-11428
-11563
-10619
-8819
-6701
-4901
-3876
-3664
-3867
-3934
-3434
-2230
-537
1097
2091
2156
1425
297
-719
-1210
-1066
-577
-188
-182
-586
-1267
-1991
-2471
-2521
-2169
-1597
-1002
-538
-283
-178
-50
232
693
1297
1980
2619
3104
3442
3775
4226
4812
5491
6235
7029
7807
8453
8904
9189
9405
9609
9777
9839
9681
9166
8179
6773
5199
3768
2619
1633
553
-830
-2556
-4474
-6308
-7838
-8959
-9648
-9950
-10042
-10146
-10307
-10391
-10243
-9762
-8823
-7377
-5614
-3925
-2640
-1866
-1497
-1262
-850
-143
728
1490
1917
1854
1301
503
-187
-578
-744
-841
-967
-1158
-1410
-1656
-1839
-1946
-1927
-1707
-1292
-811
-358
56
439
768
1056
1374
1783
2317
2978
3717
4419
5018
5571
6193
6945
7763
8516
9055
9328
9377
9293
9145
9003
8895
8658
8004
6779
5184
3565
2157
940
-225
-1471
-2860
-4366
-5931
-7476
-8854
-9854
-10372
-10520
-10522
-10463
-10281
-9912
-9350
-8561
-7497
-6183
-4756
-3385
-2231
-1408
-874
-435
84
666
1184
1516
1585
1367
958
520
147
-179
-492
-794
-1111
-1464
-1789
-1963
-1919
-1706
-1422
-1166
-939
-664
-259
232
713
1167
1665
2225
2773
3238
3650
4103
4704
5503
6436
7339
8072
8600
8949
9164
9271
9310
9309
9283
9212
8936
8213
6935
5345
3831
2563
1407
185
-1164
-2637
-4216
-5844
-7390
-8682
-9544
-9931
-10043
-10139
-10244
-10127
-9631
-8823
-7845
-6751
-5540
-4224
-2848
-1561
-562
93
547
977
1400
1758
1974
1957
1619
1044
429
-110
-580
-972
-1242
-1455
-1716
-2011
-2223
-2306
-2263
-2094
-1827
-1542
-1244
-843
-319
211
680
1155
1686
2235
2775
3345
3948
4524
5049
5568
6131
6770
7474
8157
8633
8775
8637
8394
8216
8140
8007
7508
6437
4934
3370
2034
956
-18
-1126
-2551
-4303
-6164
-7824
-9045
-9729
-9947
-9949
-10003
-10155
-10225
-10046
-9544
-8680
-7449
-5971
-4433
-2964
-1653
-629
38
456
834
1294
1812
2243
2391
2150
1650
1142
762
454
166
-105
-380
-706
-1053
-1338
-1520
-1567
-1450
-1185
-846
-450
40
575
1002
1278
1546
1963
2537
3176
3778
4270
4622
4892
5191
5613
6214
6999
7863
8626
9137
9349
9268
8938
8455
7883
7202
6357
5406
4442
3469
2387
1109
-410
-2175
-4089
-5910
-7388
-8392
-8942
-9201
-9420
-9802
-10285
-10596
-10487
-9894
-8849
-7413
-5748
-4119
-2760
-1771
-1115
-653
-196
391
1083
1747
2225
2394
2183
1673
1073
563
180
-119
-374
-644
-987
-1386
-1726
-1911
-1888
-1660
-1287
-912
-631
-424
-189
122
511
962
1425
1830
2154
2469
2879
3451
4222
5136
6040
6762
7232
7485
7588
7611
7643
7756
7951
8154
8188
7833
6918
5511
3918
2499
1422
591
-254
-1384
-2937
-4806
-6707
-8324
-9440
-9992
-10126
-10123
-10158
-10171
-10018
-9617
-8918
-7856
-6473
-4943
-3449
-2121
-1070
-370
87
545
1179
1931
2583
2900
2784
2322
1693
1027
361
-226
-634
-831
-915
-987
-1088
-1228
-1357
-1382
-1249
-1031
-808
-576
-267
113
518
958
1462
2006
2527
2997
3478
4027
4665
5349
6019
6646
7229
7755
8150
8350
8376
8349
8390
8521
8602
8372
7616
6350
4811
3296
1982
887
-116
-1226
-2611
-4243
-5930
-7438
-8632
-9433
-9843
-9984
-10026
-10022
-9910
-9633
-9161
-8411
-7297
-5859
-4263
-2729
-1449
-551
33
511
1005
1471
1801
1967
1971
1813
1510
1087
552
-46
-588
-983
-1242
-1416
-1537
-1653
-1821
-1990
-2020
-1843
-1503
-1075
-610
-162
249
671
1143
1637
2133
2636
3158
3685
4229
4821
5435
6024
6572
7091
7546
7871
8059
8167
8246
8275
8156
7748
6959
5823
4476
3102
1874
890
95
-716
-1801
-3292
-5067
-6818
-8235
-9150
-9589
-9704
-9668
-9570
-9441
-9282
-9032
-8508
-7525
-6085
-4411
-2797
-1476
-559
0
376
729
1112
1528
1953
2318
2486
2385
2040
1524
911
290
-255
-705
-1032
-1198
-1210
-1171
-1139
-1062
-881
-648
-426
-219
-7
242
584
1054
1564
1984
2296
2606
3012
3561
4237
4966
5655
6270
6818
7259
7526
7615
7596
7539
7480
7426
7296
6913
6149
5021
3676
2270
929
-267
-1324
-2346
-3475
-4795
-6259
-7698
-8879
-9642
-9971
-10001
-9869
-9669
-9415
-9090
-8607
-7841
-6738
-5364
-3887
-2477
-1267
-302
433
968
1314
1519
1683
1876
2083
2222
2202
1954
1479
880
312
-126
-396
-499
-476
-438
-476
-578
-660
-668
-564
-327
29
439
861
1278
1635
1882
2051
2262
2595
3090
3751
4527
5299
5951
6442
6788
7041
7257
7467
7661
7813
7887
7813
7515
6933
6040
4854
3488
2170
1091
242
-579
-1621
-3007
-4665
-6343
-7754
-8748
-9340
-9632
-9739
-9759
-9747
-9662
-9392
-8813
-7861
-6584
-5155
-3795
-2623
-1616
-705
114
818
1392
1847
2173
2345
2352
2216
1962
1595
1132
612
102
-340
-674
-903
-1078
-1224
-1315
-1319
-1258
-1174
-1060
-876
-607
-272
113
539
977
1409
1829
2260
2735
3292
3945
4638
5304
5912
6448
6868
7130
7239
7247
7193
7136
7098
7021
6786
6320
5614
4688
3567
2332
1103
-33
-1064
-2060
-3151
-4440
-5864
-7209
-8279
-9030
-9495
-9698
-9686
-9548
-9346
-9074
-8669
-8041
-7129
-5984
-4730
-3465
-2229
-1095
-182
437
823
1107
1372
1624
1814
1882
1798
1583
1287
952
606
294
63
-59
-81
-51
-54
-155
-335
-495
-551
-478
-292
7
400
861
1350
1848
2335
2802
3280
3802
4391
5033
5705
6353
6895
7291
7555
7707
7739
7661
7519
7351
7144
6850
6403
5741
4829
3718
2533
1392
333
-683
-1729
-2876
-4134
-5459
-6748
-7884
-8766
-9339
-9646
-9768
-9746
-9554
-9167
-8596
-7842
-6889
-5767
-4544
-3262
-1958
-755
166
721
987
1136
1293
1503
1711
1838
1829
1674
1365
927
453
55
-230
-439
-588
-666
-673
-637
-626
-707
-866
-981
-902
-586
-103
437
934
1317
1568
1770
2065
2552
3219
3968
4676
5264
5726
6100
6402
6601
6665
6625
6527
6394
6213
5968
5664
5260
4688
3872
2848
1741
702
-215
-1077
-2023
-3136
-4400
-5723
-6993
-8106
-8943
-9435
-9594
-9501
-9244
-8906
-8516
-8024
-7360
-6521
-5529
-4374
-3073
-1749
-590
273
841
1220
1560
1921
2246
2458
2570
2606
2500
2159
1590
930
372
50
-19
68
215
363
450
385
154
-114
-251
-163
132
548
952
1264
1511
1794
2176
2670
3276
3961
4637
5202
5603
5849
5978
6050
6120
6201
6267
6291
6275
6205
6046
5763
5323
4667
3769
2724
1695
760
-130
-1049
-2049
-3169
-4393
-5625
-6746
-7692
-8424
-8911
-9184
-9328
-9391
-9364
-9198
-8815
-8132
-7139
-5895
-4485
-3048
-1779
-812
-121
424
909
1337
1676
1894
2007
2046
2035
1930
1682
1302
890
555
337
210
141
102
34
-133
-418
-746
-970
-948
-626
-74
546
1093
1524
1861
2112
2307
2538
2920
3456
4045
4578
5007
5355
5655
5904
6029
5981
5816
5682
5664
5729
5745
5575
5143
4431
3499
2465
1490
681
31
-602
-1432
-2601
-4082
-5668
-7120
-8255
-9008
-9400
-9519
-9452
-9264
-9017
-8723
-8293
-7596
-6611
-5433
-4206
-3045
-2030
-1190
-513
31
487
907
1306
1648
1900
2060
2128
2081
1908
1619
1245
839
512
360
376
476
582
655
657
560
404
305
392
718
1217
1753
2189
2485
2695
2920
3219
3577
3953
4327
4698
5043
5338
5553
5651
5595
5413
5197
5067
5095
5274
5505
5621
5467
4940
4062
2982
1930
1068
372
-331
-1233
-2403
-3761
-5146
-6433
-7519
-8312
-8779
-8997
-9094
-9183
-9302
-9390
-9283
-8815
-7942
-6753
-5398
-4030
-2806
-1837
-1157
-702
-348
23
479
995
1501
1871
2028
1969
1760
1477
1220
1093
1133
1258
1350
1343
1203
933
589
291
132
135
288
565
934
1325
1669
1908
2022
2059
2111
2257
2517
2907
3423
4009
4560
4993
5268
5358
5283
5157
5136
5295
5583
5863
5963
5748
5174
4339
3420
2579
1884
1300
734
62
-831
-1988
-3353
-4791
-6124
-7202
-7929
-8317
-8452
-8477
-8539
-8686
-8815
-8734
-8290
-7455
-6344
-5174
-4142
-3329
-2716
-2246
-1834
-1386
-831
-168
539
1198
1723
2077
2263
2322
2302
2250
2234
2313
2488
2665
2711
2569
2239
1784
1297
900
695
711
884
1091
1225
1233
1115
956
880
990
1295
1739
2268
2811
3310
3718
4040
4263
4379
4434
4559
4864
5316
5761
6020
5969
5569
4858
3958
3035
2233
1611
1107
569
-161
-1153
-2361
-3654
-4894
-5952
-6701
-7071
-7131
-7109
-7248
-7633
-8145
-8533
-8588
-8214
-7476
-6530
-5579
-4800
-4267
-3938
-3666
-3291
-2718
-1948
-1080
-232
509
1112
1568
1869
2068
2279
2599
3024
3465
3826
4015
3962
3658
3173
2600
2050
1642
1450
1427
1424
1318
1073
751
439
222
152
235
471
840
1309
1833
2371
2839
3176
3419
3690
4051
4483
4948
5418
5818
6033
5988
5640
4998
4211
3518
3070
2792
2493
2000
1211
104
-1211
-2538
-3704
-4612
-5269
-5724
-6101
-6469
-6852
-7208
-7496
-7664
-7653
-7431
-6987
-6355
-5659
-5072
-4709
-4550
-4448
-4234
-3790
-3091
-2191
-1212
-305
416
920
1272
1580
1946
2409
2939
3455
3877
4128
4152
3929
3540
3122
2799
2612
2490
2313
1976
1487
931
396
-67
-448
-686
-683
-404
67
557
960
1229
1385
1467
1612
1939
2503
3217
3915
4441
4688
4704
4589
4430
4304
4232
4211
4136
3870
3338
2515
1512
465
-447
-1170
-1770
-2349
-2995
-3717
-4479
-5215
-5869
-6423
-6869
-7196
-7392
-7435
-7328
-7114
-6852
-6555
-6183
-5711
-5165
-4558
-3897
-3191
-2476
-1788
-1139
-525
94
757
1454
2132
2757
3330
3823
4158
4289
4260
4164
4020
3784
3452
3091
2766
2471
2131
1673
1094
479
-20
-308
-363
-276
-121
45
198
332
467
668
955
1344
1831
2358
2850
3211
3418
3523
3559
3614
3704
3831
3975
4082
4134
4070
3852
3504
3045
2502
1893
1273
688
118
-434
-983
-1573
-2260
-3032
-3840
-4633
-5326
-5859
-6250
-6588
-6900
-7149
-7320
-7399
-7335
-7035
-6463
-5677
-4750
-3783
-2879
-2123
-1498
-910
-264
494
1338
2170
2880
3425
3803
4010
4021
3863
3612
3338
3089
2868
2618
2293
1850
1346
796
291
-91
-333
-447
-516
-529
-521
-522
-526
-502
-379
-144
163
514
909
1344
1784
2107
2266
2280
2251
2299
2419
2568
2677
2727
2761
2757
2679
2521
2272
2013
1765
1538
1315
1066
812
521
108
-471
-1164
-1873
-2491
-3045
-3536
-4044
-4602
-5163
-5691
-6109
-6398
-6478
-6274
-5790
-5126
-4416
-3754
-3138
-2532
-1908
-1259
-587
132
878
1599
2223
2697
3003
3152
3193
3181
3154
3081
2916
2611
2181
1695
1236
848
521
240
8
-182
-297
-316
-283
-279
-383
-492
-551
-547
-511
-433
-253
0
289
583
855
1124
1368
1640
1902
2110
2272
2397
2554
2663
2748
2810
2884
2945
2934
2889
2797
2653
2383
1959
1412
782
170
-380
-903
-1425
-1970
-2441
-2866
-3285
-3660
-3946
-4068
-4088
-3996
-3793
-3498
-3167
-2879
-2669
-2463
-2182
-1744
-1216
-670
-187
234
652
1043
1347
1435
1361
1225
1155
1182
1301
1443
1521
1458
1242
887
444
0
-342
-503
-509
-421
-349
-379
-549
-827
-1109
-1306
-1358
-1238
-972
-646
-382
-246
-214
-201
-136
41
348
739
1139
1440
1658
1778
1835
1863
1928
2041
2161
2220
2257
2242
2140
1917
1538
1077
533
42
-357
-648
-912
-1208
-1558
-1924
-2236
-2388
-2339
-2135
-1904
-1695
-1500
-1309
-1139
-1005
-850
-670
-417
-122
205
486
719
913
1046
1060
913
686
465
330
312
369
430
426
373
309
256
238
263
317
358
354
334
308
277
220
129
-14
-184
-321
-429
-533
-678
-811
-921
-1003
-1048
-1076
-1106
-1176
-1199
-1114
-903
-621
-328
-18
253
470
606
691
740
741
742
738
723
680
618
567
487
357
176
-50
-272
-477
-629
-731
-774
-751
-685
-639
-638
-681
-681
-616
-496
-337
-193
-31
107
280
462
627
723
760
836
964
1117
1245
1334
1373
1318
1213
1105
1047
1020
1004
1003
1010
1056
1093
1050
844
521
240
83
45
12
-74
-199
-316
-384
-460
-562
-651
-680
-642
-635
-623
-629
-608
-573
-529
-499
-563
-643
-667
-563
-396
-262
-234
-359
-580
-821
-991
-1048
-1002
-910
-893
-959
-1058
-1083
-1030
-914
-770
-601
-402
-184
-7
56
-14
-137
-240
-225
-107
103
277
371
393
351
307
260
287
293
296
298
395
539
659
713
734
781
912
1107
1321
1473
1512
1452
1272
1089
930
868
836
799
766
750
811
898
957
889
690
443
218
71
1
9
61
65
-5
-115
-181
-183
-200
-287
-457
-617
-717
-727
-747
-858
-1136
-1499
-1820
-1968
-1931
-1820
-1727
-1729
-1774
-1848
-1914
-1954
-1889
-1690
-1371
-1048
-789
-667
-652
-707
-764
-756
-648
-419
-189
-68
-180
-415
-641
-713
-637
-477
-261
-2
310
618
859
1052
1208
1372
1496
1564
1613
1677
1796
1872
1867
1774
1687
1681
1763
1871
1911
1836
1675
1502
1379
1313
1276
1217
1169
1146
1197
1282
1403
1542
1646
1683
1590
1415
1193
1047
973
914
765
505
191
-106
-328
-485
-645
-851
-1125
-1411
-1680
-1895
-2033
-2140
-2231
-2323
-2347
-2274
-2136
-1985
-1886
-1859
-1869
-1899
-1930
-2000
-2036
-2002
-1889
-1792
-1745
-1680
-1530
-1281
-1017
-847
-812
-875
-902
-875
-850
-868
-898
-835
-668
-378
-54
240
435
551
632
711
826
974
1121
1238
1358
1550
1802
1993
2053
2004
1945
1937
1975
2046
2071
2036
1947
1833
1715
1602
1524
1475
1423
1353
1271
1242
1273
1295
1230
1039
787
515
251
2
-206
-320
-291
-188
-160
-314
-579
-780
-859
-889
-981
-1180
-1430
-1672
-1835
-1892
-1875
-1811
-1766
-1764
-1787
-1782
-1658
-1504
-1409
-1456
-1578
-1666
-1676
-1566
-1377
-1167
-1010
-908
-861
-853
-859
-789
-637
-474
-366
-303
-227
-99
69
278
480
707
963
1195
1367
1415
1435
1431
1433
1436
1443
1518
1644
1812
1969
2083
2150
2127
2072
1988
1911
1816
1696
1590
1492
1432
1393
1381
1375
1340
1286
1201
1114
1007
885
769
648
522
368
203
33
-149
-324
-485
-644
-834
-1050
-1207
-1275
-1300
-1373
-1531
-1718
-1861
-1892
-1821
-1673
-1512
-1406
-1404
-1531
-1707
-1864
-1915
-1885
-1828
-1800
-1792
-1737
-1619
-1464
-1327
-1242
-1231
-1286
-1345
-1311
-1171
-975
-853
-817
-826
-750
-518
-156
194
390
406
307
249
303
512
745
935
1010
1037
1061
1135
1282
1464
1623
1706
1710
1670
1583
1468
1350
1318
1405
1543
1650
1620
1474
1217
1000
854
778
637
425
173
-35
-189
-287
-338
-354
-292
-146
67
230
256
167
56
-6
-2
42
181
358
541
581
480
260
19
-149
-211
-198
-215
-317
-507
-770
-1064
-1284
-1378
-1337
-1295
-1260
-1253
-1214
-1153
-1094
-1023
-1010
-984
-925
-741
-507
-315
-206
-172
-152
-105
-8
76
65
-15
-61
-23
58
151
286
443
596
706
837
980
1147
1271
1344
1320
1194
1028
861
745
614
499
395
341
295
234
83
-159
-479
-749
-901
-893
-770
-610
-457
-362
-308
-304
-280
-182
24
280
496
601
588
494
387
282
196
127
125
159
172
74
-138
-423
-679
-833
-816
-649
-403
-207
-141
-192
-265
-244
-129
21
90
71
-27
-120
-179
-173
-140
-83
-19
84
195
265
236
133
50
-7
-45
-137
-183
-122
100
388
616
718
663
589
568
632
654
549
390
229
79
-98
-297
-459
-645
-823
-1000
-1110
-1201
-1293
-1366
-1385
-1308
-1181
-1011
-845
-678
-499
-292
-25
286
620
882
964
858
672
608
648
707
651
533
425
349
287
221
190
201
258
306
333
311
286
289
340
403
463
513
584
651
683
658
623
629
626
575
464
386
352
370
403
479
547
611
619
594
543
494
481
456
411
299
182
95
54
23
-63
-233
-491
-775
-985
-1096
-1125
-1211
-1392
-1662
-1943
-2166
-2290
-2235
-2064
-1879
-1801
-1784
-1718
-1591
-1408
-1232
-1006
-737
-420
-126
61
112
65
39
104
267
420
468
359
133
-52
-155
-118
-6
175
364
475
531
573
668
845
1058
1279
1389
1395
1333
1286
1280
1317
1440
1622
1811
1891
1908
1889
1877
1824
1718
1580
1421
1305
1251
1213
1130
955
775
623
513
414
288
140
-52
-207
-310
-375
-503
-740
-1005
-1179
-1162
-1023
-911
-951
-1163
-1438
-1690
-1821
-1855
-1829
-1851
-1893
-1942
-1952
-1917
-1824
-1652
-1524
-1495
-1601
-1708
-1729
-1669
-1579
-1522
-1447
-1359
-1272
-1221
-1143
-924
-551
-119
246
475
612
671
685
666
685
826
1052
1282
1404
1408
1376
1321
1286
1232
1195
1212
1260
1347
1372
1411
1478
1641
1827
1932
1973
1965
1979
1950
1886
1802
1733
1708
1702
1690
1637
1500
1323
1098
846
528
191
-80
-238
-299
-368
-540
-845
-1179
-1400
-1418
-1311
-1152
-1084
-1120
-1304
-1485
-1590
-1531
-1448
-1453
-1596
-1775
-1866
-1811
-1616
-1395
-1258
-1288
-1426
-1591
-1676
-1675
-1589
-1526
-1475
-1449
-1378
-1305
-1220
-1124
-955
-725
-453
-259
-160
-171
-167
-100
60
275
483
700
915
1148
1361
1543
1670
1732
1734
1745
1789
1884
1930
1921
1828
1737
1688
1690
1694
1616
1491
1355
1285
1194
1066
871
698
579
521
526
581
651
674
621
541
479
458
435
312
98
-174
-340
-422
-424
-482
-582
-731
-868
-968
-1036
-1092
-1199
-1317
-1433
-1508
-1573
-1595
-1605
-1626
-1719
-1816
-1832
-1702
-1509
-1343
-1241
-1175
-1113
-1055
-1004
-954
-893
-790
-665
-569
-526
-482
-348
-160
41
166
206
179
162
287
506
776
948
1038
1048
1036
1087
1225
1400
1473
1407
1282
1175
1144
1164
1205
1234
1222
1199
1143
1093
1061
1094
1128
1102
922
633
348
210
265
414
547
602
549
429
253
104
11
-27
-44
-110
-215
-371
-502
-565
-555
-524
-540
-589
-697
-857
-1052
-1207
-1254
-1231
-1170
-1144
-1163
-1206
-1226
-1176
-1088
-996
-935
-875
-839
-874
-989
-1075
-1002
-764
-412
-47
233
287
144
-75
-184
-159
14
231
434
524
542
531
526
508
501
568
768
973
1031
831
490
180
14
74
258
499
634
647
534
352
257
319
520
659
676
604
522
434
377
384
483
612
738
770
672
455
240
123
54
-22
-155
-286
-417
-513
-606
-682
-794
-861
-878
-817
-728
-680
-724
-913
-1110
-1154
-968
-650
-374
-211
-137
-52
90
260
368
395
362
316
227
78
-57
-94
-15
75
108
77
66
106
209
264
216
109
50
42
37
46
156
305
397
420
434
518
572
618
593
567
536
490
456
349
242
143
161
267
337
337
241
128
-13
-144
-228
-259
-221
-174
-188
-351
-598
-755
-702
-468
-228
-90
-109
-306
-594
-843
-856
-659
-393
-223
-243
-356
-447
-448
-406
-445
-475
-431
-237
-30
48
5
-60
-31
57
117
110
67
15
-23
-81
-105
-99
-51
2
45
73
91
112
107
12
-148
-301
-365
-353
-283
-177
-22
118
168
132
95
166
315
498
629
679
633
525
413
330
378
567
848
1074
1123
1004
704
439
262
319
433
568
565
400
137
-56
-11
192
375
354
148
-195
-525
-752
-781
-698
-659
-689
-740
-723
-699
-657
-549
-385
-218
-168
-155
-176
-177
-190
-204
-169
-53
211
557
862
994
918
753
594
495
365
190
-31
-132
-133
-104
-174
-352
-414
-363
-89
164
382
385
232
38
-79
-36
63
219
332
429
497
579
638
648
623
622
628
593
451
212
-43
-225
-241
-141
7
87
54
-66
-236
-379
-483
-568
-669
-806
-985
-1215
-1495
-1775
-1983
-2076
-2031
-1931
-1777
-1658
-1545
-1494
-1461
-1425
-1343
-1183
-956
-673
-394
-119
156
419
545
594
602
784
995
1283
1468
1517
1325
984
704
608
669
736
657
408
116
-76
-73
-49
-66
-136
-101
19
138
177
190
247
379
567
794
1016
1183
1238
1230
1204
1212
1263
1352
1413
1373
1158
863
570
440
458
600
668
586
321
71
-94
-161
-175
-210
-260
-469
-709
-928
-988
-962
-870
-748
-617
-508
-436
-470
-638
-817
-832
-657
-521
-541
-698
-832
-908
-824
-643
-380
-208
-97
-106
-214
-425
-602
-611
-494
-330
-241
-106
58
241
316
314
338
379
492
551
535
337
85
-82
-113
22
272
527
572
464
382
481
656
865
1013
1065
960
805
671
643
759
1021
1235
1174
879
576
443
469
507
501
368
152
-56
-315
-525
-785
-836
-801
-684
-705
-836
-955
-1036
-1030
-1075
-1120
-1193
-1176
-1064
-919
-900
-976
-1031
-959
-898
-917
-995
-1038
-1017
-1005
-935
-902
-764
-650
-512
-538
-715
-895
-883
-611
-244
-6
87
16
-53
-114
-50
101
242
371
403
557
675
893
1014
1117
1149
1215
1328
1419
1459
1454
1466
1479
1526
1653
1771
1857
1882
1896
1855
1683
1477
1265
1100
1016
1039
1156
1142
893
478
24
-309
-501
-498
-448
-539
-778
-1107
-1326
-1392
-1258
-996
-852
-886
-1054
-1171
-1169
-1077
-918
-772
-736
-751
-836
-896
-1005
-1042
-953
-766
-631
-735
-1019
-1344
-1454
-1339
-1080
-848
-740
-766
-898
-1033
-1039
-857
-569
-297
-133
-120
-210
-321
-291
-118
166
421
565
556
516
548
681
842
968
1078
1097
1038
966
977
1151
1335
1568
1734
1875
1903
1912
1989
2018
1971
1739
1605
1436
1295
975
688
408
288
267
334
331
160
-89
-332
-473
-585
-650
-689
-744
-874
-1037
-1155
-1105
-912
-596
-366
-311
-528
-846
-1130
-1213
-1095
-828
-609
-601
-782
-960
-974
-856
-706
-589
-600
-741
-959
-1148
-1298
-1415
-1423
-1297
-1077
-884
-730
-597
-453
-275
-112
63
230
399
505
456
374
330
475
749
1040
1204
1128
960
870
940
1062
1122
1169
1150
1076
794
440
119
54
356
751
1022
826
442
94
11
155
368
533
524
372
195
61
56
253
607
870
724
306
-115
-205
-10
327
505
359
-22
-367
-474
-398
-276
-251
-350
-613
-959
-1299
-1500
-1498
-1374
-1247
-1249
-1311
-1357
-1315
-1199
-1115
-1093
-1116
-1101
-1084
-1182
-1324
-1360
-1152
-760
-351
-37
65
72
27
70
190
485
911
1228
1281
1049
830
742
842
1085
1311
1440
1351
1188
1002
883
860
906
1013
1004
952
779
630
520
580
788
915
824
512
239
143
237
393
494
519
480
424
344
228
184
279
531
679
584
278
12
-36
112
299
343
232
10
-244
-520
-681
-669
-532
-546
-860
-1407
-1851
-1910
-1555
-1119
-957
-1137
-1426
-1494
-1317
-1015
-872
-927
-1096
-1167
-1041
-739
-328
19
221
176
41
-27
193
632
1007
963
478
-68
-289
-35
426
782
845
695
516
322
205
223
415
560
413
30
-412
-580
-436
53
512
742
608
285
-21
-184
12
457
919
944
439
-314
-814
-665
18
717
886
385
-391
-965
-988
-553
12
302
113
-437
-1024
-1221
-869
-112
526
611
40
-729
-1087
-817
-196
220
204
-168
-574
-812
-778
-485
2
433
532
221
-282
-566
-452
-3
465
722
693
458
186
24
117
441
819
993
775
352
-3
24
347
706
836
695
499
432
550
743
884
932
920
906
890
853
775
711
646
552
377
194
136
231
393
400
174
-205
-460
-441
-220
-59
-117
-337
-488
-385
-32
385
610
512
143
-234
-378
-235
0
74
-132
-604
-1158
-1560
-1599
-1307
-941
-773
-932
-1291
-1669
-1845
-1759
-1453
-1077
-810
-721
-813
-869
-688
-189
427
828
827
525
218
169
407
734
877
726
333
-107
-403
-399
-113
209
326
159
-127
-364
-429
-340
-152
-12
27
6
10
126
293
546
815
1091
1250
1237
1058
812
655
598
597
547
420
198
-85
-274
-231
67
382
430
127
-307
-520
-405
-143
-82
-336
-736
-920
-771
-454
-302
-430
-674
-778
-580
-178
191
275
72
-172
-172
143
536
708
527
198
28
156
433
571
414
-31
-522
-835
-871
-796
-795
-913
-1037
-1027
-854
-579
-367
-278
-316
-356
-290
-20
393
723
767
530
269
280
658
1207
1603
1615
1306
906
653
632
723
733
531
196
-51
-31
268
661
936
972
811
576
405
402
578
833
987
985
913
919
1022
1160
1299
1409
1498
1495
1365
1075
688
307
75
20
35
-50
-320
-702
-1092
-1383
-1569
-1720
-1914
-2121
-2236
-2278
-2412
-2766
-3265
-3657
-3741
-3487
-3136
-2904
-2837
-2766
-2605
-2414
-2259
-2068
-1720
-1167
-517
59
451
712
980
1302
1607
1813
1913
1939
1923
1844
1696
1477
1268
1106
1027
970
876
674
391
162
86
169
245
231
162
159
304
576
913
1227
1481
1690
1902
2156
2464
2817
3142
3312
3276
3120
3079
3272
3582
3687
3335
2608
1870
1491
1487
1501
1081
117
-1061
-1983
-2440
-2645
-2977
-3678
-4650
-5538
-5986
-5905
-5561
-5355
-5481
-5747
-5742
-5238
-4354
-3452
-2750
-2224
-1671
-978
-180
657
1458
2147
2625
2848
2897
2960
3126
3314
3295
2950
2400
1886
1533
1271
995
668
341
22
-301
-614
-856
-974
-1031
-1121
-1248
-1283
-1092
-722
-370
-194
-131
69
581
1335
2041
2474
2633
2745
3042
3561
4108
4430
4479
4379
4276
4189
4082
3960
3827
3641
3295
2745
2088
1480
945
323
-562
-1623
-2591
-3245
-3677
-4180
-4970
-5947
-6728
-7020
-6901
-6718
-6748
-6933
-6996
-6673
-5962
-5044
-4117
-3212
-2280
-1336
-437
387
1243
2143
3000
3588
3825
3868
3937
4100
4113
3795
3163
2478
1952
1582
1206
669
55
-459
-820
-1178
-1639
-2091
-2328
-2276
-2065
-1832
-1605
-1269
-793
-237
296
797
1331
1922
2537
3076
3496
3858
4275
4740
5126
5342
5438
5509
5581
5582
5400
5000
4484
4044
3766
3540
3188
2605
1862
1127
537
45
-571
-1436
-2453
-3354
-3983
-4415
-4889
-5603
-6429
-7031
-7161
-6945
-6702
-6658
-6744
-6731
-6379
-5654
-4694
-3720
-2901
-2261
-1670
-883
194
1391
2354
2919
3174
3408
3769
4164
4334
4103
3556
2925
2413
2018
1583
931
69
-778
-1382
-1701
-1900
-2185
-2614
-3065
-3261
-3101
-2685
-2272
-1962
-1691
-1284
-623
246
1133
1830
2313
2714
3243
3975
4781
5393
5653
5649
5599
5649
5766
5826
5699
5319
4724
4038
3432
2984
2621
2147
1433
541
-308
-914
-1341
-1833
-2591
-3498
-4263
-4729
-5035
-5423
-5951
-6442
-6684
-6639
-6436
-6232
-6093
-5959
-5657
-5049
-4141
-3122
-2157
-1321
-566
180
994
1863
2668
3271
3628
3843
4046
4282
4454
4381
3978
3352
2789
2470
2302
2025
1450
666
-67
-531
-731
-854
-1096
-1491
-1916
-2154
-2112
-1874
-1640
-1487
-1321
-1002
-518
12
488
907
1340
1817
2311
2801
3291
3778
4188
4446
4572
4650
4747
4834
4824
4625
4221
3699
3208
2801
2383
1822
1111
370
-287
-885
-1571
-2459
-3457
-4285
-4730
-4864
-5048
-5546
-6314
-6962
-7135
-6838
-6417
-6221
-6239
-6180
-5746
-4949
-4016
-3186
-2464
-1698
-796
185
1116
1952
2710
3421
4074
4610
4965
5151
5213
5140
4849
4313
3632
2919
2240
1586
953
359
-186
-697
-1244
-1811
-2315
-2591
-2605
-2474
-2386
-2427
-2436
-2200
-1665
-1021
-453
22
523
1144
1874
2624
3291
3832
4244
4533
4693
4762
4789
4794
4719
4505
4161
3768
3428
3126
2738
2136
1345
546
-133
-688
-1251
-1874
-2513
-3078
-3580
-4135
-4721
-5193
-5367
-5334
-5303
-5438
-5669
-5786
-5638
-5260
-4843
-4478
-4079
-3469
-2624
-1675
-836
-158
483
1255
2141
2933
3483
3806
4078
4433
4859
5166
5157
4826
4345
3896
3536
3218
2814
2213
1430
616
-77
-626
-1074
-1487
-1888
-2276
-2575
-2733
-2723
-2587
-2399
-2240
-2128
-1974
-1677
-1180
-522
200
862
1399
1852
2289
2741
3153
3457
3595
3573
3478
3384
3273
3022
2564
1972
1401
978
643
233
-415
-1262
-2143
-2893
-3443
-3809
-4029
-4176
-4325
-4489
-4601
-4555
-4350
-4058
-3734
-3352
-2862
-2309
-1817
-1449
-1136
-723
-154
472
1001
1384
1719
2118
2571
2947
3178
3312
3469
3649
3730
3576
3201
2767
2447
2265
2061
1648
1044
475
135
-44
-323
-848
-1511
-2044
-2309
-2386
-2453
-2609
-2763
-2781
-2600
-2332
-2121
-1974
-1767
-1385
-864
-349
52
322
579
946
1456
1971
2309
2403
2322
2245
2265
2363
2396
2245
1927
1532
1164
815
447
25
-426
-856
-1256
-1659
-2079
-2455
-2718
-2834
-2840
-2758
-2636
-2504
-2368
-2163
-1808
-1312
-778
-341
-16
306
753
1337
1925
2367
2586
2645
2683
2819
3042
3221
3244
3072
2799
2520
2293
2096
1881
1633
1361
1085
814
557
322
84
-194
-512
-830
-1097
-1297
-1469
-1651
-1875
-2089
-2221
-2235
-2183
-2169
-2200
-2190
-2034
-1738
-1382
-1052
-770
-532
-308
-82
155
397
607
739
752
680
575
461
291
55
-179
-339
-433
-544
-740
-1028
-1368
-1679
-1871
-1894
-1788
-1634
-1493
-1382
-1289
-1177
-1002
-745
-436
-139
115
344
596
857
1058
1164
1255
1432
1714
1986
2123
2103
2003
1949
1966
1983
1931
1829
1766
1763
1788
1802
1804
1811
1809
1757
1602
1362
1104
885
676
402
68
-251
-463
-597
-738
-957
-1183
-1279
-1200
-1068
-1090
-1311
-1610
-1794
-1827
-1800
-1823
-1898
-1960
-1960
-1898
-1801
-1695
-1638
-1678
-1799
-1865
-1747
-1465
-1193
-1125
-1261
-1421
-1371
-1059
-654
-360
-268
-267
-231
-107
40
119
130
161
315
578
839
971
960
899
897
990
1085
1091
999
896
856
890
995
1160
1350
1518
1657
1767
1836
1872
1935
2061
2213
2304
2289
2181
2014
1854
1748
1734
1734
1640
1419
1154
961
810
635
374
97
-141
-313
-446
-566
-692
-813
-901
-938
-934
-944
-1022
-1181
-1367
-1522
-1646
-1773
-1920
-2047
-2111
-2082
-1990
-1890
-1855
-1923
-2058
-2174
-2196
-2099
-1948
-1824
-1765
-1736
-1653
-1448
-1093
-677
-335
-156
-77
14
183
400
599
728
786
821
872
907
869
786
770
879
1029
1112
1122
1155
1260
1395
1494
1566
1644
1719
1732
1635
1464
1315
1279
1342
1399
1358
1248
1134
1060
994
902
767
593
411
241
96
-23
-99
-115
-82
-51
-62
-127
-203
-254
-274
-303
-372
-484
-606
-706
-798
-934
-1147
-1381
-1566
-1673
-1750
-1840
-1942
-2035
-2104
-2144
-2146
-2115
-2051
-1951
-1799
-1611
-1420
-1239
-1031
-771
-518
-345
-263
-199
-75
109
278
351
328
308
380
537
678
727
687
632
622
657
681
663
649
710
844
970
1036
1071
1160
1325
1504
1591
1543
1427
1362
1368
1354
1205
948
732
683
770
832
783
661
589
589
604
562
457
326
216
151
114
59
-40
-131
-132
-14
145
253
286
272
219
116
-23
-151
-258
-371
-510
-647
-737
-778
-815
-901
-1035
-1168
-1247
-1299
-1385
-1518
-1599
-1548
-1391
-1215
-1044
-839
-598
-372
-219
-125
-56
7
67
128
196
284
380
481
562
618
647
672
705
731
723
652
522
360
248
233
322
440
506
494
427
348
263
181
99
38
14
45
120
204
249
243
213
210
241
262
218
106
-18
-100
-122
-108
-104
-152
-257
-373
-426
-388
-306
-254
-266
-300
-310
-289
-279
-307
-356
-388
-388
-387
-414
-462
-493
-481
-460
-477
-561
-677
-769
-804
-813
-852
-932
-1000
-970
-822
-635
-501
-441
-409
-380
-369
-383
-390
-314
-137
121
372
550
626
662
739
897
1078
1194
1198
1110
984
878
830
829
839
824
775
703
624
548
459
337
175
9
-99
-154
-211
-336
-508
-650
-708
-694
-648
-579
-475
-318
-118
68
193
257
321
434
589
753
887
990
1061
1096
1099
1098
1128
1166
1140
995
735
437
185
33
-35
-65
-112
-206
-337
-473
-603
-740
-865
-948
-965
-948
-910
-847
-744
-594
-410
-212
-32
115
220
292
334
358
364
340
291
218
133
47
-5
-2
36
71
74
55
32
22
21
-5
-69
-177
-310
-452
-574
-625
-581
-474
-383
-376
-468
-592
-665
-657
-625
-639
-734
-875
-974
-967
-856
-706
-566
-438
-309
-180
-41
129
324
479
546
547
551
596
668
752
827
862
849
820
831
894
953
913
738
473
203
-20
-201
-374
-562
-731
-809
-756
-630
-520
-484
-520
-604
-700
-749
-727
-644
-519
-358
-166
47
274
515
750
961
1127
1221
1215
1125
1017
936
862
754
631
574
636
786
924
958
859
645
361
28
-309
-599
-803
-927
-1020
-1112
-1210
-1263
-1228
-1120
-1026
-1018
-1089
-1178
-1243
-1295
-1364
-1450
-1495
-1416
-1180
-832
-471
-166
66
258
435
602
747
858
923
960
1020
1152
1326
1456
1456
1335
1176
1062
991
880
653
324
15
-166
-202
-174
-150
-152
-118
-6
187
377
483
487
421
320
215
147
143
196
283
407
576
764
913
986
978
916
830
747
690
632
539
381
203
82
56
82
86
35
-65
-191
-322
-471
-660
-888
-1125
-1348
-1544
-1699
-1786
-1818
-1830
-1853
-1915
-2008
-2106
-2156
-2160
-2129
-2052
-1902
-1680
-1413
-1100
-741
-349
41
407
738
1007
1189
1280
1307
1283
1204
1101
1025
1027
1086
1129
1124
1077
1027
952
841
702
556
410
253
113
22
-4
42
164
359
583
772
899
967
1007
1015
987
918
821
733
694
705
720
703
650
591
536
498
461
412
311
153
-34
-198
-305
-366
-408
-462
-541
-643
-772
-910
-1042
-1160
-1260
-1331
-1351
-1352
-1381
-1462
-1561
-1619
-1614
-1574
-1537
-1507
-1455
-1373
-1268
-1153
-1055
-996
-994
-1002
-948
-784
-527
-235
40
257
415
548
708
892
1032
1064
1016
981
1021
1105
1157
1164
1160
1197
1265
1325
1336
1276
1164
1033
900
765
613
474
395
393
422
434
437
475
561
657
725
769
827
911
988
1008
983
957
975
1006
998
941
874
831
790
704
533
283
-4
-278
-464
-528
-512
-512
-608
-793
-1008
-1191
-1307
-1349
-1340
-1318
-1316
-1329
-1356
-1373
-1333
-1217
-1053
-917
-849
-837
-849
-870
-925
-1019
-1136
-1232
-1273
-1264
-1223
-1150
-1025
-822
-565
-324
-159
-59
35
155
279
361
401
430
490
587
700
790
842
847
832
823
845
891
940
959
913
790
606
425
302
269
303
364
397
364
258
122
18
-23
-20
6
58
146
260
354
389
345
264
197
167
147
109
56
2
-55
-138
-242
-345
-416
-426
-383
-327
-317
-346
-351
-287
-195
-183
-298
-476
-597
-601
-523
-444
-414
-437
-469
-468
-414
-343
-291
-252
-166
-16
139
228
257
292
356
436
506
572
639
704
775
832
830
751
633
550
537
569
591
563
487
381
273
205
203
261
330
378
404
412
401
380
373
369
344
289
229
175
104
-6
-147
-284
-398
-509
-639
-774
-876
-933
-969
-1014
-1049
-1034
-951
-826
-709
-606
-474
-259
29
330
579
751
835
836
768
651
513
379
269
164
44
-100
-270
-454
-629
-754
-825
-891
-984
-1084
-1126
-1081
-971
-853
-745
-615
-424
-181
49
207
288
342
407
495
590
691
792
883
950
978
948
837
672
517
422
363
289
194
97
3
-104
-218
-312
-361
-391
-437
-505
-561
-577
-573
-581
-604
-614
-604
-590
-609
-649
-652
-567
-416
-273
-177
-123
-85
-64
-56
-43
1
57
90
96
111
155
227
304
370
424
483
561
648
710
721
697
678
684
692
663
598
519
453
394
328
246
146
31
-89
-182
-232
-247
-248
-232
-176
-65
92
256
392
493
591
695
783
822
807
755
687
633
602
578
535
465
389
338
327
331
326
319
305
256
134
-56
-277
-495
-679
-811
-897
-965
-1045
-1146
-1245
-1308
-1348
-1415
-1526
-1630
-1645
-1556
-1398
-1207
-1001
-800
-625
-482
-359
-246
-122
25
172
277
335
366
392
419
471
565
682
779
817
788
692
562
448
365
265
101
-80
-203
-260
-303
-350
-348
-280
-192
-126
-81
-38
0
52
157
308
463
596
727
860
973
1051
1096
1112
1080
993
864
709
530
322
121
-28
-108
-148
-184
-235
-298
-364
-435
-530
-658
-793
-875
-884
-856
-829
-816
-784
-699
-550
-377
-247
-194
-189
-208
-269
-381
-491
-541
-516
-430
-296
-139
-6
87
168
267
370
451
511
562
608
637
656
677
701
726
735
722
690
656
625
587
533
471
412
363
331
307
266
196
128
100
118
168
219
251
236
161
51
-70
-175
-254
-285
-266
-214
-162
-142
-149
-172
-196
-220
-239
-246
-249
-257
-276
-289
-281
-251
-226
-226
-252
-300
-372
-471
-571
-656
-740
-823
-890
-928
-966
-1015
-1055
-1070
-1063
-1044
-994
-908
-809
-725
-655
-595
-546
-491
-385
-230
-81
18
78
131
185
249
346
471
580
628
634
658
733
834
910
960
1004
1030
1004
935
896
938
1048
1181
1303
1385
1396
1335
1243
1157
1080
999
921
853
784
698
608
541
503
482
443
357
249
161
101
24
-83
-174
-206
-201
-212
-254
-315
-376
-456
-578
-737
-882
-955
-948
-905
-891
-946
-1048
-1137
-1179
-1186
-1195
-1217
-1250
-1296
-1344
-1373
-1366
-1337
-1294
-1228
-1136
-1042
-967
-897
-811
-709
-612
-507
-392
-276
-175
-82
7
99
190
293
422
583
752
894
1017
1148
1298
1435
1525
1570
1605
1659
1705
1673
1542
1366
1225
1135
1049
931
762
546
297
81
-44
-75
-91
-147
-208
-207
-128
-31
49
120
217
329
404
410
365
337
348
347
258
64
-178
-398
-562
-710
-885
-1077
-1229
-1325
-1396
-1460
-1503
-1509
-1504
-1508
-1523
-1535
-1495
-1373
-1171
-944
-749
-617
-556
-527
-475
-368
-225
-81
23
76
102
144
212
269
291
307
368
475
610
755
912
1091
1277
1433
1535
1612
1708
1829
1941
2006
1996
1904
1754
1592
1437
1301
1175
1058
927
773
596
396
182
-26
-192
-290
-326
-315
-270
-214
-177
-193
-261
-332
-346
-286
-193
-111
-78
-127
-267
-453
-620
-748
-863
-995
-1134
-1257
-1370
-1504
-1670
-1841
-1962
-2025
-2048
-2038
-1987
-1893
-1785
-1676
-1568
-1433
-1239
-997
-771
-607
-481
-332
-148
30
160
249
339
465
625
768
866
905
900
874
851
850
859
849
817
785
780
791
794
778
766
785
831
875
887
866
858
918
1043
1145
1147
1052
923
809
721
659
608
536
429
301
199
156
158
170
179
193
209
201
152
59
-84
-239
-344
-350
-303
-285
-330
-427
-556
-716
-889
-1039
-1134
-1151
-1081
-976
-887
-848
-842
-850
-855
-844
-815
-793
-803
-838
-850
-783
-621
-408
-232
-122
-28
126
316
469
534
531
488
411
336
305
334
379
410
429
463
518
583
631
656
663
662
669
688
713
719
716
749
821
864
811
684
593
574
551
409
144
-131
-307
-375
-410
-465
-503
-469
-371
-272
-194
-133
-92
-91
-136
-188
-208
-176
-116
-62
-38
-30
-7
36
65
50
-14
-113
-248
-409
-561
-646
-657
-659
-741
-915
-1100
-1205
-1189
-1098
-994
-928
-903
-900
-890
-839
-731
-570
-389
-208
-28
152
325
464
566
656
791
960
1097
1148
1156
1203
1291
1339
1289
1166
1060
1023
1025
1011
943
854
784
727
637
483
319
211
172
146
74
-30
-123
-184
-233
-281
-301
-287
-257
-237
-215
-185
-170
-191
-253
-338
-434
-528
-613
-687
-748
-809
-867
-933
-1015
-1100
-1155
-1146
-1093
-1017
-925
-789
-622
-485
-423
-420
-405
-342
-262
-238
-293
-380
-433
-431
-413
-404
-401
-370
-305
-229
-179
-172
-183
-166
-104
-27
-6
-48
-73
41
312
652
937
1115
1231
1339
1476
1639
1806
1912
1891
1750
1580
1457
1335
1154
929
744
633
545
445
339
269
221
158
63
-36
-115
-182
-255
-327
-385
-432
-480
-528
-553
-531
-467
-398
-363
-366
-368
-320
-216
-97
-48
-107
-215
-266
-206
-102
-77
-195
-390
-526
-540
-492
-477
-507
-524
-497
-452
-439
-471
-516
-516
-426
-263
-78
57
99
58
12
58
213
386
478
466
427
431
473
495
464
415
381
366
355
346
352
359
344
291
220
183
204
256
278
251
213
211
230
207
116
26
30
128
214
198
78
-60
-155
-214
-298
-463
-695
-915
-1025
-990
-884
-833
-908
-1059
-1190
-1247
-1252
-1229
-1182
-1089
-943
-782
-665
-627
-631
-610
-518
-368
-207
-77
12
90
184
279
350
385
420
473
516
500
418
332
278
228
121
-54
-240
-360
-364
-261
-101
64
214
380
568
743
859
917
972
1060
1178
1292
1373
1413
1414
1385
1341
1304
1285
1268
1235
1175
1082
941
737
516
364
364
478
578
537
355
153
11
-88
-202
-333
-437
-500
-541
-590
-642
-666
-646
-598
-561
-555
-569
-596
-641
-710
-764
-786
-798
-844
-915
-960
-948
-907
-897
-933
-977
-972
-886
-762
-659
-614
-582
-499
-372
-271
-240
-227
-161
-36
86
167
226
295
375
461
546
584
525
353
142
-28
-106
-105
-74
-59
-63
-50
-6
27
-2
-82
-151
-142
-37
128
291
424
544
676
840
1012
1128
1134
1053
972
931
884
752
529
268
31
-145
-252
-293
-286
-248
-206
-187
-206
-264
-345
-431
-500
-535
-540
-532
-516
-480
-420
-369
-356
-387
-436
-465
-482
-513
-587
-694
-800
-846
-797
-669
-509
-366
-246
-146
-31
106
250
342
369
348
311
270
213
147
73
32
73
205
367
481
534
565
611
656
664
622
563
549
601
672
708
698
679
677
688
706
736
757
716
596
452
332
234
127
24
-50
-104
-167
-238
-296
-343
-377
-382
-318
-198
-80
-41
-94
-170
-189
-128
-35
38
64
39
-24
-116
-244
-419
-625
-810
-934
-1010
-1074
-1131
-1182
-1224
-1240
-1193
-1075
-917
-759
-616
-518
-491
-506
-480
-364
-193
-41
59
130
214
334
470
579
633
640
617
563
479
401
350
323
289
263
283
371
495
604
675
721
773
850
931
967
924
842
