-225
-236
-281
-320
-344
-363
-342
-261
-154
-79
-48
-30
12
72
129
181
236
274
256
176
82
41
71
156
245
292
258
159
38
-60
-121
-148
-138
-104
-65
-48
-53
-62
-59
-40
4
59
79
28
-69
-144
-167
-170
-196
-251
-311
-363
-397
-423
-446
-461
-454
-415
-349
-256
-147
-68
-49
-78
-96
-71
-23
27
58
74
67
44
10
-23
-43
-39
-32
-33
-39
-42
-39
-43
-46
-36
3
75
139
179
217
302
418
496
498
467
459
492
523
522
502
491
499
479
420
337
277
239
197
155
129
124
104
46
-33
-95
-109
-87
-59
-65
-100
-138
-152
-122
-69
-11
-9
-77
-171
-221
-215
-210
-225
-259
-288
-317
-342
-353
-366
-390
-406
-374
-305
-269
-303
-371
-404
-379
-332
-297
-282
-275
-279
-304
-325
-302
-214
-96
-6
6
-61
-138
-157
-107
-42
2
51
120
164
138
79
61
105
164
187
176
153
148
173
215
230
221
235
303
393
437
399
292
162
70
56
121
211
271
290
289
273
241
210
198
199
173
113
51
29
51
81
80
59
55
80
84
41
-21
-50
-44
-26
-27
-73
-174
-295
-380
-437
-476
-479
-419
-326
-259
-226
-199
-161
-125
-103
-85
-58
-7
64
123
164
183
191
171
125
79
58
65
75
87
118
178
237
271
277
267
257
238
216
180
135
98
94
121
152
154
121
80
60
85
144
207
238
225
186
159
159
169
169
146
123
108
93
59
0
-64
-98
-89
-62
-36
-26
-35
-89
-186
-290
-369
-411
-413
-363
-292
-265
-297
-331
-307
-226
-148
-93
-49
1
36
31
-16
-84
-134
-164
-177
-196
-223
-243
-228
-162
-87
-39
-36
-53
-90
-155
-226
-267
-277
-292
-326
-371
-401
-397
-347
-265
-170
-78
21
104
157
167
152
120
96
93
102
110
104
71
-4
-121
-229
-272
-253
-232
-249
-282
-287
-239
-162
-101
-74
-55
0
89
170
222
255
298
361
438
498
524
522
522
546
581
585
524
420
317
246
192
132
71
35
51
123
233
354
441
473
440
388
365
384
419
432
412
365
321
308
331
355
347
313
276
243
203
153
106
89
107
127
105
25
-90
-199
-273
-286
-254
-217
-210
-244
-304
-374
-422
-429
-405
-370
-348
-343
-353
-381
-425
-494
-570
-617
-609
-540
-429
-301
-188
-115
-98
-131
-170
-154
-56
68
131
94
-18
-130
-195
-207
-192
-150
-76
-1
19
-37
-130
-216
-269
-310
-355
-404
-437
-449
-451
-439
-399
-322
-234
-174
-155
-160
-177
-194
-201
-183
-130
-51
31
80
94
91
87
81
68
73
110
162
192
187
160
131
112
110
132
166
201
233
268
296
309
309
325
355
391
407
401
374
341
314
297
288
279
260
244
247
283
348
404
418
376
289
172
47
-42
-63
-37
-30
-61
-86
-67
-18
30
80
118
128
104
87
83
68
34
-2
-23
-37
-37
-23
0
14
15
19
13
-7
-34
-31
-1
-1
-59
-139
-172
-174
-210
-291
-361
-372
-347
-319
-292
-250
-202
-166
-146
-133
-100
-49
-18
-38
-86
-88
-34
29
56
62
85
135
191
231
224
165
78
5
-45
-100
-163
-192
-172
-129
-103
-95
-79
-36
28
81
84
55
34
43
52
50
68
123
195
246
264
244
186
109
50
31
42
55
48
13
-45
-103
-148
-166
-175
-190
-222
-261
-284
-256
-173
-63
17
35
6
-37
-73
-98
-101
-76
-40
-40
-98
-206
-318
-407
-443
-420
-358
-276
-190
-97
-19
32
63
103
157
192
181
154
156
180
174
112
49
54
138
245
332
398
444
448
404
341
308
317
328
303
237
171
138
143
175
215
232
211
170
154
175
206
223
241
267
283
256
190
112
37
-47
-155
-268
-350
-362
-311
-236
-194
-219
-295
-367
-396
-396
-409
-449
-509
-575
-630
-649
-624
-571
-503
-422
-347
-300
-270
-225
-162
-112
-66
-7
61
102
94
53
-11
-90
-166
-210
-203
-159
-118
-96
-66
8
99
157
172
179
197
232
291
387
490
570
613
618
583
519
464
460
508
573
609
598
547
472
403
353
323
288
225
143
64
17
-4
-5
6
16
10
-23
-54
-70
-60
-47
-49
-78
-120
-136
-125
-102
-79
-48
-17
9
54
119
153
95
-49
-192
-272
-275
-237
-192
-187
-223
-262
-259
-215
-178
-167
-165
-141
-106
-92
-106
-136
-179
-225
-250
-250
-249
-268
-280
-252
-187
-125
-95
-110
-159
-216
-273
-352
-473
-600
-675
-673
-608
-500
-375
-267
-190
-127
-53
28
95
124
111
67
7
-51
-98
-119
-122
-119
-127
-127
-98
-33
30
50
30
14
45
107
145
138
115
105
101
92
93
105
129
163
209
246
251
233
218
218
239
275
312
337
340
314
248
152
83
94
186
298
365
374
344
292
227
175
154
154
145
109
46
-25
-80
-101
-79
-26
37
87
101
89
85
119
183
231
229
195
168
174
173
126
29
-61
-93
-59
22
140
275
379
409
381
351
345
341
313
269
237
234
248
258
247
215
192
226
308
376
375
309
219
141
101
109
139
143
85
-40
-190
-302
-316
-250
-176
-157
-190
-236
-276
-300
-295
-247
-176
-112
-85
-134
-279
-467
-606
-636
-587
-523
-496
-519
-571
-616
-634
-639
-656
-684
-707
-708
-685
-655
-639
-644
-649
-627
-555
-447
-356
-308
-274
-208
-92
31
116
156
173
190
202
192
182
197
224
219
175
119
69
22
-22
-42
-20
45
145
249
326
356
354
348
354
391
463
544
567
512
439
414
429
412
336
240
171
122
66
-8
-94
-168
-197
-168
-88
-12
25
-11
-100
-196
-242
-204
-129
-78
-91
-138
-170
-163
-125
-96
-97
-115
-108
-59
-6
13
0
-19
-36
-45
-33
-19
-34
-81
-118
-98
-21
82
167
207
193
138
77
41
49
84
136
198
276
350
386
374
337
327
355
402
417
380
309
243
222
253
301
324
316
303
307
316
349
409
482
519
499
443
384
325
255
178
121
109
121
110
36
-76
-184
-248
-270
-279
-314
-384
-456
-500
-514
-537
-598
-677
-727
-716
-655
-570
-471
-371
-287
-214
-141
-75
-28
6
36
50
21
-39
-120
-219
-329
-418
-464
-465
-444
-425
-421
-428
-443
-473
-501
-521
-528
-523
-495
-421
-318
-205
-111
-41
8
43
91
143
190
208
226
285
383
452
409
277
154
109
117
130
137
152
171
188
194
188
169
155
160
179
199
220
259
314
367
397
401
393
383
359
312
243
176
132
115
128
172
224
241
206
175
193
242
254
208
148
95
53
4
-51
-115
-183
-226
-216
-159
-93
-56
-50
-44
-23
-1
3
-6
3
43
101
144
133
76
3
-50
-95
-141
-186
-218
-241
-264
-274
-274
-277
-300
-323
-316
-291
-261
-226
-165
-61
56
164
220
223
181
131
104
117
155
185
183
154
121
92
76
71
86
121
174
224
241
213
147
79
43
47
69
55
-8
-102
-169
-198
-207
-220
-229
-203
-161
-116
-80
-47
-29
-47
-74
-84
-54
-2
58
112
147
171
185
180
142
88
47
40
69
117
146
125
59
-19
-73
-96
-95
-102
-128
-151
-130
-60
14
36
-10
-104
-206
-295
-363
-409
-423
-399
-327
-205
-50
80
137
114
66
29
9
-4
-28
-56
-87
-97
-88
-72
-79
-111
-153
-184
-194
-203
-217
-227
-210
-175
-161
-184
-212
-221
-220
-238
-247
-215
-146
-90
-62
-43
-1
60
138
227
309
342
304
214
135
115
152
201
216
209
195
185
168
171
233
336
422
429
368
268
159
72
20
-5
-26
-39
-33
-15
-17
-49
-68
-40
8
10
-59
-149
-207
-231
-234
-197
-113
-43
-40
-82
-117
-126
-124
-100
-24
109
276
454
612
715
732
691
641
612
606
619
652
682
663
558
377
190
63
27
60
102
89
-14
-180
-341
-430
-429
-371
-297
-238
-203
-186
-162
-133
-122
-131
-124
-86
-78
-150
-277
-384
-437
-459
-449
-416
-397
-433
-511
-566
-564
-510
-426
-335
-268
-242
-266
-312
-352
-356
-318
-266
-237
-234
-226
-174
-72
53
155
206
229
259
286
269
191
87
11
-15
6
36
66
108
166
215
224
209
209
252
309
343
336
293
241
204
192
189
171
133
76
-6
-94
-156
-168
-141
-100
-42
30
126
229
304
306
217
72
-56
-120
-128
-132
-170
-225
-257
-252
-239
-247
-252
-220
-152
-93
-68
-72
-74
-58
-34
-19
-20
-13
10
48
77
89
79
69
88
123
144
139
143
165
182
181
170
155
119
58
-4
-34
-22
15
59
107
164
222
269
312
355
399
427
437
436
415
354
249
129
42
12
18
26
15
-11
-43
-65
-63
-42
-13
26
79
123
131
97
62
47
31
-26
-134
-241
-294
-282
-247
-211
-162
-107
-90
-127
-188
-236
-270
-286
-278
-258
-249
-276
-329
-378
-403
-400
-377
-339
-302
-295
-303
-296
-271
-275
-326
-386
-394
-325
-196
-55
41
63
31
-13
-37
-41
-40
-41
-17
31
95
154
204
237
240
213
192
207
263
340
402
444
471
497
497
451
366
283
219
172
140
122
126
150
180
170
83
-53
-167
-189
-124
-45
-23
-76
-167
-247
-265
-215
-130
-58
-19
-18
-67
-144
-189
-159
-77
-14
-16
-80
-159
-207
-207
-175
-120
-63
-48
-100
-180
-207
-160
-93
-73
-92
-89
-35
39
67
47
5
-21
-23
1
35
55
52
56
97
171
253
322
375
412
426
404
347
283
243
234
236
225
191
136
71
28
23
46
72
73
41
-19
-67
-96
-129
-193
-282
-337
-294
-149
21
124
126
70
31
73
192
326
391
365
286
196
102
3
-81
-130
-161
-207
-283
-373
-452
-501
-502
-451
-357
-254
-174
-127
-108
-99
-91
-81
-79
-85
-80
-51
-18
-24
-61
-79
-50
-1
28
36
24
-14
-67
-94
-81
-64
-82
-125
-164
-178
-171
-146
-99
-33
40
108
171
231
282
301
275
214
150
107
105
136
177
188
148
79
27
29
53
71
85
126
188
221
201
140
76
33
27
49
71
69
47
21
10
36
108
218
309
332
290
224
152
67
-33
-128
-195
-213
-167
-79
-13
-7
-40
-41
-13
5
-28
-96
-164
-212
-231
-211
-146
-58
3
3
-35
-81
-119
-151
-154
-117
-64
-35
-47
-95
-169
-241
-271
-233
-144
-49
26
83
112
92
17
-84
-149
-149
-85
-2
62
81
62
41
53
118
218
330
419
454
424
348
252
152
56
-21
-67
-105
-164
-242
-280
-237
-153
-96
-117
-191
-266
-302
-299
-289
-285
-279
-256
-219
-185
-171
-189
-235
-273
-269
-214
-131
-55
-19
-41
-94
-112
-43
82
161
147
94
69
71
55
6
-40
-49
-10
63
149
240
329
405
447
441
405
378
386
400
387
348
329
346
378
389
351
256
139
52
43
83
113
97
70
70
90
83
30
-27
-48
-42
-51
-78
-104
-116
-128
-126
-101
-65
-56
-79
-108
-134
-171
-224
-271
-287
-270
-246
-257
-299
-330
-335
-339
-350
-329
-243
-115
15
120
177
186
177
195
255
333
399
416
382
327
300
295
255
144
5
-104
-169
-216
-266
-320
-387
-446
-475
-463
-427
-388
-367
-372
-401
-423
-403
-339
-250
-162
-88
-28
7
11
-7
-1
53
108
108
36
-64
-145
-198
-242
-299
-376
-454
-496
-487
-422
-313
-161
11
151
227
252
241
195
129
111
173
290
406
481
508
478
410
344
339
403
493
534
505
435
356
276
198
150
147
162
138
57
-40
-104
-131
-143
-137
-106
-59
-17
22
59
83
96
131
217
328
405
404
345
288
265
283
328
382
424
422
371
300
247
219
173
88
-16
-103
-169
-229
-284
-306
-284
-230
-176
-139
-99
-40
11
11
-35
-67
-47
0
51
115
208
281
288
228
152
100
75
59
34
-4
-41
-63
-85
-135
-199
-249
-294
-374
-502
-619
-672
-651
-589
-517
-459
-438
-470
-527
-563
-538
-438
-283
-105
60
187
251
222
111
-19
-98
-96
-51
-3
6
-4
-6
27
76
109
131
144
137
86
10
-46
-77
-106
-149
-163
-124
-71
-69
-132
-212
-265
-268
-220
-135
-49
12
53
75
62
-10
-112
-177
-167
-108
-58
-49
-80
-131
-173
-204
-226
-244
-261
-289
-330
-368
-392
-395
-381
-353
-310
-276
-250
-221
-174
-96
11
135
261
372
438
466
487
529
579
618
653
705
777
866
959
1032
1059
1041
1012
990
969
932
888
840
783
708
635
587
552
503
416
300
187
107
77
77
79
67
43
26
5
-47
-145
-256
-362
-469
-611
-800
-1007
-1189
-1310
-1389
-1475
-1605
-1747
-1815
-1759
-1599
-1409
-1234
-1092
-961
-836
-722
-614
-514
-417
-336
-252
-146
7
203
403
560
658
723
797
906
1060
1245
1443
1636
1804
1920
1966
1959
1917
1847
1752
1638
1531
1450
1406
1383
1358
1316
1250
1159
1066
967
842
659
451
272
150
43
-132
-422
-830
-1274
-1674
-1978
-2220
-2469
-2760
-3050
-3237
-3242
-3079
-2841
-2639
-2525
-2449
-2329
-2110
-1848
-1643
-1560
-1562
-1525
-1337
-999
-629
-355
-218
-157
-74
90
287
432
470
454
489
623
809
938
954
894
857
892
974
1023
988
894
837
911
1107
1327
1463
1498
1523
1648
1902
2201
2428
2546
2621
2755
2956
3143
3235
3213
3125
3014
2922
2850
2755
2555
2212
1769
1314
915
558
164
-377
-1093
-1883
-2585
-3103
-3475
-3797
-4131
-4428
-4574
-4471
-4143
-3717
-3307
-2951
-2610
-2226
-1763
-1280
-896
-691
-622
-567
-438
-248
-81
-27
-90
-180
-202
-155
-109
-118
-183
-284
-388
-445
-424
-366
-354
-409
-453
-401
-253
-80
50
113
146
226
418
697
966
1162
1315
1480
1675
1889
2113
2344
2571
2772
2924
3022
3085
3138
3183
3198
3184
3138
3040
2866
2610
2322
2064
1882
1749
1580
1302
914
483
77
-282
-607
-931
-1298
-1758
-2312
-2879
-3347
-3669
-3899
-4105
-4308
-4437
-4412
-4189
-3803
-3353
-2944
-2616
-2323
-1985
-1571
-1134
-778
-565
-451
-334
-154
55
196
211
111
-19
-107
-126
-125
-177
-309
-464
-547
-525
-461
-443
-490
-548
-538
-440
-264
-38
231
526
827
1130
1452
1815
2214
2627
3026
3383
3678
3893
4043
4142
4208
4236
4215
4143
4018
3853
3671
3500
3345
3170
2905
2499
1980
1429
911
413
-138
-810
-1606
-2442
-3220
-3875
-4417
-4903
-5381
-5814
-6076
-6058
-5766
-5321
-4866
-4469
-4088
-3636
-3074
-2464
-1936
-1556
-1302
-1072
-772
-374
71
468
745
903
1015
1151
1301
1375
1303
1128
971
899
863
769
578
343
142
25
-29
-78
-136
-143
-13
255
586
884
1116
1315
1541
1851
2257
2701
3090
3354
3519
3668
3875
4150
4436
4663
4786
4824
4834
4863
4885
4802
4503
3975
3349
2802
2390
1967
1293
254
-1018
-2210
-3075
-3628
-4121
-4833
-5795
-6730
-7250
-7148
-6586
-5987
-5696
-5687
-5600
-5079
-4109
-3009
-2171
-1771
-1642
-1423
-865
-68
633
969
958
850
915
1235
1658
1921
1857
1523
1129
868
785
802
764
543
129
-303
-541
-497
-285
-115
-127
-295
-403
-229
262
849
1249
1361
1351
1496
1950
2599
3164
3446
3514
3630
3971
4443
4785
4842
4720
4657
4776
4934
4838
4352
3677
3156
2864
2514
1731
477
-882
-1916
-2532
-3063
-3887
-5049
-6174
-6821
-6881
-6682
-6661
-6953
-7243
-7109
-6419
-5465
-4670
-4203
-3866
-3325
-2458
-1463
-684
-288
-117
155
718
1431
1965
2115
2001
1939
2114
2384
2459
2214
1816
1529
1435
1377
1142
723
341
211
328
489
548
537
589
775
1055
1369
1684
2013
2356
2702
3031
3349
3662
3979
4304
4635
4962
5238
5428
5523
5568
5604
5609
5499
5167
4632
4059
3617
3235
2621
1591
305
-837
-1646
-2323
-3213
-4415
-5670
-6611
-7094
-7283
-7483
-7827
-8166
-8220
-7814
-7042
-6181
-5529
-5145
-4837
-4319
-3536
-2701
-2103
-1801
-1591
-1179
-479
301
851
1064
1147
1369
1748
2065
2142
2050
1960
1916
1821
1604
1343
1160
1093
1083
1069
1056
1069
1109
1187
1336
1591
1905
2197
2432
2674
2995
3394
3795
4136
4410
4648
4863
5028
5114
5140
5171
5238
5306
5305
5181
4911
4501
4020
3535
3006
2283
1306
221
-754
-1585
-2444
-3493
-4673
-5776
-6634
-7249
-7725
-8143
-8496
-8692
-8621
-8209
-7535
-6827
-6299
-5909
-5404
-4606
-3637
-2797
-2239
-1832
-1305
-546
298
967
1366
1644
1990
2444
2872
3148
3257
3281
3296
3323
3354
3338
3186
2877
2532
2325
2289
2296
2230
2107
2029
2064
2200
2379
2559
2742
2934
3124
3312
3524
3781
4027
4193
4284
4411
4671
5018
5290
5369
5268
5088
4886
4629
4282
3875
3431
2871
2090
1161
256
-555
-1422
-2461
-3614
-4707
-5651
-6454
-7157
-7772
-8277
-8626
-8765
-8667
-8351
-7903
-7467
-7124
-6768
-6228
-5481
-4690
-3983
-3343
-2665
-1927
-1153
-396
289
852
1320
1773
2260
2749
3156
3393
3421
3313
3213
3202
3188
3023
2693
2333
2088
1991
1977
1966
1914
1860
1920
2160
2507
2797
2940
3007
3149
3466
3901
4311
4608
4837
5085
5377
5645
5836
5922
5939
5905
5810
5595
5206
4711
4219
3752
3145
2251
1121
-16
-994
-1873
-2831
-3966
-5175
-6279
-7149
-7796
-8296
-8742
-9153
-9423
-9376
-8956
-8350
-7836
-7472
-7050
-6358
-5452
-4592
-3950
-3476
-2985
-2346
-1538
-681
58
574
959
1407
1995
2606
3066
3341
3501
3620
3714
3760
3733
3590
3351
3102
2965
2969
3009
2941
2740
2528
2485
2698
3069
3387
3535
3601
3778
4146
4620
5022
5236
5297
5371
5602
5944
6200
6180
5939
5696
5596
5525
5262
4748
4144
3573
2970
2192
1238
228
-771
-1812
-2943
-4113
-5247
-6301
-7265
-8089
-8734
-9215
-9562
-9751
-9684
-9332
-8807
-8279
-7809
-7301
-6657
-5910
-5176
-4518
-3949
-3439
-2901
-2220
-1391
-585
30
474
935
1537
2205
2771
3144
3371
3544
3708
3865
3961
3925
3733
3485
3334
3357
3486
3549
3454
3323
3386
3726
4164
4454
4527
4534
4674
5026
5465
5764
5793
5662
5619
5788
6042
6144
5974
5672
5484
5504
5523
5240
4620
3877
3184
2455
1542
421
-769
-1899
-2920
-3896
-4935
-6081
-7248
-8251
-8961
-9365
-9583
-9726
-9821
-9748
-9391
-8793
-8169
-7673
-7266
-6779
-6124
-5338
-4536
-3833
-3236
-2626
-1864
-998
-213
382
881
1434
2094
2770
3344
3721
3923
4036
4182
4388
4565
4571
4379
4147
4057
4123
4157
4014
3770
3648
3786
4087
4357
4470
4458
4467
4644
5002
5371
5534
5468
5373
5434
5632
5777
5731
5512
5281
5171
5126
4923
4435
3792
3182
2603
1852
825
-367
-1537
-2592
-3584
-4585
-5619
-6633
-7546
-8325
-8953
-9430
-9760
-9942
-9938
-9643
-9059
-8358
-7773
-7342
-6896
-6287
-5541
-4791
-4134
-3574
-3004
-2289
-1412
-543
115
563
1023
1702
2531
3242
3647
3834
4004
4250
4530
4722
4721
4510
4263
4185
4305
4433
4413
4268
4157
4219
4478
4799
5032
5135
5201
5334
5575
5863
6053
6040
5900
5826
5891
5974
5913
5706
5472
5313
5184
4909
4349
3583
2881
2367
1839
1000
-180
-1432
-2497
-3375
-4261
-5317
-6497
-7589
-8415
-8977
-9406
-9788
-10102
-10250
-10119
-9642
-8956
-8352
-7954
-7552
-6884
-5985
-5130
-4484
-4012
-3549
-2916
-2018
-977
-85
489
896
1444
2281
3204
3859
4087
4106
4262
4642
5017
5114
4916
4623
4460
4499
4636
4694
4571
4355
4243
4367
4653
4902
5006
5011
5074
5285
5609
5887
5985
5932
5892
5983
6142
6189
6022
5708
5445
5328
5231
4890
4231
3481
2899
2438
1782
749
-502
-1657
-2586
-3418
-4374
-5525
-6753
-7821
-8577
-9034
-9359
-9708
-10078
-10313
-10209
-9763
-9189
-8753
-8439
-8021
-7339
-6492
-5687
-5042
-4520
-3985
-3279
-2375
-1414
-613
-31
483
1156
2015
2814
3311
3548
3787
4161
4573
4843
4886
4735
4541
4474
4592
4781
4897
4876
4774
4715
4823
5075
5323
5468
5593
5806
6116
6440
6680
6764
6705
6650
6717
6824
6785
6530
6175
5868
5633
5347
4834
4116
3418
2869
2278
1359
159
-1056
-2097
-3033
-3981
-5011
-6141
-7278
-8245
-8910
-9356
-9745
-10127
-10390
-10388
-10046
-9476
-8927
-8557
-8216
-7653
-6843
-5998
-5273
-4680
-4170
-3632
-2924
-2035
-1192
-564
-71
509
1258
2077
2809
3349
3730
4101
4550
5015
5347
5489
5482
5408
5362
5400
5495
5522
5418
5252
5182
5284
5494
5687
5785
5818
5871
6008
6231
6456
6568
6517
6379
6291
6305
6299
6124
5777
5423
5144
4826
4301
3634
2994
2375
1582
528
-606
-1663
-2649
-3692
-4789
-5886
-6930
-7927
-8826
-9566
-10105
-10462
-10674
-10730
-10555
-10101
-9497
-8943
-8522
-8071
-7466
-6733
-6014
-5350
-4744
-4146
-3511
-2787
-2004
-1246
-567
42
654
1341
2076
2731
3211
3597
3992
4392
4697
4874
4949
4970
4985
5040
5136
5218
5236
5206
5202
5298
5503
5763
5999
6167
6280
6406
6627
6929
7179
7218
7080
6948
6953
6996
6880
6543
6131
5819
5570
5134
4345
3396
2600
1974
1179
47
-1229
-2337
-3246
-4127
-5093
-6158
-7237
-8214
-8928
-9351
-9606
-9867
-10157
-10299
-10061
-9424
-8672
-8165
-7938
-7653
-7035
-6183
-5417
-4876
-4480
-4057
-3480
-2686
-1791
-1034
-535
-131
453
1281
2155
2831
3251
3563
3968
4505
4982
5197
5173
5132
5215
5372
5484
5501
5405
5194
4981
4913
5023
5190
5305
5371
5449
5619
5924
6282
6502
6487
6379
6383
6549
6726
6727
6487
6137
5863
5633
5184
4384
3464
2730
2128
1308
123
-1198
-2320
-3201
-4064
-5146
-6420
-7630
-8574
-9249
-9786
-10196
-10452
-10568
-10591
-10419
-9914
-9170
-8490
-8021
-7555
-6836
-5893
-4994
-4341
-3890
-3425
-2787
-1985
-1196
-550
-68
358
852
1491
2205
2797
3148
3338
3588
4014
4481
4751
4725
4602
4631
4874
5158
5279
5198
5035
4972
5096
5340
5564
5688
5746
5844
6104
6524
6900
6980
6748
6502
6514
6762
6940
6766
6270
5775
5553
5449
5028
4141
3132
2428
1929
1162
-98
-1550
-2725
-3551
-4336
-5401
-6691
-7908
-8810
-9390
-9788
-10083
-10319
-10488
-10523
-10253
-9613
-8837
-8287
-8042
-7765
-7125
-6184
-5318
-4797
-4523
-4153
-3442
-2469
-1566
-964
-610
-220
433
1333
2240
2888
3244
3530
3989
4634
5210
5484
5433
5291
5283
5466
5684
5743
5600
5394
5350
5533
5805
5956
5917
5821
5859
6135
6544
6853
6887
6719
6609
6723
7008
7202
7087
6650
6170
5889
5697
5230
4334
3305
2462
1789
946
-255
-1665
-2913
-3837
-4658
-5720
-7048
-8284
-9130
-9599
-9921
-10222
-10483
-10574
-10385
-9870
-9154
-8466
-7948
-7522
-6988
-6261
-5420
-4664
-4110
-3718
-3301
-2696
-1902
-1097
-475
-67
308
878
1655
2417
2946
3219
3399
3680
4133
4625
4908
4910
4811
4837
5010
5183
5229
5129
4978
4935
5091
5362
5574
5657
5667
5708
5863
6134
6375
6369
6109
5854
5894
6204
6450
6303
5799
5318
5116
4969
4402
3341
2239
1539
1094
362
-972
-2613
-3959
-4742
-5288
-6195
-7633
-9135
-10053
-10217
-10034
-10007
-10241
-10427
-10191
-9439
-8431
-7575
-7066
-6735
-6253
-5466
-4494
-3594
-2966
-2654
-2468
-2088
-1308
-308
484
782
802
1042
1784
2774
3469
3599
3416
3412
3797
4316
4556
4420
4178
4159
4430
4815
5080
5121
5024
4993
5189
5574
5994
6280
6374
6359
6431
6731
7145
7372
7246
6958
6858
7080
7390
7402
6964
6292
5675
5141
4515
3735
2912
2067
1024
-350
-1862
-3122
-3932
-4570
-5560
-7127
-8838
-9921
-10030
-9619
-9468
-9891
-10485
-10545
-9713
-8291
-7013
-6400
-6324
-6202
-5602
-4601
-3615
-3019
-2881
-2932
-2766
-2136
-1180
-311
107
82
23
378
1206
2100
2583
2537
2273
2242
2638
3240
3645
3676
3537
3548
3833
4276
4649
4779
4673
4541
4617
4959
5436
5861
6089
6106
6067
6184
6490
6770
6797
6611
6484
6612
6843
6860
6484
5846
5134
4416
3711
3067
2464
1645
351
-1365
-3049
-4211
-4781
-5232
-6176
-7722
-9286
-10102
-9957
-9368
-9055
-9310
-9788
-9834
-9045
-7634
-6316
-5649
-5553
-5430
-4803
-3699
-2550
-1810
-1616
-1726
-1710
-1282
-491
355
869
879
591
495
960
1873
2738
3087
2879
2530
2560
3126
3888
4338
4287
3965
3757
3893
4345
4869
5180
5163
4980
4942
5249
5820
6388
6710
6713
6527
6378
6426
6622
6791
6807
6678
6459
6201
5910
5501
4819
3896
2986
2339
1796
965
-391
-2067
-3590
-4611
-5165
-5724
-6720
-8145
-9443
-10057
-9877
-9277
-8783
-8653
-8708
-8471
-7641
-6410
-5249
-4502
-4136
-3899
-3512
-2834
-1982
-1255
-904
-911
-1046
-998
-566
163
805
978
697
357
395
939
1718
2228
2151
1679
1349
1529
2110
2699
3001
2989
2868
2887
3146
3553
3970
4331
4602
4744
4800
4968
5391
5964
6393
6502
6361
6146
6014
6062
6331
6704
6928
6756
6137
5227
4287
3544
3014
2462
1534
100
-1659
-3350
-4624
-5322
-5653
-6131
-7138
-8543
-9747
-10226
-9899
-9105
-8344
-7953
-7863
-7631
-6876
-5644
-4337
-3332
-2750
-2489
-2302
-1949
-1394
-787
-324
-92
-132
-328
-395
-91
497
982
1078
823
548
566
979
1519
1837
1831
1762
1908
2281
2711
3080
3383
3650
3898
4121
4307
4506
4835
5321
5777
6002
6008
5994
6085
6249
6416
6512
6445
6184
5903
5850
6082
6359
6317
5748
4697
3475
2497
1964
1638
1001
-287
-2097
-3902
-5176
-5766
-6023
-6533
-7552
-8825
-9832
-10247
-10005
-9271
-8367
-7602
-7082
-6651
-6129
-5417
-4516
-3515
-2631
-2051
-1753
-1551
-1267
-833
-304
120
230
77
-69
-5
205
434
617
752
909
1184
1556
1788
1747
1616
1734
2170
2679
2997
3081
3104
3267
3636
4090
4433
4631
4790
4991
5167
5279
5428
5695
5980
6094
5992
5768
5553
5414
5417
5548
5695
5682
5392
4763
3836
2821
2015
1516
1046
228
-1094
-2708
-4250
-5412
-6145
-6696
-7374
-8265
-9160
-9783
-9978
-9709
-9056
-8210
-7389
-6681
-6060
-5473
-4863
-4172
-3371
-2561
-1880
-1398
-1074
-800
-490
-128
161
285
306
404
644
892
983
888
755
816
1194
1737
2100
2106
1949
1990
2382
2963
3450
3670
3668
3631
3719
3970
4312
4673
4993
5188
5182
5050
5031
5289
5715
6017
6004
5699
5286
4989
4983
5231
5497
5523
5205
4522
3540
2480
1640
1104
589
-232
-1498
-3072
-4699
-6002
-6790
-7222
-7672
-8322
-9033
-9592
-9809
-9576
-8900
-7964
-7002
-6120
-5378
-4784
-4273
-3668
-2910
-2134
-1508
-1082
-803
-590
-340
-51
161
228
261
396
595
736
773
748
737
849
1162
1552
1785
1773
1705
1819
2178
2688
3197
3583
3796
3897
3953
3982
4036
4258
4692
5121
5268
5141
5019
5121
5398
5620
5594
5330
5065
5073
5376
5709
5787
5554
5073
4360
3449
2501
1720
1084
369
-662
-2049
-3585
-4956
-5930
-6580
-7162
-7854
-8586
-9183
-9509
-9500
-9156
-8536
-7708
-6732
-5726
-4863
-4208
-3659
-3087
-2470
-1837
-1233
-739
-424
-255
-126
-7
75
153
276
383
372
293
299
450
687
944
1201
1385
1447
1422
1422
1528
1796
2239
2774
3235
3502
3595
3620
3692
3868
4150
4440
4607
4613
4570
4646
4891
5182
5306
5120
4691
4305
4267
4635
5152
5487
5444
5007
4230
3279
2386
1683
1043
202
-975
-2414
-3840
-5010
-5828
-6486
-7205
-8028
-8771
-9243
-9389
-9207
-8736
-8027
-7174
-6240
-5329
-4571
-3991
-3488
-2921
-2304
-1685
-1105
-591
-182
112
342
493
557
600
713
876
983
1030
1075
1158
1280
1487
1808
2129
2287
2220
2064
2033
2294
2853
3497
3938
4013
3812
3550
3410
3487
3758
4080
4244
4183
4047
4055
4274
4574
4737
4613
4285
4022
4071
4403
4805
5074
5077
4721
3966
3012
2111
1429
802
-2
-1166
-2603
-4041
-5203
-6050
-6798
-7597
-8409
-9061
-9480
-9624
-9443
-8939
-8175
-7256
-6224
-5197
-4292
-3576
-3017
-2562
-2165
-1708
-1146
-560
-94
233
478
653
742
799
883
975
1033
1085
1138
1198
1307
1557
1918
2239
2389
2348
2194
2073
2168
2538
3033
3419
3591
3605
3556
3535
3614
3805
4014
4102
4050
3978
4016
4201
4434
4541
4382
4029
3746
3775
4111
4560
4866
4841
4347
3459
2453
1640
1051
440
-481
-1814
-3322
-4649
-5574
-6263
-6982
-7822
-8616
-9187
-9476
-9448
-9102
-8451
-7599
-6619
-5637
-4795
-4130
-3575
-3036
-2550
-2101
-1620
-1045
-441
101
541
852
1024
1104
1175
1254
1330
1427
1547
1626
1656
1767
2078
2503
2834
2934
2795
2517
2287
2327
2714
3287
3784
4034
4026
3852
3683
3689
3899
4151
4236
4130
3980
3982
4232
4626
4875
4737
4283
3897
3892
4260
4713
4942
4757
4123
3212
2261
1431
662
-187
-1248
-2532
-3889
-5066
-5923
-6585
-7258
-7983
-8636
-9125
-9424
-9453
-9120
-8441
-7535
-6509
-5473
-4565
-3856
-3306
-2842
-2445
-2041
-1534
-943
-406
10
365
697
981
1177
1264
1218
1097
1055
1150
1309
1461
1688
2048
2442
2709
2775
2661
2427
2217
2203
2443
2834
3243
3604
3843
3870
3706
3564
3613
3808
3949
3928
3808
3736
3832
4057
4202
4079
3745
3486
3509
3779
4098
4269
4134
3647
2931
2159
1455
758
-2
-947
-2081
-3305
-4407
-5306
-6118
-6940
-7751
-8423
-8894
-9113
-9037
-8726
-8240
-7586
-6677
-5611
-4617
-3871
-3359
-2979
-2615
-2120
-1451
-745
-179
221
531
769
967
1185
1435
1598
1611
1560
1555
1633
1807
2104
2448
2704
2806
2788
2692
2529
2395
2433
2673
3000
3295
3507
3604
3582
3530
3589
3776
3962
4044
4027
3966
3961
4087
4288
4356
4167
3871
3728
3838
4130
4434
4555
4256
3512
2561
1729
1096
478
-358
-1517
-2879
-4200
-5234
-5999
-6643
-7295
-7921
-8479
-8919
-9107
-8914
-8361
-7648
-6909
-6130
-5283
-4427
-3700
-3180
-2872
-2619
-2232
-1653
-1021
-481
-52
278
496
632
780
946
1053
1090
1124
1155
1186
1288
1568
1965
2330
2557
2606
2473
2239
2085
2137
2379
2726
3113
3442
3607
3605
3574
3645
3785
3894
3933
3944
3992
4142
4421
4712
4835
4717
4500
4348
4336
4462
4668
4811
4637
4021
3078
2101
1277
561
-238
-1286
-2557
-3882
-5057
-6027
-6824
-7467
-7992
-8438
-8823
-9013
-8882
-8432
-7775
-6988
-6053
-5031
-4065
-3333
-2871
-2589
-2293
-1827
-1210
-590
-85
328
669
904
1017
1076
1156
1279
1430
1544
1575
1575
1675
1911
2162
2324
2376
2344
2210
2004
1826
1789
1926
2201
2527
2806
2981
3105
3261
3448
3575
3616
3636
3739
3947
4212
4451
4561
4502
4329
4187
4160
4256
4433
4575
4492
3977
3098
2096
1248
558
-123
-989
-2108
-3372
-4612
-5702
-6641
-7412
-8006
-8443
-8773
-8972
-8916
-8582
-8047
-7414
-6652
-5730
-4745
-3893
-3328
-3027
-2837
-2550
-2068
-1461
-821
-188
393
803
982
1052
1175
1400
1670
1916
2079
2152
2231
2392
2592
2725
2792
2838
2825
2681
2428
2219
2188
2366
2646
2875
2992
3087
3303
3638
3948
4085
4058
3976
3945
4023
4200
4412
4535
4517
4402
4297
4271
4359
4533
4648
4466
3864
2966
2034
1238
536
-222
-1197
-2392
-3671
-4855
-5878
-6765
-7511
-8094
-8511
-8785
-8888
-8764
-8409
-7882
-7236
-6459
-5562
-4639
-3847
-3269
-2854
-2479
-2030
-1494
-913
-326
230
668
891
934
974
1155
1461
1762
1928
1923
1842
1817
1889
1997
2109
2249
2409
2506
2461
2318
2189
2189
2308
2453
2535
2580
2695
2958
3319
3634
3805
3854
3884
3934
4000
4076
4201
4358
4464
4452
4363
4303
4342
4420
4391
4055
3342
2381
1440
699
87
-563
-1444
-2548
-3771
-4925
-5931
-6800
-7561
-8193
-8654
-8940
-9017
-8847
-8437
-7863
-7206
-6453
-5636
-4829
-4153
-3616
-3152
-2681
-2138
-1535
-898
-254
366
864
1091
1099
1096
1274
1601
1927
2162
2309
2427
2522
2549
2473
2380
2394
2502
2554
2444
2262
2186
2309
2554
2745
2803
2809
2927
3215
3589
3894
4065
4168
4297
4464
4606
4687
4704
4662
4555
4439
4371
4382
4447
4481
4329
3819
2960
1956
1092
446
-99
-777
-1716
-2874
-4067
-5165
-6140
-7015
-7706
-8148
-8380
-8540
-8640
-8573
-8246
-7671
-6924
-6096
-5290
-4590
-4033
-3590
-3193
-2744
-2182
-1522
-822
-129
457
817
903
876
920
1119
1427
1802
2185
2509
2730
2825
2793
2678
2589
2595
2663
2708
2686
2614
2549
2534
2547
2511
2395
2287
2317
2536
2849
3118
3279
3408
3594
3824
3998
4073
4101
4141
4202
4249
4267
4281
4318
4334
4173
3670
2831
1866
1039
432
-96
-759
-1652
-2702
-3778
-4829
-5891
-6917
-7735
-8214
-8422
-8543
-8641
-8641
-8453
-8054
-7467
-6758
-6019
-5316
-4663
-4085
-3610
-3183
-2665
-1971
-1153
-339
333
758
947
1045
1212
1521
1961
2479
2968
3331
3543
3622
3551
3343
3116
3013
3053
3126
3117
3011
2876
2749
2596
2383
2179
2133
2334
2711
3065
3273
3374
3515
3756
4009
4170
4210
4200
4206
4244
4289
4337
4415
4503
4506
4288
3775
2998
2115
1317
722
251
-275
-1006
-1917
-2910
-3932
-4993
-6050
-6922
-7447
-7644
-7729
-7888
-8092
-8163
-7983
-7598
-7089
-6494
-5836
-5216
-4764
-4513
-4340
-4017
-3388
-2497
-1567
-820
-312
33
300
538
828
1267
1851
2459
2949
3274
3436
3459
3381
3247
3099
2975
2903
2861
2804
2730
2627
2415
2039
1619
1392
1479
1784
2090
2258
2324
2451
2727
3083
3368
3527
3620
3742
3933
4157
4324
4397
4392
4330
4175
3888
3495
3036
2548
2044
1537
998
395
-310
-1152
-2158
-3259
-4255
-4975
-5440
-5831
-6273
-6762
-7212
-7544
-7696
-7679
-7545
-7309
-6942
-6478
-6048
-5732
-5467
-5098
-4502
-3649
-2632
-1651
-828
-172
364
783
1146
1590
2212
2944
3640
4187
4534
4692
4729
4678
4523
4254
3945
3671
3439
3196
2894
2503
2020
1508
1082
835
755
778
831
921
1091
1342
1624
1848
1997
2114
2281
2546
2872
3218
3532
3800
3946
3900
3664
3334
3046
2833
2610
2273
1768
1170
538
-100
-827
-1680
-2569
-3356
-3954
-4458
-4980
-5617
-6321
-6976
-7500
-7880
-8118
-8167
-8011
-7710
-7359
-7020
-6685
-6269
-5685
-4917
-4054
-3153
-2230
-1298
-443
247
805
1335
1938
2605
3285
3896
4389
4752
4982
5062
4973
4739
4422
4053
3688
3351
3030
2634
2127
1590
1123
807
629
565
565
645
817
1027
1244
1434
1650
1848
2045
2251
2514
2859
3244
3630
3879
3937
3789
3554
3315
3135
3074
3152
3285
3261
2956
2340
1546
720
63
-397
-756
-1184
-1768
-2450
-3193
-3950
-4738
-5509
-6226
-6831
-7265
-7532
-7690
-7818
-7871
-7765
-7425
-6837
-6068
-5227
-4415
-3611
-2748
-1813
-853
81
989
1891
2746
3495
4086
4547
4921
5190
5284
5141
4782
4303
3812
3339
2834
2242
1587
967
467
81
-263
-613
-927
-1124
-1187
-1153
-1050
-878
-639
-380
-80
261
647
1074
1528
1974
2315
2567
2711
2780
2775
2776
2807
2848
2869
2873
2782
2537
2141
1765
1517
1373
1210
888
384
-303
-1032
-1762
-2463
-3147
-3777
-4350
-4881
-5354
-5744
-6106
-6473
-6768
-6883
-6797
-6581
-6215
-5650
-4892
-4056
-3234
-2449
-1702
-929
-61
928
1911
2795
3567
4238
4784
5149
5289
5171
4849
4463
4078
3711
3304
2835
2274
1699
1168
655
147
-301
-593
-758
-833
-832
-767
-674
-604
-568
-511
-389
-94
335
890
1349
1640
1826
1981
2121
2202
2424
2724
3019
3182
3237
3125
2828
2548
2334
2164
1893
1630
1331
950
431
-136
-681
-1236
-1718
-2136
-2484
-2917
-3419
-3946
-4393
-4679
-4893
-5062
-5265
-5306
-5122
-4689
-4225
-3835
-3480
-3082
-2592
-2020
-1281
-424
455
1264
2003
2632
3097
3365
3433
3325
3152
3023
2884
2642
2317
1999
1667
1264
748
198
-337
-739
-994
-1162
-1299
-1418
-1415
-1381
-1346
-1421
-1490
-1464
-1285
-978
-630
-231
187
550
755
838
914
1123
1469
1911
2242
2367
2298
2189
2178
2240
2359
2363
2230
2033
1809
1558
1160
680
151
-328
-698
-982
-1232
-1594
-2047
-2527
-2861
-3015
-3120
-3221
-3323
-3296
-3164
-2843
-2405
-1909
-1497
-1172
-852
-497
27
655
1320
1790
2062
2156
2151
2138
2132
2102
1929
1705
1537
1437
1322
1127
816
376
-144
-589
-901
-1074
-1143
-1162
-1135
-1131
-1161
-1309
-1513
-1638
-1660
-1528
-1322
-1016
-693
-410
-178
-59
61
251
584
936
1246
1478
1667
1819
1983
2064
2030
1864
1718
1616
1453
1232
908
660
446
315
160
-30
-192
-405
-584
-826
-993
-1176
-1377
-1551
-1728
-1708
-1626
-1323
-1031
-621
-220
173
422
538
781
1166
1666
1976
2168
2232
2247
2143
1884
1551
1171
897
683
578
416
208
-135
-508
-852
-1038
-1087
-1101
-1111
-1127
-1014
-897
-779
-817
-875
-953
-975
-971
-961
-903
-927
-975
-1137
-1234
-1244
-1096
-922
-820
-810
-867
-907
-911
-759
-503
-203
-29
-30
-177
-353
-444
-434
-350
-254
-181
-197
-274
-386
-504
-645
-774
-861
-859
-813
-759
-647
-493
-241
-70
81
193
380
639
906
1161
1395
1643
1922
2136
2331
2412
2427
2346
2232
2137
1931
1763
1575
1532
1443
1270
1022
707
446
191
27
-86
-91
-23
89
122
64
-64
-161
-193
-161
-83
-9
116
203
250
149
-26
-169
-228
-175
-197
-285
-435
-547
-545
-515
-443
-489
-547
-621
-667
-739
-893
-1079
-1322
-1507
-1638
-1674
-1745
-1888
-2088
-2218
-2233
-2133
-2016
-1945
-1907
-1904
-1819
-1701
-1483
-1234
-964
-703
-448
-132
236
617
940
1158
1350
1518
1745
1892
1959
1895
1729
1573
1355
1234
1085
1067
1029
995
882
716
549
390
391
491
707
851
939
918
907
957
1131
1312
1343
1294
1188
1156
1105
1080
1042
958
916
950
1088
1122
1014
798
569
400
306
311
331
281
160
-79
-375
-703
-999
-1247
-1451
-1579
-1682
-1812
-1993
-2203
-2441
-2671
-2845
-2868
-2787
-2665
-2598
-2553
-2497
-2337
-2050
-1697
-1399
-1181
-923
-575
-153
181
432
540
587
652
752
810
713
583
413
307
191
193
211
230
251
269
300
255
269
323
559
801
1068
1208
1314
1399
1499
1629
1738
1871
1909
1948
1901
1893
1827
1794
1772
1830
1859
1842
1722
1516
1321
1089
1025
995
1110
1097
931
568
178
-48
-168
-226
-433
-738
-1088
-1393
-1548
-1627
-1692
-1839
-2060
-2242
-2400
-2491
-2538
-2511
-2411
-2326
-2184
-2053
-1863
-1698
-1520
-1369
-1268
-1161
-1008
-846
-709
-611
-486
-441
-428
-496
-589
-713
-804
-727
-637
-494
-444
-342
-272
-206
-139
-50
166
448
764
937
1023
1097
1283
1536
1780
1950
2038
2072
2002
1916
1846
1941
2078
2272
2367
2404
2335
2230
2184
2119
2118
2001
1898
1711
1575
1465
1383
1277
1106
909
708
543
395
228
-4
-300
-658
-949
-1184
-1263
-1311
-1361
-1493
-1678
-1814
-1890
-1838
-1801
-1753
-1800
-1841
-1860
-1844
-1723
-1594
-1401
-1329
-1318
-1437
-1588
-1698
-1762
-1742
-1780
-1815
-1859
-1847
-1769
-1704
-1637
-1625
-1584
-1544
-1451
-1312
-1086
-772
-445
-122
80
175
259
450
829
1212
1487
1593
1588
1600
1643
1814
1967
2070
2097
2165
2348
2514
2657
2673
2595
2466
2344
2298
2207
2045
1881
1705
1610
1488
1371
1191
941
784
609
458
136
-146
-340
-412
-426
-591
-829
-1179
-1391
-1448
-1329
-1120
-914
-766
-711
-748
-770
-719
-603
-493
-527
-613
-793
-882
-951
-1054
-1269
-1582
-1743
-1829
-1829
-1912
-2030
-2159
-2257
-2172
-1981
-1720
-1521
-1353
-1166
-947
-662
-386
-181
-74
-1
69
200
442
781
1108
1264
1301
1292
1354
1494
1644
1764
1772
1724
1625
1594
1603
1656
1624
1508
1346
1185
1078
973
922
866
811
705
531
307
95
-15
-40
-63
-131
-257
-383
-494
-542
-544
-486
-385
-252
-118
49
255
446
494
395
235
178
237
341
382
262
66
-202
-432
-708
-956
-1164
-1287
-1372
-1431
-1492
-1560
-1645
-1693
-1646
-1497
-1291
-1125
-1008
-966
-882
-760
-542
-297
-73
95
168
231
298
394
483
521
550
577
679
781
855
774
619
496
505
602
637
603
499
416
379
400
480
551
540
399
208
51
-47
-194
-366
-520
-563
-568
-573
-598
-611
-590
-559
-459
-341
-132
61
291
443
528
535
531
588
680
795
882
934
898
751
555
379
321
325
292
178
-37
-181
-313
-376
-496
-578
-567
-422
-150
80
199
93
-86
-186
-73
167
354
446
501
599
722
760
732
636
553
495
467
516
552
628
643
635
497
316
100
-51
-134
-152
-101
-98
-103
-213
-353
-542
-728
-811
-835
-769
-805
-937
-1179
-1439
-1600
-1677
-1619
-1560
-1491
-1446
-1404
-1292
-1170
-998
-909
-865
-834
-830
-735
-641
-409
-247
-165
-227
-342
-354
-290
-62
96
241
277
351
452
523
627
630
685
683
813
982
1136
1208
1217
1273
1336
1407
1404
1384
1321
1309
1290
1271
1206
1191
1221
1316
1382
1381
1335
1229
1240
1264
1346
1311
1236
1129
1025
970
891
836
683
497
219
-98
-427
-667
-795
-872
-991
-1172
-1342
-1528
-1677
-1841
-1904
-1909
-1848
-1809
-1825
-1837
-1795
-1652
-1542
-1517
-1588
-1618
-1567
-1429
-1279
-1152
-1093
-1088
-1121
-1103
-1024
-893
-732
-643
-578
-571
-488
-387
-290
-260
-277
-221
-71
256
568
869
1042
1217
1351
1469
1564
1652
1800
1934
2062
2005
1829
1581
1434
1377
1370
1363
1318
1229
1086
971
840
729
616
573
550
499
403
324
260
154
-13
-212
-258
-202
-35
17
-18
-130
-214
-218
-217
-258
-451
-687
-917
-1059
-1174
-1256
-1329
-1404
-1542
-1720
-1902
-2005
-2016
-1974
-1904
-1839
-1753
-1651
-1550
-1491
-1521
-1567
-1540
-1384
-1129
-865
-607
-411
-245
-92
108
358
612
802
860
873
911
1100
1361
1584
1694
1703
1706
1712
1758
1811
1899
1975
2035
2061
2062
2050
2017
1994
2004
2013
1969
1806
1639
1505
1449
1395
1321
1240
1124
1014
881
832
785
721
484
187
-70
-134
-53
-8
-93
-385
-682
-921
-945
-883
-773
-775
-912
-1090
-1238
-1245
-1301
-1448
-1717
-1957
-2048
-2051
-2018
-2065
-2182
-2279
-2313
-2239
-2248
-2311
-2431
-2457
-2402
-2303
-2132
-1934
-1656
-1413
-1147
-918
-676
-525
-409
-326
-130
141
413
551
536
497
513
625
691
706
658
693
758
836
827
782
704
698
764
956
1099
1163
1098
1044
1099
1276
1568
1773
1854
1755
1659
1609
1607
1586
1472
1316
1150
1117
1193
1252
1163
933
744
676
668
604
435
241
60
-50
-115
-150
-199
-330
-510
-708
-831
-882
-935
-1003
-1103
-1150
-1182
-1189
-1219
-1297
-1338
-1380
-1265
-1182
-1027
-1011
-1040
-1144
-1174
-1060
-855
-622
-482
-425
-468
-425
-250
60
250
280
207
195
235
279
315
428
563
686
692
702
703
755
771
813
860
912
971
1019
1098
1071
1047
914
856
735
715
730
784
804
713
632
581
707
890
1110
1202
1181
1050
839
642
518
514
477
251
-207
-690
-998
-979
-842
-806
-1037
-1381
-1608
-1621
-1437
-1312
-1274
-1438
-1539
-1552
-1373
-1123
-908
-826
-867
-947
-904
-828
-731
-707
-669
-642
-687
-720
-787
-714
-734
-702
-855
-950
-1059
-992
-818
-637
-524
-586
-622
-651
-520
-407
-244
-143
-28
100
305
613
915
1147
1189
1133
1042
1142
1340
1585
1575
1443
1202
1083
1096
1186
1324
1295
1277
1119
1128
1122
1196
1145
1020
944
801
724
497
424
296
182
-17
-154
-191
-180
-220
-317
-421
-514
-489
-405
-199
-123
-184
-431
-592
-649
-612
-572
-538
-461
-422
-314
-221
-127
-152
-220
-284
-264
-80
177
322
169
-133
-358
-391
-259
-115
-55
-218
-474
-669
-726
-659
-573
-396
-321
-296
-414
-379
-271
-41
118
253
307
430
651
967
1161
1143
1016
874
869
904
1090
1142
1089
748
457
228
268
399
560
548
294
-63
-421
-577
-568
-354
-154
-99
-335
-703
-1084
-1261
-1222
-998
-776
-617
-574
-710
-929
-1159
-1062
-802
-419
-188
-100
-222
-496
-729
-746
-468
-33
384
567
388
-8
-325
-367
-161
25
167
128
43
-117
-247
-267
-223
-67
33
178
185
204
81
-27
-145
-108
86
313
383
210
-11
-211
-209
-120
149
421
616
609
455
315
314
566
895
1226
1263
1108
770
532
474
636
883
993
863
434
2
-387
-486
-503
-431
-498
-720
-984
-1207
-1291
-1392
-1404
-1307
-1013
-632
-323
-142
-178
-176
-62
242
504
567
498
386
342
253
209
233
440
644
684
491
193
18
97
279
433
406
276
172
124
265
401
497
387
199
63
85
271
404
401
231
125
171
339
482
461
293
91
70
235
433
453
290
89
10
120
329
498
412
129
-184
-233
5
320
438
236
-114
-451
-661
-797
-840
-803
-777
-862
-1081
-1272
-1278
-1070
-750
-516
-462
-650
-992
-1354
-1512
-1340
-936
-589
-571
-908
-1324
-1407
-1008
-297
175
221
-87
-309
-247
68
463
687
682
480
276
139
127
216
430
555
534
335
221
321
625
946
1024
897
643
576
646
843
952
956
854
710
684
752
916
998
982
852
753
783
957
1080
1031
822
633
574
603
682
611
387
-96
-510
-717
-528
-177
29
-133
-639
-1064
-1164
-818
-405
-153
-302
-692
-1145
-1346
-1240
-890
-567
-481
-690
-1111
-1397
-1409
-1053
-655
-405
-498
-796
-1114
-1140
-815
-291
73
118
-130
-509
-790
-798
-424
61
377
246
-149
-485
-384
112
666
894
703
268
-85
-126
161
541
717
651
350
44
-121
114
640
1142
1277
996
602
350
422
673
930
1029
984
864
771
728
819
958
1128
1178
1080
812
490
297
266
301
239
128
41
-21
-195
-474
-648
-497
-111
215
242
98
43
251
594
835
802
535
205
-23
-81
-61
-65
-185
-412
-700
-936
-1052
-1033
-1054
-1238
-1614
-2021
-2263
-2345
-2370
-2526
-2751
-2962
-3042
-3037
-3013
-2967
-2828
-2466
-1946
-1430
-1043
-713
-288
302
938
1493
1838
2026
2147
2303
2491
2645
2676
2536
2305
2061
1848
1568
1236
946
810
841
950
1027
1000
904
869
972
1188
1407
1585
1709
1820
1974
2212
2479
2665
2735
2684
2568
2450
2450
2524
2490
2145
1546
967
714
819
1013
892
254
-763
-1817
-2485
-2597
-2292
-2133
-2590
-3739
-5061
-5880
-5874
-5280
-4813
-4989
-5836
-6683
-6827
-5982
-4587
-3375
-2793
-2733
-2672
-2127
-984
406
1508
2016
2063
2034
2292
2935
3742
4214
3971
3091
2138
1689
1882
2338
2428
1719
393
-802
-1121
-535
305
616
149
-681
-1168
-865
44
1023
1559
1587
1389
1425
1971
2902
3830
4352
4420
4283
4336
4751
5348
5719
5594
5025
4325
3775
3494
3343
3044
2425
1536
668
69
-267
-648
-1412
-2507
-3507
-3944
-3879
-3819
-4359
-5530
-6751
-7286
-6973
-6379
-6244
-6779
-7490
-7656
-6859
-5366
-3834
-2855
-2434
-2083
-1311
-9
1435
2530
2990
3000
3024
3368
3986
4482
4502
3908
2957
2098
1648
1509
1291
680
-264
-1189
-1740
-1833
-1732
-1773
-2071
-2412
-2497
-2234
-1674
-1011
-398
49
392
805
1444
2352
3394
4329
4948
5273
5543
5975
6519
6927
6932
6554
6023
5646
5450
5235
4704
3801
2766
1938
1504
1274
912
180
-780
-1666
-2331
-2875
-3484
-4101
-4592
-4937
-5378
-6138
-7063
-7736
-7810
-7463
-7217
-7440
-7942
-8099
-7489
-6227
-4895
-3947
-3370
-2708
-1566
-39
1375
2250
2672
3030
3634
4399
5021
5189
4881
4288
3683
3164
2646
2022
1240
348
-565
-1379
-2000
-2390
-2578
-2641
-2684
-2715
-2683
-2464
-2002
-1304
-455
369
1083
1714
2426
3246
4110
4901
5585
6181
6698
7128
7394
7461
7391
7289
7166
6887
6336
5552
4677
3861
3105
2352
1563
818
212
-321
-901
-1588
-2231
-2744
-3224
-3832
-4541
-5065
-5239
-5193
-5411
-6150
-7190
-7881
-7800
-7160
-6595
-6603
-7062
-7374
-6932
-5704
-4182
-3006
-2338
-1864
-1082
169
1638
2869
3598
3916
4112
4424
4773
4960
4799
4340
3672
2890
2093
1360
687
-58
-905
-1769
-2469
-2921
-3156
-3256
-3325
-3359
-3318
-3069
-2564
-1851
-1068
-352
322
1029
1866
2756
3625
4429
5206
5986
6660
7121
7276
7233
7148
7115
7016
6681
6037
5248
4505
3854
3155
2292
1351
518
-69
-509
-1003
-1711
-2560
-3338
-3899
-4322
-4801
-5355
-5788
-5898
-5795
-5815
-6190
-6721
-7002
-6749
-6131
-5552
-5320
-5358
-5252
-4659
-3551
-2313
-1330
-705
-161
614
1706
2892
3844
4366
4552
4696
4943
5166
5079
4608
3902
3170
2484
1777
993
109
-825
-1717
-2464
-2967
-3244
-3363
-3431
-3481
-3472
-3310
-2960
-2410
-1734
-969
-170
650
1461
2231
2951
3633
4339
5084
5797
6322
6565
6597
6585
6602
6522
6165
5493
4660
3856
3138
2433
1656
800
-87
-942
-1744
-2469
-3125
-3707
-4247
-4760
-5256
-5710
-6044
-6220
-6229
-6132
-5923
-5604
-5244
-4992
-4927
-4892
-4601
-3898
-2975
-2263
-1996
-1998
-1748
-924
328
1466
2068
2185
2263
2717
3516
4243
4467
4194
3763
3524
3502
3439
3032
2190
1182
387
-2
-219
-654
-1493
-2470
-3123
-3213
-2936
-2738
-2782
-2853
-2538
-1760
-849
-216
96
437
1158
2219
3218
3801
3975
4087
4450
5070
5606
5735
5465
5114
4938
4856
4578
3958
3124
2343
1736
1209
581
-213
-1061
-1821
-2429
-2960
-3506
-4095
-4622
-4964
-5084
-5064
-5009
-4912
-4688
-4270
-3696
-3087
-2561
-2111
-1627
-984
-217
465
860
989
1097
1413
1885
2272
2367
2212
2034
2028
2171
2258
2129
1843
1600
1498
1421
1138
604
-31
-487
-694
-824
-1163
-1792
-2466
-2872
-2900
-2791
-2851
-3173
-3503
-3545
-3233
-2789
-2465
-2326
-2243
-2000
-1503
-839
-227
185
423
628
906
1258
1603
1839
1943
1945
1931
1930
1953
1955
1873
1657
1318
979
731
575
406
150
-177
-491
-715
-854
-953
-1045
-1121
-1179
-1247
-1341
-1364
-1184
-765
-280
67
249
540
1182
2099
2900
3255
3247
3242
3522
4012
4410
4455
4214
3937
3833
3814
3643
3180
2495
1806
1233
756
248
-327
-886
-1289
-1530
-1725
-1986
-2282
-2485
-2539
-2543
-2649
-2859
-3039
-3020
-2816
-2559
-2425
-2453
-2548
-2532
-2323
-2003
-1759
-1725
-1846
-1932
-1794
-1459
-1132
-1010
-1069
-1096
-934
-615
-337
-249
-330
-406
-305
-40
264
449
476
402
330
341
423
522
590
633
642
574
411
235
183
320
539
697
747
771
878
1100
1455
1867
2224
2405
2489
2635
2889
3092
3085
2927
2808
2855
2979
2973
2725
2349
2053
1925
1849
1675
1350
953
616
378
187
-26
-253
-466
-677
-904
-1153
-1427
-1731
-2067
-2383
-2644
-2814
-2896
-2938
-3027
-3229
-3514
-3800
-3981
-3977
-3796
-3565
-3447
-3484
-3565
-3557
-3406
-3141
-2831
-2537
-2305
-2116
-1921
-1655
-1323
-992
-708
-431
-113
208
453
595
730
946
1253
1545
1741
1815
1852
1919
2009
2035
1927
1734
1555
1481
1526
1645
1781
1882
1931
1937
1968
2071
2254
2425
2540
2611
2682
2751
2816
2896
2994
3056
3027
2917
2780
2666
2571
2479
2330
2107
1804
1493
1233
1061
918
685
337
-61
-374
-581
-739
-953
-1289
-1720
-2131
-2385
-2447
-2431
-2506
-2791
-3218
-3581
-3696
-3560
-3361
-3290
-3434
-3689
-3859
-3772
-3445
-3061
-2797
-2659
-2514
-2233
-1828
-1438
-1183
-1021
-805
-465
-60
297
580
800
993
1177
1351
1461
1449
1337
1220
1164
1172
1184
1149
1023
840
702
688
777
880
926
919
924
997
1127
1246
1329
1406
1520
1644
1711
1678
1609
1615
1760
1932
1975
1825
1601
1484
1510
1535
1384
1054
697
466
374
316
172
-68
-343
-581
-797
-1008
-1200
-1330
-1379
-1368
-1354
-1409
-1555
-1726
-1821
-1808
-1769
-1796
-1896
-2011
-2103
-2180
-2240
-2239
-2133
-1918
-1648
-1395
-1232
-1170
-1174
-1158
-1038
-781
-458
-194
-60
5
145
438
808
1083
1185
1168
1179
1282
1433
1497
1397
1190
1017
964
1003
1052
1062
1011
921
842
822
857
900
929
942
961
989
1039
1115
1203
1281
1315
1304
1262
1242
1249
1253
1193
1069
918
759
610
499
446
410
324
175
16
-110
-191
-246
-306
-401
-547
-708
-833
-889
-906
-926
-991
-1097
-1221
-1329
-1405
-1487
-1591
-1733
-1849
-1901
-1870
-1807
-1759
-1719
-1670
-1597
-1514
-1427
-1333
-1236
-1117
-952
-745
-534
-374
-246
-124
23
163
271
359
451
551
636
689
728
775
813
809
752
670
596
543
506
484
473
453
414
391
393
405
382
353
373
451
551
622
679
737
816
936
1078
1190
1208
1138
1043
992
1013
1074
1110
1084
1032
1018
1042
1042
964
836
724
666
633
555
432
313
266
277
267
132
-155
-502
-782
-936
-1044
-1207
-1442
-1676
-1844
-1955
-2037
-2113
-2165
-2183
-2151
-2082
-1985
-1838
-1612
-1315
-1038
-865
-784
-698
-537
-316
-94
95
255
407
550
646
667
636
600
583
563
517
449
370
281
171
31
-108
-201
-191
-119
-70
-106
-191
-224
-139
43
197
218
111
39
105
278
427
482
469
453
465
499
543
587
634
666
685
694
733
824
956
1069
1110
1102
1099
1135
1170
1149
1040
853
646
488
426
411
344
149
-143
-418
-590
-671
-750
-879
-1016
-1063
-994
-880
-835
-897
-984
-967
-781
-491
-216
-44
30
78
184
391
638
810
827
730
597
470
353
262
187
78
-107
-349
-590
-800
-960
-1060
-1097
-1105
-1110
-1113
-1094
-1058
-1029
-1026
-1047
-1046
-977
-831
-658
-503
-372
-245
-101
42
179
284
358
401
437
499
606
751
901
1024
1119
1205
1281
1315
1302
1284
1295
1347
1423
1496
1514
1411
1190
919
703
584
514
406
233
33
-150
-317
-485
-653
-783
-816
-736
-603
-532
-564
-622
-604
-483
-352
-288
-306
-307
-230
-82
53
128
170
249
375
473
471
357
190
51
-25
-74
-158
-313
-480
-595
-655
-728
-868
-1042
-1191
-1279
-1334
-1402
-1502
-1596
-1630
-1616
-1607
-1652
-1731
-1798
-1805
-1732
-1607
-1471
-1345
-1207
-1027
-818
-593
-369
-134
117
377
630
846
1037
1235
1465
1696
1840
1866
1814
1785
1826
1902
1926
1841
1672
1489
1353
1271
1211
1124
988
799
598
446
391
422
478
516
535
576
640
689
682
636
604
633
717
823
899
925
921
934
997
1089
1162
1185
1162
1121
1048
918
740
566
435
299
75
-244
-560
-786
-924
-1053
-1233
-1478
-1760
-2017
-2200
-2314
-2421
-2548
-2670
-2753
-2786
-2768
-2701
-2595
-2471
-2332
-2171
-1992
-1823
-1703
-1613
-1504
-1316
-1033
-697
-378
-140
20
139
269
420
578
727
862
997
1122
1210
1221
1166
1102
1090
1124
1136
1097
1049
1061
1129
1178
1154
1085
1062
1138
1278
1410
1477
1488
1482
1507
1578
1664
1728
1761
1776
1801
1837
1873
1893
1895
1844
1712
1516
1311
1126
916
661
382
136
-65
-238
-420
-663
-988
-1370
-1724
-1984
-2138
-2247
-2357
-2471
-2547
-2589
-2633
-2715
-2816
-2887
-2914
-2909
-2905
-2912
-2921
-2901
-2817
-2672
-2505
-2338
-2135
-1865
-1564
-1294
-1068
-845
-591
-309
-15
273
548
820
1092
1346
1559
1710
1809
1872
1923
1971
2014
2032
2018
2016
2062
2144
2174
2086
1883
1638
1460
1396
1408
1413
1377
1341
1326
1311
1266
1213
1193
1211
1252
1278
1280
1241
1188
1153
1148
1139
1080
977
878
821
796
757
693
601
494
350
160
-48
-213
-304
-379
-512
-733
-980
-1195
-1362
-1524
-1718
-1919
-2067
-2141
-2196
-2291
-2408
-2493
-2538
-2582
-2653
-2727
-2741
-2665
-2517
-2336
-2137
-1928
-1714
-1498
-1250
-951
-643
-374
-150
84
359
639
864
1012
1120
1228
1336
1410
1419
1402
1401
1411
1384
1289
1172
1088
1059
1056
1023
936
822
751
758
806
823
771
701
680
718
740
665
510
350
280
303
356
357
280
182
133
168
244
283
252
182
107
20
-96
-204
-249
-224
-186
-196
-275
-382
-453
-469
-487
-583
-763
-962
-1103
-1172
-1198
-1241
-1332
-1443
-1525
-1542
-1517
-1487
-1468
-1440
-1348
-1175
-947
-720
-485
-233
19
225
370
495
655
875
1124
1344
1509
1641
1759
1851
1889
1883
1863
1849
1815
1722
1548
1324
1110
947
833
727
596
440
284
147
20
-124
-263
-344
-332
-287
-278
-326
-388
-435
-463
-470
-481
-513
-546
-523
-451
-402
-435
-510
-536
-463
-347
-278
-291
-330
-308
-193
-32
79
80
-11
-100
-134
-134
-161
-239
-345
-445
-516
-565
-626
-727
-850
-950
-1002
-1016
-1014
-1006
-976
-915
-826
-734
-652
-576
-486
-361
-191
28
271
505
688
821
942
1093
1267
1399
1455
1460
1470
1496
1503
1459
1367
1262
1184
1132
1064
936
770
612
473
330
173
24
-96
-189
-269
-358
-503
-694
-869
-970
-1017
-1085
-1206
-1354
-1459
-1480
-1420
-1334
-1261
-1184
-1068
-913
-751
-600
-454
-303
-178
-122
-151
-217
-233
-152
-9
117
184
204
216
231
244
261
303
361
414
443
467
480
442
333
181
42
-79
-169
-235
-268
-273
-252
-212
-168
-120
-66
-2
59
125
207
301
379
457
571
743
927
1076
1185
1269
1321
1320
1281
1245
1240
1232
1170
1024
828
623
436
268
123
3
-104
-214
-332
-457
-587
-726
-861
-988
-1105
-1204
-1271
-1279
-1220
-1120
-1020
-973
-973
-985
-969
-913
-805
-650
-481
-342
-228
-113
-4
82
134
165
189
231
320
441
548
604
614
619
659
729
763
721
632
569
539
508
458
386
297
189
104
64
47
1
-84
-173
-245
-300
-330
-332
-310
-265
-183
-75
9
41
49
99
209
345
458
529
579
624
655
653
615
558
479
351
170
-21
-165
-249
-310
-390
-514
-674
-852
-1028
-1197
-1359
-1481
-1531
-1515
-1481
-1476
-1481
-1446
-1301
-1061
-806
-614
-480
-319
-90
181
426
597
681
699
694
726
827
983
1125
1195
1195
1169
1154
1146
1138
1103
1029
928
834
766
702
620
500
359
231
143
98
66
23
-51
-160
-291
-392
-400
-316
-198
-130
-128
-155
-171
-155
-104
-42
-20
-63
-135
-181
-181
-135
-63
10
39
14
-43
-97
-145
-214
-315
-435
-539
-609
-648
-693
-771
-879
-982
-1056
-1108
-1148
-1176
-1164
-1094
-974
-850
-760
-696
-613
-495
-369
-274
-220
-172
-95
23
160
278
375
475
605
742
862
970
1071
1155
1191
1191
1182
1190
1226
1275
1296
1264
1188
1099
1020
945
880
846
850
871
866
823
756
699
654
597
493
352
227
164
160
185
185
149
88
41
31
35
-1
-100
-210
-265
-266
-286
-370
-510
-651
-760
-841
-920
-1018
-1117
-1197
-1251
-1300
-1367
-1444
-1502
-1516
-1506
-1495
-1498
-1507
-1544
-1613
-1688
-1704
-1628
-1495
-1355
-1243
-1151
-1057
-938
-787
-602
-423
-272
-140
11
199
385
534
638
722
805
888
965
1025
1069
1127
1224
1341
1437
1481
1473
1441
1400
1359
1322
1309
1331
1384
1451
1497
1501
1455
1390
1342
1320
1288
1214
1114
1037
994
949
866
763
667
564
445
331
264
229
191
108
-20
-175
-330
-459
-570
-692
-865
-1076
-1291
-1472
-1621
-1756
-1870
-1955
-2007
-2057
-2124
-2183
-2181
-2082
-1908
-1702
-1509
-1356
-1232
-1096
-912
-705
-527
-401
-289
-163
-45
47
129
230
346
455
539
591
616
628
654
707
782
852
880
850
794
768
787
817
827
825
851
923
1038
1162
1246
1268
1265
1302
1388
1470
1494
1451
1367
1269
1177
1103
1036
962
874
780
670
526
329
106
-85
-205
-273
-339
-416
-501
-599
-724
-872
-1022
-1154
-1263
-1351
-1427
-1509
-1589
-1648
-1674
-1680
-1676
-1658
-1630
-1605
-1609
-1648
-1700
-1728
-1713
-1653
-1563
-1467
-1382
-1305
-1200
-1042
-838
-606
-358
-103
142
346
486
569
642
739
870
1009
1131
1210
1231
1197
1126
1048
991
961
941
913
864
799
732
704
740
819
894
938
980
1046
1142
1253
1339
1399
1446
1504
1563
1604
1624
1624
1608
1559
1468
1329
1164
1019
910
816
692
519
312
116
-58
-240
-474
-735
-948
-1073
-1130
-1173
-1232
-1322
-1430
-1522
-1579
-1632
-1710
-1809
-1905
-1986
-2029
-2022
-1984
-1956
-1948
-1923
-1857
-1755
-1646
-1533
-1423
-1308
-1172
-1009
-817
-602
-386
-204
-79
25
143
291
454
630
816
983
1095
1133
1122
1104
1117
1157
1171
1107
984
865
789
725
641
540
448
380
338
307
262
202
169
218
339
461
530
560
584
604
616
632
653
658
640
603
545
471
404
368
339
296
236
169
97
26
-31
-78
-124
-186
-244
-273
-269
-252
-267
-318
-390
-483
-586
-665
-663
-596
-525
-486
-465
-444
-451
-500
-572
-623
-638
-621
-583
-532
-484
-460
-453
-419
-324
-177
-21
135
306
484
623
683
683
675
720
858
1097
1375
1565
1549
1320
1010
797
795
971
1174
1226
1022
608
157
-159
-275
-271
-273
-362
-520
-655
-690
-636
-584
-614
-702
-743
-671
-509
-366
-329
-413
-519
-534
-413
-216
-41
38
-16
-150
-252
-229
-119
-49
-108
-264
-417
-514
-582
-680
-817
-953
-1033
-1038
-973
-891
-865
-911
-996
-1067
-1110
-1124
-1098
-1038
-956
-874
-789
-691
-567
-424
-281
-140
14
199
403
607
776
887
938
955
995
1093
1237
1371
1456
1487
1486
1461
1400
1301
1186
1107
1087
1101
1089
1009
867
681
488
337
247
204
156
68
-44
-155
-257
-357
-446
-497
-507
-485
-454
-420
-400
-401
-415
-414
-375
-295
-190
-77
43
162
251
278
246
197
157
113
56
-19
-80
-112
-113
-93
-85
-120
-202
-273
-276
-193
-74
10
26
3
-20
-24
-18
-3
16
37
55
73
90
111
141
177
208
226
249
288
338
381
394
352
253
156
127
177
248
282
278
267
284
311
322
300
249
171
75
-15
-83
-145
-213
-288
-369
-468
-593
-727
-849
-940
-990
-1007
-1027
-1089
-1177
-1232
-1219
-1169
-1129
-1108
-1075
-1010
-927
-847
-766
-677
-560
-410
-230
-54
77
158
217
274
313
323
327
353
393
419
405
331
186
20
-98
-154
-193
-245
-287
-299
-264
-181
-48
104
221
279
306
356
463
614
759
848
881
907
964
1049
1121
1145
1115
1056
995
959
941
927
905
876
846
810
780
757
713
612
445
268
154
123
147
158
138
98
63
27
-33
-119
-209
-276
-321
-364
-420
-491
-565
-624
-661
-683
-703
-725
-745
-774
-798
-788
-735
-660
-593
-548
-520
-512
-523
-533
-514
-449
-370
-321
-323
-336
-322
-256
-138
14
169
288
357
383
392
418
464
501
514
508
513
536
575
595
561
479
374
280
185
76
-42
-141
-199
-231
-250
-250
-211
-148
-83
-35
-15
-30
-47
-15
73
156
187
180
169
162
156
143
117
58
-25
-118
-218
-338
-480
-602
-665
-678
-697
-768
-889
-1035
-1170
-1256
-1274
-1244
-1194
-1139
-1082
-1034
-1003
-969
-889
-720
-478
-225
-6
176
322
405
424
426
473
583
746
946
1123
1192
1112
947
807
770
846
995
1150
1238
1210
1074
893
736
639
600
610
645
678
665
576
424
275
192
209
306
428
524
556
519
430
346
308
319
378
477
591
642
558
361
145
2
-48
-28
25
72
84
44
-35
-132
-240
-366
-513
-667
-807
-910
-957
-940
-884
-821
-779
-759
-765
-786
-808
-822
-835
-867
-904
-920
-912
-917
-962
-1012
-998
-891
-751
-662
-641
-629
-578
-508
-466
-446
-415
-336
-200
-36
106
183
226
311
475
678
851
959
995
962
884
810
771
762
758
750
739
715
671
597
522
463
409
328
208
89
9
-22
-23
-14
-1
8
-2
-40
-105
-165
-186
-166
-110
-32
52
92
58
-29
-120
-180
-210
-219
-216
-200
-171
-140
-123
-149
-209
-266
-292
-292
-293
-291
-269
-232
-222
-264
-337
-398
-402
-356
-279
-219
-203
-225
-260
-262
-246
-244
-284
-329
-315
-215
-61
75
163
216
268
336
427
545
683
809
892
929
936
929
913
897
891
898
909
921
914
869
776
659
548
458
361
230
72
-73
-175
-241
-293
-334
-347
-321
-283
-286
-360
-475
-560
-593
-604
-622
-629
-604
-571
-570
-610
-660
-681
-655
-579
-484
-411
-384
-398
-429
-461
-482
-469
-408
-314
-238
-206
-209
-191
-127
-38
44
106
154
191
205
192
177
182
206
214
198
184
197
218
221
214
229
264
270
230
188
196
244
288
312
337
385
457
535
588
588
527
428
350
317
314
290
232
179
151
158
176
195
191
143
64
-14
-71
-135
-232
-348
-440
-494
-535
-599
-660
-683
-666
-648
-644
-634
-599
-537
-464
-386
-318
-272
-261
-268
-269
-242
-194
-156
-150
-161
-154
-120
-55
33
132
203
225
216
208
215
221
206
160
98
39
-5
-48
-90
-103
-67
14
106
200
295
377
407
353
241
147
129
171
212
229
242
261
287
321
365
413
471
582
741
892
946
885
780
709
714
771
828
833
758
618
457
308
193
107
46
-5
-57
-144
-281
-453
-600
-688
-745
-814
-900
-963
-987
-1001
-1038
-1090
-1123
-1116
-1079
-1034
-988
-935
-882
-828
-764
-673
-557
-434
-334
-290
-302
-333
-329
-272
-180
-81
-3
40
61
96
170
259
325
358
384
433
502
566
603
603
574
540
522
525
515
463
372
283
244
255
286
313
333
345
346
339
339
374
456
549
584
546
488
456
451
469
521
583
610
579
501
392
265
137
26
-59
-120
-159
-209
-301
-442
-611
-777
-911
-991
-1020
-1026
-1046
-1094
-1160
-1207
-1201
-1119
-980
-817
-647
-468
-287
-144
-58
-9
50
128
200
256
306
367
428
453
424
371
346
367
414
465
507
538
540
515
474
436
404
367
326
282
244
202
168
156
183
228
274
305
324
330
336
361
408
458
465
423
348
268
204
184
216
264
282
260
221
176
108
0
-141
-281
-369
-402
-418
-464
-542
-625
-694
-738
-769
-793
-813
-829
-854
-895
-947
-996
-1049
-1103
-1126
-1078
-963
-835
-730
-655
-595
-540
-486
-406
-291
-159
-32
74
167
253
318
346
349
358
381
399
408
425
452
488
528
556
560
561
593
660
715
714
670
632
621
613
591
559
539
520
490
458
463
513
574
590
558
508
468
435
390
326
272
267
312
363
370
331
263
181
87
-5
-60
-75
-70
-61
-36
-7
-5
-47
-103
-164
-244
-352
-448
-509
-560
-627
-715
-801
-873
-922
-942
-929
-888
-832
-771
-720
-698
-695
-684
-649
-586
-505
-395
-262
-124
-13
53
94
139
212
318
439
548
612
627
620
630
661
680
649
552
431
320
239
170
112
71
44
15
-8
2
41
76
76
42
-7
-57
-80
-64
-16
36
74
107
148
191
217
201
157
113
99
112
115
85
26
-15
-12
32
73
74
31
-27
-65
-83
-114
-175
-247
-290
-291
-272
-245
-202
-145
-97
-75
-68
-67
-82
-133
-223
-317
-382
-381
-317
-226
-148
-84
-15
57
100
88
47
21
19
20
19
44
93
127
121
91
61
33
11
8
24
39
42
30
2
-37
-69
-74
-65
-65
-82
-101
-111
-105
-74
-13
48
68
39
18
45
97
113
71
-1
-75
-143
-194
-211
-194
-171
-168
-186
-208
-209
-188
-146
-98
-51
-20
2
20
8
-45
-114
-146
-137
-127
-152
-205
-235
-202
-107
2
73
111
139
171
189
192
191
196
199
211
252
308
336
301
236
183
163
170
208
283
364
415
421
403
392
394
399
389
376
381
401
398
347
272
207
175
163
159
161
161
160
137
76
-5
-67
-67
-10
57
81
41
-29
-94
-133
-140
-114
-57
4
45
58
57
48
21
-19
-59
-96
-139
-191
-248
-308
-373
-422
-443
-438
-429
-430
-457
-503
-560
-612
-637
-623
-575
-519
-473
-440
-403
-337
-234
-123
-52
-29
-23
11
74
138
184
215
253
293
316
296
226
129
48
8
7
29
64
93
96
48
-45
-142
-186
-171
-128
-104
-107
-136
-184
-241
-291
-319
-326
-301
-241
-163
-92
-68
-89
-124
-120
-63
16
71
88
81
75
89
121
155
162
134
64
-30
-121
-185
-209
-192
-148
-107
-99
-118
-131
-104
-34
70
197
344
476
546
543
490
433
399
416
484
571
640
670
680
687
704
725
735
723
695
677
690
714
691
586
453
376
378
411
432
440
426
376
294
212
143
112
120
151
153
89
-31
-173
-289
-369
-402
-393
-340
-273
-249
-297
-394
-477
-515
-520
-507
-480
-455
-465
-522
-598
-658
-671
-628
-537
-437
-373
-370
-416
-462
-469
-424
-353
-292
-261
-270
-308
-367
-445
-526
-584
-604
-601
-594
-583
-567
-557
-550
-528
-496
-460
-404
-316
-215
-142
-104
-80
-62
-42
6
88
179
232
