46
-5
-52
-52
-11
30
33
8
-61
-163
-268
-315
-298
-257
-225
-205
-173
-135
-113
-132
-170
-202
-241
-305
-381
-434
-442
-416
-377
-337
-322
-347
-381
-372
-304
-220
-180
-204
-268
-323
-341
-318
-282
-250
-223
-210
-214
-219
-198
-140
-47
63
162
224
259
297
360
420
454
459
465
493
539
576
570
521
445
381
352
364
403
429
411
353
292
246
202
148
99
81
110
170
228
240
189
109
54
56
113
182
210
164
64
-37
-107
-139
-154
-150
-134
-110
-90
-101
-167
-271
-351
-371
-359
-342
-300
-226
-161
-145
-176
-233
-302
-362
-402
-430
-439
-415
-337
-243
-159
-98
-51
-19
11
54
97
119
123
144
199
266
313
331
334
340
364
401
417
389
332
273
222
195
208
261
315
345
340
304
252
209
186
173
162
153
156
188
251
317
360
386
392
372
326
276
234
173
71
-56
-151
-188
-180
-190
-257
-372
-485
-575
-645
-707
-740
-723
-664
-618
-629
-697
-776
-812
-790
-722
-636
-556
-497
-472
-480
-503
-516
-489
-440
-399
-397
-412
-414
-393
-355
-318
-277
-228
-170
-115
-66
-23
8
27
39
47
42
23
1
-26
-59
-89
-75
9
153
315
455
550
596
605
603
603
597
582
558
549
555
552
501
441
436
511
603
661
698
723
728
669
554
421
344
361
411
411
320
180
51
-18
-18
22
60
68
55
40
46
84
134
153
105
7
-82
-116
-100
-86
-117
-187
-254
-280
-266
-238
-231
-282
-383
-464
-462
-398
-340
-322
-305
-246
-136
5
156
284
350
343
300
270
269
282
292
286
253
204
177
184
192
173
152
171
228
286
327
366
408
421
372
269
162
98
81
85
95
98
85
40
-18
-66
-109
-163
-236
-305
-364
-398
-411
-402
-380
-349
-324
-325
-349
-381
-405
-427
-445
-457
-487
-560
-657
-740
-791
-827
-850
-859
-852
-838
-806
-750
-671
-586
-497
-411
-326
-250
-187
-162
-181
-222
-248
-214
-129
-27
58
129
195
240
247
233
236
262
302
330
334
309
273
258
289
355
409
409
365
312
258
193
123
80
75
90
104
108
99
65
7
-36
-19
73
194
275
296
276
253
235
227
227
231
226
206
146
26
-124
-236
-260
-205
-100
29
138
186
170
138
140
199
298
390
429
420
403
403
429
468
507
510
465
405
360
343
338
339
339
346
369
403
408
353
264
189
147
126
122
123
113
94
99
139
176
172
144
125
117
97
65
33
-18
-108
-215
-284
-305
-329
-400
-499
-579
-606
-570
-501
-436
-420
-442
-473
-470
-425
-380
-373
-401
-418
-389
-331
-278
-242
-215
-201
-214
-251
-291
-309
-305
-293
-285
-283
-276
-254
-214
-181
-186
-233
-286
-290
-230
-133
-60
-28
-16
-10
-25
-64
-89
-74
-30
-7
-8
-2
12
3
-26
-28
8
42
66
108
162
187
162
121
107
139
201
262
291
280
237
171
100
38
10
37
109
184
215
197
153
94
22
-38
-45
1
50
58
47
61
115
183
208
177
122
95
81
27
-78
-192
-258
-264
-197
-74
62
156
199
227
251
259
229
176
143
146
174
194
196
189
209
270
344
368
319
246
211
212
200
155
88
22
-43
-95
-138
-181
-227
-259
-251
-192
-91
9
51
11
-70
-118
-117
-90
-82
-105
-143
-167
-167
-156
-148
-134
-104
-73
-56
-68
-97
-116
-94
-21
87
188
247
255
214
142
71
41
75
137
175
157
102
44
2
-16
-15
-5
-13
-37
-63
-73
-72
-64
-51
-54
-93
-153
-186
-168
-107
-39
0
-7
-37
-62
-65
-60
-54
-54
-70
-110
-162
-225
-305
-397
-462
-467
-419
-362
-345
-363
-384
-384
-368
-360
-361
-330
-226
-53
126
243
286
293
301
338
414
508
568
571
543
517
492
439
355
257
184
156
146
116
59
5
-27
-38
-36
-19
18
70
138
211
259
271
258
251
269
313
374
423
427
373
284
199
131
75
19
-49
-137
-230
-316
-379
-422
-449
-470
-491
-490
-444
-341
-205
-78
10
50
58
53
33
-2
-40
-56
-41
-8
13
1
-39
-100
-175
-259
-317
-354
-396
-457
-513
-536
-547
-558
-566
-550
-517
-478
-435
-383
-316
-253
-196
-138
-55
63
185
268
299
304
309
315
304
267
209
146
83
19
-52
-110
-137
-118
-68
-15
27
45
44
35
33
28
36
84
177
280
360
421
478
531
585
646
702
710
662
606
579
570
533
477
427
388
339
281
236
207
179
146
110
68
5
-59
-100
-104
-97
-101
-104
-73
-1
74
125
138
139
122
96
60
36
19
13
25
45
53
21
-35
-92
-149
-231
-343
-456
-538
-573
-563
-530
-506
-498
-489
-441
-343
-213
-95
-29
1
40
116
194
235
228
179
106
27
-35
-84
-111
-104
-56
-19
-39
-116
-200
-250
-270
-284
-292
-280
-254
-243
-255
-253
-203
-120
-41
1
5
-24
-54
-84
-133
-231
-356
-453
-505
-518
-507
-456
-394
-367
-387
-384
-320
-240
-223
-268
-322
-350
-370
-388
-375
-308
-217
-156
-135
-127
-95
-37
45
138
200
203
178
173
211
241
233
205
194
205
218
245
308
392
445
444
420
423
475
553
625
682
732
779
807
820
834
845
843
831
812
773
714
658
647
672
695
674
609
536
481
448
418
385
352
321
289
259
222
176
105
19
-83
-197
-285
-314
-253
-153
-61
-8
16
9
-44
-137
-236
-294
-310
-306
-334
-408
-508
-591
-650
-697
-735
-752
-742
-724
-711
-713
-715
-709
-680
-613
-519
-422
-357
-342
-362
-384
-358
-279
-187
-129
-116
-119
-123
-119
-114
-119
-142
-185
-239
-282
-302
-286
-242
-188
-144
-122
-117
-103
-67
-31
-20
-34
-21
56
192
330
407
395
323
235
171
138
131
135
129
109
78
42
-2
-67
-147
-229
-290
-321
-313
-267
-210
-179
-196
-238
-252
-207
-121
-21
52
72
37
-11
-28
-29
-45
-68
-62
-23
21
41
45
45
53
78
118
154
176
178
159
135
133
179
260
338
383
396
413
452
516
586
636
650
620
567
527
516
512
488
451
429
425
421
388
328
278
290
374
467
495
435
329
240
192
182
174
153
130
143
186
207
173
100
18
-80
-190
-288
-356
-417
-487
-545
-569
-558
-522
-462
-399
-374
-411
-492
-581
-639
-645
-583
-467
-348
-294
-329
-411
-479
-510
-512
-488
-444
-388
-326
-262
-218
-193
-180
-162
-157
-169
-184
-199
-206
-191
-119
-8
103
189
254
297
287
241
207
234
310
378
395
337
250
185
184
221
260
304
372
435
440
386
332
315
317
312
302
287
250
199
149
114
93
86
82
66
11
-85
-196
-273
-291
-262
-194
-101
1
70
97
88
50
-1
-56
-86
-92
-82
-80
-92
-108
-122
-147
-181
-209
-199
-147
-75
-11
28
55
85
105
96
35
-59
-157
-228
-252
-238
-200
-175
-174
-194
-214
-215
-198
-162
-129
-114
-132
-172
-206
-222
-226
-233
-225
-194
-149
-116
-106
-98
-77
-60
-66
-74
-53
-6
28
24
-2
-12
19
65
69
20
-33
-27
43
122
180
225
272
291
275
260
308
428
542
573
492
363
250
186
149
88
-8
-113
-177
-195
-193
-193
-183
-142
-74
-13
6
-23
-81
-135
-157
-122
-38
60
134
168
159
129
118
160
233
275
254
197
155
127
84
17
-40
-41
3
46
36
-8
-26
23
110
166
155
106
57
29
32
65
114
157
200
265
334
376
377
372
393
432
446
398
305
210
135
52
-62
-198
-313
-384
-433
-492
-565
-618
-613
-558
-468
-358
-223
-77
40
84
59
15
-19
-46
-85
-128
-165
-199
-238
-286
-350
-421
-474
-472
-431
-399
-406
-440
-453
-429
-357
-244
-106
5
40
9
-30
-29
0
19
14
6
-9
-48
-128
-221
-287
-291
-232
-126
0
116
204
249
262
259
262
274
282
258
192
129
129
204
297
355
381
407
431
434
403
359
304
236
155
59
-55
-177
-271
-306
-265
-163
-54
17
49
80
120
151
172
207
283
388
487
530
482
348
186
53
-38
-87
-81
1
120
205
208
151
79
14
-39
-67
-61
-52
-87
-189
-321
-431
-486
-475
-407
-301
-199
-149
-154
-178
-166
-100
-10
69
105
103
77
41
18
19
48
91
121
133
122
90
39
-5
-6
38
99
147
163
138
61
-46
-116
-106
-28
48
76
70
70
101
142
177
209
247
294
318
292
211
101
-32
-162
-254
-285
-283
-293
-322
-331
-309
-282
-274
-266
-221
-147
-96
-103
-147
-183
-199
-200
-183
-143
-122
-153
-217
-250
-217
-146
-79
-40
-20
-14
-13
-20
-30
-41
-42
-17
25
48
10
-70
-138
-140
-76
2
36
30
41
110
208
270
281
258
211
140
71
45
56
75
76
73
74
68
57
51
72
97
93
52
-6
-54
-98
-139
-189
-249
-309
-335
-305
-235
-169
-126
-96
-63
-17
47
145
264
364
400
382
361
352
321
268
241
281
359
414
396
309
194
107
63
55
65
83
82
30
-59
-141
-198
-243
-262
-212
-92
26
79
78
64
39
3
-12
19
72
81
36
-39
-96
-122
-139
-169
-211
-224
-182
-126
-103
-114
-100
-38
40
86
87
48
-14
-69
-93
-85
-53
9
104
208
279
310
310
301
287
280
292
321
331
277
157
32
-26
3
63
97
78
-2
-125
-249
-330
-371
-398
-413
-400
-376
-381
-405
-402
-346
-259
-176
-111
-65
-50
-74
-142
-225
-273
-257
-201
-174
-209
-285
-357
-407
-439
-468
-486
-469
-414
-343
-295
-282
-290
-275
-216
-116
-3
98
172
216
244
284
354
425
455
451
450
470
493
505
516
529
522
482
426
386
368
349
308
261
234
239
256
246
206
163
135
85
-10
-106
-141
-130
-132
-181
-250
-295
-291
-230
-140
-52
24
84
115
103
63
27
0
-20
-41
-72
-100
-114
-102
-92
-85
-61
-7
62
116
151
148
97
8
-92
-174
-234
-252
-214
-149
-121
-164
-245
-299
-285
-213
-124
-60
-46
-74
-111
-117
-95
-64
-26
32
115
181
214
235
281
345
389
411
438
473
483
436
360
300
284
300
299
261
168
44
-82
-167
-180
-130
-51
15
68
125
184
233
251
236
182
96
6
-70
-137
-224
-325
-410
-453
-465
-459
-449
-455
-496
-554
-577
-550
-508
-488
-468
-423
-373
-368
-409
-449
-447
-406
-352
-300
-220
-76
118
270
307
268
249
291
357
403
417
376
283
196
185
238
284
286
277
286
315
354
403
454
499
542
590
615
574
468
351
276
227
172
95
32
10
22
28
2
-59
-140
-230
-307
-326
-267
-161
-73
-23
-2
5
-7
-64
-176
-298
-359
-333
-275
-278
-355
-447
-484
-449
-377
-316
-312
-376
-463
-506
-478
-421
-396
-398
-382
-300
-147
41
203
281
283
263
270
302
331
346
357
383
425
456
445
382
285
172
51
-68
-169
-218
-221
-234
-309
-432
-564
-695
-842
-1000
-1115
-1155
-1132
-1102
-1089
-1080
-1042
-955
-825
-681
-531
-358
-152
55
216
333
433
542
673
839
1022
1181
1288
1364
1437
1515
1591
1659
1713
1769
1841
1932
2016
2063
2066
2048
2046
2085
2150
2190
2152
1998
1707
1314
931
667
497
282
-130
-752
-1460
-2074
-2474
-2678
-2828
-3077
-3427
-3731
-3803
-3566
-3103
-2599
-2234
-2028
-1832
-1457
-886
-332
-44
-64
-211
-233
-48
222
339
170
-170
-408
-354
-79
154
129
-131
-391
-421
-216
18
53
-131
-349
-377
-155
152
319
260
131
161
459
920
1334
1573
1685
1828
2105
2469
2784
2968
3054
3153
3332
3554
3703
3672
3482
3272
3165
3138
3031
2728
2263
1744
1262
797
240
-526
-1495
-2502
-3326
-3884
-4290
-4746
-5327
-5868
-6107
-5906
-5384
-4797
-4344
-4009
-3626
-3039
-2283
-1544
-1031
-790
-689
-491
-56
516
978
1156
1096
994
988
1061
1067
887
546
227
116
207
307
177
-212
-667
-921
-891
-723
-634
-699
-809
-784
-543
-149
253
579
867
1242
1780
2421
3022
3477
3796
4089
4437
4828
5173
5400
5516
5577
5642
5706
5680
5440
4946
4302
3675
3141
2591
1841
801
-419
-1604
-2580
-3348
-4052
-4835
-5679
-6371
-6688
-6555
-6128
-5657
-5328
-5120
-4861
-4388
-3705
-2997
-2479
-2191
-1963
-1566
-946
-273
189
350
364
487
812
1193
1406
1344
1101
857
743
739
677
394
-83
-536
-769
-801
-852
-1087
-1479
-1823
-1924
-1743
-1390
-1062
-846
-669
-336
252
979
1614
2029
2312
2664
3206
3901
4608
5187
5591
5879
6150
6443
6685
6756
6570
6151
5611
5073
4569
3982
3147
1996
620
-788
-2055
-3131
-4087
-5028
-5984
-6866
-7508
-7792
-7732
-7479
-7198
-6945
-6663
-6262
-5705
-5022
-4306
-3668
-3133
-2600
-1925
-1094
-258
400
823
1107
1394
1749
2106
2328
2323
2158
2015
1995
2027
1937
1637
1184
705
302
6
-234
-486
-759
-995
-1110
-1072
-901
-646
-352
-38
314
730
1197
1694
2197
2696
3193
3699
4227
4756
5248
5686
6097
6492
6837
7031
6966
6600
6009
5329
4670
4026
3267
2249
942
-511
-1896
-3056
-3996
-4840
-5716
-6631
-7434
-7921
-7976
-7681
-7260
-6902
-6610
-6239
-5656
-4890
-4084
-3366
-2758
-2187
-1542
-772
46
726
1111
1228
1277
1439
1723
1974
2022
1872
1666
1564
1563
1521
1303
917
483
110
-177
-409
-633
-855
-1032
-1086
-998
-824
-646
-474
-233
139
622
1147
1657
2149
2645
3185
3786
4412
4987
5437
5776
6065
6364
6638
6778
6661
6249
5649
5060
4625
4249
3659
2600
1088
-584
-2028
-3037
-3710
-4380
-5339
-6578
-7746
-8412
-8386
-7876
-7302
-6968
-6859
-6678
-6143
-5211
-4137
-3240
-2675
-2348
-2017
-1471
-698
109
714
1017
1114
1179
1346
1638
1952
2136
2115
1961
1803
1716
1676
1622
1485
1187
721
215
-123
-188
-72
21
-34
-191
-265
-73
405
1003
1503
1821
2064
2405
2953
3646
4304
4765
5010
5165
5348
5587
5856
6128
6360
6426
6189
5663
5073
4681
4486
4159
3305
1847
173
-1167
-1946
-2496
-3406
-4917
-6630
-7817
-8086
-7750
-7526
-7864
-8477
-8612
-7787
-6309
-5041
-4601
-4794
-4794
-3976
-2528
-1271
-837
-1054
-1116
-398
920
1992
2144
1527
986
1201
2033
2694
2537
1695
924
852
1347
1661
1225
217
-648
-836
-466
-94
-156
-562
-842
-600
101
841
1262
1407
1629
2200
3057
3904
4510
4872
5155
5529
6045
6621
7103
7361
7390
7285
7135
6941
6656
6243
5661
4855
3824
2648
1451
305
-827
-2041
-3395
-4803
-6059
-6991
-7604
-8057
-8477
-8832
-8979
-8805
-8351
-7779
-7270
-6866
-6447
-5875
-5161
-4459
-3897
-3458
-2987
-2334
-1499
-671
-87
207
395
726
1230
1694
1864
1725
1547
1630
1985
2294
2214
1724
1159
891
1012
1253
1281
1011
721
771
1262
1914
2359
2482
2536
2854
3508
4255
4799
5100
5359
5764
6281
6717
6956
7039
7075
7118
7151
7135
7000
6662
6109
5446
4777
4056
3157
2037
819
-376
-1531
-2733
-4028
-5319
-6445
-7304
-7952
-8499
-8990
-9341
-9449
-9256
-8804
-8211
-7654
-7221
-6828
-6300
-5590
-4821
-4163
-3663
-3246
-2780
-2176
-1502
-932
-591
-376
-76
394
907
1293
1477
1516
1523
1603
1740
1813
1713
1504
1350
1318
1336
1301
1217
1190
1337
1658
2015
2250
2356
2515
2905
3512
4138
4630
5010
5412
5893
6377
6750
6998
7209
7454
7701
7830
7765
7507
7091
6557
5983
5434
4837
4009
2871
1579
374
-684
-1766
-3021
-4386
-5620
-6569
-7284
-7920
-8531
-9016
-9241
-9153
-8814
-8357
-7916
-7539
-7160
-6679
-6067
-5386
-4711
-4068
-3463
-2882
-2308
-1737
-1232
-865
-600
-315
61
470
836
1141
1383
1553
1671
1803
1979
2113
2097
1924
1714
1618
1699
1894
2071
2155
2204
2340
2594
2890
3137
3337
3564
3863
4236
4632
4992
5270
5495
5757
6133
6571
6898
6991
6890
6758
6649
6441
5991
5366
4775
4288
3711
2826
1632
330
-899
-2015
-3101
-4236
-5422
-6562
-7534
-8253
-8750
-9111
-9376
-9471
-9285
-8856
-8363
-7958
-7593
-7124
-6473
-5725
-4994
-4360
-3797
-3226
-2543
-1782
-1106
-669
-382
-21
515
1080
1470
1645
1734
1883
2132
2382
2504
2470
2340
2215
2120
2058
2020
2027
2072
2139
2217
2322
2472
2676
2922
3191
3470
3745
4045
4407
4840
5266
5601
5828
6014
6250
6552
6824
6932
6869
6798
6840
6867
6618
6032
5308
4635
3947
3082
1999
815
-367
-1540
-2745
-3996
-5257
-6440
-7435
-8178
-8686
-9053
-9342
-9533
-9515
-9211
-8677
-8097
-7611
-7180
-6655
-5953
-5143
-4370
-3737
-3218
-2676
-1991
-1208
-500
25
417
830
1338
1934
2500
2894
3042
3038
3061
3163
3216
3089
2823
2598
2527
2566
2567
2432
2193
2002
2028
2279
2587
2743
2723
2689
2834
3223
3750
4220
4522
4724
4987
5379
5832
6228
6480
6558
6536
6551
6601
6479
6008
5325
4692
4149
3433
2409
1234
137
-898
-2033
-3325
-4667
-5919
-6994
-7860
-8552
-9132
-9650
-10050
-10195
-9977
-9472
-8922
-8509
-8140
-7562
-6693
-5734
-4921
-4284
-3671
-2921
-1993
-999
-147
430
844
1353
2066
2802
3309
3535
3642
3809
4070
4319
4389
4223
3929
3718
3662
3620
3413
3057
2751
2627
2648
2691
2687
2623
2527
2481
2569
2826
3180
3545
3882
4206
4531
4831
5083
5309
5597
5968
6292
6417
6347
6198
5986
5608
5049
4433
3821
3108
2187
1111
0
-1125
-2340
-3665
-4997
-6170
-7117
-7920
-8706
-9456
-10026
-10313
-10355
-10232
-9956
-9534
-9002
-8370
-7592
-6688
-5781
-4966
-4195
-3363
-2421
-1412
-404
499
1268
1971
2718
3490
4161
4652
5021
5331
5564
5658
5603
5417
5127
4791
4446
4096
3682
3215
2771
2434
2203
2018
1854
1747
1729
1793
1887
1996
2146
2387
2737
3181
3646
4040
4301
4495
4800
5295
5821
6118
6128
6039
5992
5904
5608
5107
4498
3821
3015
2067
1027
-81
-1286
-2601
-3949
-5237
-6397
-7443
-8387
-9205
-9821
-10206
-10412
-10473
-10330
-9926
-9348
-8750
-8174
-7528
-6734
-5800
-4803
-3823
-2949
-2136
-1264
-253
763
1605
2268
2900
3577
4226
4755
5130
5320
5335
5243
5155
5048
4806
4357
3779
3219
2765
2409
2077
1729
1400
1203
1192
1328
1488
1603
1698
1868
2199
2702
3277
3797
4186
4482
4774
5164
5672
6180
6492
6538
6477
6494
6545
6385
5928
5327
4724
3997
2977
1726
476
-679
-1857
-3154
-4509
-5757
-6829
-7761
-8625
-9406
-10027
-10411
-10535
-10409
-10054
-9562
-9034
-8502
-7862
-7028
-6066
-5132
-4320
-3579
-2764
-1771
-633
409
1135
1613
2177
3020
3928
4542
4764
4793
4858
4997
5111
5053
4749
4296
3886
3640
3453
3150
2680
2168
1786
1622
1641
1717
1744
1728
1786
2004
2354
2741
3116
3503
3949
4440
4905
5299
5661
6054
6438
6680
6740
6695
6607
6365
5886
5266
4660
4020
3110
1830
392
-888
-1940
-2982
-4234
-5655
-6997
-8055
-8829
-9434
-9956
-10373
-10600
-10543
-10164
-9555
-8903
-8341
-7801
-7103
-6144
-5002
-3870
-2921
-2157
-1365
-329
877
1937
2632
3093
3574
4164
4724
5081
5197
5146
5030
4880
4682
4386
3978
3467
2893
2312
1780
1354
1032
800
626
510
488
591
824
1143
1495
1845
2182
2539
2959
3470
4017
4482
4792
5028
5389
5956
6561
6884
6752
6298
5823
5537
5390
5111
4388
3141
1636
304
-641
-1408
-2418
-3859
-5488
-6835
-7651
-8131
-8694
-9510
-10317
-10674
-10411
-9769
-9125
-8687
-8359
-7878
-7042
-5897
-4702
-3700
-2926
-2202
-1312
-177
1064
2115
2769
3166
3676
4468
5300
5781
5791
5552
5361
5328
5311
5055
4411
3499
2653
2129
1886
1675
1328
917
647
642
841
1082
1240
1331
1516
1923
2517
3116
3608
4021
4420
4786
5113
5514
6081
6668
6955
6819
6490
6290
6219
5998
5402
4513
3525
2507
1391
152
-1104
-2269
-3379
-4585
-5929
-7230
-8236
-8876
-9303
-9711
-10116
-10359
-10239
-9708
-8944
-8235
-7710
-7211
-6482
-5440
-4259
-3165
-2278
-1559
-881
-95
850
1805
2543
2982
3272
3610
4018
4352
4457
4328
4095
3910
3791
3593
3191
2602
1984
1458
1055
743
494
327
268
344
510
705
895
1142
1520
2015
2525
2986
3462
4034
4652
5147
5451
5706
6140
6744
7231
7303
6990
6598
6319
6059
5595
4849
3887
2793
1615
409
-766
-1916
-3127
-4460
-5833
-7084
-8076
-8829
-9424
-9889
-10156
-10151
-9888
-9441
-8882
-8246
-7556
-6822
-6055
-5261
-4395
-3411
-2351
-1401
-717
-207
382
1182
2025
2644
2923
2991
3105
3425
3870
4155
4062
3664
3232
2942
2736
2485
2133
1680
1178
760
639
868
1248
1462
1391
1234
1358
1961
2827
3512
3778
3873
4239
4994
5798
6244
6321
6385
6733
7256
7541
7306
6686
6071
5681
5381
4867
3983
2806
1494
138
-1221
-2489
-3590
-4573
-5621
-6870
-8199
-9271
-9776
-9755
-9578
-9593
-9786
-9780
-9232
-8175
-7045
-6253
-5850
-5501
-4812
-3679
-2368
-1354
-889
-742
-378
484
1556
2309
2493
2338
2277
2541
3015
3367
3362
3066
2716
2468
2276
2059
1798
1502
1178
845
606
561
775
1185
1589
1774
1755
1844
2348
3236
4139
4715
4935
5070
5399
5955
6547
6970
7214
7401
7592
7686
7520
7036
6346
5633
5015
4438
3688
2548
969
-798
-2336
-3364
-4004
-4704
-5826
-7321
-8738
-9599
-9718
-9332
-8952
-8941
-9204
-9224
-8566
-7299
-5923
-4937
-4463
-4257
-3872
-3022
-1819
-737
-178
-98
-97
173
736
1356
1778
1892
1803
1689
1660
1671
1645
1566
1425
1187
860
576
477
528
562
445
224
94
271
783
1401
1826
1992
2185
2721
3636
4653
5450
5895
6079
6214
6469
6899
7425
7925
8259
8287
7933
7242
6416
5683
5138
4647
3927
2768
1200
-487
-1972
-3083
-3878
-4598
-5500
-6682
-7979
-9053
-9577
-9439
-8852
-8266
-8047
-8156
-8176
-7667
-6561
-5224
-4181
-3728
-3675
-3504
-2815
-1714
-687
-116
30
58
185
419
690
975
1272
1524
1620
1523
1330
1225
1285
1418
1442
1275
980
694
510
444
471
556
702
923
1233
1577
1909
2274
2806
3575
4480
5304
5898
6263
6495
6726
7072
7551
8047
8380
8443
8157
7472
6458
5425
4710
4334
3902
2950
1318
-691
-2532
-3765
-4400
-4857
-5610
-6784
-8093
-9119
-9547
-9321
-8618
-7792
-7154
-6786
-6525
-6114
-5390
-4373
-3308
-2523
-2189
-2161
-2114
-1839
-1376
-897
-543
-364
-358
-480
-641
-696
-533
-174
175
281
134
-58
-110
-36
43
117
256
466
620
605
488
463
716
1273
1994
2630
2984
3097
3230
3655
4419
5346
6202
6805
7071
7047
6934
7005
7398
8019
8550
8591
7890
6543
5020
3887
3411
3331
3015
1922
-7
-2264
-4136
-5180
-5526
-5719
-6252
-7223
-8336
-9196
-9509
-9200
-8379
-7290
-6238
-5491
-5158
-5057
-4821
-4190
-3263
-2379
-1790
-1479
-1296
-1159
-1065
-999
-874
-626
-307
-111
-203
-532
-841
-881
-627
-245
79
229
170
-74
-376
-543
-431
-45
442
778
816
668
654
1014
1725
2559
3285
3777
4065
4331
4812
5591
6498
7251
7655
7729
7678
7743
8034
8431
8669
8468
7663
6352
4903
3751
3062
2585
1858
543
-1301
-3262
-4825
-5768
-6260
-6669
-7225
-7892
-8490
-8836
-8813
-8395
-7652
-6702
-5661
-4656
-3856
-3350
-3047
-2763
-2380
-1886
-1308
-719
-285
-180
-424
-833
-1146
-1198
-1036
-876
-913
-1144
-1405
-1559
-1608
-1583
-1462
-1227
-948
-756
-696
-695
-608
-335
112
604
1008
1307
1615
2022
2499
2956
3364
3768
4222
4753
5367
6037
6636
7017
7134
7132
7220
7518
7985
8426
8544
8044
6861
5272
3784
2800
2302
1845
894
-722
-2691
-4474
-5745
-6548
-7122
-7639
-8112
-8456
-8612
-8581
-8384
-7984
-7294
-6293
-5132
-4077
-3292
-2782
-2432
-2135
-1803
-1373
-850
-342
5
89
-115
-528
-957
-1189
-1159
-1003
-939
-1054
-1270
-1446
-1506
-1453
-1307
-1100
-878
-681
-512
-350
-199
-36
199
549
987
1457
1947
2459
2985
3493
3982
4465
4970
5535
6198
6913
7502
7799
7798
7678
7647
7808
8121
8372
8233
7455
6080
4450
3011
2016
1370
675
-462
-2088
-3860
-5353
-6409
-7142
-7710
-8160
-8444
-8519
-8386
-8108
-7748
-7277
-6568
-5543
-4325
-3175
-2325
-1859
-1712
-1689
-1549
-1166
-636
-170
52
-38
-400
-899
-1329
-1509
-1391
-1094
-844
-832
-1065
-1356
-1472
-1340
-1064
-780
-530
-297
-88
50
108
175
404
893
1579
2244
2707
2988
3269
3745
4422
5132
5639
5872
5954
6095
6403
6850
7355
7804
8140
8320
8322
7989
7136
5800
4248
2891
1943
1422
1029
305
-1115
-3155
-5313
-7056
-8112
-8542
-8584
-8495
-8409
-8265
-7990
-7615
-7207
-6701
-5961
-5024
-4051
-3204
-2530
-2027
-1648
-1277
-835
-334
105
304
119
-445
-1137
-1642
-1790
-1607
-1207
-756
-488
-568
-939
-1386
-1715
-1809
-1585
-1041
-337
291
677
787
696
590
696
1113
1727
2333
2818
3202
3580
4039
4587
5118
5522
5816
6108
6464
6832
7123
7305
7412
7523
7651
7668
7337
6548
5440
4282
3260
2394
1593
667
-555
-2092
-3733
-5192
-6297
-7031
-7504
-7859
-8179
-8421
-8471
-8253
-7752
-6998
-6038
-4966
-3911
-2995
-2316
-1904
-1699
-1534
-1257
-789
-168
491
993
1116
763
74
-629
-1065
-1128
-902
-578
-351
-352
-572
-917
-1243
-1406
-1268
-799
-139
447
728
689
532
559
926
1555
2190
2638
2891
3080
3345
3732
4213
4717
5191
5608
5963
6241
6418
6496
6551
6690
6952
7224
7276
6863
5900
4550
3150
1990
1143
461
-340
-1501
-3067
-4809
-6369
-7496
-8127
-8369
-8397
-8414
-8505
-8576
-8443
-7995
-7255
-6284
-5149
-3954
-2851
-1958
-1344
-1016
-884
-729
-343
299
1013
1515
1582
1173
484
-156
-506
-522
-313
-31
182
231
115
-97
-333
-505
-503
-264
149
569
863
1003
1059
1138
1321
1622
1987
2386
2807
3239
3628
3969
4304
4669
5051
5393
5621
5673
5597
5577
5772
6173
6600
6859
6811
6331
5363
3990
2486
1205
358
-125
-599
-1450
-2811
-4480
-6097
-7355
-8116
-8408
-8413
-8348
-8328
-8312
-8182
-7841
-7226
-6307
-5122
-3809
-2592
-1692
-1222
-1097
-1076
-891
-386
409
1283
1939
2159
1923
1388
791
328
125
196
423
613
621
435
127
-208
-470
-556
-456
-253
-55
99
216
318
446
650
953
1337
1777
2226
2616
2905
3150
3480
3965
4535
5039
5381
5572
5682
5761
5848
5981
6196
6444
6540
6223
5347
4025
2579
1357
526
-8
-539
-1365
-2580
-4024
-5459
-6705
-7671
-8316
-8643
-8695
-8531
-8203
-7752
-7202
-6550
-5775
-4879
-3931
-3026
-2254
-1639
-1135
-608
33
770
1476
2033
2361
2403
2166
1761
1396
1255
1387
1666
1865
1827
1586
1285
1005
745
524
417
446
540
604
601
541
456
402
425
540
733
1025
1440
1928
2414
2844
3217
3520
3752
3934
4080
4230
4467
4896
5497
6079
6422
6391
5958
5148
4070
2930
1969
1338
992
676
-7
-1302
-3108
-5015
-6615
-7710
-8292
-8477
-8441
-8391
-8460
-8662
-8878
-8894
-8497
-7584
-6242
-4730
-3358
-2354
-1778
-1523
-1348
-984
-259
778
1876
2725
3115
3044
2687
2291
2044
2023
2179
2384
2504
2460
2258
1956
1617
1283
971
691
446
252
149
190
378
631
830
917
927
941
1017
1193
1494
1934
2502
3147
3775
4283
4623
4828
4946
5019
5111
5337
5733
6186
6468
6371
5809
4851
3712
2603
1650
816
-22
-985
-2076
-3239
-4410
-5574
-6671
-7602
-8277
-8699
-8924
-8978
-8842
-8499
-7958
-7228
-6331
-5328
-4311
-3367
-2565
-1912
-1317
-623
253
1212
2060
2659
3001
3168
3252
3304
3324
3284
3178
3012
2797
2547
2310
2136
2001
1818
1510
1096
634
171
-251
-534
-575
-367
-32
246
360
349
358
502
801
1192
1615
2076
2622
3274
3948
4468
4705
4715
4718
4907
5290
5700
5940
5876
5440
4636
3566
2417
1392
554
-186
-1015
-2052
-3292
-4632
-5947
-7120
-8060
-8712
-9101
-9307
-9409
-9418
-9277
-8924
-8335
-7532
-6574
-5534
-4495
-3523
-2664
-1904
-1148
-272
733
1715
2482
2968
3258
3472
3675
3851
3937
3900
3742
3504
3219
2936
2693
2475
2214
1843
1369
828
312
-77
-256
-241
-99
74
193
216
205
312
627
1097
1590
2031
2443
2906
3478
4110
4669
5062
5324
5565
5850
6156
6392
6481
6388
6093
5549
4724
3731
2756
1921
1121
194
-965
-2285
-3652
-4934
-6048
-6960
-7677
-8234
-8676
-9049
-9347
-9475
-9310
-8804
-8019
-7070
-6073
-5127
-4282
-3507
-2699
-1790
-754
367
1479
2446
3194
3747
4171
4491
4698
4791
4802
4736
4588
4334
3993
3599
3188
2721
2131
1399
614
-68
-532
-779
-909
-1033
-1196
-1344
-1411
-1376
-1256
-1033
-658
-129
497
1170
1864
2558
3190
3708
4094
4400
4725
5145
5639
6072
6294
6243
5965
5512
4908
4159
3301
2391
1467
527
-485
-1620
-2877
-4159
-5363
-6416
-7281
-7950
-8478
-8983
-9493
-9889
-9975
-9654
-8973
-8073
-7121
-6233
-5412
-4578
-3678
-2691
-1620
-451
755
1898
2882
3697
4366
4908
5306
5530
5571
5444
5206
4930
4685
4487
4296
3997
3470
2683
1740
852
177
-252
-536
-779
-1001
-1174
-1294
-1405
-1494
-1470
-1212
-697
-6
762
1553
2352
3110
3741
4179
4480
4815
5304
5895
6405
6707
6781
6652
6359
5933
5397
4742
3986
3150
2239
1218
77
-1142
-2363
-3516
-4564
-5504
-6373
-7209
-8035
-8834
-9546
-10056
-10221
-9969
-9372
-8610
-7847
-7140
-6432
-5646
-4720
-3642
-2436
-1144
161
1402
2512
3466
4290
4994
5538
5879
6044
6107
6127
6110
6010
5761
5292
4577
3655
2649
1731
1032
530
80
-455
-1070
-1651
-2087
-2366
-2529
-2570
-2424
-2021
-1393
-649
73
707
1272
1800
2315
2863
3509
4257
4977
5505
5770
5828
5803
5789
5785
5692
5388
4849
4125
3275
2294
1168
-85
-1382
-2597
-3635
-4491
-5246
-5989
-6776
-7642
-8554
-9358
-9837
-9862
-9496
-8909
-8255
-7608
-6987
-6354
-5656
-4843
-3881
-2762
-1513
-211
1026
2118
3037
3806
4433
4942
5371
5757
6110
6395
6557
6503
6183
5605
4853
4029
3220
2492
1873
1328
798
224
-404
-1030
-1552
-1891
-2036
-2012
-1809
-1408
-861
-299
147
434
616
821
1221
1908
2818
3759
4550
5084
5360
5471
5528
5582
5629
5660
5662
5528
5077
4203
2975
1616
337
-745
-1649
-2477
-3318
-4197
-5096
-6051
-7079
-8123
-9004
-9557
-9733
-9602
-9249
-8748
-8174
-7600
-7024
-6413
-5697
-4800
-3661
-2330
-942
373
1557
2597
3470
4182
4748
5218
5641
6058
6439
6687
6707
6472
5998
5312
4465
3550
2653
1844
1161
640
260
-80
-502
-1059
-1693
-2263
-2592
-2551
-2167
-1586
-973
-441
-43
221
446
747
1222
1864
2626
3404
4097
4601
4845
4862
4765
4756
4911
5169
5317
5138
4571
3683
2648
1618
691
-108
-828
-1526
-2273
-3112
-4100
-5215
-6334
-7314
-8065
-8589
-8905
-9039
-9027
-8874
-8582
-8140
-7560
-6832
-5912
-4802
-3582
-2389
-1287
-251
758
1756
2716
3597
4373
5049
5631
6063
6287
6306
6190
5969
5596
5028
4287
3453
2607
1810
1096
458
-125
-690
-1233
-1715
-2095
-2338
-2446
-2412
-2243
-1945
-1597
-1286
-1039
-744
-323
262
941
1684
2412
3058
3601
4034
4440
4830
5237
5624
5940
6046
5877
5468
4930
4378
3825
3249
2581
1835
1020
124
-921
-2103
-3346
-4560
-5645
-6567
-7241
-7707
-8047
-8369
-8690
-8923
-8981
-8713
-8038
-7006
-5832
-4703
-3654
-2638
-1616
-583
478
1566
2665
3722
4661
5377
5817
6018
6070
5997
5760
5350
4812
4210
3543
2785
1978
1190
471
-231
-946
-1618
-2169
-2557
-2822
-2974
-3031
-2956
-2742
-2445
-2180
-1994
-1777
-1394
-805
-72
697
1414
1986
2394
2737
3134
3687
4292
4850
5199
5362
5293
5024
4608
4176
3797
3438
3093
2715
2271
1618
724
-448
-1684
-2861
-3778
-4516
-5086
-5569
-6003
-6422
-6868
-7264
-7566
-7666
-7528
-7128
-6484
-5676
-4752
-3780
-2783
-1800
-829
208
1304
2365
3246
3931
4522
5088
5613
5999
6151
6019
5624
5066
4440
3805
3172
2567
1984
1356
630
-176
-955
-1623
-2174
-2610
-2928
-3075
-3110
-3117
-3144
-3122
-2990
-2695
-2213
-1584
-842
-126
552
1145
1687
2238
2820
3460
4039
4530
4877
5068
5068
4861
4586
4316
4070
3721
3217
2570
1827
1054
254
-572
-1390
-2203
-2949
-3650
-4268
-4762
-5173
-5493
-5798
-6010
-6074
-5940
-5622
-5195
-4685
-4191
-3678
-3127
-2500
-1796
-1106
-430
173
756
1324
1886
2432
2881
3225
3425
3507
3453
3303
3126
2996
2870
2667
2315
1830
1250
614
31
-452
-768
-976
-1121
-1258
-1406
-1592
-1874
-2224
-2484
-2507
-2271
-1850
-1403
-970
-628
-319
0
379
817
1314
1886
2471
2996
3388
3644
3801
3772
3631
3407
3241
3207
3168
3021
2545
1826
957
134
-613
-1217
-1729
-2135
-2485
-2748
-2959
-3207
-3564
-4036
-4392
-4484
-4209
-3702
-3113
-2495
-1940
-1419
-1043
-739
-498
-239
113
590
1178
1750
2166
2381
2424
2356
2272
2185
2169
2152
2145
2106
1995
1778
1367
849
275
-218
-567
-742
-739
-718
-760
-935
-1183
-1394
-1556
-1622
-1629
-1595
-1507
-1387
-1165
-888
-590
-341
-165
41
326
775
1226
1642
1914
2068
2128
2041
1891
1723
1608
1498
1329
1067
814
484
150
-291
-698
-1093
-1388
-1512
-1469
-1287
-1193
-1161
-1319
-1514
-1715
-1807
-1644
-1287
-692
-167
232
399
368
224
32
-11
146
476
777
945
984
948
849
615
348
110
36
82
218
426
624
734
703
644
611
615
571
478
367
305
311
342
308
132
-178
-553
-893
-1143
-1260
-1238
-1111
-972
-878
-848
-833
-840
-812
-754
-624
-447
-222
-11
122
102
12
-105
-217
-371
-558
-707
-830
-898
-1012
-1111
-1244
-1279
-1245
-1119
-994
-958
-949
-907
-648
-257
240
589
892
1109
1394
1663
1917
2128
2245
2283
2234
2172
2127
2131
2052
1857
1500
1138
809
578
428
319
225
58
-104
-275
-387
-453
-452
-360
-255
-196
-199
-213
-143
71
368
673
841
874
771
614
483
429
409
379
284
143
-89
-359
-651
-854
-1020
-1130
-1220
-1285
-1355
-1471
-1567
-1646
-1673
-1646
-1571
-1522
-1531
-1651
-1742
-1860
-1789
-1661
-1369
-1166
-1021
-974
-978
-893
-752
-464
-186
95
349
601
808
996
1122
1316
1490
1745
1948
2096
2147
2044
1926
1673
1479
1190
1090
1096
1232
1266
1201
1081
976
866
780
738
702
673
550
446
271
161
90
138
225
245
189
38
-89
-169
-152
-99
-22
120
343
524
595
551
467
370
238
136
-9
-164
-402
-661
-918
-1210
-1466
-1747
-2045
-2425
-2874
-3270
-3619
-3805
-3872
-3771
-3629
-3479
-3321
-3172
-2926
-2646
-2214
-1770
-1226
-734
-157
317
877
1280
1641
1801
1926
2129
2293
2455
2354
2273
2077
1926
1691
1457
1289
1148
1043
911
787
665
526
519
607
877
1161
1475
1739
1867
1857
1732
1695
1775
2038
2280
2401
2208
1909
1574
1333
1154
1071
1088
1083
1060
946
804
601
388
208
53
-14
-76
-54
-83
-130
-358
-620
-920
-1202
-1476
-1797
-2026
-2303
-2495
-2705
-2815
-2914
-3016
-3148
-3302
-3424
-3495
-3490
-3343
-3082
-2656
-2170
-1699
-1295
-1034
-809
-629
-332
15
456
798
1110
1258
1315
1247
1126
998
902
835
848
841
824
731
606
450
367
457
716
1048
1230
1307
1237
1195
1173
1263
1449
1675
1850
2010
2160
2330
2397
2318
2144
1895
1776
1708
1801
1867
1832
1643
1294
1028
736
544
233
13
-163
-241
-393
-742
-1128
-1472
-1603
-1744
-1941
-2254
-2566
-2777
-2797
-2646
-2483
-2431
-2516
-2597
-2650
-2589
-2425
-2093
-1707
-1429
-1344
-1443
-1522
-1596
-1579
-1600
-1520
-1373
-1122
-945
-955
-1081
-1229
-1274
-1265
-1121
-897
-587
-299
2
249
449
613
826
1073
1324
1562
1768
2006
2207
2366
2423
2422
2453
2461
2543
2576
2682
2745
2778
2703
2480
2237
2130
2258
2509
2671
2643
2503
2328
2264
2222
2215
2116
1954
1753
1518
1334
1108
903
582
268
-85
-397
-776
-1099
-1384
-1500
-1603
-1632
-1801
-2037
-2364
-2629
-2661
-2555
-2243
-2030
-1819
-1749
-1673
-1618
-1555
-1582
-1679
-1758
-1736
-1685
-1716
-1821
-2042
-2274
-2519
-2584
-2613
-2571
-2635
-2674
-2769
-2771
-2655
-2305
-1786
-1254
-758
-351
120
538
989
1287
1514
1583
1623
1654
1679
1737
1789
1897
1968
1993
1988
1949
1984
1994
2078
2136
2108
2010
1815
1791
1775
1884
1896
1895
1728
1493
1249
1120
1143
1173
1129
893
595
317
80
-84
-184
-178
-183
-304
-549
-789
-886
-789
-595
-367
-207
-148
-148
-241
-361
-592
-825
-1031
-1066
-1005
-926
-1052
-1308
-1582
-1750
-1814
-1867
-1860
-1839
-1812
-1887
-2011
-2140
-2182
-2120
-1975
-1739
-1460
-1131
-808
-582
-477
-419
-299
-53
289
645
933
1067
1124
1199
1308
1411
1472
1536
1614
1663
1705
1707
1728
1698
1737
1737
1737
1718
1682
1725
1667
1641
1503
1403
1226
1059
850
668
484
315
204
148
203
270
255
92
-129
-269
-279
-229
-145
-69
-53
-74
-119
-111
-94
-137
-159
-208
-133
-142
-164
-395
-651
-936
-1118
-1238
-1337
-1386
-1468
-1588
-1766
-1933
-2038
-2119
-2161
-2077
-1863
-1526
-1184
-858
-625
-501
-468
-402
-295
-98
63
218
267
238
154
96
92
81
62
54
132
276
449
565
612
626
682
755
795
748
675
655
750
904
999
956
801
612
548
556
637
602
533
444
365
279
139
5
-110
-155
-146
-50
94
262
290
252
129
118
140
235
304
269
259
195
287
309
400
369
309
232
215
322
404
435
266
34
-211
-247
-158
18
86
7
-106
-288
-398
-550
-588
-599
-616
-657
-706
-646
-634
-637
-735
-776
-774
-742
-663
-552
-353
-159
41
130
172
47
-50
-188
-226
-238
-209
-96
-40
37
-65
-181
-322
-331
-197
-54
83
19
-39
-163
-204
-229
-258
-254
-318
-291
-219
-56
74
105
39
-121
-286
-389
-357
-242
-192
-253
-376
-393
-321
-194
-83
-25
34
126
380
663
863
888
907
986
1206
1393
1603
1627
1639
1585
1671
1782
1884
1889
1783
1664
1506
1420
1284
1193
1038
914
748
514
190
-175
-467
-657
-749
-772
-804
-893
-1066
-1202
-1215
-1062
-853
-681
-622
-728
-889
-1015
-950
-812
-688
-757
-917
-1143
-1204
-1194
-1143
-1154
-1204
-1257
-1374
-1465
-1560
-1510
-1439
-1292
-1227
-1210
-1288
-1362
-1415
-1458
-1553
-1673
-1656
-1464
-1159
-1011
-1010
-1095
-1034
-859
-604
-317
14
316
594
806
1037
1258
1442
1685
1889
2172
2370
2539
2631
2702
2814
2911
3017
3014
2996
2850
2675
2463
2293
2221
2203
2231
2189
2050
1868
1714
1632
1535
1355
1043
681
360
124
-31
-165
-239
-298
-342
-454
-609
-746
-808
-829
-844
-888
-953
-1057
-1156
-1216
-1242
-1261
-1358
-1477
-1695
-1957
-2313
-2653
-2876
-2949
-2916
-2965
-3137
-3398
-3608
-3688
-3632
-3430
-3183
-2916
-2756
-2658
-2659
-2649
-2513
-2186
-1715
-1240
-806
-455
-156
86
411
789
1305
1736
2159
2392
2603
2717
2810
2908
2972
3102
3125
3141
3079
3022
2935
2830
2795
2874
3028
3127
3048
2799
2468
2234
2134
2170
2206
2201
2066
1860
1605
1465
1370
1344
1254
1189
1167
1150
1098
858
535
136
-100
-229
-288
-463
-745
-1098
-1433
-1746
-1992
-2186
-2334
-2475
-2660
-2814
-2975
-3066
-3171
-3268
-3406
-3538
-3640
-3679
-3668
-3663
-3663
-3654
-3547
-3375
-3194
-3028
-2852
-2589
-2266
-1894
-1516
-1164
-916
-773
-636
-349
151
728
1191
1390
1414
1420
1558
1781
2052
2226
2311
2301
2375
2533
2670
2659
2489
2353
2297
2353
2380
2391
2461
2617
2834
2937
2914
2729
2531
2391
2362
2362
2314
2206
2039
1879
1716
1630
1569
1515
1396
1195
925
615
281
-55
-405
-702
-888
-1006
-1176
-1494
-1944
-2405
-2824
-3133
-3376
-3540
-3636
-3691
-3766
-3890
-3921
-3826
-3601
-3440
-3324
-3233
-3042
-2818
-2610
-2472
-2302
-2061
-1827
-1682
-1594
-1450
-1238
-1064
-972
-938
-818
-566
-192
153
384
501
602
761
979
1229
1451
1631
1729
1812
1936
2213
2504
2738
2782
2762
2761
2860
3050
3210
3325
3316
3340
3375
3452
3449
3353
3184
2972
2824
2731
2716
2619
2474
2238
2021
1840
1725
1620
1371
1023
659
469
309
124
-209
-599
-981
-1267
-1431
-1613
-1890
-2244
-2518
-2626
-2530
-2324
-2123
-2116
-2335
-2662
-2881
-2855
-2664
-2452
-2384
-2466
-2650
-2812
-2875
-2860
-2782
-2676
-2525
-2389
-2286
-2209
-2135
-2105
-2096
-1975
-1679
-1276
-978
-855
-881
-1000
-1150
-1260
-1224
-994
-668
-329
-26
302
603
828
911
1033
1293
1760
2271
2592
2628
2445
2386
2531
2888
3141
3259
3190
3042
2908
2831
2892
2993
3026
2903
2583
2264
1942
1731
1457
1205
864
529
239
12
-135
-319
-421
-509
-552
-633
-656
-579
-483
-460
-513
-479
-351
-231
-209
-278
-308
-365
-404
-516
-539
-514
-458
-488
-632
-791
-989
-1152
-1361
-1565
-1784
-2018
-2182
-2283
-2282
-2308
-2370
-2446
-2453
-2270
-1975
-1639
-1526
-1580
-1719
-1655
-1368
-936
-593
-420
-358
-274
-94
150
437
746
1054
1341
1555
1686
1701
1693
1690
1816
2013
2256
2360
2272
1985
1672
1516
1548
1711
1708
1578
1252
996
706
532
411
405
393
328
282
242
258
166
107
37
42
19
-43
-111
-141
-62
123
302
374
314
233
206
251
376
569
710
725
562
295
48
-48
94
297
372
144
-298
-814
-1163
-1308
-1270
-1182
-1143
-1188
-1425
-1774
-2166
-2386
-2384
-2222
-2023
-1924
-1951
-2047
-2054
-1830
-1401
-917
-557
-397
-388
-422
-370
-218
-12
160
304
386
342
145
-63
-135
0
217
360
322
172
59
105
192
231
176
94
40
-20
-6
99
313
526
514
335
87
51
183
404
579
666
729
848
1089
1367
1584
1689
1749
1804
1903
1993
2070
2018
1921
1796
1802
1859
1879
1747
1441
1214
1121
1239
1278
1130
820
553
559
715
824
615
169
-323
-578
-521
-348
-388
-826
-1454
-1968
-2135
-1989
-1673
-1444
-1513
-1913
-2380
-2576
-2309
-1714
-1102
-775
-901
-1332
-1776
-1853
-1566
-1066
-702
-603
-796
-1182
-1547
-1736
-1583
-1215
-898
-902
-1252
-1710
-1999
-1920
-1504
-948
-512
-387
-533
-813
-918
-700
-167
450
896
1022
864
616
597
965
1579
2093
2231
2042
1720
1514
1533
1783
2091
2319
2363
2284
2192
2184
2295
2434
2507
2420
2269
2104
2103
2225
2484
2679
2666
2339
1860
1501
1443
1636
1853
1832
1361
578
-248
-648
-617
-349
-354
-818
-1592
-2352
-2773
-2948
-2893
-2868
-2848
-2962
-3181
-3429
-3534
-3329
-2877
-2344
-1939
-1765
-1774
-1859
-1847
-1651
-1309
-995
-914
-1095
-1454
-1756
-1881
-1833
-1804
-1911
-2126
-2288
-2283
-2077
-1700
-1247
-891
-791
-918
-1037
-867
-371
235
724
1005
1173
1322
1500
1762
2113
2551
2961
3211
3226
3042
2881
2906
3166
3477
3668
3640
3493
3319
3164
3048
2996
3058
3100
3006
2729
2416
2257
2277
2371
2317
2049
1659
1336
1207
1196
1153
829
214
-488
-831
-694
-416
-539
-1327
-2446
-3382
-3747
-3665
-3540
-3730
-4251
-4840
-5202
-5150
-4666
-3926
-3222
-2815
-2759
-2889
-2936
-2649
-2062
-1399
-990
-945
-1179
-1481
-1645
-1638
-1557
-1612
-1817
-2062
-2171
-2102
-1942
-1793
-1740
-1727
-1654
-1455
-1119
-674
-156
338
710
964
1197
1549
2040
2594
3065
3382
3583
3755
3978
4256
4547
4765
4877
4929
4981
5036
5058
5002
4843
4552
4192
3879
3703
3629
3534
3306
2933
2489
2151
2006
2034
2098
2075
1864
1322
445
-520
-1072
-1001
-626
-669
-1550
-3019
-4306
-4792
-4488
-4031
-4077
-4767
-5626
-6065
-5834
-5093
-4235
-3607
-3343
-3276
-3113
-2660
-1986
-1327
-947
-966
-1259
-1559
-1622
-1430
-1248
-1347
-1812
-2411
-2870
-3054
-3043
-3050
-3223
-3523
-3678
-3469
-2930
-2326
-1887
-1624
-1433
-1115
-561
221
1045
1696
2122
2403
2749
3274
3932
4504
4841
4999
5169
5443
5767
5982
6011
5890
5738
5610
5474
5315
5139
4938
4630
4191
3694
3272
2950
2696
2436
2188
1944
1760
1604
1389
914
96
-798
-1343
-1278
-933
-972
-1875
-3336
-4514
-4723
-4148
-3594
-3765
-4602
-5440
-5616
-4958
-3865
-2946
-2567
-2589
-2575
-2211
-1546
-884
-567
-726
-1157
-1495
-1456
-1136
-871
-1047
-1738
-2653
-3329
-3516
-3373
-3218
-3309
-3629
-3965
-3992
-3584
-2922
-2367
-2107
-2015
-1776
-1131
-132
899
1605
1925
2155
2633
3471
4416
5074
5268
5158
5135
5409
5889
6269
6307
6026
5683
5511
5536
5546
5367
4968
4478
3982
3535
3133
2753
2326
1747
1066
457
182
261
410
159
-713
-1836
-2483
-2186
-1362
-975
-1737
-3351
-4783
-5123
-4406
-3505
-3383
-4220
-5268
-5590
-4830
-3525
-2508
-2225
-2387
-2333
-1694
-678
149
422
148
-336
-659
-658
-489
-549
-1089
-2057
-2991
-3495
-3450
-3260
-3371
-3926
-4575
-4837
-4509
-3779
-3074
-2639
-2442
-2164
-1618
-809
77
826
1360
1713
2116
2737
3538
4287
4691
4719
4609
4719
5183
5743
6017
5819
5340
4958
4905
5099
5172
4871
4273
3708
3410
3282
3043
2482
1689
951
540
491
616
677
443
-134
-907
-1510
-1622
-1214
-684
-645
-1444
-2775
-3814
-3941
-3225
-2489
-2484
-3352
-4361
-4637
-3900
-2680
-1809
-1619
-1794
-1659
-930
110
817
870
456
85
55
276
375
45
-722
-1668
-2455
-2937
-3149
-3305
-3608
-4105
-4564
-4704
-4447
-3992
-3584
-3301
-3007
-2491
-1734
-929
-312
126
588
1246
2082
2918
3576
4023
4332
4568
4716
4791
4897
5086
5228
5151
4846
4513
4337
4295
4201
3871
3350
2856
2590
2532
2436
2090
1474
785
272
39
21
43
-44
-282
-629
-1032
-1441
-1744
-1784
-1517
-1235
-1344
-1996
-2830
-3256
-2992
-2289
-1795
-1932
-2557
-3040
-2891
-2144
-1257
-697
-526
-444
-73
554
1055
1072
694
304
215
326
268
-239
-1099
-1909
-2383
-2546
-2696
-3046
-3566
-3996
-4142
-4040
-3886
-3792
-3649
-3306
-2710
-2007
-1367
-878
-425
158
882
1607
2174
2615
3009
3425
3819
4120
4287
4337
4337
4271
4140
3913
3620
3249
2850
2466
2123
1803
1491
1206
907
537
79
-349
-637
-770
-851
-971
-1119
-1226
-1237
-1200
-1193
-1179
-1048
-700
-291
-94
-249
-503
-423
139
795
1012
650
165
134
677
1281
1327
731
16
-201
165
655
692
164
-505
-745
-475
-125
-199
-730
-1343
-1665
-1708
-1790
-2120
-2594
-2905
-2955
-2900
-3039
-3424
-3816
-3889
-3530
-2961
-2457
-2143
-1889
-1504
-938
-298
262
709
1096
1506
1946
2385
2740
2969
3081
3143
3236
3351
3420
3357
3116
2734
2273
1851
1529
1320
1142
919
615
260
-102
-442
-743
-964
-1049
-1028
-1020
-1114
-1270
-1316
-1115
-707
-283
-37
61
203
546
1036
1476
1759
1949
2209
2582
2916
3035
3004
3082
3417
3751
3669
3031
2216
1724
1662
1601
1045
-36
-1182
-1872
-2056
-2116
-2493
-3232
-3967
-4302
-4174
-3898
-3806
-3954
-4149
-4180
-4041
-3881
-3795
-3702
-3433
-2978
-2507
-2213
-2082
-1893
-1442
-762
-143
159
165
169
454
997
1502
1701
1590
1396
1333
1419
1502
1429
1205
930
671
385
21
-377
-660
-703
-547
-439
-592
-972
-1283
-1273
-947
-543
-300
-265
-301
-212
93
566
1075
1524
1887
2162
2374
2570
2842
3210
3587
3831
3854
3732
3598
3554
3546
3459
3234
2940
2716
2617
2549
2358
1965
1470
1042
780
611
351
-73
-600
-1085
-1500
-1910
-2362
-2775
-3011
-3083
-3145
-3362
-3709
-4010
-4094
-3950
-3725
-3554
-3432
-3206
-2797
-2324
-2007
-1883
-1763
-1429
-949
-559
-432
-450
-379
-119
233
478
541
446
329
277
289
282
175
-21
-252
-465
-629
-731
-785
-852
-993
-1168
-1274
-1183
-907
-577
-360
-285
-182
127
642
1119
1374
1470
1642
2013
2488
2882
3110
3251
3443
3700
3885
3893
3786
3709
3691
3642
3473
3234
3051
2992
2949
2703
2195
1627
1299
1241
1190
882
348
-160
-451
-558
-682
-973
-1413
-1813
-2015
-2043
-2100
-2353
-2734
-3019
-3059
-2959
-2943
-3083
-3229
-3195
-2967
-2691
-2495
-2390
-2270
-2091
-1892
-1751
-1668
-1602
-1514
-1401
-1290
-1229
-1217
-1191
-1074
-891
-740
-686
-722
-797
-869
-896
-864
-792
-751
-758
-788
-782
-732
-677
-649
-626
-529
-297
49
410
671
838
1026
1330
1726
2061
2236
2276
2296
2389
2548
2689
2748
2743
2732
2743
2763
2788
2811
2830
2816
2750
2636
2502
2377
2253
2099
1895
1664
1423
1172
908
675
490
331
124
-181
-575
-982
-1283
-1428
-1463
-1480
-1546
-1675
-1842
-1988
-2059
-2056
-1980
-1843
-1674
-1551
-1536
-1588
-1605
-1504
-1282
-1037
-891
-910
-1001
-1010
-875
-698
-644
-751
-920
-1026
-1036
-1040
-1135
-1312
-1463
-1486
-1389
-1238
-1105
-1003
-929
-845
-738
-615
-498
-382
-251
-101
76
298
556
788
942
1065
1261
1568
1916
2159
2210
2126
2076
2193
2416
2552
2445
2179
1996
2062
2276
2360
2187
1877
1669
1639
1652
1514
1163
726
368
136
-25
-190
-361
-525
-670
-825
-1000
-1166
-1256
-1235
-1163
-1153
-1284
-1481
-1581
-1454
-1177
-971
-997
-1163
-1237
-1083
-794
-575
-529
-593
-624
-552
-457
-493
-725
-1034
-1224
-1199
-1062
-1002
-1108
-1312
-1476
-1547
-1549
-1544
-1539
-1502
-1412
-1323
-1303
-1331
-1310
-1183
-1003
-823
-651
-438
-184
73
265
367
442
606
918
1303
1636
1846
1964
2032
2075
2112
2167
2242
2287
2300
2318
2392
2478
2493
2417
2298
2220
2209
2212
2124
1892
1565
1257
1053
957
882
720
446
124
-144
-320
-392
-393
-393
-474
-619
-736
-770
-772
-828
-945
-1066
-1109
-1059
-960
-909
-946
-1038
-1089
-1037
-922
-848
-896
-1030
-1177
-1283
-1348
-1376
-1385
-1418
-1494
-1600
-1687
-1726
-1704
-1621
-1526
-1460
-1439
-1424
-1391
-1348
-1311
-1294
-1291
-1260
-1112
-844
-531
-295
-145
-25
142
365
587
770
913
1070
1264
1481
1685
1829
1895
1896
1898
1948
2053
2152
2172
2102
2000
1924
1882
1865
1850
1793
1645
1428
1227
1089
989
854
639
374
142
13
-20
-14
-26
-72
-136
-186
-205
-214
-240
-266
-269
-259
-277
-310
-280
-168
-28
17
-60
-182
-242
-184
-101
-116
-317
-649
-965
-1151
-1197
-1226
-1330
-1502
-1643
-1691
-1680
-1699
-1791
-1908
-1957
-1915
-1857
-1875
-1986
-2093
-2097
-1976
-1796
-1635
-1521
-1415
-1242
-957
-600
-261
13
232
452
698
973
1233
1435
1566
1654
1745
1862
2007
2148
2265
2331
2332
2253
2139
2067
2062
2081
2006
1777
1421
1055
817
727
699
585
337
29
-215
-335
-383
-423
-466
-462
-402
-334
-321
-367
-419
-397
-267
-75
69
100
73
103
225
362
418
375
300
270
303
331
280
135
-34
-136
-156
-170
-292
-546
-846
-1075
-1188
-1252
-1377
-1609
-1882
-2099
-2227
-2333
-2473
-2613
-2660
-2548
-2326
-2102
-1965
-1911
-1856
-1700
-1415
-1063
-739
-488
-272
-20
306
670
999
1243
1408
1540
1683
1860
2044
2173
2198
2119
2019
1986
2046
2111
2076
1900
1623
1323
1072
910
817
729
592
427
309
275
311
366
394
366
309
280
313
379
446
505
571
642
694
734
774
825
875
939
1045
1188
1306
1341
1306
1242
1163
1048
897
710
501
282
86
-83
-271
-526
-848
-1176
-1455
-1665
-1817
-1932
-2057
-2243
-2483
-2692
-2772
-2693
-2533
-2421
-2440
-2558
-2640
-2582
-2389
-2137
-1903
-1703
-1514
-1309
-1067
-777
-453
-142
102
277
431
611
820
1007
1113
1101
1002
881
790
730
667
553
380
180
34
-22
-35
-84
-198
-323
-365
-290
-150
-34
31
104
224
376
512
628
747
906
1126
1376
1584
1704
1748
1777
1843
1954
2063
2109
2075
2000
1900
1757
1548
1313
1126
1012
936
813
596
309
34
-165
-302
-436
-608
-815
-1014
-1177
-1317
-1486
-1737
-2029
-2252
-2307
-2221
-2111
-2078
-2114
-2105
-1953
-1654
-1313
-1020
-808
-627
-421
-179
69
295
487
648
785
902
1003
1065
1089
1059
960
785
584
446
413
429
389
247
39
-151
-261
-312
-362
-451
-537
-550
-487
-409
-369
-352
-315
-233
-107
59
241
407
535
650
793
985
1200
1388
1509
1571
1589
1586
1580
1585
1576
1522
1421
1300
1193
1092
973
830
679
532
375
171
-85
-345
-550
-681
-788
-921
-1064
-1163
-1200
-1247
-1382
-1608
-1830
-1944
-1941
-1907
-1930
-1981
-1959
-1801
-1563
-1348
-1208
-1117
-996
-805
-555
-324
-168
-90
-39
56
227
425
553
553
454
301
148
51
44
81
74
-2
-117
-239
-345
-401
-393
-372
-394
-439
-450
-407
-354
-321
-300
-241
-121
34
184
293
376
466
583
711
819
902
982
1071
1166
1256
1329
1378
1411
1458
1538
1618
1663
1643
1561
1441
1335
1298
1294
1264
1180
1068
927
747
564
422
322
192
-8
-261
-503
-705
-867
-994
-1085
-1153
-1231
-1332
-1418
-1419
-1310
-1145
-1008
-937
-894
-822
-712
-596
-519
-485
-481
-470
-430
-359
-275
-207
-190
-243
-327
-374
-334
-237
-145
-113
-169
-286
-394
-422
-366
-286
-233
-225
-254
-313
-391
-470
-512
-470
-337
-172
-68
-70
-132
-180
-168
-91
29
165
301
451
612
752
846
902
967
1055
1157
1251
1307
1313
1281
1251
1250
1267
1287
1279
1232
1132
989
836
704
611
525
401
233
30
-196
-450
-706
-900
-1006
-1049
-1103
-1203
-1316
-1376
-1353
-1276
-1197
-1138
-1076
-983
-845
-683
-540
-464
-451
-439
-343
-130
151
412
562
591
584
620
696
747
731
635
464
261
88
-29
-113
-200
-293
-391
-520
-707
-928
-1092
-1131
-1063
-970
-905
-844
-739
-597
-473
-432
-470
-504
-446
-276
-65
112
233
334
445
581
729
878
1032
1198
1338
1394
1363
1306
1272
1239
1175
1081
978
861
726
567
389
188
-4
-135
-210
-299
-462
-669
-846
-956
-1020
-1071
-1132
-1194
-1224
-1192
-1100
-994
-904
-819
-707
-555
-377
-194
-23
120
241
350
465
575
678
772
865
946
992
990
960
945
944
933
856
706
513
334
224
178
160
121
69
20
-48
-169
-323
-425
-428
-358
-304
-320
-397
-469
-486
-445
-379
-311
-227
-115
11
109
160
187
249
390
577
725
775
759
758
798
847
864
856
839
806
737
610
435
240
71
-51
-156
-278
-414
-525
-590
-639
-713
-831
-952
-1025
-1033
-1021
-1033
-1063
-1083
-1060
-1014
-951
-862
-734
-572
-422
-290
-181
-92
-25
51
155
250
264
175
57
-4
13
54
50
-11
-104
-194
-280
-358
-400
-386
-331
-284
-271
-292
-330
-369
-401
-416
-406
-371
-319
-256
-185
-115
-75
-85
-112
-100
-14
118
243
328
382
425
455
477
506
563
653
744
803
804
779
764
764
749
685
580
443
303
195
138
106
62
20
22
66
100
95
66
25
-45
-144
-240
-273
-248
-205
-197
-236
-293
-312
-264
-170
-80
-35
-24
-26
-11
19
64
119
172
210
220
202
158
110
103
174
306
430
501
528
539
557
589
624
627
578
502
441
397
355
312
289
285
278
240
167
90
37
11
-18
-73
-145
-200
-219
-223
-246
-298
-338
-327
-254
-161
-84
-28
31
104
154
156
119
100
148
259
374
431
412
359
319
291
237
137
7
-114
-203
-263
-315
-372
-438
-507
-593
-706
-842
-983
-1103
-1193
-1258
-1310
-1323
-1289
-1227
-1174
-1132
-1090
-1060
-1054
-1050
-1002
-920
-840
-802
-797
-808
-811
-782
-707
-591
-467
-373
-314
-265
-195
-105
-13
83
188
299
381
429
466
529
618
697
718
663
583
545
564
575
530
451
421
474
580
662
671
628
614
696
854
1001
1053
1016
935
860
828
858
948
1065
1179
1265
1313
1320
1295
1240
1162
1067
975
896
843
810
757
643
475
314
207
154
129
99
48
-26
-109
-180
-225
-247
-262
-304
-396
-526
-646
-710
-730
-739
-764
-796
-828
-854
-886
-926
-946
-896
-766
-624
-553
-576
-656
-743
-795
-789
-728
-636
-543
-476
-450
-447
-416
-333
-221
-126
-71
-60
-92
-138
-160
-149
-142
-170
-229
-292
-338
-358
-376
-418
-489
-550
-566
-550
-533
-519
-487
-419
-330
-223
-100
23
127
214
319
458
613
754
852
880
847
796
784
809
826
813
775
743
731
737
729
679
595
515
461
411
345
269
209
163
110
40
-39
-121
-210
-322
-446
-548
-595
-589
-576
-598
-659
-740
-820
-884
-909
-878
-812
-745
-687
-631
-564
-477
-356
-201
-25
148
287
390
499
650
810
891
847
735
643
621
632
615
540
419
299
199
123
58
-1
-51
-103
-159
-210
-248
-276
-307
-335
-356
-369
-388
-395
-360
-254
-106
26
127
221
331
454
572
661
722
781
862
938
964
947
934
957
987
982
927
842
754
680
611
503
331
117
-84
-229
-311
-346
-373
-448
-596
-786
-953
-1064
-1143
-1215
-1278
-1302
-1286
-1258
-1240
-1217
-1156
-1056
-956
-886
-820
-722
-582
-435
-299
-163
-16
145
301
437
531
583
598
597
590
592
588
559
508
452
414
381
337
245
109
-52
-202
-336
-445
-524
-570
-595
-616
-625
-619
-622
-657
-717
-751
-705
-582
-441
-319
-201
-53
116
277
400
496
606
759
943
1085
1150
1162
1171
1186
1184
1164
1135
1102
1059
1003
923
804
637
443
258
118
11
-104
-256
-430
-588
-725
-854
-969
-1031
-1003
-901
-786
-711
-664
-604
-515
-417
-340
-286
-238
-174
-100
-38
4
40
100
190
303
419
501
529
506
464
449
483
551
601
597
542
452
335
206
91
14
-38
-94
-169
-262
-378
-517
-641
-695
-659
-567
-452
-355
-313
-331
-376
-388
-336
-221
-82
21
67
77
88
100
91
70
63
100
166
222
243
241
247
271
322
395
456
443
346
212
103
36
-15
-67
-132
-199
-263
-318
-374
-443
-517
-577
-613
-646
-691
-739
-756
-732
-663
-571
-478
-410
-362
-303
-206
-66
98
269
427
538
582
579
575
601
650
702
738
744
704
618
515
428
384
377
386
388
361
307
236
174
121
79
56
56
47
-20
-136
-261
-341
-365
-363
-352
-327
-268
-176
-68
33
109
147
145
124
115
129
169
226
294
358
408
444
482
529
582
606
569
463
317
184
96
49
-3
-109
-274
-448
-578
-638
-632
-588
-542
-508
-492
-504
-536
-571
-583
-582
-576
-562
-530
-470
-399
-326
-271
-232
-183
-100
10
108
163
180
198
241
297
337
363
396
433
442
388
270
130
13
-80
-177
-289
-376
-407
-380
-341
-350
-419
-505
-549
-542
-518
-507
-513
-520
-519
-509
-505
-523
-560
-583
-560
-481
-344
-150
84
303
471
590
674
728
753
754
743
744
781
844
888
881
826
753
678
604
535
474
429
392
344
271
182
96
21
-50
-138
-258
-402
-535
-621
-650
-630
-565
-463
-361
-307
-306
-306
-240
-94
87
232
316
352
375
412
463
503
508
488
497
543
578
543
443
329
248
224
244
282
283
205
79
-22
-49
-38
-50
-88
-120
-118
-112
-146
-219
-302
-353
-363
-340
-306
-277
-273
-296
-318
-306
-250
-169
-97
-44
-12
11
28
35
49
77
124
160
163
127
78
27
-24
-69
-90
-75
-52
-54
-120
-246
-396
-509
-564
-589
-622
-668
-711
-734
-741
-733
-719
-698
-664
-592
-487
-378
-287
-201
-110
-5
114
233
314
328
286
232
215
248
308
352
371
398
447
489
491
471
473
516
573
587
526
423
319
233
159
79
4
-70
-133
-177
-203
-235
-288
-338
-344
-303
-259
-241
-245
-256
-276
-308
-321
-282
-174
-14
160
303
382
399
381
374
406
485
596
718
814
855
841
802
764
714
632
518
389
258
160
126
142
160
143
100
44
-32
-132
-247
-360
-467
-559
-637
-704
-767
-807
-807
-758
-669
-558
-447
-363
-305
-253
-183
-106
-35
48
152
238
253
204
144
94
59
53
76
81
45
