430
464
432
344
251
204
212
254
295
321
326
317
290
268
249
234
205
157
99
24
-72
-188
-302
-394
-440
-429
-378
-339
-360
-447
-543
-594
-570
-495
-410
-354
-333
-328
-316
-286
-245
-215
-227
-265
-291
-266
-207
-148
-120
-130
-157
-172
-147
-109
-83
-87
-113
-152
-188
-204
-207
-212
-214
-210
-191
-163
-124
-85
-63
-57
-67
-91
-144
-197
-220
-195
-143
-115
-127
-159
-179
-179
-158
-112
-32
65
158
217
246
264
301
345
366
347
299
256
232
231
237
224
194
162
141
121
85
40
-7
-58
-109
-139
-114
-43
17
20
-5
5
76
165
218
213
182
163
162
158
127
80
46
51
93
139
168
186
217
258
298
323
332
313
259
185
94
-1
-82
-125
-126
-88
-13
79
144
153
112
69
56
81
126
175
210
223
216
196
175
136
70
1
-18
34
114
158
150
113
70
26
-14
-45
-74
-117
-169
-180
-142
-102
-119
-187
-270
-339
-390
-422
-436
-440
-442
-448
-453
-453
-464
-503
-567
-612
-611
-577
-536
-511
-497
-485
-452
-396
-322
-242
-165
-98
-55
-45
-52
-39
12
101
207
324
425
464
425
349
295
283
298
305
286
237
178
127
98
76
50
24
19
31
34
32
45
74
94
106
144
216
286
332
364
405
435
421
355
263
182
108
22
-65
-106
-67
24
100
111
58
-9
-42
-28
20
78
116
112
44
-54
-137
-177
-185
-186
-183
-160
-94
12
128
201
230
242
260
265
249
232
230
235
224
209
207
224
245
244
194
107
27
22
80
145
162
129
95
95
129
145
98
11
-71
-133
-194
-265
-319
-340
-319
-273
-225
-194
-185
-175
-166
-175
-221
-280
-311
-302
-267
-243
-243
-241
-225
-205
-218
-258
-292
-307
-316
-316
-294
-262
-258
-280
-305
-325
-342
-357
-350
-332
-325
-340
-364
-375
-368
-351
-331
-303
-261
-194
-119
-54
-19
-22
-54
-92
-105
-98
-114
-158
-179
-127
-18
91
163
199
231
299
414
525
570
530
446
372
327
304
296
312
352
386
380
327
255
182
121
93
125
208
298
351
365
356
351
378
444
509
534
514
490
482
473
468
470
481
474
441
396
355
337
356
392
411
385
316
215
113
41
0
-28
-46
-35
4
54
90
95
45
-52
-150
-209
-243
-282
-328
-360
-368
-392
-464
-570
-657
-694
-688
-645
-584
-535
-528
-555
-585
-589
-563
-508
-425
-338
-284
-299
-345
-354
-294
-194
-90
3
59
48
-31
-119
-160
-126
-54
-2
-12
-84
-180
-245
-220
-104
40
144
190
199
176
116
29
-33
-12
99
251
373
426
404
330
226
113
4
-65
-59
5
73
104
103
75
21
-32
-55
-49
-14
48
118
147
102
7
-88
-141
-146
-125
-106
-101
-119
-158
-222
-291
-341
-356
-337
-292
-241
-203
-167
-96
23
154
263
346
425
490
528
550
581
607
588
507
399
307
242
186
120
38
-53
-122
-139
-105
-60
-48
-62
-76
-67
-37
2
40
63
77
93
120
165
207
212
182
144
128
130
142
174
201
213
207
194
168
108
32
-32
-65
-64
-43
-36
-55
-97
-136
-144
-107
-30
61
131
160
146
107
53
-17
-100
-179
-234
-271
-314
-358
-381
-375
-351
-328
-302
-259
-186
-100
-44
-46
-107
-190
-258
-297
-321
-361
-414
-461
-484
-489
-481
-432
-331
-202
-97
-37
-5
14
44
95
150
177
165
147
144
162
189
212
237
277
340
411
471
514
541
554
535
487
415
343
270
204
145
79
2
-69
-85
-39
20
39
1
-64
-124
-152
-141
-110
-79
-75
-102
-163
-230
-270
-265
-239
-218
-203
-181
-154
-130
-118
-133
-186
-265
-342
-401
-437
-448
-442
-439
-433
-414
-388
-365
-336
-287
-230
-187
-128
-36
86
190
274
344
382
369
324
318
378
498
620
720
791
849
893
896
846
754
653
550
455
370
297
213
111
13
-51
-101
-170
-263
-316
-289
-199
-109
-68
-61
-80
-113
-165
-219
-255
-269
-258
-229
-195
-195
-252
-349
-450
-515
-557
-576
-572
-530
-462
-393
-345
-332
-347
-364
-337
-250
-153
-108
-115
-124
-87
-16
65
153
245
331
399
451
491
525
551
579
604
624
609
552
488
470
500
524
509
473
446
417
375
319
269
222
164
81
-4
-55
-77
-88
-100
-93
-45
39
115
138
99
38
-7
-20
-14
-8
-17
-51
-106
-145
-138
-98
-68
-59
-62
-69
-83
-107
-134
-183
-251
-335
-409
-450
-452
-429
-416
-441
-512
-622
-716
-756
-718
-645
-585
-559
-559
-562
-541
-481
-391
-316
-288
-313
-358
-386
-385
-361
-330
-290
-252
-205
-144
-74
-15
20
57
103
165
230
309
383
428
441
456
503
565
591
565
510
473
487
549
632
685
674
606
522
441
364
299
267
242
192
112
46
2
-53
-141
-234
-294
-334
-369
-382
-343
-265
-213
-198
-186
-153
-118
-101
-81
-47
-17
-15
-21
-4
43
112
188
245
249
186
85
-3
-56
-85
-83
-40
43
121
139
94
2
-95
-167
-181
-126
-39
48
124
184
218
217
200
185
177
165
133
92
67
85
145
236
345
443
481
437
329
210
131
135
225
341
408
390
305
187
80
26
36
77
100
86
38
-27
-97
-168
-220
-228
-189
-135
-101
-78
-59
-39
-54
-115
-194
-238
-238
-230
-235
-232
-194
-156
-161
-213
-257
-268
-256
-242
-236
-241
-273
-317
-346
-340
-307
-278
-251
-210
-154
-105
-91
-82
-52
-22
-34
-87
-141
-183
-237
-310
-363
-361
-331
-338
-402
-481
-514
-499
-460
-421
-393
-383
-389
-379
-335
-284
-247
-225
-201
-184
-170
-138
-74
14
91
151
202
250
295
337
379
405
403
364
318
290
290
293
279
257
252
263
266
240
203
182
188
224
269
313
349
386
426
476
543
604
620
585
551
554
580
577
540
488
438
406
424
516
629
694
665
576
484
414
366
330
310
309
311
310
303
295
269
194
65
-98
-236
-304
-306
-283
-268
-251
-219
-167
-135
-154
-230
-309
-339
-325
-296
-270
-227
-179
-163
-206
-276
-333
-356
-333
-259
-146
-57
-43
-103
-179
-232
-274
-335
-416
-494
-550
-605
-664
-700
-686
-653
-650
-669
-663
-627
-580
-536
-483
-430
-399
-379
-347
-313
-327
-396
-463
-462
-393
-316
-283
-301
-343
-366
-357
-335
-317
-308
-301
-303
-297
-258
-192
-132
-99
-96
-100
-86
-25
73
163
198
174
132
131
209
341
472
567
636
708
785
864
917
919
879
836
827
826
802
736
640
541
456
388
303
186
72
4
-22
-35
-47
-57
-65
-75
-88
-103
-126
-147
-158
-146
-98
-19
54
84
56
5
-29
-18
35
110
173
227
278
327
339
315
293
312
361
397
415
412
396
359
305
249
218
228
263
272
224
132
44
8
28
68
88
79
47
-3
-53
-78
-58
-5
52
80
62
14
-20
-12
41
119
188
199
147
85
51
38
9
-53
-147
-256
-351
-426
-486
-523
-516
-481
-471
-500
-525
-514
-483
-461
-475
-530
-612
-683
-709
-690
-647
-620
-609
-577
-492
-381
-311
-285
-260
-209
-165
-152
-160
-158
-159
-197
-277
-358
-399
-419
-446
-475
-479
-459
-458
-498
-574
-642
-657
-600
-485
-348
-232
-170
-171
-181
-149
-67
26
100
183
287
414
526
597
593
517
420
369
396
472
561
646
716
758
786
842
923
987
1007
1016
1042
1078
1106
1124
1118
1077
1009
961
948
933
883
811
757
736
730
723
701
642
543
421
306
210
139
85
29
-42
-125
-197
-256
-293
-305
-293
-281
-273
-255
-241
-267
-351
-451
-531
-586
-639
-700
-772
-840
-885
-891
-867
-837
-823
-812
-761
-664
-574
-539
-539
-529
-506
-478
-436
-366
-310
-302
-311
-281
-199
-122
-90
-111
-157
-182
-178
-174
-200
-255
-296
-314
-336
-395
-452
-438
-324
-179
-85
-80
-145
-228
-268
-219
-107
22
134
240
327
353
304
218
167
167
207
249
268
242
201
186
201
225
238
257
298
351
378
367
346
340
337
306
255
201
141
55
-46
-132
-165
-131
-54
31
94
127
129
110
82
53
11
-50
-87
-72
-35
-30
-47
-36
13
58
63
49
45
65
92
127
184
254
301
305
303
326
356
368
374
392
408
388
353
341
350
356
349
354
387
445
501
517
481
407
327
249
178
126
94
79
74
77
82
82
66
36
0
-17
-5
11
2
-54
-151
-273
-394
-492
-560
-613
-687
-802
-942
-1058
-1124
-1152
-1151
-1114
-1035
-942
-871
-829
-808
-791
-776
-766
-773
-817
-877
-907
-858
-750
-632
-538
-446
-327
-190
-57
63
165
225
255
278
319
350
340
281
192
117
106
184
322
460
557
608
629
644
668
688
687
680
719
822
940
978
869
658
481
482
657
850
891
746
568
548
768
1097
1294
1217
948
725
719
872
964
819
473
141
49
215
419
387
84
-266
-407
-284
-78
-21
-219
-545
-752
-692
-446
-257
-308
-561
-804
-837
-674
-492
-468
-603
-743
-728
-535
-296
-171
-211
-327
-377
-311
-188
-150
-258
-437
-529
-460
-315
-245
-326
-494
-624
-638
-566
-484
-446
-445
-428
-349
-218
-100
-61
-82
-96
-48
45
126
147
105
63
87
161
206
174
111
77
91
136
201
264
273
201
81
-25
-75
-98
-134
-209
-300
-380
-445
-491
-504
-471
-405
-334
-288
-284
-315
-361
-396
-414
-403
-354
-293
-263
-279
-276
-199
-45
129
258
325
341
339
332
322
310
309
325
356
399
448
492
508
500
513
576
658
708
722
722
710
687
685
738
806
824
776
692
606
527
467
414
345
254
173
146
165
177
147
95
69
79
92
97
119
162
209
243
272
301
321
315
274
198
94
-32
-152
-222
-225
-205
-223
-293
-372
-428
-461
-475
-465
-444
-447
-475
-477
-409
-297
-222
-227
-273
-295
-267
-215
-170
-143
-135
-150
-175
-180
-141
-84
-66
-123
-239
-352
-417
-435
-447
-466
-460
-400
-327
-296
-324
-369
-381
-360
-340
-360
-383
-354
-262
-155
-67
14
98
154
154
110
51
-7
-59
-94
-122
-152
-202
-247
-277
-284
-272
-260
-259
-262
-227
-173
-148
-192
-261
-301
-285
-218
-136
-78
-46
-12
64
167
265
333
376
396
393
374
330
269
171
24
-166
-345
-458
-474
-393
-255
-166
-221
-392
-521
-441
-125
278
558
626
579
633
922
1378
1743
1766
1438
1002
735
713
769
665
304
-158
-411
-257
171
482
370
-95
-519
-534
-128
347
515
299
-7
-31
352
891
1187
1053
650
323
264
406
504
364
5
-340
-440
-278
-72
-81
-363
-741
-955
-904
-704
-567
-617
-788
-887
-766
-469
-216
-169
-278
-344
-240
-25
143
163
73
-11
-12
63
117
73
-73
-243
-344
-342
-277
-231
-241
-259
-204
-47
167
356
482
545
596
704
911
1188
1446
1612
1687
1732
1777
1757
1575
1223
818
474
188
-163
-691
-1362
-1994
-2414
-2605
-2734
-2968
-3343
-3705
-3803
-3476
-2817
-2146
-1733
-1555
-1355
-904
-256
318
543
392
127
102
453
958
1218
1022
532
105
-20
103
230
158
-101
-340
-341
-78
243
342
122
-254
-484
-399
-76
234
372
401
521
825
1229
1553
1698
1728
1844
2220
2827
3430
3788
3875
3874
3997
4273
4527
4536
4217
3688
3157
2773
2522
2233
1689
827
-195
-1131
-1851
-2408
-2943
-3559
-4239
-4837
-5165
-5107
-4743
-4294
-3933
-3653
-3316
-2838
-2266
-1763
-1467
-1372
-1297
-1055
-610
-127
188
203
-15
-263
-328
-189
-7
9
-198
-498
-699
-694
-556
-449
-514
-749
-1003
-1096
-981
-806
-766
-871
-943
-804
-467
-83
216
407
551
745
1051
1451
1851
2176
2438
2720
3079
3501
3894
4190
4378
4515
4673
4862
4976
4870
4493
3947
3381
2883
2425
1861
1039
-67
-1269
-2311
-3069
-3658
-4279
-5012
-5711
-6117
-6067
-5601
-4957
-4406
-4072
-3830
-3436
-2767
-1977
-1392
-1216
-1322
-1336
-962
-256
406
661
466
129
34
304
709
866
596
100
-220
-124
223
446
290
-158
-576
-677
-423
-75
62
-118
-393
-432
-83
503
1007
1250
1291
1369
1647
2110
2592
2930
3095
3216
3469
3921
4453
4876
5105
5233
5416
5685
5864
5726
5207
4477
3790
3290
2880
2315
1386
128
-1186
-2279
-3076
-3752
-4517
-5442
-6319
-6830
-6777
-6292
-5716
-5365
-5267
-5190
-4848
-4174
-3396
-2850
-2678
-2696
-2549
-2023
-1242
-557
-271
-372
-578
-589
-353
-59
27
-191
-576
-830
-776
-514
-346
-480
-880
-1284
-1444
-1298
-1041
-911
-957
-991
-776
-281
334
833
1132
1318
1581
2051
2699
3358
3886
4280
4657
5090
5555
5964
6259
6451
6582
6654
6609
6377
5943
5351
4685
4016
3344
2578
1606
429
-804
-1890
-2738
-3455
-4224
-5110
-5960
-6499
-6566
-6232
-5773
-5439
-5276
-5117
-4767
-4173
-3490
-2952
-2688
-2597
-2431
-1999
-1343
-704
-337
-293
-378
-321
-33
298
403
210
-92
-239
-139
68
130
-97
-517
-857
-922
-792
-691
-767
-930
-965
-712
-203
367
801
1071
1336
1779
2420
3097
3627
3966
4225
4564
5043
5587
6033
6264
6312
6321
6386
6407
6193
5663
4942
4231
3633
3078
2381
1385
114
-1217
-2365
-3246
-3975
-4723
-5538
-6294
-6758
-6780
-6421
-5933
-5555
-5321
-5095
-4713
-4147
-3515
-3024
-2810
-2816
-2808
-2580
-2148
-1712
-1468
-1430
-1464
-1410
-1232
-1029
-948
-1027
-1156
-1133
-889
-537
-279
-238
-368
-511
-533
-442
-359
-365
-416
-386
-190
169
630
1085
1470
1809
2193
2686
3222
3684
4034
4373
4833
5443
6085
6584
6836
6857
6772
6676
6573
6338
5872
5202
4486
3856
3281
2568
1553
258
-1104
-2301
-3235
-3993
-4740
-5552
-6322
-6833
-6934
-6667
-6231
-5830
-5542
-5295
-4960
-4455
-3864
-3342
-3019
-2854
-2688
-2394
-2010
-1709
-1618
-1707
-1803
-1748
-1500
-1183
-978
-971
-1058
-1077
-953
-758
-607
-585
-683
-799
-812
-676
-490
-357
-277
-137
152
558
988
1368
1692
2036
2494
3119
3837
4493
4996
5387
5775
6199
6618
6956
7167
7264
7309
7341
7325
7156
6743
6106
5352
4613
3921
3189
2277
1112
-208
-1468
-2487
-3255
-3948
-4741
-5654
-6518
-7087
-7219
-6989
-6636
-6363
-6184
-5941
-5507
-4920
-4348
-3948
-3748
-3636
-3454
-3128
-2744
-2475
-2429
-2542
-2644
-2590
-2374
-2116
-1986
-2030
-2142
-2140
-1966
-1720
-1561
-1554
-1600
-1550
-1327
-994
-676
-445
-260
-18
351
839
1397
1947
2437
2887
3384
3974
4606
5181
5656
6064
6476
6928
7383
7734
7896
7886
7802
7744
7680
7473
7010
6326
5584
4916
4305
3602
2630
1353
-92
-1449
-2546
-3407
-4201
-5084
-6046
-6922
-7490
-7666
-7541
-7308
-7097
-6898
-6609
-6158
-5578
-5020
-4627
-4451
-4379
-4237
-3906
-3449
-3052
-2863
-2849
-2848
-2747
-2565
-2403
-2350
-2403
-2468
-2403
-2153
-1823
-1562
-1440
-1390
-1291
-1059
-715
-352
-66
164
443
885
1485
2136
2721
3203
3638
4111
4662
5244
5775
6220
6623
7037
7475
7880
8167
8295
8294
8234
8141
7954
7583
6980
6197
5374
4651
4020
3320
2344
1039
-453
-1847
-2947
-3753
-4433
-5167
-6006
-6844
-7451
-7648
-7465
-7140
-6884
-6711
-6477
-6063
-5489
-4888
-4422
-4173
-4068
-3934
-3637
-3235
-2920
-2837
-2931
-3006
-2896
-2594
-2242
-2026
-2046
-2212
-2308
-2172
-1867
-1602
-1535
-1610
-1637
-1450
-1048
-566
-162
112
353
708
1246
1887
2495
2995
3444
3958
4589
5267
5849
6262
6559
6855
7207
7584
7897
8058
8043
7910
7755
7605
7381
6964
6325
5562
4805
4105
3360
2424
1223
-139
-1443
-2514
-3374
-4187
-5106
-6127
-7072
-7713
-7931
-7829
-7644
-7540
-7483
-7297
-6839
-6120
-5334
-4720
-4427
-4372
-4317
-4047
-3562
-3077
-2818
-2829
-2943
-2947
-2752
-2462
-2253
-2219
-2300
-2305
-2114
-1745
-1362
-1111
-1017
-974
-820
-492
-73
278
499
684
976
1436
2020
2635
3195
3649
4028
4404
4868
5410
5959
6433
6800
7069
7263
7436
7632
7833
7969
7971
7825
7560
7191
6708
6116
5454
4732
3906
2942
1874
795
-241
-1253
-2304
-3431
-4568
-5599
-6427
-7046
-7505
-7847
-8053
-8079
-7886
-7487
-6957
-6415
-5949
-5545
-5142
-4718
-4341
-4049
-3800
-3507
-3140
-2738
-2392
-2193
-2158
-2194
-2128
-1890
-1608
-1461
-1464
-1438
-1228
-855
-485
-257
-169
-66
206
638
1063
1334
1504
1766
2246
2867
3439
3863
4190
4544
4986
5481
5954
6365
6723
7035
7286
7478
7648
7815
7928
7921
7792
7601
7369
7023
6472
5730
4905
4071
3177
2143
1003
-114
-1131
-2124
-3223
-4448
-5634
-6587
-7278
-7849
-8420
-8926
-9197
-9103
-8689
-8120
-7596
-7211
-6915
-6571
-6118
-5622
-5202
-4879
-4595
-4280
-3918
-3514
-3117
-2807
-2630
-2503
-2286
-1948
-1613
-1402
-1277
-1113
-801
-384
26
324
553
820
1189
1612
2007
2361
2712
3102
3546
4029
4497
4888
5174
5392
5625
5952
6363
6797
7154
7378
7469
7509
7584
7707
7778
7710
7526
7346
7215
7015
6581
5902
5127
4380
3627
2737
1697
583
-515
-1637
-2817
-4010
-5087
-5989
-6766
-7482
-8133
-8619
-8876
-8930
-8858
-8672
-8367
-7982
-7607
-7249
-6851
-6377
-5894
-5474
-5110
-4733
-4271
-3733
-3215
-2830
-2569
-2287
-1842
-1301
-841
-560
-356
-91
287
731
1195
1624
1959
2165
2299
2468
2730
3069
3434
3782
4092
4369
4647
4959
5272
5526
5699
5870
6121
6452
6778
7029
7188
7273
7332
7409
7510
7564
7468
7201
6827
6393
5877
5256
4580
3893
3144
2235
1179
97
-932
-1967
-3097
-4282
-5375
-6292
-7072
-7825
-8562
-9189
-9582
-9707
-9611
-9352
-8979
-8564
-8171
-7771
-7274
-6665
-6053
-5543
-5098
-4611
-4033
-3418
-2896
-2563
-2381
-2154
-1715
-1129
-604
-232
100
516
1000
1468
1882
2233
2489
2661
2852
3147
3515
3871
4179
4426
4593
4693
4783
4899
5007
5078
5150
5289
5528
5850
6168
6386
6475
6508
6586
6736
6902
6995
6975
6854
6682
6470
6144
5614
4929
4255
3639
2915
1903
722
-353
-1233
-2121
-3215
-4439
-5578
-6516
-7309
-8018
-8642
-9139
-9469
-9590
-9473
-9152
-8727
-8323
-7964
-7541
-6910
-6095
-5296
-4699
-4271
-3839
-3292
-2679
-2122
-1692
-1328
-905
-384
146
576
918
1258
1645
2046
2432
2804
3156
3426
3587
3693
3851
4056
4225
4281
4255
4234
4298
4487
4734
4924
4979
4965
5004
5157
5383
5617
5806
5929
6015
6134
6337
6579
6733
6708
6520
6294
6083
5787
5267
4563
3838
3136
2309
1258
109
-947
-1912
-2978
-4225
-5529
-6671
-7585
-8330
-8999
-9598
-10067
-10332
-10334
-10071
-9611
-9092
-8617
-8161
-7577
-6773
-5841
-4996
-4365
-3884
-3380
-2738
-1973
-1237
-674
-306
40
515
1103
1657
2089
2414
2659
2867
3103
3412
3703
3835
3808
3798
3948
4189
4347
4322
4190
4086
4097
4237
4430
4572
4593
4558
4591
4796
5141
5509
5774
5902
5986
6144
6401
6644
6732
6630
6436
6272
6127
5852
5344
4705
4084
3439
2544
1344
83
-978
-1889
-2929
-4200
-5522
-6638
-7509
-8276
-9050
-9766
-10249
-10392
-10224
-9860
-9401
-8917
-8434
-7894
-7168
-6193
-5117
-4210
-3601
-3132
-2519
-1666
-719
59
535
813
1161
1734
2410
2915
3125
3155
3203
3352
3550
3678
3660
3500
3308
3192
3196
3253
3283
3242
3131
3005
2957
3082
3326
3528
3578
3572
3711
4068
4505
4845
5029
5148
5309
5574
5892
6138
6217
6137
6000
5874
5708
5386
4850
4185
3518
2827
1961
841
-396
-1564
-2637
-3760
-5008
-6295
-7440
-8344
-9020
-9552
-9998
-10321
-10447
-10311
-9936
-9379
-8727
-8038
-7338
-6566
-5676
-4689
-3734
-2913
-2224
-1550
-787
61
874
1516
1994
2430
2914
3378
3719
3912
4019
4075
4084
4072
4073
4071
4006
3841
3635
3476
3420
3424
3399
3286
3145
3114
3279
3553
3748
3775
3746
3841
4108
4462
4795
5085
5335
5551
5742
5933
6105
6181
6089
5857
5589
5311
4929
4346
3627
2904
2165
1246
56
-1224
-2334
-3240
-4177
-5330
-6624
-7767
-8568
-9060
-9449
-9879
-10276
-10435
-10194
-9600
-8842
-8126
-7519
-6923
-6153
-5135
-4008
-3038
-2368
-1865
-1243
-330
753
1676
2188
2360
2523
2941
3532
3984
4070
3860
3608
3506
3555
3618
3526
3227
2833
2564
2518
2592
2604
2487
2314
2200
2249
2483
2803
3023
3069
3073
3240
3627
4107
4493
4695
4773
4884
5171
5619
6022
6164
6028
5809
5683
5588
5296
4679
3875
3097
2370
1470
248
-1136
-2372
-3350
-4257
-5325
-6565
-7756
-8665
-9219
-9566
-9878
-10177
-10290
-10037
-9413
-8612
-7859
-7219
-6547
-5667
-4556
-3394
-2358
-1507
-741
54
927
1823
2578
3071
3321
3516
3782
4100
4332
4373
4200
3862
3495
3249
3163
3090
2856
2467
2106
1933
1958
2071
2165
2168
2091
2073
2260
2631
2984
3156
3191
3282
3604
4141
4692
5017
5072
5071
5281
5737
6216
6451
6358
6047
5682
5315
4843
4179
3371
2546
1702
705
-514
-1816
-2985
-3952
-4879
-5975
-7262
-8500
-9363
-9746
-9847
-9999
-10282
-10456
-10164
-9337
-8272
-7386
-6796
-6259
-5420
-4178
-2815
-1738
-1126
-727
-146
788
1835
2624
2960
3021
3141
3502
3945
4184
4077
3739
3369
3112
2976
2865
2645
2249
1767
1391
1297
1478
1732
1812
1674
1532
1691
2196
2783
3081
3000
2841
3035
3734
4617
5177
5185
4914
4878
5337
6082
6620
6672
6390
6135
6041
5882
5392
4580
3717
2963
2185
1100
-343
-1853
-3072
-3970
-4857
-6053
-7495
-8783
-9526
-9706
-9675
-9797
-10097
-10204
-9732
-8672
-7451
-6552
-6056
-5607
-4778
-3502
-2110
-1007
-343
80
616
1466
2482
3263
3543
3469
3426
3632
3953
4100
3929
3512
3034
2642
2375
2177
1951
1665
1340
1057
917
988
1199
1327
1230
1053
1166
1743
2533
3044
3051
2819
2856
3454
4391
5152
5347
5122
5013
5438
6267
6957
7073
6641
6018
5541
5252
4973
4500
3746
2733
1495
87
-1362
-2632
-3619
-4476
-5545
-6964
-8438
-9435
-9689
-9479
-9373
-9678
-10124
-10114
-9307
-7965
-6754
-6112
-5848
-5377
-4303
-2794
-1389
-523
-169
96
725
1749
2736
3222
3168
2957
2960
3177
3349
3263
2938
2542
2205
1948
1718
1486
1265
1044
792
532
396
504
809
1106
1202
1136
1150
1481
2113
2791
3245
3463
3706
4222
4969
5637
5973
6045
6150
6509
7051
7492
7573
7219
6558
5800
5127
4562
3955
3077
1793
204
-1392
-2667
-3523
-4194
-5083
-6395
-7927
-9207
-9846
-9855
-9602
-9524
-9707
-9808
-9356
-8236
-6831
-5663
-4961
-4513
-3937
-3015
-1864
-803
-84
313
637
1108
1705
2220
2513
2629
2653
2583
2388
2163
2074
2175
2272
2088
1558
939
610
698
979
1107
961
742
745
1088
1620
2087
2370
2574
2861
3269
3702
4079
4421
4797
5232
5663
6000
6207
6377
6664
7087
7439
7440
6991
6237
5451
4847
4438
3991
3153
1756
6
-1632
-2781
-3457
-4050
-4990
-6371
-7854
-8956
-9417
-9348
-9086
-8939
-8974
-8964
-8584
-7713
-6567
-5513
-4754
-4225
-3712
-3046
-2200
-1308
-536
61
533
939
1272
1533
1762
1988
2186
2286
2220
1993
1739
1663
1818
2017
1965
1548
950
500
418
642
894
924
720
508
536
892
1486
2133
2659
2998
3240
3563
4060
4661
5218
5621
5848
5966
6086
6310
6655
7024
7191
6907
6093
4988
4032
3488
3200
2657
1443
-395
-2316
-3708
-4402
-4790
-5471
-6672
-8121
-9281
-9799
-9682
-9227
-8789
-8506
-8253
-7783
-6997
-5997
-4976
-4072
-3336
-2738
-2190
-1603
-933
-227
425
928
1241
1409
1525
1648
1770
1861
1927
1981
1986
1867
1629
1390
1309
1398
1500
1395
1044
667
565
846
1286
1576
1615
1603
1820
2342
2994
3523
3850
4121
4540
5126
5686
6024
6167
6338
6718
7218
7561
7561
7295
6937
6498
5837
4931
3980
3216
2613
1853
587
-1204
-3076
-4433
-5071
-5386
-5984
-7114
-8461
-9454
-9707
-9288
-8596
-8013
-7602
-7160
-6546
-5809
-5057
-4307
-3552
-2855
-2279
-1830
-1448
-1061
-598
-78
366
602
671
736
862
988
1039
1071
1148
1273
1346
1264
1019
752
666
809
1003
1012
812
622
680
1026
1471
1783
1914
2032
2345
2862
3405
3803
4116
4516
5092
5709
6126
6243
6234
6413
6899
7460
7692
7423
6802
6099
5424
4734
3967
3110
2141
1005
-359
-1915
-3454
-4696
-5521
-6121
-6837
-7820
-8893
-9682
-9911
-9577
-8945
-8321
-7820
-7350
-6790
-6113
-5354
-4555
-3779
-3091
-2513
-2014
-1569
-1164
-763
-331
81
382
549
654
761
853
892
922
1023
1243
1503
1630
1497
1176
934
991
1283
1535
1562
1456
1457
1698
2119
2543
2866
3127
3456
3901
4364
4732
5023
5365
5832
6351
6745
6869
6787
6750
6966
7363
7646
7562
7082
6338
5493
4668
3900
3124
2183
959
-523
-2093
-3521
-4648
-5466
-6147
-6889
-7788
-8720
-9424
-9667
-9428
-8900
-8310
-7737
-7118
-6425
-5723
-5083
-4475
-3838
-3161
-2478
-1833
-1260
-799
-439
-133
161
447
706
907
1003
982
893
854
982
1308
1698
1896
1752
1385
1099
1083
1272
1462
1492
1374
1249
1270
1476
1779
2074
2336
2612
2938
3317
3764
4299
4877
5403
5803
6083
6274
6422
6599
6889
7268
7573
7570
7135
6315
5306
4321
3471
2696
1819
695
-714
-2272
-3775
-5027
-5997
-6812
-7627
-8498
-9341
-10017
-10345
-10226
-9719
-9004
-8234
-7437
-6623
-5817
-5055
-4324
-3617
-2933
-2246
-1552
-903
-396
-44
222
488
768
1031
1225
1272
1130
863
677
742
1069
1476
1718
1653
1347
1051
1001
1234
1591
1878
2008
2026
2050
2188
2467
2833
3225
3607
3944
4226
4503
4864
5309
5733
6014
6143
6204
6306
6492
6749
7017
7238
7351
7263
6866
6098
5066
4010
3139
2434
1639
487
-1039
-2669
-4074
-5121
-5949
-6764
-7692
-8678
-9542
-10054
-10078
-9677
-9045
-8371
-7727
-7124
-6533
-5916
-5249
-4557
-3875
-3163
-2339
-1393
-453
301
764
1002
1226
1603
2111
2498
2533
2205
1781
1580
1714
2031
2223
2075
1589
995
577
500
719
1043
1283
1358
1324
1309
1428
1713
2117
2549
2940
3288
3648
4086
4623
5207
5731
6104
6316
6450
6609
6817
7016
7130
7134
7006
6655
5967
4922
3711
2597
1720
890
-174
-1594
-3168
-4582
-5687
-6549
-7351
-8166
-8968
-9641
-10095
-10233
-10025
-9506
-8789
-7993
-7201
-6438
-5686
-4948
-4254
-3640
-3057
-2390
-1569
-669
127
680
985
1194
1477
1874
2221
2296
2063
1731
1594
1767
2147
2476
2547
2287
1792
1297
1025
1087
1353
1599
1665
1581
1492
1543
1783
2166
2574
2909
3177
3464
3846
4303
4753
5118
5376
5579
5810
6113
6431
6667
6775
6780
6716
6549
6169
5462
4447
3322
2316
1450
535
-610
-1969
-3391
-4724
-5881
-6859
-7719
-8518
-9231
-9772
-10076
-10098
-9813
-9260
-8562
-7846
-7134
-6363
-5485
-4542
-3651
-2878
-2150
-1328
-369
601
1414
1978
2357
2664
2997
3344
3582
3587
3351
3033
2832
2838
2968
3012
2765
2173
1417
798
554
644
815
818
617
412
414
701
1138
1532
1779
1940
2175
2597
3196
3854
4440
4893
5237
5539
5866
6228
6547
6731
6748
6657
6515
6306
5903
5166
4076
2846
1769
940
157
-881
-2260
-3809
-5252
-6418
-7302
-8013
-8663
-9310
-9918
-10367
-10500
-10224
-9624
-8907
-8218
-7541
-6781
-5899
-4935
-3967
-3059
-2186
-1278
-300
666
1498
2147
2658
3101
3484
3767
3891
3855
3706
3514
3329
3194
3117
3006
2719
2171
1502
966
729
724
738
628
446
387
574
938
1304
1565
1774
2061
2517
3103
3688
4148
4495
4835
5267
5780
6267
6627
6813
6860
6832
6787
6718
6535
6089
5290
4230
3138
2193
1353
411
-800
-2264
-3804
-5213
-6382
-7328
-8117
-8800
-9416
-9984
-10453
-10688
-10591
-10183
-9582
-8834
-7924
-6854
-5717
-4624
-3623
-2677
-1704
-673
368
1321
2134
2823
3430
3961
4333
4468
4367
4157
3949
3776
3597
3358
3019
2543
1942
1286
695
263
7
-147
-307
-483
-544
-331
117
597
937
1154
1410
1828
2421
3052
3576
3966
4331
4769
5250
5695
6057
6332
6506
6584
6596
6594
6553
6378
5945
5192
4198
3139
2173
1297
392
-676
-1937
-3328
-4709
-5967
-7024
-7887
-8602
-9233
-9794
-10235
-10461
-10403
-10063
-9484
-8706
-7763
-6735
-5697
-4678
-3651
-2604
-1538
-442
663
1727
2677
3480
4114
4570
4861
5013
5054
4990
4838
4604
4289
3878
3357
2725
1986
1193
452
-131
-554
-903
-1220
-1460
-1528
-1409
-1185
-948
-693
-316
269
1019
1765
2375
2865
3361
3962
4642
5305
5857
6259
6520
6702
6860
7021
7128
7094
6836
6320
5555
4591
3519
2454
1447
461
-608
-1831
-3185
-4549
-5810
-6923
-7885
-8717
-9412
-9969
-10365
-10592
-10598
-10321
-9722
-8876
-7911
-6904
-5850
-4732
-3590
-2462
-1347
-209
958
2085
3055
3785
4300
4684
4994
5200
5274
5208
5011
4662
4152
3526
2830
2093
1316
546
-136
-682
-1099
-1443
-1722
-1897
-1916
-1794
-1592
-1350
-1034
-567
78
833
1559
2152
2633
3126
3721
4386
5009
5524
5949
6334
6698
7016
7251
7364
7333
7165
6854
6337
5561
4568
3497
2436
1372
227
-1022
-2348
-3689
-4982
-6179
-7259
-8212
-9020
-9666
-10155
-10508
-10665
-10516
-9985
-9160
-8169
-7083
-5894
-4635
-3389
-2213
-1076
86
1300
2515
3626
4515
5130
5496
5698
5790
5756
5572
5247
4828
4328
3734
2997
2113
1143
206
-606
-1277
-1784
-2105
-2245
-2300
-2344
-2362
-2269
-1998
-1561
-1009
-385
276
940
1562
2138
2714
3354
4059
4742
5320
5788
6182
6496
6708
6809
6827
6783
6676
6475
6097
5457
4530
3432
2327
1321
379
-616
-1766
-3074
-4418
-5650
-6726
-7712
-8651
-9476
-10102
-10506
-10705
-10671
-10345
-9726
-8881
-7878
-6729
-5435
-4038
-2619
-1273
-59
1041
2107
3187
4224
5096
5701
6017
6081
5955
5681
5299
4835
4316
3718
2982
2084
1071
53
-867
-1614
-2153
-2492
-2674
-2782
-2855
-2864
-2718
-2357
-1798
-1134
-440
266
983
1675
2308
2903
3502
4121
4709
5253
5774
6278
6714
6995
7105
7110
7104
7095
7003
6732
6238
5546
4684
3694
2623
1546
504
-540
-1659
-2904
-4231
-5577
-6885
-8104
-9138
-9905
-10411
-10711
-10836
-10762
-10449
-9866
-9016
-7917
-6612
-5162
-3648
-2167
-798
439
1605
2776
3952
5034
5852
6292
6358
6197
5966
5732
5430
4983
4341
3484
2416
1226
85
-865
-1575
-2103
-2515
-2833
-3039
-3144
-3186
-3172
-3020
-2645
-2035
-1282
-503
227
904
1570
2272
2991
3675
4304
4896
5462
5969
6391
6725
6980
7171
7296
7314
7170
6845
6387
5850
5234
4471
3494
2358
1194
93
-973
-2091
-3317
-4657
-6032
-7335
-8463
-9383
-10086
-10580
-10861
-10926
-10758
-10326
-9589
-8555
-7308
-5969
-4619
-3249
-1834
-389
1013
2324
3521
4572
5419
5998
6271
6286
6146
5947
5683
5280
4670
3838
2826
1724
641
-341
-1205
-1951
-2556
-2991
-3261
-3405
-3461
-3425
-3254
-2906
-2384
-1731
-1008
-275
424
1071
1691
2336
3039
3788
4529
5215
5841
6414
6954
7444
7838
8074
8118
8012
7801
7506
7101
6550
5816
4875
3744
2513
1299
169
-929
-2113
-3462
-4931
-6373
-7636
-8654
-9463
-10116
-10630
-10991
-11167
-11087
-10674
-9887
-8798
-7542
-6223
-4854
-3420
-1950
-515
831
2064
3165
4115
4923
5589
6060
6255
6146
5818
5364
4826
4175
3396
2500
1540
567
-382
-1280
-2045
-2591
-2914
-3124
-3289
-3378
-3336
-3147
-2825
-2380
-1836
-1225
-577
75
698
1306
1959
2688
3459
4210
4931
5656
6395
7103
7695
8121
8364
8443
8359
8126
7762
7281
6693
5976
5105
4041
2813
1517
264
-946
-2209
-3601
-5032
-6333
-7373
-8208
-8958
-9684
-10304
-10701
-10817
-10668
-10281
-9635
-8708
-7516
-6153
-4710
-3261
-1813
-361
1038
2278
3319
4211
5009
5667
6099
6251
6160
5916
5607
5211
4639
3853
2934
1994
1094
245
-546
-1255
-1842
-2307
-2706
-3082
-3390
-3518
-3416
-3116
-2684
-2163
-1608
-1054
-517
47
665
1350
2099
2892
3685
4445
5189
5922
6606
7196
7656
7945
8001
7831
7501
7086
6579
5949
5199
4349
3393
2298
1086
-174
-1396
-2578
-3774
-5022
-6245
-7312
-8131
-8744
-9245
-9698
-10084
-10346
-10390
-10134
-9574
-8778
-7812
-6679
-5395
-4018
-2653
-1381
-228
833
1828
2774
3633
4334
4822
5117
5266
5281
5122
4803
4374
3894
3363
2743
2025
1283
619
43
-493
-1027
-1521
-1920
-2171
-2261
-2229
-2127
-1964
-1715
-1372
-970
-551
-142
283
788
1414
2137
2891
3620
4323
5022
5731
6417
7009
7430
7637
7648
7501
7229
6826
6307
5677
4938
4103
3175
2145
962
-345
-1671
-2880
-3922
-4840
-5695
-6514
-7245
-7850
-8336
-8737
-9024
-9134
-9041
-8769
-8323
-7636
-6687
-5571
-4467
-3477
-2557
-1598
-562
468
1373
2104
2722
3328
3925
4410
4678
4729
4610
4363
4018
3607
3153
2686
2216
1710
1132
507
-71
-522
-842
-1097
-1341
-1567
-1725
-1799
-1799
-1753
-1659
-1505
-1270
-936
-523
-21
557
1208
1895
2586
3268
3935
4599
5233
5769
6155
6368
6423
6287
5962
5468
4867
4214
3512
2751
1868
888
-127
-1095
-1973
-2795
-3578
-4323
-4972
-5492
-5907
-6247
-6533
-6757
-6925
-7035
-7070
-6994
-6743
-6304
-5739
-5129
-4479
-3772
-3048
-2371
-1739
-1068
-299
518
1267
1880
2385
2817
3139
3317
3389
3430
3458
3435
3326
3105
2788
2418
2056
1699
1323
924
540
210
-56
-304
-592
-911
-1170
-1304
-1336
-1335
-1326
-1263
-1073
-707
-188
419
1057
1672
2233
2744
3238
3719
4180
4612
4975
5203
5216
5014
4671
4244
3754
3188
2558
1905
1263
650
74
-519
-1148
-1815
-2394
-2805
-3073
-3305
-3573
-3867
-4168
-4388
-4479
-4410
-4236
-3986
-3703
-3430
-3202
-3033
-2917
-2819
-2666
-2365
-1895
-1318
-746
-264
118
437
757
1129
1551
1977
2335
2599
2746
2763
2671
2497
2231
1847
1413
1029
723
432
117
-208
-504
-755
-979
-1218
-1458
-1652
-1772
-1822
-1801
-1673
-1405
-1036
-628
-259
85
467
948
1484
1969
2357
2640
2848
2937
2920
2805
2597
2286
1916
1574
1298
1142
991
755
306
-195
-601
-821
-947
-1037
-1076
-1088
-1137
-1296
-1499
-1719
-1869
-1900
-1770
-1585
-1456
-1387
-1359
-1393
-1484
-1560
-1530
-1385
-1176
-991
-840
-692
-456
-124
271
637
925
1152
1359
1581
1815
2050
2212
2236
2112
1895
1637
1365
1085
803
517
215
-108
-476
-879
-1259
-1555
-1752
-1880
-1938
-1913
-1795
-1621
-1456
-1366
-1350
-1285
-1070
-663
-216
185
467
697
888
1007
981
797
584
435
444
510
592
567
431
233
20
-118
-193
-145
15
243
421
487
423
266
83
-54
-83
-25
73
182
239
239
182
92
5
-62
-69
-53
16
168
421
739
1041
1296
1492
1638
1743
1834
1919
1977
1971
1922
1838
1720
1571
1411
1251
1057
813
540
282
59
-144
-350
-586
-828
-1045
-1212
-1332
-1445
-1548
-1670
-1773
-1861
-1917
-1943
-1972
-1981
-1978
-1936
-1877
-1822
-1818
-1865
-1927
-1925
-1877
-1797
-1717
-1634
-1520
-1418
-1283
-1130
-938
-738
-517
-261
13
272
471
654
759
869
936
994
1002
969
954
936
896
796
655
531
466
438
434
417
472
595
816
1082
1342
1604
1844
2130
2405
2662
2819
2878
2866
2813
2776
2679
2566
2382
2166
1915
1621
1335
991
619
196
-205
-524
-721
-814
-870
-956
-1100
-1282
-1442
-1556
-1639
-1706
-1743
-1728
-1689
-1663
-1712
-1875
-2141
-2458
-2753
-3003
-3175
-3278
-3299
-3278
-3246
-3243
-3241
-3183
-3037
-2792
-2448
-2010
-1535
-1066
-678
-366
-161
-26
103
294
597
933
1222
1379
1436
1437
1452
1462
1414
1321
1218
1228
1314
1494
1640
1752
1826
1949
2144
2369
2640
2859
3094
3211
3281
3192
3055
2921
2846
2784
2641
2436
2188
1975
1772
1609
1424
1265
1082
914
684
475
324
279
273
222
157
58
-33
-168
-327
-523
-715
-881
-1089
-1367
-1749
-2128
-2440
-2643
-2771
-2916
-3123
-3377
-3573
-3639
-3568
-3409
-3251
-3120
-2999
-2848
-2658
-2484
-2310
-2138
-1970
-1817
-1697
-1536
-1304
-1010
-727
-544
-433
-402
-353
-294
-177
-101
-74
-54
23
229
485
792
1034
1224
1382
1572
1807
2055
2308
2531
2685
2720
2661
2558
2417
2272
2157
2123
2146
2163
2109
1971
1780
1646
1560
1519
1435
1364
1355
1373
1374
1276
1186
1104
1059
999
941
896
829
701
471
172
-165
-464
-705
-924
-1160
-1418
-1651
-1820
-1937
-1981
-2017
-2056
-2137
-2199
-2232
-2212
-2173
-2130
-2097
-2091
-2096
-2105
-2058
-1948
-1785
-1640
-1557
-1581
-1673
-1768
-1798
-1724
-1636
-1543
-1505
-1448
-1349
-1177
-914
-629
-287
35
390
694
989
1247
1482
1692
1851
1980
2018
2009
1911
1805
1720
1712
1769
1795
1801
1751
1727
1684
1635
1564
1505
1507
1563
1657
1748
1822
1872
1897
1890
1831
1704
1532
1342
1168
998
849
694
535
316
81
-166
-341
-511
-650
-797
-901
-951
-970
-900
-824
-692
-658
-674
-777
-862
-906
-890
-843
-851
-936
-1065
-1178
-1260
-1342
-1434
-1566
-1733
-1937
-2146
-2312
-2389
-2373
-2329
-2231
-2015
-1646
-1218
-863
-605
-416
-212
9
233
434
580
650
593
457
316
267
264
267
238
213
229
282
414
530
602
555
506
495
561
637
737
888
1061
1241
1315
1372
1323
1221
1048
902
870
878
918
882
809
686
534
409
266
169
51
11
16
82
199
324
496
609
642
575
472
420
399
346
239
107
43
1
-60
-170
-307
-457
-620
-781
-918
-1022
-1089
-1116
-1098
-1072
-1021
-937
-788
-609
-467
-387
-386
-405
-409
-400
-392
-433
-444
-467
-451
-495
-538
-590
-638
-695
-755
-674
-487
-166
73
210
149
32
-23
59
255
487
725
891
963
925
827
664
496
394
424
532
595
524
331
77
-120
-219
-227
-232
-316
-438
-533
-498
-357
-169
-6
86
163
247
398
538
650
716
813
921
996
980
904
840
798
759
673
506
334
203
206
218
187
63
-31
10
125
287
299
262
108
-15
-87
-89
-36
-72
-131
-220
-236
-245
-297
-388
-551
-693
-817
-824
-728
-599
-504
-527
-577
-604
-523
-375
-211
-109
-87
-101
-126
-155
-222
-325
-414
-471
-480
-554
-727
-1018
-1285
-1493
-1591
-1645
-1665
-1665
-1671
-1645
-1628
-1475
-1218
-853
-601
-479
-447
-331
-89
193
457
577
690
765
960
1153
1307
1332
1235
1172
1178
1350
1491
1588
1551
1512
1488
1536
1616
1716
1769
1755
1716
1671
1643
1544
1428
1310
1295
1307
1330
1213
977
676
417
233
112
53
12
-75
-230
-335
-329
-196
-81
-90
-195
-317
-325
-281
-187
-140
-137
-218
-302
-374
-444
-548
-741
-958
-1242
-1521
-1774
-1896
-1891
-1847
-1902
-2119
-2415
-2652
-2747
-2731
-2679
-2643
-2652
-2664
-2582
-2392
-2143
-1944
-1783
-1598
-1326
-1036
-736
-499
-253
-62
166
366
615
823
1082
1360
1653
1915
2070
2198
2233
2275
2271
2299
2377
2463
2541
2524
2438
2202
1938
1748
1740
1821
1852
1773
1544
1325
1202
1312
1534
1716
1724
1619
1523
1537
1642
1757
1821
1745
1646
1485
1407
1295
1241
1110
929
652
283
-65
-413
-638
-895
-1156
-1514
-1878
-2229
-2527
-2790
-3058
-3312
-3566
-3759
-3930
-4031
-4114
-4096
-4029
-3867
-3735
-3599
-3464
-3312
-3093
-2890
-2602
-2348
-2065
-1809
-1508
-1156
-798
-415
-122
186
429
707
920
1102
1274
1442
1594
1721
1871
2016
2099
2084
2046
2008
2004
1979
2013
2014
2018
1963
1947
2004
2032
2024
1901
1776
1739
1827
2131
2416
2609
2521
2323
2213
2283
2562
2782
2902
2732
2456
2128
1868
1711
1618
1531
1252
803
303
-140
-475
-843
-1182
-1572
-1961
-2378
-2782
-3084
-3312
-3477
-3646
-3800
-3892
-3917
-3875
-3786
-3695
-3619
-3599
-3554
-3463
-3314
-3199
-3151
-3066
-2920
-2667
-2465
-2271
-2074
-1850
-1541
-1220
-824
-529
-295
-120
83
377
683
1004
1182
1279
1317
1387
1565
1755
2000
2161
2302
2349
2308
2263
2192
2231
2202
2248
2275
2406
2599
2767
2933
2921
2935
2921
3056
3134
3174
3127
3059
2979
2826
2653
2424
2256
2104
1949
1696
1393
1085
800
461
81
-319
-697
-1018
-1306
-1534
-1765
-2017
-2192
-2346
-2373
-2432
-2462
-2541
-2697
-2777
-2862
-2773
-2768
-2672
-2658
-2649
-2682
-2722
-2625
-2556
-2456
-2430
-2294
-2069
-1795
-1556
-1429
-1339
-1314
-1200
-1066
-848
-706
-571
-563
-582
-595
-439
-175
54
211
294
399
481
612
721
864
910
1015
1097
1303
1497
1696
1874
2041
2243
2377
2507
2586
2676
2703
2692
2656
2605
2541
2420
2289
2141
2013
1855
1706
1486
1297
1104
961
762
483
144
-190
-450
-584
-568
-513
-511
-685
-923
-1153
-1238
-1243
-1175
-1168
-1187
-1263
-1273
-1197
-1129
-1141
-1211
-1273
-1245
-1255
-1208
-1220
-1181
-1231
-1261
-1311
-1315
-1262
-1209
-1076
-1033
-965
-1027
-1084
-1195
-1194
-1050
-823
-634
-587
-622
-660
-626
-480
-265
-21
194
366
534
713
842
999
1146
1425
1640
1854
1960
1958
1873
1728
1669
1578
1507
1455
1423
1381
1180
969
699
543
416
324
248
140
99
0
-112
-314
-496
-609
-603
-530
-409
-392
-423
-550
-485
-333
-124
-39
-69
-85
-143
-69
-34
115
162
220
184
138
99
90
133
146
65
-134
-346
-503
-572
-651
-741
-859
-941
-942
-903
-869
-957
-1019
-1000
-772
-509
-360
-427
-652
-762
-677
-315
31
302
327
246
149
154
337
573
855
1063
1179
1168
1085
1000
923
835
717
624
560
531
470
290
48
-216
-381
-492
-545
-598
-683
-838
-993
-1068
-1054
-1052
-1057
-1034
-934
-835
-757
-660
-505
-343
-178
-47
119
270
415
534
590
657
751
953
1111
1148
1041
949
933
930
918
847
807
759
727
683
573
388
227
170
210
186
86
-88
-250
-373
-368
-214
-38
59
-11
-112
-210
-240
-184
-59
103
227
330
410
473
549
577
580
498
404
298
212
135
-16
-246
-521
-739
-846
-934
-966
-1029
-1059
-1192
-1415
-1608
-1696
-1609
-1627
-1666
-1825
-1855
-1905
-1892
-1898
-1846
-1669
-1382
-969
-650
-404
-346
-296
-252
-53
249
532
786
914
1068
1070
1111
1109
1187
1237
1321
1459
1529
1497
1392
1345
1395
1492
1647
1758
1738
1626
1438
1330
1130
1048
1003
1169
1260
1271
1176
1018
934
821
917
927
1004
929
918
855
761
660
510
433
230
178
88
95
-98
-344
-599
-756
-743
-717
-682
-921
-1264
-1635
-1768
-1747
-1733
-1813
-1970
-2154
-2355
-2551
-2671
-2691
-2592
-2390
-2211
-2104
-2165
-2183
-2114
-1783
-1414
-1090
-999
-1004
-949
-790
-541
-371
-180
-27
156
250
300
349
486
726
948
1039
1040
1022
1114
1247
1486
1718
1935
1958
1828
1659
1565
1664
1815
2039
2103
2068
1920
1845
1826
1842
1859
1871
1845
1666
1359
1052
909
944
1041
1025
887
656
446
274
178
104
43
-113
-339
-575
-759
-785
-839
-929
-1214
-1501
-1741
-1816
-1780
-1745
-1777
-1902
-1957
-1907
-1811
-1747
-1815
-1850
-1871
-1706
-1526
-1417
-1520
-1759
-1883
-1823
-1422
-1014
-699
-727
-884
-947
-827
-551
-305
-70
30
32
-19
39
211
412
595
787
951
1123
1228
1403
1540
1699
1788
1874
1932
1984
2142
2370
2599
2644
2515
2339
2196
2124
2039
1904
1745
1611
1553
1548
1534
1489
1346
1159
901
707
588
569
506
339
67
-201
-364
-391
-363
-463
-736
-1148
-1442
-1605
-1579
-1569
-1570
-1667
-1830
-1986
-2160
-2220
-2311
-2327
-2431
-2512
-2610
-2611
-2538
-2397
-2219
-2061
-1921
-1869
-1845
-1803
-1668
-1483
-1344
-1264
-1238
-1208
-1178
-1104
-959
-799
-522
-227
61
136
140
249
595
982
1235
1292
1356
1513
1775
2003
2176
2210
2184
2123
2194
2357
2494
2475
2342
2205
2169
2222
2292
2240
2018
1745
1553
1440
1355
1244
1157
1041
921
792
683
558
367
160
-91
-279
-483
-659
-897
-1084
-1157
-1104
-1082
-1208
-1412
-1535
-1474
-1330
-1238
-1265
-1326
-1314
-1208
-1117
-1127
-1267
-1410
-1472
-1472
-1479
-1533
-1579
-1607
-1634
-1686
-1707
-1692
-1567
-1427
-1267
-1169
-1063
-936
-768
-549
-284
32
356
669
914
1092
1207
1351
1606
1965
2320
2506
2453
2282
2144
2252
2549
2893
2997
2843
2559
2377
2376
2421
2385
2179
1879
1547
1206
920
717
574
411
127
-176
-452
-563
-543
-441
-451
-675
-1075
-1508
-1761
-1783
-1548
-1254
-1082
-1123
-1323
-1497
-1551
-1411
-1164
-895
-726
-661
-690
-802
-967
-1131
-1169
-1102
-1053
-1169
-1438
-1769
-2021
-2141
-2126
-2122
-2245
-2441
-2509
-2348
-2119
-2001
-1966
-1818
-1464
-1025
-653
-412
-206
45
332
642
949
1359
1786
2188
2413
2534
2581
2658
2756
2898
3055
3112
3000
2632
2171
1822
1781
1966
2073
1926
1577
1295
1199
1226
1232
1128
1003
885
850
793
650
286
-271
-878
-1271
-1338
-1240
-1319
-1739
-2330
-2717
-2701
-2304
-1795
-1392
-1188
-1078
-967
-793
-567
-263
65
316
412
344
236
181
232
251
113
-274
-799
-1283
-1571
-1669
-1741
-1920
-2220
-2492
-2646
-2643
-2549
-2401
-2188
-1916
-1547
-1175
-834
-564
-268
145
613
1059
1377
1683
2053
2553
3061
3465
3708
3813
3873
3898
3954
3982
3949
3762
3460
3146
2925
2802
2635
2352
1959
1553
1178
828
555
404
333
168
-322
-1070
-1747
-1889
-1492
-1078
-1291
-2247
-3324
-3800
-3419
-2759
-2557
-3078
-3825
-4072
-3531
-2502
-1563
-1088
-1021
-1010
-741
-218
341
754
989
1091
1061
912
696
516
396
247
-127
-773
-1522
-2077
-2306
-2340
-2410
-2644
-2981
-3231
-3220
-2949
-2595
-2352
-2202
-2008
-1615
-1056
-416
199
761
1300
1817
2378
2919
3429
3782
4029
4203
4379
4553
4700
4825
4844
4734
4470
4169
3873
3608
3275
2846
2365
1971
1682
1379
990
544
148
-184
-431
-555
-638
-857
-1360
-2025
-2491
-2470
-1988
-1564
-1721
-2539
-3444
-3784
-3353
-2662
-2354
-2799
-3601
-4099
-3799
-2845
-1834
-1225
-1097
-1067
-837
-274
407
944
1127
988
741
567
548
567
469
82
-580
-1346
-1976
-2302
-2368
-2310
-2367
-2605
-2943
-3119
-2955
-2475
-1905
-1518
-1363
-1262
-882
-125
835
1592
1976
2149
2490
3150
3952
4563
4822
4856
4903
5095
5291
5348
5159
4860
4540
4321
4141
3977
3765
3453
2963
2275
1557
981
649
404
41
-579
-1282
-1739
-1715
-1430
-1400
-1961
-2904
-3539
-3387
-2596
-1979
-2234
-3330
-4433
-4685
-3954
-2984
-2701
-3365
-4319
-4605
-3827
-2440
-1276
-810
-891
-923
-502
366
1229
1709
1696
1449
1258
1266
1393
1425
1186
608
-148
-878
-1360
-1589
-1703
-1919
-2313
-2783
-3109
-3115
-2767
-2224
-1758
-1546
-1467
-1193
-523
410
1230
1674
1845
2104
2734
3638
4385
4662
4549
4496
4815
5425
5909
5925
5488
4932
4623
4616
4661
4422
3810
2985
2172
1480
893
375
-135
-698
-1344
-1996
-2514
-2777
-2825
-2834
-3052
-3554
-4087
-4217
-3749
-3043
-2748
-3214
-4062
-4534
-4168
-3260
-2590
-2730
-3504
-4169
-4022
-3050
-1829
-1045
-891
-1017
-907
-326
494
1128
1278
1028
683
570
717
918
820
310
-456
-1103
-1377
-1327
-1258
-1494
-2037
-2597
-2763
-2425
-1829
-1367
-1193
-1144
-959
-491
180
905
1530
2045
2503
3014
3653
4383
5035
5406
5488
5452
5548
5839
6182
6307
6031
5420
4761
4354
4230
4121
3704
2948
2077
1362
802
276
-325
-962
-1559
-2069
-2459
-2760
-2974
-3157
-3299
-3418
-3531
-3646
-3706
-3548
-3119
-2572
-2278
-2422
-2792
-2908
-2508
-1840
-1452
-1739
-2495
-3093
-2948
-2121
-1231
-887
-1128
-1468
-1384
-780
-48
279
-11
-590
-937
-797
-432
-332
-741
-1445
-1944
-1977
-1707
-1570
-1818
-2321
-2710
-2684
-2254
-1677
-1266
-1081
-945
-578
102
944
1676
2161
2520
2958
3592
4265
4769
4973
5007
5078
5284
5492
5482
5195
4753
4420
4233
4105
3787
3278
2697
2239
1954
1682
1243
513
-323
-1052
-1494
-1748
-1976
-2288
-2646
-2911
-3018
-2968
-2834
-2609
-2324
-2072
-1995
-2076
-2068
-1733
-1097
-537
-435
-798
-1177
-1093
-559
-74
-149
-766
-1411
-1567
-1174
-686
-592
-991
-1480
-1564
-1178
-737
-786
-1363
-2013
-2180
-1831
-1431
-1451
-1869
-2248
-2230
-1863
-1532
-1540
-1839
-2060
-1866
-1255
-504
81
392
564
832
1335
1993
2595
2962
3098
3177
3415
3863
4316
4502
4311
3939
3708
3783
3982
3933
3429
2634
1949
1623
1582
1507
1192
702
302
129
41
-235
-747
-1227
-1421
-1339
-1268
-1414
-1734
-1987
-1974
-1768
-1581
-1534
-1511
-1324
-979
-613
-371
-248
-178
-103
61
378
844
1267
1421
1222
854
607
652
870
890
405
-538
-1495
-1971
-1874
-1577
-1666
-2335
-3234
-3726
-3531
-2982
-2667
-2910
-3448
-3730
-3393
-2642
-2062
-2024
-2313
-2382
-1924
-1100
-328
91
167
214
527
1109
1645
1873
1831
1816
2026
2415
2735
2835
2804
2809
2921
3008
2928
2654
2316
2067
1935
1795
1531
1163
830
607
436
199
-126
-452
-663
-735
-744
-784
-885
-1000
-1073
-1093
-1076
-1022
-862
-570
-173
170
398
565
814
1179
1528
1737
1782
1800
1894
2093
2307
2436
2401
2229
2011
1856
1754
1583
1267
843
472
221
14
-289
-733
-1220
-1691
-2148
-2615
-3017
-3283
-3420
-3536
-3731
-3976
-4156
-4129
-3872
-3498
-3179
-2985
-2824
-2570
-2199
-1778
-1399
-1101
-900
-754
-581
-286
127
560
868
986
980
1010
1183
1453
1646
1623
1421
1199
1089
1030
900
651
398
228
112
-62
-322
-568
-672
-624
-531
-522
-608
-655
-539
-240
113
398
559
689
920
1294
1721
2060
2293
2489
2717
2952
3118
3195
3209
3206
3156
3033
2841
2651
2519
2461
2425
2310
2060
1705
1344
1033
770
507
195
-205
-649
-1015
-1240
-1379
-1569
-1866
-2211
-2500
-2670
-2751
-2815
-2907
-3007
-3045
-2974
-2784
-2530
-2288
-2121
-2017
-1896
-1702
-1454
-1235
-1055
-871
-629
-356
-106
84
212
292
325
322
269
177
74
-8
-100
-277
-555
-814
-919
-888
-875
-998
-1200
-1304
-1215
-986
-788
-693
-641
-488
-171
224
538
686
771
974
1355
1802
2135
2299
2359
2434
2579
2773
2948
3044
3063
3028
2937
2765
2526
2318
2208
2175
2127
1963
1672
1323
1018
778
544
280
-6
-266
-470
-604
-725
-934
-1273
-1666
-1952
-2056
-2041
-2062
-2209
-2431
-2601
-2640
-2567
-2476
-2410
-2364
-2276
-2116
-1905
-1716
-1614
-1567
-1471
-1237
-925
-684
-622
-702
-793
-786
-676
-546
-491
-521
-577
-591
-554
-502
-469
-464
-465
-438
-322
-127
103
304
445
568
713
924
1135
1266
1289
1304
1408
1590
1752
1844
1915
2053
2265
2454
2492
2358
2192
2175
2347
2544
2556
2336
2040
1885
1930
2039
1989
1728
1402
1191
1119
1045
848
530
208
-20
-145
-251
-416
-655
-907
-1128
-1321
-1493
-1615
-1671
-1691
-1740
-1855
-2010
-2116
-2082
-1913
-1746
-1732
-1854
-1958
-1906
-1716
-1525
-1418
-1386
-1326
-1192
-1044
-1014
-1131
-1281
-1337
-1302
-1267
-1270
-1270
-1224
-1142
-1065
-1017
-971
-880
-711
-534
-418
-387
-348
-241
-75
87
199
281
365
511
716
928
1063
1096
1074
1098
1235
1473
1729
1909
1985
1974
1956
1987
2075
2166
2202
2165
2073
1961
1849
1759
1679
1601
1500
1384
1255
1085
848
567
323
169
91
14
-121
-328
-574
-779
-898
-954
-1024
-1170
-1359
-1523
-1598
-1593
-1562
-1566
-1608
-1630
-1572
-1435
-1297
-1212
-1188
-1176
-1140
-1087
-1033
-1004
-995
-1010
-1018
-1011
-993
-954
-871
-729
-574
-464
-438
-462
-450
-329
-129
17
30
-57
-116
-77
41
174
259
317
389
519
683
833
937
995
1039
1105
1210
1349
1503
1668
1814
1906
1932
1931
1938
1960
1975
1964
1914
1839
1776
1744
1704
1607
1471
1354
1281
1219
1125
1001
857
698
546
405
282
140
-24
-206
-400
-587
-728
-806
-867
-975
-1140
-1309
-1423
-1443
-1420
-1412
-1442
-1431
-1321
-1131
-955
-867
-883
-954
-988
-957
-911
-953
-1088
-1239
-1317
-1319
-1307
-1320
-1363
-1434
-1524
-1596
-1636
-1669
-1759
-1879
-1980
-1979
-1903
-1817
-1786
-1801
-1779
-1664
-1446
-1192
-960
-774
-595
-369
-87
214
511
812
1133
1461
1750
1950
2031
2026
2009
2056
2179
2329
2426
2427
2344
2241
2165
2113
2059
1980
1878
1752
1600
1430
1264
1119
993
855
683
490
311
162
19
-142
-300
-390
-361
-245
-145
-141
-206
-225
-127
37
148
160
140
179
293
427
518
534
478
389
309
253
192
101
-10
-110
-197
-320
-514
-758
-987
-1153
-1264
-1384
-1546
-1741
-1916
-2054
-2173
-2303
-2438
-2553
-2603
-2542
-2367
-2137
-1954
-1858
-1815
-1723
-1500
-1150
-762
-425
-154
106
418
806
1245
1653
1951
2128
2275
2466
2692
2834
2816
2655
2461
2319
2234
2157
2007
1752
1401
1040
755
591
497
382
178
-86
-307
-428
-469
-492
-509
-507
-485
-452
-402
-325
-241
-172
-119
-45
69
217
365
475
523
531
560
638
718
727
629
486
370
304
244
123
-73
-316
-537
-702
-821
-943
-1097
-1277
-1467
-1654
-1831
-1979
-2099
-2212
-2354
-2510
-2627
-2624
-2495
-2320
-2191
-2101
-1959
-1705
-1375
-1043
-773
-598
-493
-377
-174
107
427
746
1045
1284
1426
1486
1516
1555
1573
1529
1419
1302
1235
1221
1178
1024
759
487
326
320
422
540
597
571
507
488
564
715
853
924
949
997
1101
1227
1342
1429
1487
1494
1463
1429
1430
1461
1472
1428
1349
1281
1222
1123
963
782
627
514
417
316
192
50
-107
-274
-469
-713
-999
-1285
-1525
-1707
-1843
-1958
-2071
-2214
-2389
-2583
-2726
-2764
-2689
-2566
-2466
-2396
-2328
-2216
-2045
-1798
-1503
-1218
-987
-786
-565
-298
-14
225
371
437
493
605
770
926
1001
977
881
771
697
667
649
604
526
426
322
222
140
83
46
25
12
-1
6
76
234
450
646
755
796
845
957
1128
1294
1425
1537
1657
1784
1884
1933
1920
1866
1808
1780
1765
1722
1625
1490
1356
1233
1111
970
805
627
461
328
213
72
-137
-391
-629
-810
-962
-1135
-1336
-1541
-1733
-1907
-2017
-2026
-1952
-1891
-1901
-1961
-1996
-1944
-1811
-1639
-1486
-1374
-1286
-1195
-1081
-964
-871
-790
-685
-527
-353
-213
-119
-58
-20
-15
-45
-86
-111
-107
-100
-115
-173
-291
-452
-595
-653
-617
-542
-480
-442
-403
-349
-265
-140
17
157
247
299
364
479
618
754
869
965
1047
1148
1273
1408
1503
1545
1572
1618
1673
1703
1693
1661
1638
1628
1610
1554
1449
1328
1228
1163
1095
979
797
584
396
272
187
84
-87
-313
-549
-748
-886
-977
-1045
-1122
-1216
-1313
-1372
-1368
-1298
-1191
-1087
-990
-885
-753
-615
-500
-433
-391
-341
-257
-147
-38
42
71
44
-19
-88
-127
-136
-144
-179
-254
-377
-545
-704
-793
-790
-756
-775
-859
-939
-957
-926
-901
-882
-828
-708
-558
-427
-338
-274
-210
-122
5
185
385
562
703
841
995
1143
1273
1395
1519
1630
1696
1716
1695
1641
1546
1414
1261
1114
1000
916
823
701
555
432
342
259
130
-77
-315
-510
-614
-654
-690
-738
-791
-829
-865
-915
-973
-1015
-999
-925
-827
-733
-641
-550
-478
-452
-462
-473
-434
-332
-202
-88
-20
-4
-36
-92
-139
-159
-170
-204
-275
-359
-433
-500
-591
-696
-773
-796
-783
-769
-770
-781
-790
-783
-758
-723
-671
-589
-455
-279
-99
56
194
366
598
849
1044
1156
1239
1358
1534
1724
1880
1980
2027
2039
2019
1971
1902
1835
1784
1735
1644
1480
1256
1015
798
598
381
145
-63
-206
-302
-417
-581
-763
-913
-1025
-1133
-1261
-1387
-1451
-1411
-1289
-1138
-992
-863
-763
-688
-633
-592
-566
-517
-422
-287
-143
-23
56
84
88
90
85
42
-33
-112
-183
-259
-359
-468
-565
-647
-714
-769
-810
-850
-895
-921
-900
-839
-772
-718
-673
-622
-552
-467
-374
-282
-182
-66
77
245
419
578
709
819
914
1008
1127
1276
1423
1516
1529
1491
1443
1421
1418
1402
1330
1212
1108
1065
1040
951
791
618
490
389
267
94
-110
-285
-398
-472
-563
-693
-837
-948
-998
-996
-977
-969
-946
-884
-792
-717
-675
-647
-596
-522
-455
-425
-421
-408
-358
-285
-217
-188
-197
-227
-256
-286
-328
-383
-446
-517
-586
-635
-640
-604
-540
-467
-417
-410
-441
-473
-478
-456
-439
-444
-463
-467
-445
-403
-338
-257
-155
-28
132
318
495
648
786
930
1078
1217
1331
1412
1449
1442
1410
1369
1330
1289
1244
1194
1147
1102
1067
1039
1011
956
854
710
555
403
252
92
-86
-265
-406
-479
-502
-525
-581
-639
-668
-661
-659
-687
-737
-772
-767
-733
-670
-574
-433
-275
-155
-113
-130
-153
-150
-148
-191
-268
-329
-322
-256
-185
-191
-308
-479
-616
-674
-671
-653
-651
-675
-707
-726
-732
-725
-701
-655
-594
-556
-561
-597
-598
-505
-323
-141
-33
11
58
150
267
361
422
484
585
711
801
834
837
866
933
1029
1142
1268
1384
1455
1472
1453
1434
1406
1355
1274
1182
1089
986
875
755
643
550
464
365
246
118
-7
-127
-246
-363
-480
-589
-665
-692
-680
-676
-730
-832
-928
-949
-890
-802
-747
-748
-781
-812
-800
-732
-640
-575
-564
-583
-603
-622
-646
-659
-639
-590
-551
-562
-625
-701
-755
-777
-774
-739
-680
-611
-551
-518
-513
-537
-559
-565
-544
-494
-422
-351
-306
-257
-171
-43
99
227
335
420
504
611
730
812
838
851
902
1012
1138
1225
1233
1198
1173
1182
1192
1171
1126
1082
1042
988
909
814
713
631
575
533
472
369
237
104
-13
-106
-179
-246
-317
-383
-416
-416
-405
-405
-408
-391
-366
-347
-346
-344
-331
-305
-277
-256
-229
-192
-164
-169
-186
-188
-158
-122
-93
-75
-68
-83
-139
-227
-321
-383
-396
-368
-322
-291
-299
-357
-440
-498
-493
-417
-310
-229
-214
-253
-290
-275
-205
-107
-13
54
91
115
157
217
265
276
262
261
291
341
392
414
402
395
432
509
581
620
643
673
723
776
808
807
786
767
754
732
686
616
545
499
480
462
412
331
218
79
-72
-203
-301
-385
-486
-604
-718
-806
-864
-906
-956
-1033
-1126
-1199
-1218
-1191
-1142
-1090
-1036
-983
-922
-845
-749
-639
-520
-393
-277
-180
-105
-29
58
155
240
286
274
207
123
55
14
-41
-148
-306
-466
-576
-629
-638
-622
-589
-560
-548
-547
-552
-561
-577
-572
-530
-453
-350
-210
-16
209
412
562
684
832
1027
1247
1445
1599
1701
1761
1777
1750
1696
1639
1599
1554
1480
1357
1192
1015
858
730
599
429
233
57
-67
-160
-258
-359
-451
-549
-675
-815
-921
-974
-1001
-1018
-1019
-993
-955
-916
-869
-808
-723
-623
-514
-407
-299
-176
-39
87
174
228
263
288
303
320
339
360
370
368
355
334
310
282
238
167
76
-9
-53
-50
-41
-79
-160
-233
-270
-291
-325
-380
-447
-518
-596
-663
-704
-701
-665
-618
-583
-563
-535
-470
-355
-201
-32
144
334
534
709
804
810
765
735
746
799
883
962
995
947
837
712
610
523
429
318
203
90
-46
-222
-423
-608
-749
-848
-921
-990
-1048
-1075
-1062
-1015
-944
-844
-715
-568
-415
-267
-134
-28
62
168
311
483
632
713
741
760
786
811
815
800
769
725
663
580
487
391
291
177
66
-30
-114
-193
-287
-390
-504
-604
-651
-632
-592
-591
-631
-670
-656
-600
-537
-491
-443
-372
-272
-154
-39
32
40
30
70
172
279
333
324
290
291
358
473
578
625
596
517
419
337
298
293
282
217
100
-24
-122
-193
-260
-320
-354
-353
-325
-299
-304
-352
-415
-444
-402
-298
-173
-70
0
47
99
164
230
287
335
391
462
545
625
684
702
670
599
516
434
360
292
216
121
17
-74
-135
-166
-194
-245
-340
-454
-548
-602
-628
-647
-669
-704
-754
-812
-852
-846
-794
-715
-640
-570
-506
-462
-456
-487
-524
-528
-468
-338
-171
-14
100
183
258
327
373
397
427
470
507
511
497
488
482
464
439
425
427
427
412
382
323
236
133
48
-4
-40
-81
-141
-191
-209
-171
-68
83
241
373
477
578
679
753
777
748
705
672
653
621
575
523
499
518
571
613
611
571
509
430
322
182
31
-99
-187
-248
-326
-457
-619
-754
-821
-844
-869
-914
-960
-980
-977
-947
-903
-857
-828
-821
-807
-769
-703
-612
-498
-363
-234
-137
-76
-20
65
169
255
300
314
313
305
307
324
357
385
385
350
303
275
274
281
270
240
193
129
38
-79
-213
-335
-426
-487
-531
-560
-557
-524
-487
-469
-469
-462
-431
-379
-319
-255
-177
-81
22
114
180
230
273
317
374
445
518
575
608
615
602
578
569
581
590
557
466
344
231
145
74
4
-74
-153
-235
-312
-371
-396
-390
-362
-320
-276
-238
-209
-187
-182
-191
-195
-171
-129
-92
-71
-55
-34
-1
47
109
189
299
445
605
729
781
766
717
666
628
602
567
517
452
379
309
249
211
185
156
105
22
-85
-186
-252
-270
-242
-169
-79
-6
41
74
99
102
109
159
249
313
305
246
194
187
234
299
333
316
286
271
257
211
134
56
-10
-77
-157
-244
-330
-415
-516
-620
-701
-753
-791
-830
-866
-901
-949
-1002
-1025
-995
-932
-903
-934
-999
-1047
-1054
-1032
-995
-950
-890
-805
-692
-573
-469
-396
-336
-272
-187
-76
34
106
133
154
210
301
394
467
512
537
555
579
615
651
665
633
551
447
361
316
302
294
274
242
218
217
250
292
307
266
174
81
33
50
101
139
148
161
213
310
423
514
560
567
569
584
609
622
626
643
677
717
736
724
680
614
542
480
442
420
385
313
211
117
50
0
-70
-163
-260
-335
-379
-406
-417
-409
-391
-382
-389
-396
-379
-335
-272
-209
-157
-111
-81
-58
-49
-50
-63
-74
-67
-29
33
88
117
114
85
31
-36
-82
-81
-63
-63
-88
-110
-127
-163
-230
-324
-426
-514
-570
-593
-607
-636
-676
-709
-720
-723
-716
-694
-646
-585
-539
-510
-479
-424
-342
-248
-164
-105
-73
-38
28
126
238
346
435
479
478
467
478
504
513
489
446
399
361
331
303
254
182
95
1
-93
-167
-195
-188
-184
-206
-247
-272
-270
-253
-243
-244
-236
-207
-156
-100
-46
10
78
161
241
289
293
271
255
268
295
329
363
398
424
419
381
328
287
268
260
237
195
138
78
13
-44
-84
-108
-130
-155
-187
-235
-310
-412
-509
-550
-525
-463
-409
-364
-319
-253
-158
-44
69
149
182
167
136
136
206
325
423
467
485
520
577
628
649
645
635
632
625
591
522
432
350
292
252
221
192
160
105
18
-76
-140
-165
-180
-192
-189
-155
-112
-87
-86
-77
-44
-6
8
-13
-44
-58
-48
-31
-29
-53
-83
-89
-60
-30
-37
-77
-122
-151
-156
-137
-114
-114
-152
-210
-261
-290
-307
-324
-355
-399
-438
-464
-486
-516
-554
-598
-641
-682
-700
-688
-649
-594
-545
-504
-465
-415
-368
-327
-282
-228
-167
-114
-64
-14
46
121
210
291
341
351
339
340
354
354
306
210
121
96
133
167
144
86
48
51
74
78
57
15
-24
-29
10
63
80
50
17
26
76
125
150
159
190
250
322
386
436
472
492
490
459
405
351
327
339
363
377
387
404
419
409
375
317
241
151
72
30
32
50
49
18
-34
-90
-148
-202
-247
-277
-291
-299
-321
-368
-435
-492
-511
-480
-412
-350
-323
-332
-353
-359
-334
-278
-205
-138
-96
-82
-82
-73
-39
34
121
178
183
168
174
203
227
221
192
170
171
171
148
113
94
100
107
98
70
39
26
28
30
21
16
25
46
67
87
109
130
139
138
147
177
232
301
360
386
376
336
293
268
266
255
199
105
20
-25
-37
-53
-92
-147
-216
-290
-364
-424
-460
-469
-466
-478
-534
-622
-701
-736
-725
-691
-646
-581
-501
-430
-405
-406
-395
-350
-278
-183
-72
24
93
144
208
282
341
362
344
303
266
240
206
156
109
104
157
244
309
328
296
228
137
53
0
-19
-26
-27
-20
-7
10
22
24
12
2
7
30
53
58
56
70
130
234
361
484
582
640
643
588
509
465
467
489
474
404
301
206
139
87
33
-29
-75
-105
-129
-166
-218
-279
-355
-431
-478
-476
-450
-423
-398
-369
-335
-305
-274
-241
-208
-176
-152
-125
-88
-32
36
103
169
214
233
227
222
222
202
148
74
15
-9
2
19
14
-16
-48
-58
-44
-36
-61
-121
-186
-225
-237
-246
-275
-327
-375
-396
-399
-400
-410
-410
-399
-381
-352
-293
-197
-88
16
104
168
193
185
179
209
266
326
391
476
574
642
654
624
578
528
457
360
245
131
33
-44
-103
-155
-205
-254
-281
-269
-227
-184
-158
-149
-153
-162
-161
-139
-110
-85
-66
-50
-32
-7
35
94
167
241
299
334
344
341
340
345
340
324
312
304
279
225
144
53
-31
-90
-111
-115
-135
-184
-244
-287
-296
-277
-259
-271
-309
-342
-355
-365
-392
-431
-460
-464
-445
-410
-365
-320
-289
-270
-249
-227
-223
-234
-249
-249
-232
-192
-139
-101
-107
-146
-182
-177
-134
-74
-28
0
10
20
64
144
217
246
242
218
173
115
78
81
86
66
29
5
-7
-9
12
58
102
121
129
147
181
226
292
396
527
629
673
663
630
578
517
470
457
463
454
417
365
324
301
292
279
255
211
152
95
46
10
-27
-73
-127
-178
-223
-252
-267
-271
-265
-248
-228
-208
-198
-202
-230
-274
-305
-315
-325
-360
-402
-416
-384
-330
-284
-256
-243
-227
-206
-172
-137
-102
-66
-26
17
77
172
303
434
521
555
546
514
465
404
337
281
243
227
234
259
279
266
218
165
121
82
41
-5
-56
-113
-158
-165
-130
-75
-43
-44
-60
-53
-13
34
61
62
44
11
-21
-51
-97
-169
-263
-353
-418
-457
-482
-513
-559
-606
-630
-618
-581
-541
-515
-529
-597
-696
-767
-773
-728
-661
-593
-542
-514
-483
-432
-378
-354
-344
-310
-243
-178
-131
-95
-47
29
126
213
270
306
341
387
439
492
553
609
650
677
702
728
744
740
721
725
767
821
848
822
771
726
692
641
554
455
377
329
282
230
192
175
165
153
140
142
153
163
154
127
102
102
132
170
198
208
189
132
54
-2
-19
-13
-31
-91
-184
-282
-354
-392
-404
-421
-462
-525
-585
-620
-637
-646
-652
-650
-635
-617
-615
-632
-663
-680
-662
-602
-520
-437
-364
-305
-254
-209
-163
-120
-93
-73
-37
20
79
117
144
164
172
158
143
148
178
223
272
316
347
375
415
469
523
559
582
607
637
644
601
517
435
376
330
277
218
150
80
14
-46
-106
-167
-219
-250
-254
-240
-210
-173
-148
-157
-187
-201
-175
-132
-109
-116
-137
-151
-141
-108
-89
-112
-172
-218
-224
-190
-157
-156
-206
-295
-387
-452
-476
-474
-445
-404
-360
-326
-301
-272
-226
-162
-81
2
67
84
61
22
-3
-14
-5
30
81
124
131
110
88
93
122
149
163
185
251
374
515
605
583
468
355
346
433
527
542
482
400
360
384
445
471
409
267
112
26
37
100
113
26
-118
-218
-223
-175
-160
-240
-394
-549
-625
-608
-546
-505
-502
-504
-469
-395
-311
-250
-229
-239
-255
-234
-156
-45
42
83
91
96
100
99
90
89
115
165
219
247
243
205
147
93
83
118
171
201
205
201
200
203
196
165
117
72
50
54
82
118
145
151
148
158
193
241
274
292
314
360
419
451
434
370
287
208
149
122
131
172
228
283
317
305
238
121
-9
-114
-178
-212
-249
-313
-394
-462
-505
-519
-511
-484
-459
-447
-453
-471
-496
-508
-490
-453
-423
-408
-392
-361
-312
-238
-148
-57
12
63
108
155
187
183
156
122
86
33
-43
-120
-178
-218
-265
-318
-354
-361
-348
-337
-340
-352
-348
-304
-232
-170
-143
-131
-110
-93
-99
-133
-159
-157
-121
-71
-16
50
131
216
281
319
338
353
361
363
362
368
390
436
487
501
462
383
307
265
267
291
299
273
233
190
144
81
11
-47
-80
-94
-103
-115
-145
-197
-273
-341
-367
-348
-302
-261
-240
-239
-239
-227
-190
-135
-77
-24
33
106
176
209
180
121
72
60
81
110
125
111
74
31
3
-6
-6
1
15
49
100
152
199
235
256
251
237
242
277
325
359
377
385
394
401
407
390
339
275
226
191
134
55
-9
-25
-8
13
23
17
-1
-12
-6
12
28
36
36
31
28
31
41
55
72
92
111
111
84
29
-39
-100
-136
-151
-173
-231
-312
-380
-400
-384
-368
-370
-387
-404
-409
-403
-404
-411
-403
-351
-266
-180
-131
-130
-165
-202
-222
-218
-180
-105
-10
60
86
78
69
53
28
-2
-11
4
27
30
-7
-77
-161
-221
-237
-210
-164
-128
-115
-124
-159
-220
-273
-299
-309
-319
-315
-277
-219
-166
-123
-76
-32
-7
-12
-33
-46
-32
9
56
98
134
174
209
235
242
227
198
165
149
161
202
249
266
229
151
80
53
72
106
127
134
142
143
120
72
33
28
57
99
128
131
116
120
163
236
302
330
320
295
288
303
323
334
339
342
337
342
373
412
417
381
341
333
334
314
277
253
254
244
196
112
30
-14
-25
-39
-79
-147
-217
-267
-281
-268
-258
-268
-304
-349
-384
-392
-373
-342
-308
-281
-268
-277
-301
-324
-338
-337
-311
-252
-174
-102
-56
-36
-31
-38
-46
-60
-81
-102
-95
-38
50
121
142
122
90
68
58
45
12
-39
-80
-78
-33
24
56
50
6
-57
-102
-123
-133
-152
-166
-160
-130
-87
-33
42
126
200
253
294
334
357
341
281
199
123
66
10
-67
-149
-201
-208
-196
-199
-236
-301
-370
-412
-403
-367
-343
-360
-406
-449
-479
-489
-476
-441
-395
-343
-273
-183
-110
-76
-82
-88
-64
7
115
222
274
251
197
168
185
222
246
249
241
239
241
232
200
147
100
78
82
100
116
127
137
153
173
191
203
209
214
217
209
183
151
129
127
141
156
166
169
168
159
147
141
144
143
131
105
80
70
68
55
39
44
89
141
163
139
100
82
92
103
103
94
95
100
92
65
33
11
1
-5
-22
-50
-60
-31
18
55
54
21
-27
-63
-94
-132
-186
-232
-248
-220
-162
-96
-43
-28
-56
-112
-155
-160
-137
-105
-74
-57
-74
-115
-125
-74
8
56
56
36
29
31
18
-7
-28
-33
-18
18
66
110
128
95
16
-69
-108
-85
-44
-33
-65
-110
-137
-131
-96
-62
-56
-90
-135
-150
-121
-76
-41
-15
27
79
114
107
67
26
2
13
58
113
139
122
87
62
56
52
39
13
-16
-35
-47
-65
-113
-191
-276
-345
-393
-418
-415
-400
-398
-438
-497
-535
-522
-479
-426
-382
-343
-306
-260
-201
-143
-82
-18
53
127
203
276
331
353
351
344
349
367
384
383
359
323
286
251
221
204
186
163
133
122
131
156
187
218
245
259
266
278
307
347
382
393
379
358
350
351
344
322
295
279
274
267
238
170
84
13
-17
-20
-30
-62
-102
-145
-197
-265
-317
-323
-290
-260
-252
-254
-245
-226
-207
-192
-189
-198
-214
-238
-276
-326
-357
-346
-297
-241
-221
-251
-309
-334
-291
-194
-87
-1
55
90
112
116
94
47
8
-7
-6
-14
-30
-34
-17
19
56
87
95
88
81
90
106
118
121
123
125
129
135
145
159
180
214
253
281
287
273
236
181
124
88
76
68
50
37
52
104
172
219
221
193
172
170
170
146
104
48
-6
-55
-102
-152
-208
-276
-348
-402
-420
-428
-447
-481
-504
-504
-486
-468
-461
-469
-481
-468
-420
-349
-278
-229
-203
-193
-184
-161
-128
-93
-71
-59
-71
-112
-165
-213
-238
-245
-224
-190
-167
-164
-156
-115
-46
19
54
73
100
153
236
339
437
503
527
527
532
554
582
607
611
563
469
375
324
301
