621
487
352
273
245
219
160
84
35
39
50
9
-95
-202
-242
-196
-121
-98
-163
-274
-339
-311
-213
-124
-94
-116
-151
-159
-154
-159
-186
-189
-132
-40
37
72
75
55
25
-1
-2
9
33
78
137
197
248
318
408
463
408
249
69
-43
-76
-62
-56
-82
-93
-33
114
244
281
212
100
-6
-101
-163
-166
-100
-2
92
164
193
151
39
-68
-79
14
133
188
158
103
110
212
337
404
389
354
351
376
402
414
405
363
275
148
-19
-209
-368
-435
-411
-347
-303
-304
-321
-317
-282
-275
-347
-451
-468
-352
-193
-109
-106
-108
-62
31
128
176
142
65
24
32
15
-52
-123
-140
-110
-78
-91
-189
-353
-508
-580
-591
-591
-593
-573
-520
-456
-400
-383
-425
-487
-480
-364
-202
-88
-47
-54
-77
-95
-98
-96
-108
-121
-93
1
151
304
414
446
415
358
299
244
190
164
192
262
325
337
306
269
235
198
145
101
104
151
207
247
311
427
554
616
581
510
476
527
655
774
770
609
393
287
329
417
423
343
268
249
259
234
153
43
-34
-50
-39
-59
-124
-194
-241
-271
-314
-363
-409
-432
-431
-402
-364
-353
-374
-389
-334
-216
-84
-8
4
-21
-25
19
117
252
388
460
411
274
158
154
225
264
210
108
29
-13
-56
-127
-194
-188
-93
23
68
26
-49
-90
-73
-37
-25
-47
-67
-74
-103
-177
-278
-371
-445
-490
-491
-438
-357
-295
-287
-342
-435
-539
-626
-666
-639
-539
-409
-305
-263
-263
-257
-227
-218
-269
-350
-397
-404
-414
-463
-507
-465
-312
-157
-124
-220
-322
-320
-219
-93
-20
-18
-26
31
150
239
236
181
133
101
73
67
133
262
397
479
517
560
608
598
499
361
278
297
405
546
655
684
643
569
506
486
516
557
550
488
417
365
313
238
168
136
132
125
111
125
194
288
343
315
232
183
201
224
171
57
-25
-41
-16
-7
-25
-79
-171
-269
-366
-463
-562
-616
-575
-451
-317
-227
-170
-108
-45
-32
-71
-127
-140
-109
-72
-63
-95
-128
-97
13
122
120
-5
-123
-125
-18
85
107
58
-6
-32
-31
-25
-26
-10
37
97
114
43
-73
-145
-124
-46
32
69
43
-21
-77
-103
-133
-191
-248
-270
-272
-285
-306
-319
-331
-343
-325
-237
-95
34
94
64
-39
-162
-241
-258
-248
-225
-168
-85
-38
-54
-75
-76
-85
-131
-180
-202
-209
-206
-168
-89
4
87
159
233
272
256
188
105
30
-30
-62
-81
-131
-242
-361
-434
-482
-549
-593
-528
-328
-73
140
249
254
202
155
150
170
180
192
234
303
349
364
379
437
537
642
740
803
821
788
722
619
476
324
222
187
167
129
81
57
81
164
310
459
532
492
381
266
173
101
61
71
118
157
119
-12
-193
-352
-454
-514
-557
-579
-541
-419
-241
-78
0
-31
-141
-262
-340
-358
-343
-332
-329
-320
-289
-254
-239
-260
-282
-268
-197
-111
-74
-99
-154
-171
-114
19
171
253
239
192
202
267
316
303
261
228
217
241
311
400
442
415
370
361
370
341
262
163
78
33
47
85
79
-12
-143
-234
-260
-240
-210
-196
-208
-237
-249
-192
-56
116
224
219
139
67
45
32
-22
-139
-280
-368
-365
-320
-327
-398
-476
-513
-539
-582
-628
-642
-601
-541
-517
-562
-611
-570
-436
-335
-378
-511
-555
-397
-117
95
139
84
42
43
39
-3
-58
-83
-53
14
78
110
114
126
165
206
211
165
128
166
271
365
387
362
343
351
348
280
139
20
11
101
147
65
-85
-171
-136
-38
28
22
-29
-84
-117
-135
-137
-136
-120
-58
47
152
231
338
484
588
562
427
285
210
225
295
378
431
441
407
350
310
314
353
400
450
496
495
405
254
102
1
-78
-143
-172
-146
-94
-76
-108
-149
-126
16
241
429
474
391
290
244
242
242
237
263
320
360
321
210
112
89
111
91
-2
-108
-168
-201
-270
-386
-502
-561
-561
-560
-588
-626
-584
-425
-206
-41
31
75
146
209
181
45
-145
-303
-384
-382
-346
-327
-319
-305
-316
-394
-525
-641
-723
-781
-816
-811
-753
-672
-579
-504
-452
-397
-286
-112
81
227
292
308
320
369
451
521
523
448
361
332
332
286
183
105
91
96
52
-54
-172
-215
-136
20
131
113
0
-92
-75
40
168
226
203
137
62
-18
-87
-99
-18
136
274
320
276
208
168
144
97
24
-34
-41
11
86
131
119
79
76
132
201
200
115
-6
-95
-130
-135
-162
-255
-390
-498
-517
-441
-307
-166
-62
-30
-56
-111
-147
-132
-63
1
14
7
61
203
363
462
469
440
420
414
389
343
318
311
282
214
173
212
292
324
291
243
222
224
232
209
112
-53
-198
-221
-116
40
163
238
295
353
384
348
256
170
114
52
-43
-132
-145
-93
-40
-61
-155
-264
-313
-266
-177
-132
-180
-277
-363
-430
-514
-610
-666
-626
-487
-286
-85
51
85
46
0
8
64
125
135
71
-49
-183
-265
-250
-153
-60
-62
-197
-391
-520
-508
-401
-301
-256
-222
-134
11
146
187
106
-33
-117
-102
-32
0
-29
-68
-54
3
36
-19
-133
-212
-183
-71
49
144
221
273
275
231
179
168
220
308
346
262
82
-73
-115
-79
-59
-79
-70
25
179
326
422
477
527
563
535
404
227
107
83
82
33
-49
-94
-81
-52
-55
-91
-130
-153
-166
-182
-200
-200
-164
-105
-55
-26
4
58
96
73
-7
-54
2
119
191
159
80
56
147
298
369
278
91
-50
-59
24
100
100
31
-10
39
154
251
278
238
159
67
-33
-129
-199
-205
-145
-53
21
65
92
101
83
24
-60
-126
-139
-107
-85
-111
-172
-213
-210
-193
-198
-217
-215
-185
-152
-132
-135
-154
-182
-206
-216
-220
-228
-212
-160
-94
-56
-50
-40
-28
-24
-50
-90
-134
-167
-180
-181
-190
-197
-172
-108
-23
66
166
269
334
312
190
18
-115
-137
-70
-4
-17
-79
-127
-144
-147
-147
-139
-133
-153
-207
-270
-286
-213
-70
80
177
222
242
250
224
169
119
114
168
271
388
449
398
280
205
233
311
368
362
323
280
244
203
146
90
49
27
7
-5
-8
-35
-118
-237
-301
-236
-73
92
184
198
179
169
198
245
285
302
307
315
314
283
206
103
-12
-155
-333
-511
-620
-641
-623
-639
-713
-796
-807
-709
-529
-351
-251
-253
-306
-352
-367
-363
-332
-254
-145
-52
-13
-33
-79
-105
-75
5
102
203
322
449
547
574
541
490
437
360
238
125
82
106
139
145
144
161
218
283
307
270
218
236
323
410
409
337
275
297
381
450
434
325
191
111
110
127
114
79
66
64
50
14
-34
-119
-244
-347
-353
-273
-184
-129
-98
-75
-76
-118
-198
-290
-368
-415
-424
-400
-370
-364
-382
-412
-447
-478
-485
-448
-372
-271
-179
-117
-78
-12
96
199
241
214
156
85
19
-23
-27
-4
13
31
87
180
267
309
297
237
145
67
59
115
176
202
192
144
65
-6
-25
-15
-48
-126
-162
-62
152
361
454
406
269
134
84
129
196
178
56
-92
-177
-174
-134
-121
-172
-273
-352
-340
-245
-140
-81
-59
-53
-81
-149
-234
-291
-293
-255
-230
-273
-373
-448
-426
-321
-201
-107
-30
59
158
222
211
122
-3
-116
-165
-163
-148
-149
-143
-103
-52
-37
-63
-87
-76
-41
-19
-23
-30
-13
32
77
108
131
170
221
271
309
359
426
468
465
429
412
424
451
460
418
317
177
71
40
86
127
103
42
26
91
174
215
198
175
165
150
95
7
-63
-89
-92
-110
-119
-85
-15
47
55
6
-58
-54
48
179
234
199
155
176
251
288
236
137
96
146
192
128
-43
-202
-253
-210
-160
-171
-235
-297
-323
-331
-358
-386
-350
-225
-80
-20
-76
-180
-235
-209
-129
-45
-1
-5
-49
-91
-95
-57
-17
-14
-61
-119
-151
-165
-204
-293
-402
-471
-446
-312
-118
41
62
-80
-297
-456
-498
-473
-454
-465
-505
-563
-634
-680
-655
-550
-418
-313
-232
-134
1
150
257
293
281
286
344
423
447
372
251
175
199
278
346
377
382
370
333
265
179
107
97
171
295
387
376
254
65
-102
-175
-128
-3
141
270
378
475
543
570
579
616
707
793
792
682
542
445
398
365
345
338
314
239
135
45
-5
-20
-20
-45
-115
-192
-226
-223
-243
-289
-318
-293
-223
-135
-61
-30
-36
-27
54
190
319
373
334
211
57
-67
-139
-203
-288
-370
-421
-435
-435
-436
-461
-501
-518
-487
-430
-394
-392
-397
-390
-348
-277
-190
-128
-137
-223
-317
-315
-193
-31
85
137
153
132
93
83
133
214
272
279
242
185
122
51
-41
-156
-264
-327
-316
-238
-137
-50
20
66
71
41
18
43
79
73
10
-62
-118
-186
-271
-310
-258
-166
-120
-134
-158
-160
-144
-125
-114
-138
-193
-242
-231
-169
-115
-103
-125
-148
-161
-152
-123
-95
-90
-103
-93
-51
13
74
109
103
55
-17
-77
-78
6
154
301
403
463
506
528
487
367
221
156
206
308
379
397
394
407
442
475
451
349
217
143
152
177
152
73
17
53
172
275
273
152
-8
-115
-132
-87
-24
24
36
-12
-97
-151
-129
-41
65
164
219
203
130
63
56
92
119
89
-5
-148
-301
-438
-548
-598
-570
-468
-348
-270
-256
-298
-375
-448
-453
-365
-225
-89
26
116
181
232
288
323
295
200
82
-29
-131
-205
-240
-250
-274
-308
-324
-316
-295
-258
-193
-128
-101
-95
-59
24
118
202
275
335
361
378
419
468
468
398
302
225
183
169
203
270
325
321
269
188
69
-85
-206
-195
-47
158
324
409
411
351
254
151
68
21
17
41
72
97
131
188
263
318
282
142
-43
-205
-332
-462
-601
-718
-770
-727
-609
-492
-452
-498
-574
-621
-612
-555
-465
-346
-192
-14
151
249
244
158
52
-15
-17
41
138
221
241
202
152
127
105
74
42
22
15
17
41
73
86
73
90
186
334
453
482
429
360
336
355
366
336
284
237
188
105
-3
-96
-127
-80
13
90
100
52
-19
-77
-110
-142
-180
-221
-239
-228
-218
-253
-367
-517
-628
-640
-577
-493
-424
-389
-382
-386
-357
-285
-194
-115
-36
44
97
95
52
26
37
64
68
37
-18
-84
-153
-221
-276
-296
-256
-167
-84
-54
-53
-25
57
171
269
328
354
365
355
304
225
164
167
229
310
367
390
405
414
419
427
462
518
536
488
382
275
196
128
46
-39
-92
-106
-111
-148
-247
-398
-561
-675
-721
-729
-722
-692
-601
-445
-273
-162
-139
-134
-53
116
296
413
468
506
549
586
592
569
528
484
462
474
497
479
430
393
426
514
619
691
709
659
551
417
288
183
119
121
184
248
259
227
205
203
195
167
140
151
211
279
289
208
71
-63
-180
-309
-476
-648
-761
-789
-804
-891
-1064
-1238
-1339
-1355
-1327
-1304
-1306
-1305
-1261
-1155
-1023
-897
-794
-718
-647
-552
-425
-318
-277
-287
-283
-214
-105
-45
-95
-219
-316
-331
-310
-318
-356
-361
-291
-179
-96
-87
-114
-104
-30
79
168
216
244
281
348
430
507
573
656
783
943
1084
1165
1191
1218
1274
1351
1404
1398
1319
1191
1070
1006
992
957
848
664
472
318
192
54
-126
-326
-549
-798
-1043
-1223
-1295
-1281
-1228
-1190
-1203
-1254
-1282
-1231
-1090
-887
-642
-385
-135
87
277
430
534
618
723
870
1037
1180
1259
1235
1133
1011
928
887
864
850
829
784
727
736
868
1071
1220
1253
1237
1266
1372
1505
1611
1652
1627
1575
1543
1535
1492
1374
1199
1026
895
790
639
381
-1
-461
-928
-1351
-1715
-2070
-2450
-2837
-3165
-3406
-3584
-3717
-3790
-3763
-3611
-3333
-2964
-2569
-2217
-1957
-1784
-1653
-1532
-1424
-1346
-1293
-1236
-1126
-957
-788
-680
-645
-643
-632
-593
-542
-511
-501
-478
-415
-294
-117
103
316
484
612
741
913
1141
1379
1545
1610
1628
1684
1805
1973
2143
2260
2297
2293
2333
2466
2653
2806
2850
2796
2719
2693
2716
2716
2623
2409
2136
1897
1768
1725
1676
1535
1295
994
667
333
-6
-335
-632
-887
-1123
-1402
-1785
-2249
-2689
-2976
-3066
-3047
-3047
-3108
-3145
-3038
-2751
-2350
-1957
-1646
-1397
-1134
-822
-511
-289
-204
-235
-309
-331
-263
-166
-155
-267
-435
-563
-623
-634
-634
-645
-663
-662
-590
-427
-207
1
145
235
339
519
783
1054
1254
1391
1545
1770
2039
2281
2428
2452
2396
2354
2385
2454
2491
2480
2457
2470
2548
2664
2719
2625
2400
2168
2024
1964
1912
1770
1484
1057
550
34
-425
-840
-1270
-1793
-2421
-3071
-3641
-4054
-4350
-4604
-4883
-5151
-5292
-5177
-4798
-4295
-3845
-3507
-3169
-2696
-2074
-1433
-945
-691
-608
-515
-250
178
586
768
696
515
447
604
891
1061
937
595
282
200
343
530
567
426
251
221
375
620
829
963
1059
1204
1465
1830
2222
2552
2808
3034
3293
3601
3903
4108
4149
4060
3957
3925
3938
3880
3678
3353
3004
2705
2486
2337
2179
1903
1437
815
146
-469
-1002
-1494
-2018
-2634
-3349
-4100
-4778
-5275
-5571
-5732
-5863
-5994
-6038
-5852
-5375
-4704
-4032
-3480
-3027
-2556
-1985
-1329
-698
-219
66
224
405
696
1050
1308
1360
1237
1089
1037
1084
1108
985
696
367
169
169
277
344
282
121
-7
57
368
805
1157
1321
1401
1598
2017
2561
3037
3306
3394
3450
3609
3892
4191
4362
4334
4198
4119
4175
4279
4272
4068
3705
3299
2957
2708
2479
2158
1674
1041
336
-342
-942
-1507
-2154
-2962
-3876
-4747
-5437
-5910
-6233
-6501
-6732
-6870
-6816
-6531
-6055
-5499
-4988
-4569
-4153
-3593
-2833
-2009
-1348
-967
-773
-551
-150
376
831
1065
1091
1038
1036
1123
1241
1276
1152
899
663
590
702
872
946
891
813
868
1122
1517
1905
2165
2260
2254
2280
2452
2766
3098
3325
3434
3502
3606
3762
3918
4009
4016
3988
3976
3991
3994
3928
3775
3572
3394
3287
3225
3104
2814
2327
1686
977
273
-395
-1063
-1820
-2716
-3689
-4604
-5346
-5911
-6363
-6791
-7200
-7498
-7540
-7237
-6653
-5956
-5303
-4721
-4118
-3409
-2611
-1852
-1265
-864
-552
-170
360
979
1511
1789
1810
1723
1739
1928
2195
2334
2225
1916
1590
1422
1434
1481
1405
1185
941
821
885
1077
1278
1392
1443
1548
1812
2212
2630
2932
3083
3154
3271
3521
3882
4240
4467
4525
4476
4420
4402
4391
4331
4194
4007
3810
3602
3328
2922
2362
1691
991
330
-296
-972
-1799
-2783
-3821
-4758
-5507
-6076
-6549
-7016
-7511
-7964
-8226
-8175
-7813
-7279
-6737
-6250
-5744
-5099
-4267
-3325
-2422
-1680
-1099
-551
91
817
1482
1931
2145
2237
2370
2618
2894
3045
2992
2791
2563
2411
2367
2381
2341
2173
1956
1852
1954
2172
2335
2365
2317
2322
2467
2753
3069
3284
3356
3360
3418
3589
3842
4068
4169
4129
4025
3953
3952
3990
3996
3923
3772
3584
3377
3115
2717
2143
1451
763
148
-456
-1218
-2251
-3510
-4769
-5790
-6482
-6950
-7383
-7899
-8451
-8853
-8902
-8536
-7888
-7160
-6483
-5828
-5100
-4220
-3211
-2192
-1311
-640
-109
441
1095
1797
2395
2783
2977
3101
3268
3504
3719
3770
3584
3245
2945
2795
2730
2607
2386
2153
2059
2165
2412
2644
2742
2694
2594
2560
2657
2839
2982
3023
3027
3117
3331
3598
3809
3880
3804
3667
3616
3723
3927
4070
4052
3903
3756
3710
3711
3575
3146
2457
1700
1061
555
9
-796
-1954
-3326
-4613
-5562
-6173
-6687
-7354
-8181
-8923
-9309
-9241
-8842
-8338
-7887
-7493
-6981
-6173
-5072
-3897
-2906
-2185
-1614
-987
-194
702
1520
2100
2418
2611
2860
3222
3585
3763
3671
3397
3132
3027
3074
3113
2951
2547
2087
1831
1866
2055
2184
2147
2000
1926
2079
2454
2872
3140
3210
3232
3383
3692
4031
4244
4322
4369
4498
4725
4967
5122
5113
4951
4721
4546
4494
4447
4170
3517
2622
1794
1226
803
159
-990
-2553
-4086
-5156
-5752
-6273
-7129
-8316
-9403
-9900
-9688
-9109
-8636
-8469
-8369
-7932
-6959
-5645
-4409
-3535
-2942
-2305
-1404
-329
635
1279
1602
1787
2041
2479
3037
3513
3692
3524
3203
3044
3203
3528
3684
3412
2754
2052
1724
1933
2392
2601
2310
1779
1548
1915
2669
3293
3453
3249
3097
3334
3935
4552
4832
4724
4498
4484
4778
5193
5450
5392
5089
4791
4739
4953
5140
4897
4054
2875
1865
1347
1125
627
-575
-2328
-3992
-5011
-5416
-5794
-6728
-8206
-9588
-10150
-9748
-8932
-8422
-8460
-8641
-8365
-7390
-6023
-4820
-4116
-3759
-3300
-2416
-1183
44
935
1386
1551
1713
2137
2842
3585
3987
3864
3403
3049
3124
3510
3758
3466
2690
1899
1621
1966
2517
2713
2360
1828
1682
2150
2909
3409
3397
3142
3146
3648
4411
4975
5090
4901
4742
4846
5191
5573
5750
5574
5091
4575
4380
4640
5040
4994
4167
2870
1816
1432
1417
1026
-229
-2097
-3803
-4735
-5010
-5363
-6402
-8001
-9386
-9895
-9561
-9004
-8791
-8966
-9119
-8811
-7945
-6788
-5740
-5016
-4516
-3952
-3095
-1956
-746
266
915
1249
1536
2090
2968
3853
4290
4091
3548
3203
3416
4049
4572
4487
3773
2927
2563
2836
3295
3324
2738
1988
1717
2172
2975
3510
3483
3148
3005
3335
3986
4552
4713
4480
4151
4079
4391
4920
5320
5306
4859
4282
4033
4341
4905
5064
4350
2981
1772
1375
1613
1557
453
-1511
-3376
-4367
-4601
-4901
-5940
-7597
-9114
-9811
-9690
-9306
-9210
-9454
-9669
-9437
-8647
-7520
-6411
-5548
-4917
-4310
-3484
-2359
-1080
30
707
956
1120
1624
2572
3581
4096
3891
3318
2993
3270
3942
4441
4327
3656
2931
2662
2932
3343
3405
2977
2399
2161
2489
3131
3595
3583
3264
3097
3395
4051
4666
4909
4760
4479
4397
4678
5193
5623
5693
5379
4932
4718
4931
5353
5465
4875
3715
2586
2018
1973
1836
952
-767
-2710
-4088
-4669
-4991
-5802
-7274
-8845
-9772
-9838
-9467
-9255
-9413
-9645
-9489
-8762
-7687
-6642
-5823
-5189
-4591
-3908
-3045
-1971
-841
52
500
666
982
1754
2796
3550
3626
3196
2856
3045
3648
4148
4131
3662
3181
3063
3298
3557
3532
3174
2685
2357
2384
2719
3090
3214
3077
2956
3140
3665
4302
4789
5014
5047
5066
5230
5580
5996
6259
6206
5843
5410
5234
5457
5802
5735
4917
3596
2462
1979
1903
1470
162
-1808
-3662
-4770
-5194
-5610
-6655
-8290
-9819
-10550
-10430
-9988
-9790
-9919
-10033
-9742
-8942
-7818
-6662
-5692
-4971
-4385
-3691
-2685
-1413
-210
534
736
771
1176
2129
3203
3754
3546
2982
2699
2993
3612
4030
3908
3353
2805
2646
2909
3297
3471
3295
2898
2580
2620
3072
3704
4144
4208
4054
4036
4380
4968
5452
5533
5248
4951
5028
5532
6090
6226
5792
5121
4751
4936
5422
5635
5150
4038
2818
2046
1831
1689
929
-707
-2736
-4347
-5121
-5400
-5933
-7142
-8743
-10002
-10402
-10059
-9561
-9400
-9543
-9530
-8953
-7812
-6469
-5354
-4666
-4291
-3855
-3018
-1729
-329
689
1079
1097
1326
2157
3392
4360
4523
3966
3352
3288
3819
4413
4500
3933
3089
2505
2436
2723
2975
2894
2442
1885
1612
1865
2501
3096
3271
3049
2834
3060
3770
4533
4851
4641
4325
4415
5020
5763
6127
5905
5325
4867
4866
5271
5679
5625
4884
3625
2389
1709
1612
1464
523
-1324
-3386
-4784
-5244
-5342
-5975
-7483
-9306
-10481
-10544
-9917
-9452
-9622
-10109
-10185
-9428
-8075
-6727
-5825
-5346
-4934
-4199
-3010
-1586
-348
406
727
971
1530
2508
3605
4307
4308
3807
3366
3465
4079
4707
4766
4072
3036
2349
2406
2960
3359
3147
2467
1934
2071
2853
3731
4126
3910
3496
3452
4032
4961
5671
5788
5459
5206
5437
6094
6726
6888
6495
5869
5490
5621
6087
6402
6137
5219
3944
2792
2104
1809
1410
391
-1304
-3194
-4632
-5357
-5712
-6381
-7716
-9381
-10614
-10936
-10558
-10138
-10144
-10431
-10433
-9730
-8457
-7102
-6070
-5386
-4800
-4001
-2858
-1494
-246
608
1065
1396
1913
2701
3568
4174
4290
3998
3644
3551
3724
3869
3683
3115
2407
1891
1763
1955
2220
2308
2146
1885
1827
2170
2808
3373
3539
3359
3244
3591
4374
5139
5442
5276
5075
5267
5882
6553
6866
6704
6300
6020
6069
6345
6544
6365
5678
4541
3253
2226
1663
1279
482
-1076
-3131
-5002
-6148
-6620
-7026
-7959
-9429
-10813
-11474
-11311
-10795
-10435
-10373
-10350
-9996
-9128
-7880
-6584
-5508
-4678
-3888
-2921
-1697
-356
853
1723
2241
2571
2926
3410
3960
4420
4648
4605
4377
4108
3913
3833
3796
3656
3265
2677
2148
1940
2066
2297
2419
2446
2569
2921
3432
3904
4205
4390
4638
5053
5544
5921
6129
6285
6504
6742
6905
6957
6942
6887
6804
6709
6606
6488
6298
5898
5099
3918
2664
1705
1037
271
-989
-2735
-4583
-6080
-7052
-7723
-8510
-9605
-10771
-11589
-11839
-11635
-11212
-10740
-10244
-9677
-8953
-8025
-6886
-5594
-4252
-3040
-2086
-1322
-515
511
1655
2610
3152
3335
3442
3752
4280
4768
4876
4478
3769
3118
2777
2696
2612
2328
1849
1326
927
798
1022
1503
1985
2230
2234
2208
2403
2911
3612
4229
4520
4472
4345
4484
5014
5714
6208
6297
6115
5988
6134
6503
6872
7040
6950
6621
6055
5223
4211
3255
2525
1863
863
-724
-2692
-4502
-5739
-6453
-7091
-8061
-9367
-10586
-11271
-11304
-10975
-10638
-10397
-10070
-9453
-8520
-7401
-6215
-5000
-3769
-2583
-1520
-574
349
1338
2338
3199
3772
4062
4204
4367
4605
4828
4889
4684
4204
3549
2885
2375
2090
1953
1797
1455
987
663
754
1222
1773
2129
2224
2207
2317
2740
3454
4196
4665
4780
4737
4837
5253
5904
6492
6752
6663
6432
6291
6351
6582
6836
6891
6548
5723
4521
3230
2184
1514
970
98
-1369
-3260
-5111
-6516
-7390
-7977
-8646
-9596
-10713
-11658
-12109
-11960
-11339
-10524
-9776
-9220
-8750
-8105
-7048
-5590
-4032
-2723
-1798
-1090
-310
732
1974
3150
3967
4345
4412
4381
4379
4467
4636
4766
4622
4053
3178
2370
1968
1974
2070
1894
1384
819
587
856
1478
2121
2514
2624
2647
2840
3309
3957
4588
5055
5345
5563
5866
6310
6825
7259
7490
7483
7314
7139
7107
7232
7345
7188
6539
5379
3973
2742
1918
1316
462
-1013
-3054
-5173
-6813
-7779
-8344
-8948
-9790
-10749
-11550
-11978
-11933
-11447
-10625
-9633
-8641
-7777
-6996
-6095
-4878
-3375
-1863
-602
324
1033
1685
2412
3226
4030
4655
4993
5014
4793
4453
4164
4015
3930
3693
3124
2273
1405
820
633
728
841
792
610
537
795
1385
2046
2518
2769
3009
3442
4054
4624
4973
5124
5281
5597
6029
6402
6604
6648
6615
6563
6538
6568
6637
6667
6457
5766
4523
3037
1810
1061
498
-401
-1924
-3895
-5836
-7301
-8217
-8867
-9603
-10489
-11326
-11868
-12041
-11880
-11415
-10647
-9630
-8494
-7398
-6404
-5442
-4369
-3126
-1822
-631
337
1102
1724
2243
2676
3086
3552
4045
4378
4352
3961
3429
3059
2985
3044
2876
2257
1339
550
222
364
708
950
975
926
1029
1361
1824
2297
2781
3344
4011
4700
5266
5609
5774
5953
6305
6806
7279
7575
7656
7562
7391
7309
7447
7754
7948
7654
6667
5142
3564
2414
1763
1205
199
-1474
-3545
-5487
-6928
-7885
-8633
-9412
-10243
-10985
-11466
-11610
-11417
-10927
-10162
-9203
-8179
-7196
-6232
-5213
-4118
-3000
-1898
-789
341
1412
2243
2693
2816
2884
3176
3733
4265
4389
3962
3245
2666
2458
2463
2313
1771
939
140
-329
-386
-174
81
276
473
768
1128
1478
1804
2186
2688
3296
3932
4477
4851
5079
5290
5606
6052
6566
7014
7222
7087
6736
6501
6654
7113
7431
7066
5827
4085
2509
1518
968
344
-827
-2619
-4712
-6608
-8018
-8902
-9433
-9832
-10313
-10920
-11487
-11727
-11467
-10716
-9630
-8424
-7294
-6310
-5399
-4457
-3448
-2405
-1331
-214
905
1879
2558
2890
3003
3124
3443
3917
4288
4285
3865
3243
2683
2309
2036
1719
1309
884
546
334
212
147
163
338
738
1308
1895
2344
2629
2867
3238
3866
4691
5483
5995
6181
6227
6402
6848
7451
7926
8040
7835
7579
7528
7717
7881
7617
6671
5215
3720
2566
1746
950
-182
-1786
-3701
-5559
-7060
-8143
-8897
-9475
-10001
-10570
-11093
-11348
-11139
-10506
-9616
-8623
-7594
-6574
-5605
-4708
-3888
-3106
-2249
-1200
4
1139
1941
2323
2409
2464
2688
3070
3366
3325
2897
2279
1747
1445
1293
1061
615
29
-484
-751
-758
-622
-498
-431
-299
62
684
1420
2056
2486
2783
3163
3789
4610
5398
5916
6127
6213
6452
6955
7518
7790
7630
7263
7069
7262
7673
7833
7272
5933
4263
2861
1971
1381
643
-595
-2374
-4389
-6158
-7384
-8098
-8575
-9080
-9747
-10467
-10974
-11002
-10538
-9758
-8856
-7885
-6828
-5717
-4654
-3755
-3027
-2370
-1619
-702
318
1238
1850
2073
2049
2049
2255
2635
2980
3054
2747
2181
1648
1365
1260
1085
696
159
-331
-603
-583
-380
-185
-89
13
310
900
1702
2483
3018
3272
3455
3822
4449
5201
5837
6227
6462
6777
7259
7703
7850
7691
7487
7496
7722
7901
7655
6776
5416
3989
2822
1952
1172
201
-1173
-2959
-4889
-6565
-7683
-8228
-8471
-8795
-9416
-10190
-10729
-10717
-10131
-9189
-8161
-7192
-6266
-5312
-4358
-3504
-2787
-2128
-1406
-593
260
1020
1556
1816
1892
1958
2137
2431
2702
2767
2506
2003
1471
1085
849
663
437
141
-183
-433
-519
-455
-359
-300
-193
159
872
1812
2672
3216
3483
3730
4200
4922
5711
6337
6727
7014
7335
7654
7818
7764
7619
7589
7791
8070
8052
7378
6065
4499
3138
2170
1484
750
-355
-1970
-3941
-5925
-7565
-8598
-8998
-9039
-9160
-9609
-10252
-10716
-10688
-10062
-8995
-7782
-6684
-5773
-5013
-4357
-3759
-3082
-2209
-1166
-137
682
1219
1506
1663
1798
1963
2130
2235
2242
2152
1972
1690
1279
751
161
-398
-841
-1129
-1281
-1335
-1317
-1221
-1063
-850
-529
19
822
1728
2524
3109
3560
4021
4608
5313
6043
6710
7299
7813
8182
8337
8296
8183
8133
8224
8377
8339
7808
6728
5376
4136
3177
2391
1550
457
-957
-2636
-4427
-6140
-7523
-8360
-8644
-8668
-8817
-9243
-9763
-10051
-9862
-9180
-8167
-7043
-5981
-5088
-4412
-3920
-3462
-2844
-1939
-822
276
1106
1583
1809
1947
2074
2149
2131
2043
1957
1883
1761
1475
975
325
-316
-809
-1089
-1173
-1087
-929
-830
-876
-996
-994
-649
120
1167
2168
2872
3292
3618
4027
4577
5237
5939
6637
7301
7857
8142
8085
7808
7572
7553
7720
7828
7570
6790
5632
4372
3211
2215
1354
473
-627
-2018
-3570
-5109
-6486
-7568
-8302
-8751
-9065
-9309
-9489
-9573
-9528
-9297
-8837
-8108
-7115
-5970
-4905
-4110
-3579
-3113
-2493
-1636
-639
314
1073
1599
1942
2159
2271
2297
2270
2215
2115
1955
1737
1472
1137
679
80
-604
-1191
-1497
-1446
-1158
-852
-714
-766
-837
-681
-166
630
1508
2297
2940
3451
3878
4267
4688
5208
5866
6590
7195
7516
7543
7424
7334
7363
7455
7411
7032
6289
5351
4386
3478
2628
1777
786
-459
-1905
-3389
-4754
-5883
-6728
-7378
-8000
-8623
-9125
-9391
-9423
-9230
-8809
-8176
-7392
-6520
-5647
-4866
-4182
-3509
-2716
-1764
-732
205
925
1439
1867
2264
2593
2794
2861
2811
2668
2463
2230
1957
1602
1134
564
-92
-769
-1337
-1650
-1718
-1691
-1710
-1770
-1734
-1452
-868
-77
751
1494
2143
2749
3346
3927
4461
4950
5467
6081
6745
7284
7555
7570
7455
7331
7273
7264
7177
6843
6191
5299
4300
3321
2437
1622
715
-432
-1799
-3218
-4534
-5671
-6616
-7390
-8032
-8547
-8924
-9179
-9306
-9254
-8974
-8487
-7846
-7114
-6349
-5551
-4678
-3719
-2766
-1921
-1236
-680
-138
526
1316
2069
2597
2849
2881
2760
2571
2402
2319
2264
2093
1653
905
-17
-853
-1381
-1554
-1510
-1409
-1336
-1307
-1320
-1323
-1223
-924
-391
352
1209
2022
2652
3077
3408
3804
4364
5083
5850
6517
6970
7168
7124
6909
6673
6573
6619
6645
6437
5886
5029
4015
3031
2157
1330
434
-559
-1613
-2707
-3840
-4973
-6027
-6904
-7546
-7975
-8256
-8448
-8550
-8536
-8384
-8102
-7697
-7149
-6400
-5428
-4340
-3287
-2372
-1578
-816
29
989
1957
2778
3375
3746
3876
3779
3549
3360
3294
3279
3113
2626
1814
854
0
-597
-958
-1216
-1438
-1607
-1687
-1714
-1729
-1712
-1575
-1208
-573
220
974
1546
1947
2291
2680
3180
3789
4456
5132
5732
6152
6262
6080
5763
5495
5375
5353
5333
5198
4863
4306
3551
2679
1794
984
304
-320
-1047
-2043
-3298
-4622
-5796
-6728
-7438
-7972
-8337
-8543
-8635
-8689
-8771
-8842
-8728
-8215
-7261
-6059
-4888
-3910
-3096
-2304
-1414
-406
657
1685
2589
3262
3637
3731
3669
3595
3565
3511
3298
2881
2344
1798
1283
768
243
-258
-677
-955
-1079
-1100
-1092
-1080
-1030
-875
-579
-149
331
774
1183
1587
2012
2455
2931
3432
3910
4341
4719
5018
5185
5239
5240
5279
5339
5367
5334
5271
5187
5023
4736
4292
3674
2928
2202
1567
913
92
-910
-2011
-3131
-4221
-5205
-6031
-6677
-7168
-7584
-7997
-8384
-8586
-8442
-7905
-7089
-6174
-5299
-4470
-3600
-2644
-1648
-669
279
1161
1894
2410
2745
2987
3215
3440
3572
3480
3095
2503
1877
1354
941
561
140
-312
-732
-1101
-1427
-1705
-1862
-1837
-1614
-1276
-957
-768
-703
-620
-406
-41
389
798
1170
1541
1946
2372
2721
2960
3129
3321
3619
3996
4385
4645
4715
4605
4358
4036
3717
3501
3379
3210
2823
2200
1391
477
-489
-1430
-2305
-3091
-3773
-4373
-4986
-5682
-6425
-7098
-7570
-7733
-7556
-7124
-6561
-5972
-5373
-4750
-4059
-3252
-2316
-1268
-168
875
1708
2269
2632
2940
3223
3441
3534
3474
3252
2939
2601
2240
1814
1334
871
491
252
126
11
-191
-433
-597
-614
-553
-464
-372
-245
-66
136
346
536
732
1002
1382
1826
2194
2386
2446
2500
2680
2989
3321
3605
3796
3887
3888
3844
3794
3730
3619
3487
3281
2962
2508
1878
1141
349
-385
-995
-1460
-1843
-2310
-2983
-3793
-4531
-5064
-5335
-5372
-5230
-5021
-4854
-4699
-4506
-4240
-3862
-3360
-2746
-2130
-1572
-1071
-611
-179
220
611
964
1219
1326
1315
1265
1222
1172
1058
860
603
368
210
102
-13
-162
-317
-480
-675
-928
-1186
-1365
-1367
-1184
-984
-936
-1106
-1289
-1266
-955
-443
76
473
697
868
1089
1420
1825
2253
2666
3003
3205
3268
3250
3273
3327
3367
3336
3213
2942
2479
1890
1266
668
79
-446
-889
-1270
-1685
-2194
-2715
-3118
-3303
-3242
-3015
-2753
-2592
-2481
-2326
-2021
-1653
-1297
-1049
-909
-766
-564
-303
-50
130
258
340
423
538
659
784
844
821
688
497
374
383
499
593
600
530
418
320
222
139
54
-3
19
54
34
-141
-425
-686
-804
-706
-458
-222
-66
7
54
138
274
537
901
1309
1704
2024
2208
2279
2274
2316
2375
2374
2273
2069
1823
1561
1304
1021
685
281
-116
-488
-840
-1134
-1354
-1465
-1488
-1533
-1600
-1684
-1672
-1532
-1349
-1134
-929
-745
-563
-384
-197
-44
60
119
137
104
8
-108
-191
-175
-131
-139
-204
-364
-529
-646
-616
-458
-282
-157
-136
-172
-229
-285
-316
-281
-164
-17
33
-49
-243
-423
-558
-634
-701
-756
-791
-780
-771
-777
-792
-816
-812
-790
-675
-511
-323
-126
57
202
303
368
422
452
445
379
222
50
-69
-123
-100
-81
-121
-292
-532
-647
-601
-433
-309
-242
-199
-152
-84
31
185
353
493
659
792
881
843
762
655
549
513
525
609
625
607
539
511
495
527
533
513
484
569
752
939
1029
1072
1133
1210
1307
1388
1486
1498
1420
1194
917
664
509
444
398
343
263
129
-26
-178
-286
-339
-338
-266
-184
-73
69
197
226
128
-35
-189
-323
-414
-506
-636
-780
-923
-1019
-1075
-1119
-1168
-1253
-1389
-1499
-1557
-1529
-1485
-1478
-1433
-1352
-1193
-971
-788
-647
-628
-571
-412
-231
-105
-132
-205
-256
-247
-149
-83
-117
-296
-504
-623
-571
-386
-129
130
321
474
572
687
821
950
1105
1238
1350
1377
1327
1270
1227
1200
1188
1171
1154
1099
969
834
706
638
621
625
656
642
533
432
321
316
379
485
583
556
482
407
333
266
115
-45
-253
-490
-736
-975
-1151
-1327
-1501
-1737
-1960
-2161
-2193
-2100
-1921
-1822
-1814
-1813
-1807
-1789
-1745
-1618
-1359
-1040
-738
-483
-425
-451
-554
-539
-399
-243
-105
-69
-107
-208
-355
-386
-310
-94
144
361
570
733
931
1007
1072
1075
1186
1411
1669
1902
1950
1892
1763
1655
1636
1643
1729
1797
1815
1718
1529
1374
1274
1264
1273
1315
1361
1409
1461
1563
1662
1658
1498
1254
1080
1000
1006
944
695
286
-151
-444
-641
-783
-985
-1274
-1625
-1938
-2154
-2264
-2308
-2267
-2184
-2065
-1955
-1895
-1886
-1912
-1873
-1799
-1675
-1573
-1486
-1454
-1482
-1568
-1657
-1694
-1671
-1621
-1606
-1659
-1736
-1744
-1637
-1509
-1401
-1280
-1066
-747
-359
64
320
347
218
257
568
1010
1413
1659
1762
1719
1673
1699
1755
1803
1879
2053
2213
2279
2230
2092
1922
1867
1953
2139
2259
2349
2377
2300
2159
2000
1917
1875
1939
2000
1898
1513
1084
778
619
445
246
26
-224
-500
-688
-841
-997
-1227
-1398
-1450
-1493
-1520
-1621
-1685
-1799
-1919
-2034
-2097
-2116
-2116
-2119
-2135
-2192
-2295
-2357
-2327
-2255
-2218
-2292
-2397
-2450
-2391
-2178
-1957
-1740
-1577
-1350
-1027
-686
-412
-288
-192
-53
176
375
519
590
648
712
828
974
1087
1082
1073
1127
1284
1442
1555
1690
1796
1931
1974
2026
2055
2154
2330
2485
2597
2589
2574
2520
2417
2241
2002
1848
1739
1676
1551
1341
1065
710
402
209
132
120
48
-46
-272
-581
-893
-1015
-900
-700
-612
-714
-884
-1014
-1000
-932
-923
-1075
-1307
-1507
-1581
-1624
-1659
-1802
-2046
-2346
-2539
-2528
-2428
-2323
-2270
-2134
-1941
-1672
-1462
-1318
-1209
-1033
-703
-404
-226
-244
-290
-279
-189
-70
75
203
340
393
433
451
471
528
618
788
960
1126
1312
1522
1651
1722
1748
1878
1973
2013
2027
2022
2010
1882
1718
1547
1363
1200
1068
999
931
845
727
575
343
107
-57
-109
-45
102
238
236
42
-189
-336
-335
-199
-31
100
67
-133
-403
-644
-800
-924
-1077
-1213
-1317
-1355
-1389
-1488
-1625
-1737
-1724
-1581
-1372
-1157
-1026
-1060
-1222
-1374
-1399
-1290
-1186
-1085
-1025
-968
-871
-802
-767
-830
-883
-791
-591
-361
-261
-323
-408
-424
-248
2
192
341
435
626
839
1104
1311
1405
1447
1543
1694
1784
1678
1491
1291
1064
825
593
541
522
504
434
369
346
308
289
290
331
481
699
956
1067
1041
916
868
938
1109
1302
1393
1367
1184
973
817
763
801
784
764
690
607
474
244
0
-220
-269
-156
-21
-13
-203
-489
-704
-787
-754
-741
-791
-907
-1075
-1259
-1393
-1458
-1438
-1399
-1397
-1456
-1545
-1511
-1317
-1006
-750
-689
-814
-969
-925
-649
-281
-39
-14
-108
-239
-260
-214
-145
-186
-385
-649
-904
-1040
-1083
-1077
-1064
-1093
-1060
-1017
-922
-892
-859
-775
-646
-455
-330
-225
-189
-92
104
411
691
839
898
932
1012
1043
1018
1018
1032
1082
1072
1036
1062
1116
1260
1364
1401
1358
1254
1233
1282
1409
1553
1647
1691
1647
1531
1354
1158
1023
963
977
967
870
634
348
117
-20
-136
-267
-360
-403
-416
-445
-477
-504
-502
-473
-442
-417
-366
-289
-242
-245
-238
-207
-204
-295
-429
-579
-754
-920
-1063
-1141
-1278
-1477
-1684
-1801
-1775
-1735
-1730
-1874
-2055
-2190
-2110
-1837
-1533
-1321
-1257
-1201
-1161
-1065
-904
-656
-345
-24
283
485
529
468
407
501
781
1191
1539
1667
1594
1435
1383
1519
1829
2156
2317
2226
1989
1807
1792
1876
2012
2079
1991
1652
1194
847
640
614
642
745
768
639
421
226
214
333
484
501
309
-9
-293
-389
-324
-266
-405
-747
-1091
-1243
-1191
-1109
-1106
-1175
-1223
-1242
-1258
-1368
-1592
-1825
-1927
-1832
-1722
-1744
-1971
-2286
-2532
-2633
-2589
-2470
-2276
-2077
-1939
-1897
-1848
-1696
-1458
-1222
-1058
-975
-892
-728
-482
-258
-124
11
216
518
820
1078
1291
1470
1625
1722
1815
1963
2192
2448
2613
2597
2421
2226
2232
2503
2874
3056
2831
2338
1828
1610
1795
2241
2657
2700
2341
1847
1543
1597
1859
2066
2030
1741
1451
1345
1419
1457
1239
809
350
31
-176
-433
-810
-1296
-1729
-1990
-2055
-2078
-2231
-2525
-2773
-2786
-2581
-2359
-2281
-2339
-2437
-2486
-2447
-2352
-2223
-2161
-2151
-2198
-2282
-2397
-2575
-2772
-2912
-2901
-2734
-2526
-2360
-2268
-2223
-2157
-2004
-1678
-1250
-858
-697
-762
-833
-669
-158
485
1005
1241
1225
1188
1283
1602
2033
2387
2560
2531
2433
2356
2346
2416
2571
2795
2982
3036
2942
2818
2776
2899
3089
3209
3127
2896
2696
2640
2755
2904
2896
2623
2109
1574
1155
921
827
656
239
-485
-1233
-1736
-1926
-1970
-2047
-2250
-2529
-2799
-2954
-2908
-2643
-2167
-1649
-1304
-1272
-1491
-1706
-1698
-1418
-1060
-877
-985
-1289
-1588
-1754
-1797
-1743
-1650
-1538
-1556
-1777
-2152
-2458
-2454
-2117
-1602
-1215
-1136
-1300
-1413
-1181
-606
86
589
782
736
630
673
912
1347
1797
2103
2127
1912
1675
1649
1952
2470
2935
3100
2943
2702
2664
2902
3234
3410
3342
3151
3009
2954
2930
2869
2783
2696
2564
2285
1777
1112
494
77
-136
-314
-614
-1131
-1797
-2436
-2848
-3005
-3085
-3310
-3720
-4133
-4308
-4154
-3783
-3389
-3112
-2926
-2703
-2324
-1768
-1140
-599
-230
-49
8
-19
-16
52
128
77
-134
-426
-727
-1010
-1267
-1505
-1782
-2103
-2405
-2584
-2624
-2592
-2566
-2548
-2486
-2289
-1962
-1549
-1139
-765
-410
-28
493
1121
1740
2215
2552
2862
3205
3575
3917
4175
4315
4364
4368
4378
4403
4379
4253
3996
3699
3473
3354
3298
3170
2907
2542
2219
2056
1960
1688
1033
87
-810
-1329
-1435
-1444
-1804
-2674
-3766
-4516
-4622
-4238
-3821
-3714
-3917
-4144
-4055
-3549
-2784
-2019
-1329
-682
-43
517
958
1336
1726
2124
2387
2349
2012
1597
1327
1217
1052
626
-56
-835
-1495
-1975
-2323
-2647
-2988
-3288
-3507
-3617
-3586
-3351
-2961
-2566
-2309
-2143
-1901
-1406
-622
315
1163
1772
2197
2624
3169
3775
4297
4621
4720
4684
4619
4593
4586
4543
4417
4146
3709
3174
2696
2391
2195
1918
1387
685
93
-151
-150
-290
-859
-1767
-2594
-2944
-2779
-2518
-2728
-3645
-4864
-5642
-5567
-4926
-4383
-4372
-4760
-5048
-4788
-3955
-2885
-1956
-1267
-705
-125
560
1405
2341
3143
3534
3420
2984
2599
2530
2694
2737
2316
1430
350
-530
-1042
-1297
-1590
-2072
-2699
-3284
-3690
-3875
-3843
-3652
-3345
-2979
-2564
-2044
-1369
-536
325
1069
1627
2091
2630
3347
4173
4895
5334
5459
5429
5456
5651
5907
5963
5662
5093
4489
3996
3615
3295
2938
2416
1679
846
182
-176
-296
-451
-967
-1914
-3008
-3698
-3720
-3348
-3226
-3824
-4997
-6071
-6357
-5788
-4939
-4520
-4727
-5132
-5095
-4326
-3110
-1977
-1226
-729
-141
711
1729
2645
3274
3611
3746
3783
3770
3746
3691
3502
3044
2287
1382
583
55
-323
-836
-1673
-2644
-3362
-3568
-3373
-3139
-3115
-3266
-3315
-3039
-2435
-1680
-969
-374
159
729
1386
2114
2861
3550
4081
4419
4634
4875
5183
5442
5450
5139
4680
4316
4133
3937
3530
2885
2167
1522
955
416
-130
-606
-944
-1184
-1516
-2178
-3148
-4072
-4503
-4360
-4085
-4263
-5087
-6136
-6728
-6540
-5899
-5443
-5497
-5779
-5700
-4944
-3732
-2585
-1819
-1301
-634
430
1779
3062
3975
4426
4580
4682
4919
5250
5494
5405
4832
3857
2781
1952
1477
1150
615
-327
-1492
-2425
-2837
-2870
-2938
-3228
-3558
-3555
-3065
-2271
-1560
-1170
-992
-669
43
1070
2100
2881
3373
3720
4091
4548
5043
5433
5582
5440
5130
4827
4604
4388
4050
3519
2832
2142
1614
1268
925
379
-400
-1238
-1871
-2158
-2215
-2431
-3140
-4239
-5176
-5439
-5057
-4625
-4798
-5701
-6762
-7196
-6717
-5796
-5187
-5221
-5496
-5312
-4353
-2963
-1782
-1091
-647
38
1159
2502
3642
4348
4705
4969
5290
5618
5839
5825
5496
4793
3859
2964
2306
1832
1274
448
-598
-1577
-2195
-2404
-2446
-2638
-3036
-3356
-3205
-2493
-1561
-870
-598
-503
-205
507
1527
2548
3289
3706
3983
4294
4637
4888
4969
4877
4672
4446
4246
4028
3671
3120
2421
1697
1052
522
25
-555
-1271
-2045
-2685
-3043
-3121
-3162
-3454
-4108
-4862
-5298
-5210
-4839
-4679
-5011
-5645
-6074
-5939
-5330
-4706
-4467
-4588
-4624
-4170
-3202
-2088
-1212
-649
-140
652
1798
3039
4008
4518
4673
4759
5031
5473
5788
5679
5150
4460
3857
3386
2912
2307
1522
638
-231
-979
-1539
-1896
-2122
-2307
-2456
-2496
-2362
-2085
-1739
-1387
-1034
-619
-60
622
1336
1956
2461
2872
3258
3631
3924
4059
4047
4019
4042
4051
3878
3476
2920
2369
1898
1460
939
299
-358
-919
-1390
-1884
-2435
-2964
-3350
-3581
-3751
-4013
-4461
-5038
-5501
-5617
-5384
-5049
-4911
-5057
-5329
-5400
-5074
-4470
-3927
-3648
-3488
-3123
-2365
-1351
-393
276
786
1457
2458
3565
4388
4741
4783
4844
5096
5373
5365
4912
4164
3387
2736
2211
1691
1069
315
-478
-1200
-1773
-2148
-2313
-2367
-2465
-2607
-2627
-2369
-1855
-1261
-791
-529
-337
40
733
1597
2359
2843
3093
3305
3648
4099
4479
4629
4550
4356
4126
3886
3584
3160
2587
1924
1264
657
86
-461
-986
-1481
-1961
-2426
-2842
-3155
-3331
-3376
-3380
-3477
-3744
-4062
-4175
-3930
-3429
-2982
-2832
-2981
-3154
-3017
-2454
-1698
-1122
-910
-871
-653
-55
765
1447
1745
1755
1817
2155
2688
3097
3131
2816
2470
2401
2562
2572
2132
1343
596
179
47
-137
-648
-1425
-2095
-2338
-2183
-1934
-1904
-2138
-2405
-2399
-2034
-1498
-1048
-789
-626
-412
-34
511
1114
1607
1881
1998
2122
2384
2750
3014
2982
2659
2282
2088
2075
2013
1665
1010
270
-254
-451
-519
-774
-1337
-2027
-2529
-2702
-2660
-2673
-2852
-3066
-3095
-2840
-2391
-1964
-1766
-1835
-1943
-1782
-1244
-519
58
240
101
-22
202
754
1309
1550
1445
1252
1259
1536
1862
1985
1828
1565
1407
1486
1705
1828
1631
1158
690
479
546
668
581
139
-534
-1121
-1368
-1295
-1147
-1177
-1433
-1725
-1770
-1484
-1058
-784
-754
-777
-576
-61
584
1074
1250
1209
1193
1411
1863
2331
2546
2406
2064
1808
1835
2062
2193
1951
1362
734
371
298
254
-44
-632
-1281
-1696
-1760
-1630
-1572
-1712
-1957
-2096
-2011
-1734
-1411
-1159
-972
-779
-522
-215
118
420
637
757
845
974
1121
1195
1114
913
728
695
800
845
667
319
35
-47
-17
-72
-290
-557
-706
-690
-622
-655
-823
-1010
-1074
-992
-895
-913
-1063
-1239
-1359
-1413
-1444
-1483
-1534
-1592
-1626
-1629
-1592
-1536
-1447
-1305
-1094
-823
-545
-323
-185
-92
42
262
532
766
903
963
1006
1086
1183
1249
1270
1269
1256
1215
1127
990
840
738
700
662
528
284
15
-174
-225
-141
26
205
365
507
614
680
731
832
985
1118
1155
1122
1131
1259
1466
1625
1649
1559
1429
1332
1290
1306
1330
1279
1111
859
592
353
170
59
-24
-165
-415
-736
-1023
-1191
-1217
-1182
-1166
-1202
-1246
-1275
-1335
-1448
-1568
-1600
-1544
-1500
-1578
-1808
-2100
-2298
-2309
-2174
-2055
-2058
-2147
-2160
-1968
-1588
-1178
-912
-821
-763
-558
-193
179
409
529
678
919
1172
1302
1267
1147
1071
1102
1185
1206
1107
939
814
771
775
763
716
661
629
631
644
648
631
630
681
816
1004
1173
1254
1237
1200
1242
1390
1546
1583
1462
1258
1076
981
979
1007
982
856
683
590
656
823
956
971
882
742
610
543
539
500
321
2
-353
-666
-936
-1207
-1505
-1838
-2189
-2518
-2763
-2906
-3016
-3192
-3427
-3596
-3577
-3396
-3167
-2992
-2877
-2751
-2526
-2159
-1717
-1302
-999
-781
-573
-300
19
316
537
689
811
929
1062
1169
1179
1067
916
846
884
947
948
875
790
769
843
955
1015
992
946
953
1007
1043
1017
966
963
1058
1223
1378
1446
1431
1379
1354
1374
1417
1436
1382
1278
1194
1197
1242
1245
1192
1135
1095
1043
984
968
1008
1005
870
612
336
133
15
-84
-261
-562
-937
-1309
-1637
-1932
-2201
-2438
-2625
-2750
-2825
-2900
-3028
-3175
-3227
-3090
-2806
-2515
-2322
-2199
-2012
-1663
-1191
-724
-365
-119
52
206
379
573
745
866
959
1060
1170
1247
1266
1220
1117
998
928
960
1062
1146
1143
1072
1024
1063
1166
1246
1239
1162
1084
1070
1097
1121
1103
1050
981
910
859
828
780
676
538
431
418
469
536
584
602
586
529
470
455
522
658
800
885
869
783
670
570
465
347
203
39
-137
-343
-611
-959
-1330
-1627
-1798
-1907
-2078
-2370
-2704
-2920
-2944
-2818
-2647
-2502
-2392
-2293
-2148
-1940
-1684
-1423
-1186
-992
-845
-710
-532
-292
-30
217
408
531
587
617
635
627
581
525
498
519
566
600
597
561
544
569
614
603
501
360
279
300
359
356
261
136
89
163
320
468
524
478
388
331
351
423
500
537
533
544
626
798
1013
1208
1321
1321
1257
1229
1312
1442
1496
1402
1195
976
814
691
522
268
-13
-231
-346
-426
-574
-841
-1144
-1363
-1427
-1383
-1324
-1300
-1300
-1292
-1259
-1198
-1111
-982
-808
-593
-380
-219
-132
-80
21
199
402
550
617
655
702
749
757
694
584
503
534
652
733
689
562
470
457
467
429
321
186
65
-36
-141
-273
-397
-484
-533
-593
-695
-804
-867
-878
-903
-969
-1014
-960
-803
-610
-447
-339
-249
-113
111
372
561
601
518
427
415
485
543
515
415
317
274
268
231
107
-97
-316
-497
-626
-717
-791
-885
-1040
-1247
-1433
-1505
-1440
-1286
-1096
-930
-803
-692
-528
-303
-91
24
76
182
433
778
1034
1042
826
608
599
819
1110
1282
1271
1150
1053
1047
1099
1095
976
795
644
554
456
315
141
-19
-150
-267
-372
-462
-530
-572
-594
-618
-647
-674
-685
-687
-673
-642
-597
-541
-467
-357
-235
-106
55
311
647
966
1158
1201
1174
1172
1237
1332
1389
1365
1259
1103
931
766
638
556
508
452
347
177
-33
-209
-294
-319
-351
-451
-587
-681
-677
-595
-525
-524
-571
-606
-581
-496
-379
-275
-213
-172
-120
-66
-40
-48
-58
-50
-42
-69
-140
-233
-313
-359
-365
-344
-313
-300
-316
-364
-444
-530
-610
-682
-792
-952
-1119
-1217
-1272
-1401
-1705
-2117
-2374
-2207
-1606
-909
-588
-876
-1526
-1991
-1812
-990
45
756
899
619
287
186
385
748
1110
1404
1645
1843
1919
1772
1416
1024
853
1047
1526
2001
2137
1799
1117
421
20
39
364
723
878
771
538
345
245
173
99
96
263
589
936
1128
1062
805
537
436
532
736
937
1048
1025
879
686
531
437
372
294
210
151
135
142
100
-57
-317
-581
-755
-825
-851
-890
-959
-1050
-1156
-1272
-1374
-1441
-1464
-1448
-1408
-1349
-1287
-1268
-1324
-1433
-1511
-1488
-1362
-1185
-1013
-871
-749
-621
-475
-338
-248
-192
-108
49
241
385
431
408
386
425
510
566
549
486
454
475
518
514
414
227
32
-72
-52
72
249
422
517
505
411
318
300
390
545
697
807
882
943
971
968
946
940
957
999
1035
1004
880
690
493
313
163
61
33
51
33
-91
-303
-504
-630
-687
-732
-808
-909
-983
-988
-939
-906
-938
-1024
-1121
-1205
-1259
-1270
-1219
-1118
-1015
-943
-908
-912
-949
-980
-963
-920
-908
-913
-840
-631
-358
-167
-124
-162
-129
50
310
515
596
607
652
786
963
1099
1121
1057
1000
1033
1153
1272
1305
1234
1115
1016
984
1009
1051
1054
1008
935
841
717
556
418
350
369
462
589
691
691
586
450
381
427
563
709
792
804
784
778
785
763
697
613
569
584
623
631
556
398
184
-29
-219
-403
-604
-818
-1016
-1197
-1387
-1610
-1838
-2008
-2085
-2081
-2027
-1967
-1924
-1878
-1764
-1572
-1375
-1256
-1230
-1218
-1129
-919
-631
-361
-183
-105
-79
-47
30
157
310
439
500
478
402
330
300
294
262
186
86
-23
-120
-205
-294
-414
-549
-643
-655
-614
-584
-594
-627
-619
-527
-354
-163
-14
75
130
189
269
359
436
498
565
657
783
930
1070
1164
1201
1202
1195
1185
1170
1164
1181
1209
1187
1080
890
668
460
285
152
73
41
26
-5
-65
-161
-297
-438
-538
-581
-586
-570
-526
-464
-417
-403
-396
-366
-303
-207
-82
61
197
329
482
654
797
852
831
799
830
921
997
976
866
733
630
550
442
272
48
-178
-344
-406
-383
-372
-484
-737
-1034
-1253
-1350
-1344
-1277
-1198
-1133
-1086
-1041
-1006
-998
-980
-873
-631
-297
38
294
442
484
451
404
423
558
800
1075
1279
1342
1262
1105
925
746
582
477
479
557
606
509
257
-66
-351
-542
-647
-714
-783
-846
-887
-910
-956
-1028
-1085
-1064
-940
-756
-595
-522
-498
-423
-229
42
280
402
408
380
396
473
545
553
494
414
360
319
236
63
-186
-423
-576
-637
-667
-749
-918
-1124
-1274
-1325
-1315
-1281
-1231
-1163
-1097
-1043
-972
-843
-648
-430
-234
-85
33
154
289
417
507
571
663
821
1024
1191
1261
1230
1170
1181
1302
1476
1611
1662
1653
1609
1537
1425
1275
1094
900
725
595
499
416
329
230
95
-104
-357
-605
-766
-801
-738
-634
-538
-464
-403
-332
-247
-144
-35
59
108
110
111
151
236
346
451
538
586
595
592
595
580
487
304
106
-40
-139
-260
-438
-649
-842
-994
-1099
-1162
-1190
-1196
-1198
-1208
-1211
-1188
-1115
-952
-709
-459
-311
-301
-363
-395
-338
-208
-63
48
133
232
365
495
566
571
561
594
677
771
828
810
734
652
620
638
646
591
480
375
319
284
226
121
-2
-91
-114
-93
-74
-79
-99
-140
-204
-281
-338
-368
-384
-384
-363
-319
-262
-187
-108
-74
-113
-194
-247
-257
-255
-281
-327
-360
-357
-325
-296
-303
-362
-450
-510
-507
-465
-431
-425
-454
-524
-632
-731
-772
-736
-648
-556
-503
-513
-556
-568
-522
-439
-356
-270
-164
-38
86
176
238
299
413
580
727
793
778
744
733
738
737
726
729
760
814
874
926
952
927
858
771
718
710
727
731
695
611
500
411
367
347
314
285
319
415
478
427
313
243
259
297
280
192
57
-68
-152
-201
-245
-307
-353
-370
-352
-310
-255
-201
-186
-221
-282
-311
-273
-186
-125
-146
-240
-348
-423
-475
-540
-629
-719
-782
-823
-862
-915
-986
-1048
-1053
-980
-859
-757
-725
-765
-827
-843
-776
-653
-522
-400
-276
-117
75
279
446
544
568
561
582
652
741
799
826
846
862
855
816
762
708
657
620
602
596
575
522
451
402
405
436
442
400
348
330
353
390
419
413
360
265
172
111
83
75
72
75
61
22
-41
-106
-155
-166
-127
-58
-23
-85
-242
-436
-587
-648
-613
-529
-466
-471
-537
-619
-679
-704
-696
-655
-615
-627
-721
-860
-969
-1009
-973
-884
-764
-639
-542
-484
-449
-417
-385
-345
-266
-118
78
273
429
539
579
530
413
311
301
386
498
555
528
440
350
308
313
334
339
330
320
319
344
394
444
467
476
520
609
689
694
593
429
271
196
224
309
378
388
354
325
324
322
280
188
92
39
56
115
157
132
41
-63
-126
-139
-149
-205
-328
-500
-685
-845
-941
-975
-977
-989
-1022
-1069
-1119
-1155
-1140
-1047
-905
-789
-739
-714
-638
-472
-250
-43
95
167
228
328
464
597
704
781
841
888
932
963
956
896
805
730
680
642
602
569
548
529
499
456
393
320
253
209
193
192
183
151
92
17
-40
-39
18
73
67
17
-15
26
109
170
168
129
111
134
175
190
170
125
84
61
38
-14
-117
-249
-382
-496
-584
-625
-618
-608
-655
-771
-927
-1086
-1225
-1307
-1302
-1223
-1122
-1047
-1012
-998
-966
-904
-827
-743
-622
-449
-272
-153
-102
-77
-39
24
112
199
268
324
398
481
530
515
453
382
324
285
268
268
281
306
346
390
426
448
472
503
528
543
555
572
585
598
619
631
618
594
607
675
769
853
904
916
886
823
753
698
683
693
684
622
523
447
418
410
382
332
287
255
211
147
66
-22
-116
-211
-312
-436
-604
-782
-908
-951
-940
-933
-951
-984
-1021
-1049
-1046
-975
-832
-651
-486
-361
-257
-154
-73
-52
-79
-84
-29
67
161
230
265
257
221
190
179
170
131
51
-31
-68
-47
-19
-38
-125
-268
-431
-570
-636
-619
-566
-524
-514
-528
-555
-571
-546
-488
-433
-399
-372
-318
-219
-93
16
74
91
110
162
254
363
454
499
513
518
530
533
511
458
390
318
248
181
124
74
14
-66
-148
-203
-226
-241
-263
-281
-273
-220
-144
-68
-10
36
71
73
30
-37
-70
-20
112
273
395
450
459
453
449
457
474
473
441
389
353
336
316
280
249
233
241
247
237
203
149
94
58
60
101
165
222
248
234
175
84
-18
-102
-147
-162
-190
-267
-380
-482
-546
-576
-592
-601
-587
-548
-491
-431
-379
-328
-277
-222
-178
-146
-119
-77
-24
40
103
162
207
238
253
253
237
211
188
175
177
195
220
207
125
-12
-143
-218
-220
-154
-45
69
166
233
254
227
196
210
263
301
294
256
218
194
205
259
319
342
321
282
244
186
101
15
-42
-92
-171
-286
-393
-455
-455
-399
-310
-225
-181
-180
-198
-201
-187
-161
-136
-134
-157
-202
-246
-278
-306
-355
-435
-515
-566
-574
-550
-510
-464
-432
-426
-426
-403
-339
-258
-202
-192
-197
-164
-75
39
126
161
153
125
92
63
58
80
113
151
217
323
434
485
453
374
312
293
294
288
277
278
298
330
363
401
441
453
420
361
325
326
322
285
248
270
363
468
505
453
363
297
267
252
245
271
331
390
409
373
299
213
130
40
-57
-147
-207
-238
-259
-288
-344
-425
-516
-573
-589
-599
-650
-752
-860
-924
-924
-888
-863
-864
-863
-823
-730
-608
-485
-386
-319
-275
-237
-171
-70
42
141
229
331
444
538
587
599
591
559
502
439
410
413
410
367
286
208
167
150
113
31
-58
-120
-146
-153
-140
-103
-41
49
163
267
316
309
293
306
337
373
410
456
472
415
298
202
198
266
340
366
337
250
131
19
-45
-60
-51
-22
12
32
0
-95
-228
-345
-397
-370
-289
-221
-219
-287
-386
-462
-478
-441
-398
-371
-345
-297
-248
-231
-245
-248
-220
-176
-152
-172
-242
-341
-399
-358
-229
-90
-4
28
30
24
12
4
5
29
91
180
248
257
219
188
199
243
296
353
392
386
330
249
180
123
83
81
136
236
328
359
317
243
203
219
259
284
289
281
264
228
174
107
29
-52
-109
-133
-141
-153
-161
-144
-113
-95
-96
-86
-42
-4
-22
-105
-217
-318
-391
-429
-442
-465
-515
-571
-604
-615
-623
-631
-632
-606
-576
-585
-660
-749
-779
-717
-610
-509
-459
-460
-490
-502
-467
-387
-269
-127
21
142
215
255
300
365
453
544
629
686
695
665
626
608
608
612
603
582
541
498
474
476
501
542
591
629
637
622
612
618
628
629
617
596
561
507
455
429
430
416
347
219
74
-49
-116
-110
-60
-33
-79
-167
-225
-204
-135
-93
-132
-244
-372
-454
-464
-417
-359
-322
-300
-275
-238
-217
-246
-331
-427
-479
-465
-417
-385
-394
-440
-504
-554
-574
-573
-563
-543
-491
-410
-316
-236
-184
-175
-209
-246
-230
-156
-55
50
159
254
306
350
408
468
487
471
462
466
462
455
453
442
409
371
339
302
244
186
142
107
62
-5
-84
-149
-180
-185
-169
-128
-69
-20
-11
-31
-38
-20
-2
-1
9
46
84
87
56
23
17
28
23
-21
-98
-174
-208
-196
-171
-181
-242
-321
-377
-382
-343
-287
-255
-285
-368
-455
-497
-476
-421
-379
-408
-486
-539
-504
-388
-244
-108
-7
84
199
364
539
670
735
745
719
685
672
681
701
721
729
715
671
607
528
429
328
257
231
228
211
157
59
-69
-189
-275
-308
-323
-348
-406
-485
-559
-612
-627
-599
-550
-521
-525
-516
-445
-318
-189
-97
-27
51
149
244
318
362
373
359
323
281
246
237
264
320
374
387
352
291
223
148
74
17
-5
-13
-36
-92
-170
-247
-292
-308
-317
-325
-317
-275
-228
-211
-231
-259
-275
-274
-260
-255
-268
-293
-308
-282
-217
-142
-89
-58
-14
65
165
256
322
370
406
425
419
396
377
388
411
410
367
298
256
263
303
330
301
219
110
1
-90
-157
-192
-212
-231
-254
-262
-264
-269
-264
-225
-155
-84
-24
33
86
107
80
23
-27
-42
-27
11
55
88
86
54
24
23
39
48
24
-41
-122
-187
-216
-234
-276
-344
-411
-438
-428
-419
-455
-522
-569
-548
-450
-323
-212
-143
-101
-73
-62
-55
-41
-1
53
120
191
245
256
236
225
250
296
329
364
423
494
531
509
446
375
314
265
227
193
150
72
-59
-233
-385
-455
-423
-326
-244
-237
-294
-349
-351
-310
-271
-257
-260
-268
-274
-258
-214
-133
-30
77
168
223
251
262
279
290
274
230
188
180
211
255
289
304
294
259
201
137
97
77
68
56
48
37
13
-10
-15
18
78
152
225
300
380
455
495
484
437
393
372
372
389
410
430
427
393
341
288
244
195
140
74
2
-62
-100
-113
-130
-177
-247
-309
-327
-303
-276
-270
-276
-271
-231
-180
-147
-168
-243
-344
-423
-456
-464
-484
-527
-574
-614
-644
-658
-640
-602
-560
-527
-501
-486
-476
-451
-410
-369
-331
-274
-189
-89
11
104
170
193
178
173
193
217
205
138
41
-47
-104
-138
-169
-200
-229
-248
-259
-260
-248
-216
-153
-65
22
89
139
175
198
217
263
361
488
603
673
703
703
684
652
612
594
613
660
693
683
633
561
469
360
251
173
121
70
16
-25
-45
-60
-78
-100
-128
-159
-184
-192
-187
-176
-182
-210
-238
-220
-140
-42
43
107
158
184
180
164
