283
201
123
64
49
88
137
160
150
139
143
163
192
221
237
239
252
284
304
269
190
127
128
172
200
156
29
-135
-287
-385
-415
-366
-267
-181
-160
-193
-244
-269
-253
-187
-87
-2
21
-16
-57
-43
15
57
43
4
3
47
98
98
35
-64
-143
-163
-132
-90
-81
-111
-173
-261
-353
-401
-389
-338
-301
-293
-310
-330
-331
-297
-247
-220
-241
-286
-320
-327
-305
-262
-207
-170
-156
-144
-108
-63
-37
-45
-73
-94
-83
-29
54
131
169
175
183
226
293
340
325
241
127
29
-27
-52
-64
-61
-52
-69
-132
-216
-267
-286
-298
-309
-302
-266
-211
-144
-88
-72
-103
-142
-151
-131
-96
-57
-32
-46
-113
-187
-211
-163
-75
12
84
148
188
187
145
113
135
208
288
322
322
320
344
382
431
497
583
660
686
640
546
464
438
455
452
383
266
154
79
36
-7
-48
-52
19
142
243
267
244
252
314
372
350
252
133
50
19
16
16
-6
-39
-79
-123
-170
-211
-237
-256
-285
-324
-354
-366
-374
-400
-441
-470
-475
-456
-420
-369
-318
-272
-229
-197
-205
-273
-369
-441
-457
-430
-393
-364
-329
-284
-241
-222
-202
-138
3
173
304
350
333
301
270
249
249
290
358
422
454
451
411
343
269
215
196
210
240
260
263
266
287
322
349
365
370
356
312
250
206
205
253
329
396
425
412
383
327
238
128
41
4
-1
-5
-29
-78
-142
-198
-224
-239
-276
-342
-400
-423
-427
-439
-466
-483
-483
-477
-503
-576
-670
-724
-702
-624
-538
-493
-500
-531
-543
-512
-457
-406
-368
-343
-333
-337
-345
-339
-319
-278
-226
-179
-166
-175
-166
-121
-72
-55
-70
-90
-79
-21
75
162
207
217
225
224
198
155
127
140
198
305
442
551
585
546
487
444
417
393
376
379
409
434
432
392
318
222
131
86
87
111
114
80
29
-7
2
46
92
104
60
-14
-74
-80
-34
35
100
125
93
38
23
74
137
144
105
71
83
113
113
70
2
-65
-104
-118
-109
-97
-81
-45
19
85
118
108
70
30
15
50
125
206
268
316
341
340
332
354
406
446
451
430
416
418
437
467
511
542
523
446
341
254
196
166
143
104
30
-61
-134
-178
-214
-260
-306
-325
-315
-285
-265
-284
-354
-473
-600
-683
-692
-652
-618
-617
-656
-734
-827
-890
-891
-838
-772
-729
-751
-835
-923
-922
-808
-647
-515
-439
-402
-403
-445
-505
-542
-513
-410
-250
-84
19
21
-46
-125
-171
-160
-94
13
119
203
265
316
355
372
364
344
343
369
411
435
424
384
368
418
512
576
564
497
409
337
308
340
390
399
343
266
210
191
206
245
292
315
313
299
283
262
241
223
209
190
175
174
198
238
265
262
225
185
169
198
264
327
357
360
380
424
461
470
462
433
365
272
208
182
161
124
98
100
96
47
-42
-119
-149
-131
-91
-46
-1
18
-26
-135
-258
-341
-352
-309
-248
-229
-268
-320
-347
-342
-320
-263
-162
-49
13
-9
-104
-223
-316
-340
-304
-257
-243
-260
-284
-294
-283
-250
-216
-210
-245
-291
-321
-342
-378
-419
-427
-391
-333
-295
-278
-261
-240
-253
-310
-382
-425
-417
-356
-265
-199
-174
-152
-80
21
91
109
82
39
-14
-55
-70
-57
-38
-18
15
60
86
60
4
-35
-32
-10
3
4
-2
-8
0
33
83
125
154
175
196
220
247
263
253
231
241
299
366
383
340
285
249
236
223
218
221
231
235
234
255
302
364
421
458
459
417
349
279
216
161
120
106
110
137
176
242
331
419
477
491
490
482
463
413
319
185
31
-84
-121
-91
-70
-101
-170
-230
-255
-260
-245
-221
-190
-182
-212
-255
-269
-232
-184
-175
-219
-279
-320
-326
-328
-340
-369
-398
-410
-407
-391
-374
-367
-383
-414
-439
-453
-448
-424
-375
-324
-301
-315
-345
-361
-330
-250
-137
-32
36
53
31
6
-3
-3
-27
-74
-112
-103
-63
-25
-5
6
-1
-34
-75
-80
-36
18
31
-13
-70
-91
-47
39
136
212
261
291
317
350
386
424
457
475
472
448
424
409
407
407
387
321
220
137
119
158
214
239
217
164
111
94
119
170
203
201
165
100
0
-114
-202
-240
-234
-216
-195
-168
-140
-124
-126
-133
-110
-44
53
150
223
259
244
197
138
89
60
53
61
53
10
-62
-134
-176
-167
-106
-24
40
61
40
-16
-101
-188
-251
-241
-156
-40
28
8
-54
-105
-96
-43
21
41
0
-68
-125
-153
-171
-178
-178
-180
-187
-194
-212
-246
-296
-325
-319
-282
-237
-200
-189
-212
-256
-295
-305
-283
-234
-185
-145
-122
-114
-124
-148
-161
-133
-51
94
278
451
549
570
583
631
671
632
516
374
253
176
159
194
231
237
232
245
277
305
316
300
230
124
29
-8
-3
18
23
12
1
16
54
77
67
54
73
99
105
85
62
23
-49
-126
-181
-210
-235
-248
-240
-213
-174
-122
-60
-16
-10
-33
-78
-131
-161
-155
-129
-121
-129
-135
-123
-110
-121
-160
-199
-208
-183
-154
-158
-206
-265
-281
-235
-138
-36
42
85
89
45
-50
-149
-193
-157
-91
-66
-90
-127
-137
-124
-85
-20
46
55
9
-36
-41
-21
0
47
118
173
157
81
-4
-64
-90
-83
-49
-30
-66
-139
-180
-149
-56
60
175
298
421
519
546
496
391
274
193
157
138
99
30
-49
-132
-215
-304
-404
-518
-638
-755
-862
-934
-944
-884
-773
-641
-518
-441
-432
-453
-438
-347
-214
-92
-1
78
158
223
276
341
445
543
577
535
471
426
381
304
226
221
334
527
730
898
1017
1083
1095
1076
1036
976
888
789
712
673
674
678
639
526
362
196
80
41
87
180
237
189
57
-68
-126
-134
-145
-179
-226
-280
-327
-348
-317
-243
-151
-68
2
70
129
172
174
112
-35
-232
-414
-533
-586
-596
-559
-488
-397
-309
-236
-194
-182
-178
-163
-155
-184
-255
-350
-419
-444
-437
-453
-505
-565
-584
-563
-557
-616
-732
-850
-905
-872
-783
-704
-685
-697
-679
-599
-474
-339
-226
-156
-113
-59
31
135
199
204
185
202
296
442
570
612
558
459
380
339
328
338
363
386
383
353
318
314
354
422
476
495
471
417
354
300
284
299
317
296
226
135
62
16
-2
-4
8
22
36
46
58
58
34
-1
-21
-3
31
56
58
49
23
-29
-113
-205
-254
-236
-174
-126
-109
-89
-45
-10
-30
-80
-94
-32
79
175
220
216
198
173
153
122
82
35
7
30
106
187
199
118
-27
-177
-282
-308
-239
-118
-31
-34
-104
-173
-202
-178
-115
-50
-35
-74
-106
-80
-3
78
132
152
155
164
185
201
188
155
140
166
210
239
225
156
48
-43
-64
-39
-63
-174
-299
-352
-334
-290
-266
-276
-320
-373
-401
-390
-347
-288
-217
-130
-38
43
89
81
31
-29
-53
-38
-23
-42
-83
-116
-124
-114
-93
-72
-43
-1
57
114
148
151
135
122
127
143
161
184
225
275
315
353
394
429
425
375
292
221
184
175
152
89
12
-53
-102
-141
-154
-131
-85
-52
-48
-75
-128
-192
-229
-186
-61
73
134
110
69
47
18
-55
-139
-146
-69
13
15
-35
-50
13
105
160
154
104
54
32
46
79
118
155
178
170
122
60
31
56
105
130
114
73
24
-29
-85
-119
-130
-140
-172
-220
-253
-249
-217
-193
-222
-297
-375
-406
-391
-357
-310
-249
-200
-180
-164
-111
-13
91
160
167
96
-33
-164
-225
-211
-175
-169
-195
-210
-201
-187
-194
-199
-179
-112
-4
115
205
229
202
165
148
145
116
56
-15
-55
-53
-34
-19
-10
-5
-22
-92
-202
-321
-404
-431
-395
-328
-262
-209
-156
-96
-54
-26
19
117
249
369
461
544
632
708
743
725
637
484
305
171
112
61
-36
-143
-176
-125
-64
-45
-73
-120
-151
-110
10
141
216
245
279
318
335
331
334
365
414
457
476
483
498
524
530
488
392
253
107
-12
-91
-153
-210
-254
-270
-252
-182
-61
73
147
126
52
-16
-34
-2
69
150
208
231
218
162
74
-4
-21
24
72
71
25
-29
-83
-147
-210
-264
-311
-381
-477
-599
-704
-758
-739
-663
-575
-509
-482
-470
-467
-477
-498
-491
-439
-368
-303
-246
-193
-182
-219
-270
-276
-235
-198
-191
-197
-175
-128
-81
-51
-25
20
82
144
195
254
348
452
503
455
349
269
266
328
390
410
383
336
280
205
116
65
83
156
230
266
272
277
291
277
207
111
39
8
-10
-48
-101
-154
-191
-209
-218
-247
-324
-449
-582
-704
-830
-983
-1155
-1304
-1404
-1431
-1383
-1263
-1111
-968
-860
-759
-607
-387
-151
29
159
312
525
751
905
1003
1088
1203
1311
1379
1411
1434
1484
1559
1639
1669
1617
1497
1357
1225
1101
998
933
904
909
949
1025
1097
1126
1102
1049
1009
1011
1073
1151
1174
1107
994
906
851
783
659
472
226
-49
-295
-470
-621
-855
-1232
-1691
-2131
-2475
-2712
-2889
-3071
-3271
-3421
-3442
-3317
-3101
-2865
-2662
-2494
-2322
-2084
-1761
-1399
-1081
-860
-724
-627
-516
-362
-157
70
281
468
634
771
844
846
810
784
778
775
773
779
793
792
778
773
805
849
866
856
857
901
978
1076
1190
1342
1536
1734
1903
2042
2170
2257
2268
2212
2147
2095
2030
1909
1721
1487
1258
1088
974
867
706
494
264
70
-82
-257
-524
-873
-1209
-1460
-1639
-1807
-2033
-2338
-2677
-2949
-3078
-3092
-3078
-3126
-3229
-3295
-3195
-2874
-2389
-1872
-1450
-1175
-999
-813
-570
-296
-68
71
147
239
411
644
828
863
762
646
670
889
1194
1385
1322
1045
743
602
670
819
895
850
761
723
774
880
978
1018
1022
1067
1192
1362
1491
1556
1605
1706
1880
2098
2320
2516
2671
2758
2753
2668
2555
2465
2383
2271
2118
1953
1792
1630
1444
1214
938
648
416
275
168
-22
-376
-854
-1327
-1684
-1919
-2122
-2389
-2784
-3306
-3855
-4272
-4437
-4396
-4315
-4347
-4491
-4600
-4508
-4147
-3589
-3003
-2561
-2289
-2047
-1657
-1100
-546
-207
-157
-273
-327
-178
141
439
549
454
271
156
180
304
409
375
189
-22
-88
65
343
581
678
673
678
795
1050
1391
1715
1927
2044
2160
2346
2560
2715
2775
2796
2853
2979
3151
3320
3424
3419
3304
3173
3138
3211
3270
3178
2919
2582
2253
1948
1662
1404
1174
913
545
30
-567
-1115
-1538
-1904
-2360
-2980
-3669
-4245
-4578
-4668
-4636
-4637
-4744
-4860
-4789
-4395
-3764
-3151
-2745
-2498
-2166
-1556
-723
59
514
578
450
422
648
1021
1271
1202
847
433
198
199
272
173
-180
-621
-888
-855
-615
-365
-245
-269
-313
-243
-9
294
564
756
909
1089
1346
1681
2018
2276
2434
2546
2671
2813
2941
3013
3011
2957
2912
2919
2949
2968
2956
2920
2862
2790
2704
2593
2447
2279
2100
1909
1698
1441
1065
510
-155
-771
-1261
-1721
-2305
-3039
-3798
-4415
-4819
-5071
-5299
-5558
-5768
-5789
-5568
-5186
-4781
-4393
-3935
-3295
-2475
-1631
-920
-383
82
581
1115
1571
1844
1941
1973
2028
2108
2142
2051
1801
1420
974
538
175
-88
-289
-486
-700
-897
-1030
-1099
-1113
-1085
-1011
-899
-724
-438
-16
479
933
1276
1560
1889
2322
2805
3211
3477
3646
3825
4053
4284
4438
4476
4412
4296
4168
3999
3736
3366
2950
2564
2216
1875
1490
1027
462
-171
-775
-1265
-1665
-2103
-2691
-3395
-4083
-4629
-5013
-5311
-5609
-5903
-6050
-5909
-5476
-4926
-4433
-4000
-3483
-2759
-1886
-1039
-367
115
494
884
1339
1816
2190
2352
2309
2180
2090
2049
1955
1714
1299
780
269
-126
-396
-657
-1018
-1417
-1654
-1622
-1439
-1305
-1317
-1397
-1400
-1231
-884
-443
7
418
776
1107
1455
1853
2265
2624
2889
3099
3326
3617
3934
4169
4260
4252
4246
4257
4214
4068
3852
3601
3287
2891
2449
2010
1547
990
324
-356
-948
-1465
-2047
-2760
-3489
-4046
-4386
-4626
-4918
-5306
-5673
-5815
-5623
-5181
-4683
-4224
-3729
-3079
-2263
-1399
-612
66
668
1197
1648
2050
2421
2691
2770
2667
2507
2366
2228
2031
1746
1377
944
526
180
-109
-418
-776
-1101
-1295
-1352
-1385
-1522
-1765
-1997
-2083
-1980
-1756
-1516
-1337
-1169
-939
-614
-254
87
425
811
1284
1804
2316
2755
3111
3389
3619
3821
4014
4194
4330
4372
4294
4139
3954
3734
3412
2962
2419
1823
1184
520
-104
-682
-1306
-2084
-2973
-3804
-4443
-4903
-5278
-5654
-6026
-6276
-6247
-5901
-5383
-4879
-4422
-3858
-3051
-2032
-997
-117
568
1143
1715
2314
2877
3260
3368
3244
3020
2816
2647
2460
2169
1722
1165
626
211
-102
-412
-778
-1141
-1415
-1550
-1578
-1594
-1668
-1767
-1765
-1583
-1256
-873
-489
-127
215
540
875
1240
1634
2040
2427
2794
3117
3364
3517
3645
3847
4129
4390
4521
4494
4347
4136
3900
3661
3417
3160
2882
2531
2041
1375
618
-97
-733
-1389
-2167
-3029
-3860
-4586
-5237
-5845
-6385
-6767
-6907
-6793
-6505
-6145
-5741
-5239
-4578
-3763
-2856
-1931
-1028
-160
658
1424
2136
2736
3138
3303
3332
3337
3332
3235
3001
2638
2180
1705
1318
1083
910
637
173
-418
-973
-1340
-1507
-1592
-1724
-1887
-1978
-1924
-1763
-1557
-1310
-1006
-637
-222
240
748
1286
1800
2227
2555
2823
3090
3382
3694
3989
4205
4321
4385
4456
4497
4406
4151
3812
3465
3119
2746
2308
1762
1092
378
-281
-939
-1747
-2739
-3735
-4524
-5067
-5495
-5935
-6426
-6885
-7168
-7140
-6785
-6242
-5661
-5061
-4343
-3473
-2516
-1542
-584
317
1105
1797
2462
3108
3647
3986
4144
4203
4234
4225
4119
3861
3422
2833
2205
1663
1242
872
485
92
-248
-523
-791
-1105
-1444
-1696
-1772
-1679
-1529
-1386
-1223
-994
-718
-470
-257
14
437
1000
1590
2099
2510
2869
3227
3607
3973
4249
4386
4421
4398
4330
4203
4040
3850
3592
3209
2700
2087
1375
573
-275
-1084
-1852
-2658
-3564
-4489
-5268
-5839
-6284
-6734
-7209
-7600
-7745
-7530
-6994
-6346
-5780
-5279
-4623
-3666
-2471
-1258
-198
650
1339
1994
2703
3440
4038
4370
4461
4419
4316
4155
3947
3688
3308
2776
2192
1729
1415
1115
679
106
-454
-836
-985
-996
-1004
-1049
-1086
-1067
-983
-823
-535
-110
374
797
1106
1328
1548
1838
2222
2633
2982
3247
3496
3793
4111
4345
4410
4348
4293
4333
4387
4292
3973
3515
3040
2583
2072
1388
511
-453
-1348
-2154
-2991
-3952
-4975
-5896
-6596
-7066
-7401
-7702
-7986
-8141
-8037
-7645
-7056
-6389
-5686
-4889
-3915
-2784
-1629
-571
364
1249
2137
3011
3780
4332
4636
4736
4720
4636
4499
4307
4036
3643
3105
2492
1928
1483
1102
682
188
-287
-619
-767
-824
-890
-979
-1037
-1040
-998
-866
-568
-124
337
709
992
1257
1549
1876
2212
2515
2786
3067
3411
3800
4155
4381
4439
4386
4332
4348
4392
4348
4117
3677
3104
2479
1821
1060
166
-776
-1623
-2345
-3078
-3961
-4969
-5909
-6621
-7112
-7522
-7959
-8373
-8569
-8380
-7833
-7122
-6424
-5731
-4921
-3903
-2727
-1518
-398
615
1591
2592
3588
4437
5021
5307
5367
5289
5164
5022
4836
4522
4010
3308
2538
1858
1338
910
475
11
-417
-725
-909
-1051
-1218
-1393
-1478
-1419
-1236
-970
-648
-287
87
475
910
1396
1896
2370
2802
3161
3411
3567
3730
4004
4346
4625
4735
4711
4629
4507
4321
4040
3702
3355
3030
2671
2155
1372
353
-695
-1527
-2105
-2662
-3460
-4513
-5545
-6284
-6705
-7049
-7538
-8125
-8489
-8328
-7649
-6769
-6027
-5469
-4853
-3922
-2677
-1328
-110
916
1805
2657
3487
4218
4744
5023
5087
4994
4792
4541
4278
3943
3388
2535
1540
693
170
-128
-471
-1044
-1747
-2302
-2524
-2486
-2426
-2506
-2661
-2651
-2305
-1691
-1080
-686
-479
-233
236
905
1599
2159
2588
2994
3471
3971
4380
4636
4794
4926
5045
5100
5063
4952
4789
4568
4258
3862
3448
3065
2631
1957
944
-207
-1152
-1725
-2177
-2928
-4138
-5500
-6526
-6999
-7133
-7335
-7813
-8355
-8502
-7979
-6969
-5948
-5214
-4641
-3843
-2603
-1043
480
1683
2530
3206
3921
4705
5410
5858
5980
5824
5499
5118
4737
4328
3798
3076
2192
1290
551
45
-330
-775
-1388
-2061
-2562
-2728
-2596
-2374
-2261
-2283
-2283
-2067
-1574
-925
-320
147
560
1072
1728
2397
2914
3226
3414
3603
3877
4240
4621
4902
4983
4852
4601
4357
4185
4055
3860
3496
2985
2450
1944
1333
448
-683
-1833
-2784
-3533
-4253
-5147
-6218
-7243
-7942
-8245
-8340
-8461
-8630
-8632
-8226
-7361
-6226
-5101
-4144
-3250
-2168
-753
841
2288
3354
4085
4681
5275
5825
6209
6346
6217
5867
5378
4846
4303
3700
2943
2007
982
45
-654
-1120
-1526
-2064
-2753
-3387
-3717
-3676
-3405
-3109
-2889
-2698
-2406
-1891
-1172
-400
285
873
1465
2114
2754
3261
3597
3841
4093
4369
4630
4857
5073
5286
5423
5366
5052
4588
4166
3878
3632
3279
2765
2121
1344
381
-722
-1785
-2659
-3392
-4153
-5069
-6076
-6972
-7538
-7744
-7806
-7990
-8310
-8446
-8045
-7018
-5653
-4374
-3427
-2660
-1691
-279
1412
2972
4098
4816
5371
5950
6513
6864
6852
6491
5914
5266
4618
3953
3234
2430
1535
548
-467
-1375
-2063
-2548
-2965
-3422
-3890
-4207
-4225
-3944
-3545
-3228
-3034
-2816
-2372
-1622
-687
188
837
1295
1743
2285
2885
3428
3852
4156
4373
4572
4827
5154
5471
5624
5512
5170
4759
4430
4213
3994
3637
3059
2242
1210
46
-1102
-2102
-2949
-3770
-4710
-5806
-6925
-7828
-8338
-8514
-8601
-8774
-8915
-8735
-8055
-6976
-5744
-4569
-3474
-2325
-972
579
2141
3490
4523
5303
5938
6472
6866
7058
7019
6750
6245
5524
4678
3825
3017
2184
1239
195
-838
-1735
-2444
-2997
-3489
-3966
-4395
-4672
-4731
-4581
-4273
-3854
-3329
-2701
-1948
-1084
-166
701
1452
2099
2694
3257
3777
4258
4719
5142
5456
5611
5627
5616
5674
5778
5777
5553
5163
4767
4409
3997
3438
2747
1955
1047
-12
-1188
-2375
-3459
-4393
-5280
-6254
-7316
-8253
-8838
-9034
-9002
-8950
-8925
-8789
-8306
-7350
-6020
-4551
-3137
-1802
-453
972
2439
3819
4995
5911
6587
7055
7308
7345
7205
6937
6518
5847
4885
3753
2659
1709
836
-111
-1201
-2316
-3227
-3818
-4180
-4495
-4831
-5109
-5193
-4997
-4534
-3921
-3287
-2650
-1920
-1088
-282
373
912
1483
2154
2850
3460
3940
4340
4721
5096
5418
5641
5757
5794
5755
5613
5368
5070
4777
4461
4052
3493
2783
1913
862
-345
-1586
-2727
-3701
-4573
-5458
-6429
-7411
-8204
-8653
-8792
-8774
-8696
-8534
-8170
-7502
-6460
-5090
-3535
-1972
-506
866
2192
3479
4696
5788
6691
7331
7630
7607
7375
7091
6779
6345
5666
4710
3563
2375
1277
294
-653
-1642
-2640
-3520
-4154
-4524
-4718
-4882
-5069
-5195
-5078
-4633
-3909
-3078
-2293
-1613
-998
-361
323
1044
1779
2512
3186
3742
4178
4546
4891
5213
5474
5640
5720
5752
5765
5728
5570
5254
4812
4290
3700
3035
2307
1505
564
-590
-1909
-3216
-4317
-5168
-5887
-6653
-7533
-8420
-9096
-9431
-9438
-9239
-8905
-8416
-7683
-6627
-5287
-3786
-2282
-832
598
2061
3515
4842
5921
6717
7259
7597
7741
7658
7320
6742
6000
5147
4180
3087
1913
762
-293
-1247
-2145
-3015
-3814
-4459
-4861
-5034
-5090
-5094
-4992
-4671
-4140
-3507
-2854
-2172
-1401
-505
474
1411
2162
2693
3142
3656
4246
4801
5217
5483
5644
5753
5824
5833
5758
5592
5354
5060
4730
4366
3945
3432
2812
2099
1299
379
-674
-1812
-2963
-4060
-5062
-5966
-6815
-7632
-8352
-8821
-8970
-8840
-8534
-8103
-7552
-6815
-5825
-4555
-3065
-1468
148
1695
3122
4386
5512
6510
7347
7917
8162
8090
7794
7345
6788
6094
5216
4141
2921
1678
512
-549
-1533
-2464
-3328
-4077
-4671
-5076
-5304
-5403
-5396
-5241
-4872
-4302
-3608
-2874
-2125
-1348
-521
337
1151
1865
2495
3091
3632
4057
4341
4507
4565
4555
4556
4635
4727
4697
4474
4106
3716
3390
3135
2879
2505
1950
1239
445
-428
-1424
-2554
-3731
-4840
-5796
-6604
-7330
-8020
-8620
-9015
-9142
-9051
-8805
-8385
-7731
-6806
-5649
-4307
-2844
-1280
376
2084
3688
5019
5998
6717
7296
7774
8076
8096
7821
7311
6660
5902
5024
3990
2809
1558
356
-718
-1670
-2532
-3307
-3935
-4375
-4616
-4702
-4676
-4552
-4314
-3944
-3438
-2788
-1992
-1077
-124
786
1599
2308
2918
3460
3965
4441
4898
5299
5584
5678
5593
5409
5238
5157
5156
5143
4987
4648
4174
3669
3179
2700
2171
1540
774
-120
-1109
-2184
-3320
-4457
-5488
-6358
-7101
-7774
-8363
-8803
-9041
-9045
-8797
-8297
-7566
-6629
-5515
-4273
-2951
-1558
-98
1390
2840
4191
5375
6341
7049
7488
7654
7562
7247
6758
6145
5416
4550
3506
2308
1023
-276
-1512
-2603
-3497
-4209
-4797
-5294
-5684
-5930
-5990
-5843
-5492
-4970
-4298
-3513
-2667
-1814
-959
-86
799
1646
2391
3015
3559
4107
4690
5225
5593
5729
5691
5592
5531
5513
5480
5357
5094
4679
4152
3610
3117
2641
2108
1464
697
-211
-1252
-2342
-3392
-4357
-5265
-6102
-6850
-7501
-8040
-8408
-8550
-8497
-8285
-7892
-7240
-6310
-5171
-3930
-2654
-1332
80
1604
3153
4552
5651
6420
6941
7293
7470
7402
7070
6542
5920
5218
4389
3383
2234
1020
-180
-1307
-2330
-3229
-3990
-4575
-4967
-5191
-5319
-5370
-5299
-5042
-4571
-3919
-3143
-2311
-1439
-508
496
1490
2355
3056
3664
4271
4873
5400
5756
5925
5970
5992
6033
6047
5975
5818
5613
5351
4990
4518
3989
3458
2936
2394
1778
1009
50
-1043
-2163
-3231
-4216
-5107
-5919
-6701
-7458
-8110
-8547
-8734
-8703
-8500
-8140
-7600
-6830
-5806
-4579
-3240
-1854
-439
992
2389
3672
4772
5647
6289
6681
6825
6751
6515
6155
5661
5009
4164
3135
1943
656
-634
-1824
-2846
-3663
-4292
-4783
-5185
-5493
-5641
-5616
-5456
-5218
-4880
-4362
-3626
-2718
-1737
-766
150
1006
1800
2523
3154
3694
4185
4672
5166
5618
5960
6158
6219
6178
6082
5952
5780
5531
5191
4777
4326
3843
3300
2693
2034
1306
430
-633
-1825
-3015
-4089
-5012
-5839
-6667
-7491
-8172
-8550
-8604
-8435
-8148
-7763
-7232
-6504
-5567
-4440
-3168
-1777
-308
1205
2691
4058
5219
6110
6714
7040
7121
6983
6668
6228
5697
5052
4238
3228
2066
833
-399
-1589
-2698
-3667
-4435
-5000
-5391
-5635
-5722
-5652
-5425
-5054
-4541
-3907
-3147
-2270
-1325
-386
503
1356
2198
3020
3773
4408
4923
5354
5733
6045
6248
6308
6210
5993
5735
5530
5390
5245
4990
4581
4041
3421
2748
2063
1411
799
131
-721
-1772
-2895
-3912
-4740
-5443
-6165
-6957
-7709
-8241
-8476
-8466
-8287
-7945
-7407
-6654
-5705
-4608
-3419
-2141
-750
732
2180
3432
4423
5195
5820
6314
6617
6667
6438
5987
5408
4753
4016
3165
2211
1171
50
-1127
-2282
-3294
-4071
-4598
-4937
-5163
-5313
-5351
-5208
-4853
-4320
-3691
-2999
-2251
-1454
-632
211
1060
1888
2640
3291
3846
4323
4745
5121
5429
5621
5672
5587
5417
5222
5069
4957
4813
4556
4170
3710
3217
2698
2148
1571
953
256
-576
-1563
-2648
-3707
-4614
-5331
-5942
-6553
-7168
-7696
-8046
-8192
-8130
-7862
-7388
-6706
-5830
-4776
-3608
-2368
-1057
338
1779
3139
4298
5217
5930
6466
6806
6907
6754
6350
5753
5047
4289
3474
2545
1479
305
-893
-2029
-3025
-3818
-4393
-4817
-5159
-5421
-5526
-5424
-5105
-4598
-3949
-3222
-2443
-1593
-658
328
1268
2080
2750
3351
3951
4563
5122
5551
5811
5925
5956
5946
5898
5802
5648
5427
5112
4690
4199
3728
3335
2990
2570
2002
1285
454
-492
-1539
-2637
-3710
-4665
-5427
-5993
-6471
-6983
-7524
-7984
-8260
-8300
-8074
-7579
-6867
-6010
-5033
-3939
-2715
-1362
83
1525
2848
3955
4832
5517
6057
6452
6629
6533
6193
5700
5095
4349
3415
2305
1071
-182
-1351
-2369
-3238
-3982
-4588
-5020
-5275
-5401
-5424
-5327
-5043
-4542
-3853
-3045
-2198
-1354
-512
356
1262
2172
3022
3756
4350
4829
5231
5578
5866
6089
6242
6297
6223
6043
5825
5611
5375
5026
4519
3906
3309
2799
2331
1815
1186
436
-434
-1402
-2423
-3441
-4418
-5302
-6053
-6690
-7285
-7862
-8331
-8611
-8672
-8523
-8132
-7484
-6616
-5588
-4444
-3224
-1945
-604
781
2133
3329
4313
5081
5647
5987
6093
5976
5682
5258
4735
4099
3305
2350
1264
131
-980
-2018
-2951
-3737
-4328
-4711
-4948
-5115
-5216
-5176
-4919
-4430
-3757
-2968
-2126
-1252
-329
669
1729
2787
3745
4521
5073
5440
5721
6005
6315
6590
6768
6809
6713
6486
6186
5863
5537
5165
4723
4223
3701
3178
2622
1998
1295
546
-238
-1084
-2035
-3066
-4117
-5096
-5938
-6616
-7158
-7619
-8007
-8271
-8331
-8142
-7725
-7149
-6474
-5687
-4724
-3544
-2189
-715
823
2338
3688
4735
5454
5906
6176
6289
6224
5965
5514
4897
4135
3236
2190
995
-318
-1658
-2897
-3924
-4692
-5239
-5612
-5859
-6005
-6067
-6016
-5748
-5186
-4352
-3396
-2462
-1591
-721
223
1262
2351
3403
4327
5079
5632
5992
6192
6313
6416
6503
6532
6477
6346
6134
5816
5379
4862
4325
3806
3308
2825
2323
1763
1131
425
-369
-1288
-2282
-3259
-4154
-4947
-5634
-6225
-6767
-7294
-7774
-8135
-8286
-8134
-7672
-6986
-6207
-5377
-4481
-3487
-2355
-1055
377
1835
3183
4311
5130
5620
5858
5949
5928
5771
5451
4966
4330
3550
2624
1561
402
-764
-1851
-2808
-3604
-4210
-4620
-4891
-5089
-5224
-5230
-5022
-4552
-3835
-2937
-1939
-918
56
952
1800
2648
3500
4329
5127
5871
6477
6871
7048
7054
6929
6710
6439
6163
5910
5677
5408
5040
4545
3961
3333
2695
2091
1547
1021
368
-525
-1645
-2820
-3861
-4666
-5280
-5851
-6502
-7234
-7944
-8517
-8884
-8989
-8805
-8364
-7729
-6976
-6169
-5348
-4456
-3377
-2042
-515
1074
2560
3804
4721
5315
5627
5705
5629
5494
5328
5046
4538
3776
2786
1632
405
-778
-1838
-2748
-3505
-4105
-4579
-4973
-5303
-5506
-5504
-5232
-4678
-3890
-2972
-2021
-1068
-118
810
1703
2594
3510
4430
5304
6078
6682
7060
7221
7256
7233
7176
7091
6973
6811
6562
6187
5640
4920
4088
3252
2518
1924
1432
908
197
-789
-1982
-3211
-4304
-5174
-5817
-6322
-6809
-7345
-7904
-8388
-8718
-8794
-8546
-7954
-7084
-6037
-4937
-3873
-2847
-1767
-556
771
2131
3400
4471
5280
5842
6158
6233
6105
5857
5526
5059
4406
3574
2618
1573
483
-611
-1651
-2590
-3361
-3918
-4267
-4478
-4628
-4739
-4767
-4618
-4232
-3608
-2783
-1810
-778
202
1080
1892
2679
3429
4121
4760
5360
5893
6321
6608
6748
6761
6665
6489
6271
6036
5758
5373
4830
4129
3338
2557
1862
1230
587
-142
-1006
-2009
-3083
-4114
-5033
-5828
-6497
-7024
-7439
-7785
-8094
-8342
-8485
-8457
-8210
-7751
-7125
-6364
-5480
-4487
-3406
-2257
-1078
73
1141
2095
2936
3653
4238
4676
4947
5030
4922
4636
4199
3628
2940
2141
1253
316
-616
-1479
-2218
-2790
-3193
-3461
-3639
-3758
-3789
-3705
-3474
-3076
-2484
-1709
-827
67
897
1658
2372
3079
3812
4579
5311
5915
6355
6676
6931
7107
7162
7083
6883
6592
6238
5838
5397
4905
4358
3735
3047
2315
1574
841
124
-604
-1419
-2376
-3398
-4327
-5053
-5566
-5928
-6216
-6510
-6830
-7134
-7342
-7377
-7204
-6825
-6277
-5597
-4798
-3899
-2938
-1943
-911
141
1145
2029
2767
3368
3842
4170
4326
4294
4100
3800
3432
2997
2466
1833
1119
352
-427
-1170
-1818
-2326
-2698
-2955
-3104
-3153
-3127
-3059
-2935
-2744
-2469
-2075
-1524
-827
-98
554
1129
1697
2305
2931
3525
4046
4485
4841
5113
5274
5325
5270
5105
4855
4548
4219
3849
3413
2911
2354
1761
1134
500
-137
-794
-1489
-2179
-2791
-3317
-3804
-4305
-4797
-5241
-5568
-5717
-5677
-5540
-5430
-5383
-5352
-5272
-5059
-4682
-4146
-3500
-2760
-1954
-1164
-467
117
625
1096
1580
2097
2612
3047
3327
3404
3256
2917
2475
2035
1662
1326
953
485
-32
-489
-827
-1071
-1274
-1448
-1588
-1674
-1696
-1612
-1410
-1097
-706
-299
101
495
940
1460
2014
2544
3016
3457
3879
4247
4529
4695
4748
4710
4605
4452
4263
4077
3895
3683
3366
2944
2439
1958
1562
1175
694
97
-478
-1036
-1621
-2202
-2683
-3032
-3310
-3518
-3703
-3929
-4155
-4240
-4169
-4073
-4021
-3930
-3764
-3534
-3238
-2882
-2546
-2263
-1965
-1602
-1233
-919
-626
-299
81
490
852
1103
1234
1304
1340
1312
1198
1003
752
476
198
-107
-454
-808
-1077
-1224
-1295
-1363
-1467
-1570
-1591
-1453
-1180
-854
-534
-231
95
442
818
1208
1609
1996
2333
2629
2874
3085
3236
3341
3380
3292
3080
2813
2619
2543
2539
2491
2316
1968
1517
1026
550
111
-293
-619
-849
-1042
-1292
-1634
-1923
-2074
-2121
-2108
-2036
-1888
-1716
-1581
-1511
-1527
-1586
-1594
-1446
-1178
-894
-679
-520
-361
-187
-37
39
56
88
189
309
380
362
284
207
152
110
42
-54
-147
-214
-293
-443
-711
-1016
-1223
-1276
-1278
-1357
-1510
-1653
-1713
-1677
-1542
-1328
-1051
-736
-442
-202
-1
229
523
847
1170
1439
1619
1713
1784
1872
1966
1998
1970
1910
1818
1714
1592
1504
1447
1389
1289
1108
890
693
489
260
-9
-240
-378
-471
-500
-546
-583
-623
-654
-608
-498
-348
-199
-125
-80
-70
-15
113
266
406
502
571
619
647
633
598
547
535
569
562
510
423
333
186
-68
-347
-597
-823
-1018
-1177
-1262
-1310
-1353
-1364
-1336
-1290
-1286
-1335
-1382
-1330
-1172
-979
-837
-755
-694
-626
-547
-445
-349
-260
-161
-41
93
180
218
218
264
359
454
478
419
353
299
307
342
378
386
401
458
501
488
437
385
330
231
100
-21
-140
-207
-246
-231
-197
-150
-72
4
65
50
8
-60
-97
-71
35
231
463
670
778
717
612
540
611
793
984
1150
1205
1233
1260
1271
1256
1162
1012
804
607
487
414
301
118
-100
-285
-439
-528
-586
-631
-706
-803
-907
-1020
-1084
-1074
-968
-777
-538
-326
-238
-263
-334
-410
-500
-585
-624
-643
-666
-716
-798
-955
-1192
-1413
-1547
-1572
-1516
-1412
-1278
-1152
-1020
-887
-750
-659
-606
-547
-426
-239
-49
143
301
410
444
452
493
581
656
666
590
490
437
416
407
416
475
561
621
651
669
675
718
792
871
904
896
907
926
1018
1123
1261
1327
1312
1255
1163
1116
1095
1118
1174
1220
1271
1322
1372
1457
1505
1555
1590
1588
1540
1442
1384
1316
1153
915
632
373
126
-117
-372
-695
-1011
-1268
-1453
-1615
-1766
-1879
-1998
-2121
-2225
-2305
-2371
-2441
-2474
-2450
-2406
-2315
-2165
-2006
-1866
-1764
-1657
-1540
-1442
-1321
-1216
-1145
-1083
-1028
-982
-993
-1041
-994
-888
-740
-656
-676
-770
-906
-914
-760
-510
-272
-102
47
225
410
587
682
699
752
868
1060
1200
1247
1238
1195
1189
1228
1300
1424
1552
1666
1742
1779
1849
1958
2120
2317
2511
2678
2700
2596
2421
2311
2314
2392
2528
2565
2513
2327
2094
1799
1468
1140
837
567
346
128
-97
-408
-778
-1192
-1598
-1926
-2176
-2323
-2451
-2550
-2658
-2746
-2813
-2811
-2737
-2580
-2384
-2192
-2055
-2012
-2017
-2011
-1921
-1781
-1661
-1617
-1616
-1578
-1481
-1386
-1360
-1399
-1400
-1330
-1199
-1064
-921
-783
-629
-436
-187
67
270
404
503
597
678
813
944
1096
1211
1353
1519
1614
1624
1542
1539
1629
1778
1914
2003
2084
2165
2245
2327
2386
2433
2488
2583
2744
2913
3053
3093
2992
2795
2514
2275
2060
1899
1706
1402
1034
624
240
-155
-536
-813
-1034
-1241
-1462
-1655
-1799
-1951
-2100
-2223
-2329
-2432
-2515
-2549
-2530
-2491
-2443
-2417
-2436
-2480
-2506
-2519
-2514
-2493
-2448
-2419
-2384
-2343
-2300
-2296
-2274
-2144
-1977
-1801
-1715
-1638
-1585
-1519
-1447
-1339
-1188
-982
-750
-546
-346
-179
43
246
449
601
740
892
1037
1248
1481
1779
1998
2154
2223
2294
2377
2518
2712
2924
3083
3146
3175
3171
3198
3188
3177
3105
3032
2934
2810
2635
2432
2256
2124
2003
1852
1637
1370
1078
769
499
268
126
-3
-147
-341
-559
-816
-1060
-1245
-1380
-1509
-1682
-1846
-1992
-2148
-2263
-2303
-2257
-2146
-2061
-1986
-2005
-2045
-2009
-1924
-1786
-1697
-1634
-1577
-1599
-1573
-1624
-1758
-1931
-2033
-1849
-1602
-1357
-1292
-1401
-1584
-1741
-1702
-1478
-1140
-807
-598
-559
-585
-587
-440
-204
92
374
680
1045
1465
1854
2115
2258
2352
2472
2626
2761
2833
2835
2799
2781
2756
2721
2665
2590
2494
2367
2186
1979
1719
1478
1244
1024
863
670
539
370
250
129
3
-74
-182
-289
-425
-548
-596
-650
-666
-729
-821
-958
-1165
-1326
-1424
-1363
-1269
-1211
-1285
-1472
-1663
-1823
-1855
-1820
-1721
-1616
-1560
-1483
-1419
-1352
-1364
-1410
-1374
-1216
-1021
-846
-764
-732
-825
-982
-1099
-1083
-905
-631
-377
-256
-302
-372
-324
-177
-11
97
233
390
567
696
791
883
1006
1146
1252
1327
1434
1633
1902
2127
2210
2124
1964
1860
1854
1879
1825
1711
1513
1309
1077
927
840
776
693
552
416
255
167
95
85
49
36
3
-9
-17
-20
0
-65
-116
-255
-354
-487
-610
-664
-654
-542
-475
-534
-679
-793
-814
-748
-746
-736
-833
-999
-1228
-1407
-1395
-1276
-1094
-1021
-1056
-1201
-1270
-1274
-1155
-1071
-946
-848
-718
-622
-534
-510
-497
-479
-409
-281
-148
27
109
165
108
77
40
50
125
233
364
404
399
365
371
462
603
760
805
774
712
691
750
838
990
1071
1076
927
754
642
629
669
658
596
458
284
102
-43
-136
-211
-265
-228
-141
12
44
14
-124
-188
-138
-6
154
252
397
480
546
450
328
156
67
101
238
395
417
326
168
5
-88
-136
-110
-50
4
31
-58
-154
-226
-204
-116
-62
-10
38
128
269
304
295
177
103
83
63
63
-23
-105
-253
-393
-547
-629
-681
-644
-533
-393
-275
-341
-425
-532
-551
-545
-538
-448
-367
-296
-264
-265
-269
-314
-342
-314
-250
-129
-52
-43
-97
-170
-223
-357
-510
-642
-653
-606
-488
-312
-140
-23
-38
-81
-149
-84
52
265
397
432
364
234
145
95
143
198
269
276
262
214
180
118
51
-12
15
99
252
420
575
658
620
613
613
708
830
1039
1228
1248
1109
890
802
820
888
870
773
643
534
414
241
5
-287
-543
-743
-808
-788
-783
-843
-1016
-1194
-1330
-1317
-1113
-880
-717
-753
-879
-999
-1023
-903
-760
-653
-632
-685
-763
-842
-801
-651
-467
-271
-129
4
-8
-69
-188
-262
-254
-136
36
125
120
65
33
-4
-17
18
114
223
291
338
353
392
444
537
643
769
939
1174
1442
1672
1790
1817
1801
1826
1883
1937
1961
1918
1844
1744
1680
1603
1550
1475
1478
1386
1275
1038
830
637
443
306
129
32
-139
-329
-617
-864
-1049
-1078
-1099
-1104
-1202
-1330
-1495
-1653
-1715
-1755
-1762
-1814
-1810
-1829
-1867
-1948
-2005
-2066
-2135
-2151
-2092
-1997
-1960
-1978
-2024
-2064
-2062
-1988
-1819
-1598
-1388
-1217
-1066
-943
-854
-838
-818
-736
-569
-390
-250
-138
-60
-16
-31
-15
84
318
579
799
957
1095
1278
1426
1565
1686
1841
2045
2281
2570
2750
2812
2766
2808
2949
3120
3246
3242
3137
2902
2695
2501
2398
2289
2203
2028
1749
1420
1095
903
738
655
504
325
62
-249
-561
-770
-837
-760
-718
-739
-914
-1121
-1309
-1436
-1439
-1449
-1443
-1551
-1577
-1579
-1549
-1640
-1750
-1820
-1798
-1792
-1762
-1711
-1621
-1611
-1661
-1725
-1775
-1817
-1868
-1829
-1784
-1727
-1776
-1828
-1913
-1923
-1867
-1747
-1567
-1401
-1212
-1136
-1124
-1166
-1166
-991
-709
-272
147
513
763
876
1046
1259
1614
1969
2328
2640
2848
2965
3009
3049
3061
3016
2985
2976
2986
2902
2773
2628
2499
2408
2303
2215
2041
1902
1780
1639
1365
971
608
313
62
-156
-335
-466
-601
-732
-861
-992
-1117
-1229
-1239
-1240
-1227
-1316
-1428
-1518
-1594
-1565
-1580
-1592
-1749
-1965
-2134
-2191
-2069
-1946
-1913
-2024
-2215
-2330
-2388
-2367
-2380
-2374
-2304
-2163
-1989
-1916
-1870
-1889
-1842
-1719
-1479
-1194
-976
-777
-628
-484
-379
-216
36
291
514
683
905
1107
1333
1633
2035
2500
2793
2956
2970
3063
3219
3389
3458
3380
3261
3089
2939
2822
2823
2865
2853
2733
2490
2232
1919
1677
1442
1297
1205
1047
801
411
89
-136
-257
-322
-349
-328
-317
-402
-510
-610
-671
-780
-908
-1010
-1028
-1043
-1069
-1198
-1448
-1736
-1957
-1962
-1899
-1840
-1833
-1859
-1854
-1872
-1899
-1967
-2075
-2089
-2039
-1929
-1905
-2051
-2295
-2559
-2560
-2296
-1832
-1496
-1430
-1603
-1788
-1748
-1460
-995
-559
-217
-47
-8
10
104
372
734
1138
1455
1642
1725
1756
1795
1852
1954
2154
2397
2656
2786
2704
2389
1994
1831
1944
2262
2476
2477
2164
1633
1116
822
859
1052
1222
1218
1001
679
362
228
242
337
399
344
234
-12
-242
-441
-435
-263
-81
15
-125
-355
-632
-756
-748
-677
-637
-680
-775
-934
-1103
-1269
-1411
-1537
-1598
-1547
-1435
-1360
-1405
-1584
-1813
-1989
-1936
-1727
-1487
-1412
-1509
-1643
-1670
-1490
-1227
-966
-807
-721
-740
-798
-807
-667
-376
-16
326
551
643
684
786
975
1159
1317
1443
1585
1656
1623
1463
1288
1195
1260
1451
1640
1662
1422
971
500
201
176
404
680
746
465
-13
-318
-248
93
400
454
324
154
64
17
-1
40
190
297
287
70
-116
-201
-85
100
204
188
27
-103
-267
-373
-453
-362
-142
69
65
-167
-499
-687
-678
-474
-290
-284
-555
-1018
-1418
-1646
-1593
-1441
-1305
-1320
-1453
-1538
-1512
-1317
-1026
-653
-253
140
450
625
663
632
700
942
1340
1662
1732
1533
1216
1037
1070
1246
1389
1399
1251
963
650
448
422
516
613
573
315
-114
-514
-731
-680
-425
-102
89
28
-255
-647
-954
-1019
-713
-220
160
181
-138
-566
-877
-851
-531
-55
327
485
429
258
173
232
422
646
836
933
894
733
534
351
264
332
510
637
553
291
11
-121
-48
184
407
444
214
-210
-585
-701
-491
-210
-189
-578
-1142
-1471
-1398
-1067
-833
-818
-950
-1017
-942
-790
-644
-516
-305
-6
267
332
191
-12
-52
100
343
497
479
285
-28
-395
-703
-869
-848
-706
-584
-637
-906
-1274
-1502
-1432
-1077
-669
-431
-452
-665
-900
-1013
-896
-563
-145
158
226
52
-149
-147
244
833
1266
1250
927
676
768
1165
1571
1781
1737
1590
1441
1341
1306
1385
1538
1627
1482
1148
827
744
924
1172
1279
1133
864
639
621
805
1074
1276
1275
1074
768
519
449
546
699
673
371
-133
-631
-967
-1149
-1222
-1297
-1420
-1624
-1817
-1885
-1787
-1580
-1374
-1207
-1125
-1119
-1201
-1261
-1195
-922
-572
-344
-358
-515
-634
-631
-530
-432
-449
-644
-966
-1285
-1473
-1470
-1272
-992
-823
-863
-1064
-1228
-1164
-814
-270
200
411
369
266
299
499
786
1051
1239
1330
1335
1291
1259
1266
1304
1334
1335
1318
1314
1339
1338
1236
1047
908
970
1221
1499
1596
1472
1213
1041
1080
1328
1606
1746
1735
1655
1620
1624
1574
1305
799
209
-194
-327
-337
-523
-1099
-1975
-2778
-3137
-3018
-2771
-2785
-3162
-3668
-3957
-3865
-3477
-2988
-2531
-2129
-1813
-1592
-1426
-1254
-1017
-743
-476
-310
-263
-261
-218
-118
-75
-161
-394
-652
-799
-760
-620
-500
-474
-500
-486
-377
-135
151
429
608
697
735
818
1045
1369
1655
1751
1692
1603
1650
1853
2129
2314
2385
2444
2577
2766
2906
2966
2990
3068
3230
3358
3312
3049
2729
2551
2589
2723
2758
2610
2361
2132
1985
1865
1730
1565
1354
1038
555
-16
-481
-731
-909
-1306
-2077
-3040
-3836
-4178
-4165
-4143
-4457
-5088
-5684
-5789
-5309
-4588
-4127
-4054
-4080
-3786
-3040
-2085
-1305
-967
-985
-1104
-1092
-885
-541
-214
-99
-320
-754
-1149
-1245
-1012
-653
-482
-673
-1071
-1337
-1204
-754
-291
-111
-188
-260
-73
396
951
1387
1649
1821
2032
2337
2724
3120
3444
3665
3782
3837
3902
4090
4398
4683
4710
4445
4081
3850
3789
3700
3460
3106
2829
2694
2606
2401
2047
1675
1439
1400
1455
1436
1194
682
1
-641
-1054
-1196
-1245
-1477
-2096
-3031
-3933
-4441
-4473
-4303
-4345
-4758
-5336
-5643
-5433
-4848
-4284
-4018
-3978
-3865
-3397
-2546
-1606
-972
-840
-1012
-1104
-887
-438
-43
60
-152
-493
-751
-809
-689
-529
-512
-709
-983
-1111
-1017
-790
-626
-642
-785
-792
-430
229
841
1141
1207
1334
1753
2383
2926
3138
3132
3233
3633
4207
4677
4891
4888
4829
4829
4855
4792
4569
4263
3977
3720
3376
2878
2328
1921
1699
1506
1164
701
304
125
125
84
-236
-848
-1440
-1674
-1571
-1505
-1818
-2506
-3277
-3786
-3874
-3707
-3616
-3839
-4252
-4568
-4563
-4322
-4023
-3803
-3574
-3245
-2795
-2303
-1839
-1410
-1032
-701
-458
-286
-161
-35
32
-29
-239
-463
-604
-645
-672
-772
-941
-1110
-1157
-1106
-1031
-986
-927
-790
-590
-331
-41
289
643
1007
1360
1727
2172
2744
3317
3731
3910
4009
4188
4497
4803
4944
4863
4672
4517
4399
4221
3887
3468
3043
2704
2399
2047
1611
1177
833
571
323
62
-228
-547
-859
-1102
-1252
-1415
-1698
-2086
-2391
-2444
-2307
-2293
-2682
-3395
-4004
-4123
-3778
-3409
-3453
-3923
-4354
-4282
-3700
-3029
-2704
-2763
-2881
-2645
-1963
-1147
-657
-684
-997
-1198
-1042
-658
-372
-448
-813
-1154
-1238
-1106
-1014
-1119
-1387
-1610
-1628
-1437
-1196
-1059
-1016
-919
-646
-202
298
746
1108
1394
1670
2020
2482
2985
3408
3691
3885
4070
4295
4521
4681
4705
4595
4388
4136
3889
3697
3600
3536
3392
3060
2583
2106
1778
1605
1458
1185
789
408
175
84
-15
-220
-532
-793
-885
-824
-791
-940
-1183
-1310
-1176
-903
-747
-864
-1148
-1304
-1184
-915
-782
-919
-1206
-1408
-1380
-1217
-1111
-1207
-1402
-1519
-1453
-1317
-1275
-1357
-1483
-1546
-1579
-1667
-1909
-2260
-2564
-2686
-2658
-2649
-2768
-2964
-3089
-3042
-2844
-2564
-2276
-1991
-1696
-1346
-917
-437
-2
319
519
663
832
1073
1355
1584
1724
1795
1882
2015
2180
2317
2383
2385
2314
2167
1974
1827
1776
1754
1666
1461
1202
963
794
680
573
457
352
304
297
250
114
-45
-86
58
275
376
296
167
175
400
726
958
967
838
820
1086
1563
1966
2032
1751
1331
1035
944
930
787
401
-132
-599
-837
-936
-1118
-1489
-1905
-2158
-2209
-2202
-2301
-2528
-2775
-2891
-2853
-2764
-2743
-2808
-2853
-2787
-2592
-2374
-2217
-2071
-1800
-1365
-895
-548
-352
-183
108
575
1109
1511
1662
1623
1576
1639
1779
1874
1820
1631
1447
1367
1367
1320
1196
1084
1042
1034
960
806
611
436
317
245
219
244
309
366
352
287
263
376
619
881
1055
1121
1169
1279
1447
1588
1632
1584
1542
1572
1661
1713
1692
1632
1611
1624
1606
1509
1321
1104
870
621
311
-50
-397
-649
-822
-1068
-1509
-2082
-2541
-2747
-2782
-2863
-3108
-3447
-3707
-3738
-3589
-3410
-3333
-3317
-3239
-3019
-2688
-2307
-1950
-1699
-1568
-1460
-1220
-861
-499
-272
-175
-127
-31
140
297
337
243
118
68
80
75
-44
-262
-447
-463
-307
-143
-80
-121
-153
-103
35
214
385
563
789
1074
1346
1531
1620
1708
1886
2161
2443
2629
2696
2701
2739
2851
2999
3114
3152
3110
3017
2916
2866
2873
2899
2854
2682
2401
2104
1905
1827
1776
1600
1260
840
481
250
111
-57
-366
-818
-1304
-1684
-1897
-1995
-2101
-2301
-2566
-2764
-2803
-2708
-2620
-2611
-2635
-2577
-2389
-2148
-1996
-1994
-2031
-1932
-1659
-1364
-1205
-1211
-1274
-1292
-1215
-1058
-908
-836
-872
-976
-1122
-1284
-1430
-1545
-1624
-1701
-1752
-1730
-1629
-1508
-1428
-1342
-1185
-957
-707
-459
-166
175
511
748
865
922
1069
1390
1829
2189
2330
2294
2266
2388
2634
2869
2952
2866
2708
2627
2664
2734
2698
2521
2271
2056
1953
1958
1982
1910
1697
1427
1219
1111
1023
852
581
298
78
-89
-273
-500
-714
-849
-912
-1006
-1196
-1422
-1539
-1490
-1368
-1334
-1442
-1572
-1576
-1452
-1331
-1315
-1373
-1437
-1462
-1468
-1474
-1508
-1569
-1616
-1620
-1600
-1596
-1634
-1695
-1744
-1741
-1663
-1547
-1456
-1437
-1472
-1516
-1518
-1443
-1288
-1082
-881
-703
-518
-283
13
321
589
812
1039
1315
1622
1905
2122
2282
2406
2489
2521
2510
2490
2496
2541
2582
2545
2387
2170
2006
1959
1980
1969
1876
1705
1521
1349
1179
989
811
711
690
666
527
276
10
-168
-261
-334
-446
-597
-736
-826
-881
-986
-1181
-1415
-1560
-1553
-1444
-1348
-1347
-1428
-1498
-1484
-1386
-1277
-1213
-1217
-1264
-1313
-1320
-1265
-1173
-1087
-1045
-1050
-1091
-1159
-1254
-1355
-1434
-1470
-1466
-1450
-1454
-1489
-1520
-1507
-1413
-1264
-1078
-878
-672
-478
-314
-168
-1
215
459
684
869
1004
1076
1120
1216
1410
1639
1813
1912
1984
2064
2148
2208
2243
2268
2305
2338
2339
2256
2080
1863
1700
1650
1663
1649
1545
1361
1149
969
837
737
618
443
241
88
29
-10
-121
-303
-458
-511
-490
-455
-466
-542
-672
-827
-961
-1043
-1078
-1105
-1145
-1175
-1182
-1195
-1254
-1348
-1437
-1483
-1475
-1430
-1405
-1454
-1570
-1695
-1764
-1764
-1716
-1651
-1611
-1611
-1641
-1644
-1601
-1525
-1435
-1300
-1108
-914
-777
-688
-579
-418
-217
-13
179
346
507
706
961
1224
1425
1523
1549
1545
1555
1597
1655
1704
1737
1776
1805
1807
1780
1741
1696
1632
1557
1477
1402
1331
1255
1172
1088
1034
1025
1058
1072
1010
860
673
524
423
351
278
197
97
-15
-100
-163
-249
-431
-665
-838
-861
-759
-643
-599
-641
-727
-808
-878
-956
-1058
-1179
-1301
-1421
-1518
-1590
-1645
-1713
-1799
-1882
-1895
-1810
-1672
-1577
-1568
-1590
-1570
-1492
-1426
-1440
-1508
-1513
-1357
-1073
-808
-669
-639
-607
-483
-257
5
236
408
540
662
799
980
1194
1361
1406
1367
1350
1424
1536
1612
1630
1620
1628
1659
1694
1696
1673
1645
1621
1590
1557
1541
1522
1468
1357
1216
1079
982
933
910
868
764
614
471
375
309
229
148
114
164
245
274
209
100
18
2
59
139
191
156
55
-66
-169
-241
-277
-281
-287
-340
-434
-525
-601
-712
-894
-1107
-1290
-1416
-1523
-1656
-1812
-1941
-1980
-1951
-1908
-1894
-1875
-1805
-1674
-1524
-1412
-1359
-1335
-1284
-1169
-991
-795
-632
-532
-451
-339
-170
19
176
284
349
385
405
431
477
542
602
671
749
828
860
827
756
698
686
711
740
753
746
730
704
685
694
728
750
735
709
702
726
758
789
806
793
733
644
554
477
414
375
386
447
517
534
461
314
150
57
66
133
137
32
-124
-236
-262
-238
-207
-220
-296
-419
-555
-674
-774
-872
-1000
-1153
-1283
-1339
-1311
-1230
-1141
-1074
-1033
-982
-890
-782
-723
-737
-774
-732
-574
-355
-179
-89
-13
113
290
432
480
428
345
308
337
364
326
244
198
237
316
343
279
185
157
231
346
424
411
315
213
194
296
456
589
667
718
772
835
889
945
1012
1101
1207
1295
1358
1384
1393
1399
1392
1352
1248
1104
985
942
939
894
745
532
349
265
257
256
217
116
-27
-213
-431
-687
-976
-1249
-1446
-1538
-1564
-1581
-1635
-1745
-1880
-1974
-1982
-1912
-1808
-1697
-1597
-1530
-1509
-1504
-1465
-1376
-1266
-1146
-994
-798
-590
-401
-253
-156
-117
-91
-29
72
167
216
199
127
39
-8
7
71
145
199
207
178
152
164
186
173
127
85
88
125
145
98
9
-32
55
271
537
756
862
867
862
930
1068
1197
1259
1279
1318
1401
1500
1571
1586
1544
1474
1430
1431
1429
1345
1176
1016
942
929
884
767
595
394
181
-37
-251
-467
-681
-878
-1049
-1201
-1328
-1422
-1468
-1479
-1485
-1503
-1511
-1457
-1346
-1235
-1195
-1226
-1260
-1208
-1039
-806
-614
-526
-524
-511
-414
-254
-114
-63
-103
-180
-222
-194
-116
-62
-99
-214
-315
-319
-219
-113
-73
-95
-123
-123
-85
12
182
359
462
470
467
533
676
844
961
1011
1031
1074
1140
1192
1218
1241
1289
1346
1396
1445
1499
1511
1417
1238
1071
998
1001
995
912
741
541
399
348
316
228
95
-24
-104
-190
-288
-378
-464
-567
-694
-803
-872
-908
-949
-1024
-1138
-1257
-1316
-1274
-1158
-1041
-962
-900
-835
-767
-703
-641
-584
-559
-552
-538
-501
-480
-515
-626
-771
-863
-845
-759
-720
-795
-937
-1050
-1080
-1036
-960
-906
-912
-955
-959
-879
-745
-637
-592
-582
-541
-433
-274
-109
35
151
237
323
458
663
881
1019
1041
993
960
1000
1102
1219
1290
1300
1294
1324
1386
1414
1363
1265
1186
1156
1151
1124
1050
935
822
744
675
570
415
252
125
10
-144
-359
-560
-666
-673
-673
-743
-839
-847
-693
-442
-230
-156
-177
-173
-80
65
170
203
178
158
191
295
428
515
517
449
353
256
192
185
241
292
243
70
-154
-310
-376
-432
-543
-693
-809
-830
-754
-641
-570
-557
-536
-440
-298
-192
-155
-127
-68
-4
24
35
67
135
239
383
540
652
712
775
873
949
940
873
818
810
807
780
733
706
697
669
572
430
326
286
263
195
106
39
-12
-104
-259
-448
-641
-822
-971
-1052
-1061
-1043
-1060
-1152
-1299
-1444
-1501
-1437
-1283
-1114
-986
-914
-891
-886
-851
-772
-659
-545
-442
-350
-285
-255
-260
-261
-236
-184
-134
-123
-161
-223
-274
-291
-270
-230
-189
-170
-180
-235
-332
-447
-524
-517
-437
-335
-246
-168
-85
7
103
209
303
379
457
559
665
721
724
730
807
960
1150
1340
1491
1563
1540
1470
1422
1414
1416
1396
1355
1280
1167
1029
894
773
650
525
429
386
389
395
370
312
227
126
17
-76
-145
-194
-252
-320
-413
-518
-604
-643
-631
-600
-540
-447
-327
-240
-221
-245
-274
-285
-274
-224
-136
-51
-25
-72
-160
-246
-317
-355
-339
-261
-145
-58
-57
-140
-256
-341
-386
-407
-428
-486
-587
-705
-778
-785
-740
-678
-614
-549
-465
-355
-239
-146
-84
-25
57
179
322
441
487
460
426
447
539
630
658
608
533
493
489
475
404
298
197
107
-19
-198
-371
-448
-395
-285
-246
-342
-542
-735
-829
-791
-674
-576
-540
-537
-516
-481
-465
-471
-464
-409
-299
-162
-45
-2
-40
-105
-134
-85
30
172
284
340
366
386
408
436
492
562
601
586
551
533
511
455
351
218
71
-52
-118
-127
-124
-147
-202
-254
-267
-233
-173
-133
-135
-166
-172
-126
-18
135
299
416
444
412
388
419
502
612
724
802
814
762
677
606
569
558
552
535
527
534
543
511
429
352
342
398
425
354
201
46
-67
-131
-164
-190
-240
-344
-494
-631
-698
-684
-648
-659
-728
-810
-848
-823
-747
-672
-635
-647
-672
-683
-686
-702
-721
-700
-632
-529
-424
-317
-219
-133
-78
-48
-34
-10
26
49
33
-31
-125
-210
-250
-237
-205
-198
-221
-236
-222
-193
-183
-200
-219
-197
-139
-75
-44
-38
-32
-26
-27
-41
-51
-49
-6
102
270
455
596
645
627
615
660
739
803
841
875
901
899
861
809
766
751
765
799
828
820
750
617
471
359
305
296
292
250
161
64
-3
-10
21
36
-13
-123
-249
-355
-436
-477
-464
-407
-369
-390
-457
-541
-627
-692
-696
-629
-549
-529
-565
-613
-625
-601
-540
-451
-352
-258
-186
-149
-145
-146
-111
-45
8
16
-21
-102
-219
-329
-395
-416
-423
-425
-431
-462
-509
-550
-561
-547
-508
-442
-349
-225
-70
105
259
362
418
446
463
485
537
636
761
871
937
955
926
889
887
916
917
838
703
569
478
438
439
446
401
276
116
-9
-62
-54
-20
4
-28
-121
-227
-309
-353
-378
-389
-414
-472
-535
-559
-533
-505
-497
-513
-535
-525
-443
-311
-210
-212
-286
-327
-258
-84
116
269
355
410
474
549
602
604
572
540
506
457
380
275
145
-7
-147
-232
-257
-262
-306
-407
-539
-646
-679
-647
-599
-592
-637
-676
-659
-582
-477
-355
-222
-100
-5
82
177
263
318
352
389
439
490
506
459
345
206
107
71
104
173
247
287
253
163
72
42
73
119
120
64
-14
-62
-66
-53
-63
-114
-190
-268
-325
-369
-407
-454
-499
-520
-483
-394
-289
-224
-213
-201
-113
94
373
613
718
690
637
645
717
796
841
852
837
807
783
769
755
705
603
467
343
246
152
50
-69
-211
-383
-558
-690
-772
-810
-811
-766
-697
-643
-629
-634
-610
-539
-440
-352
-281
-224
-198
-219
-256
-256
-202
-137
-85
-26
60
153
224
271
309
334
325
262
154
43
-40
-79
-82
-80
-129
-242
-374
-465
-512
-555
-610
-661
-703
-714
-684
-616
-545
-491
-444
-390
-318
-248
-215
-239
-273
-238
-121
24
146
230
295
364
450
532
583
611
652
714
785
855
928
994
1018
991
929
877
835
801
760
715
648
525
359
201
112
90
80
24
-81
-196
-280
-328
-375
-437
-505
-536
-491
-381
-259
-154
-63
18
84
156
253
344
361
303
241
245
331
457
574
621
602
539
459
363
255
143
24
-90
-183
-246
-303
-378
-474
-559
-596
-577
-542
-530
-548
-577
-601
-601
-546
-436
-321
-271
-322
-450
-571
-598
-494
-299
-84
93
192
208
169
142
162
217
279
334
385
400
357
271
182
106
33
-41
-115
-206
-317
-407
-441
-439
-442
-450
-453
-474
-533
-607
-663
-705
-743
-762
-727
-643
-527
-398
-257
-135
-55
-2
67
165
264
332
362
366
376
427
526
632
674
631
546
485
459
445
437
449
475
473
417
310
186
80
6
-41
-93
-173
-272
-362
-435
-492
-531
-523
-445
-311
-166
-57
5
34
41
46
86
192
362
544
696
777
777
720
665
671
755
872
952
943
867
782
727
676
591
474
354
243
122
-12
-123
-162
-145
-144
-216
-350
-486
-589
-646
-642
-564
-451
-365
-357
-422
-518
-602
-638
-605
-513
-404
-329
-293
-267
-234
-199
-177
-167
-157
-144
-127
-93
-28
48
93
109
126
170
211
210
146
26
-131
-283
-375
-372
-307
-247
-248
-312
-400
-447
-411
-334
-289
-306
-337
-350
-364
-410
-462
-459
-384
-253
-113
-10
22
-3
-38
-26
50
186
351
494
578
605
623
648
655
621
585
574
577
561
521
477
424
374
347
344
316
225
67
-133
-342
-490
-531
-501
-485
-524
-582
-599
-543
-428
-282
-152
-64
-23
-11
12
74
174
281
352
343
256
136
71
109
219
319
351
324
297
311
353
376
351
283
176
52
-59
-125
-143
-133
-111
-93
-104
-154
-217
-254
-250
-230
-236
-283
-349
-388
-361
-278
-175
-94
-26
51
125
166
173
184
221
262
295
315
321
312
310
339
389
419
389
315
234
168
113
55
-11
-81
-135
-154
-147
-155
-198
-236
-215
-123
1
88
101
65
22
7
18
41
52
41
27
43
104
179
203
134
-2
-145
-220
-200
-88
48
110
69
-2
-18
5
-1
-73
-170
-231
-231
-176
-97
-20
23
6
-59
-103
-72
8
56
17
-104
-243
-320
-304
-231
-171
-154
-197
-296
-420
-501
-494
-409
-299
-225
-200
-205
-217
-236
-243
-221
-176
-144
-138
-139
-122
-92
-65
-48
-38
-19
22
81
129
144
112
69
43
53
81
108
137
168
182
168
153
175
233
278
263
195
128
112
146
193
207
171
101
41
31
74
142
190
193
163
134
115
