-67
-117
-120
-90
-38
26
78
94
73
36
14
21
47
84
144
246
377
477
489
409
304
239
241
276
294
275
234
188
149
121
105
105
115
124
114
81
55
55
101
177
258
310
324
311
273
209
141
114
122
114
50
-47
-137
-202
-254
-266
-208
-95
6
46
37
-9
-82
-173
-250
-286
-279
-272
-299
-375
-461
-499
-436
-296
-171
-141
-205
-299
-363
-387
-401
-437
-482
-508
-504
-503
-519
-525
-501
-458
-410
-342
-240
-123
-21
32
23
-37
-101
-117
-68
35
148
208
191
109
22
-35
-45
-13
50
128
188
203
156
83
29
19
49
81
84
44
-12
-34
-3
65
147
234
318
389
441
471
466
422
365
341
363
386
354
267
173
111
76
56
58
74
84
68
26
-32
-81
-94
-62
-10
36
53
40
7
-9
16
83
175
261
304
276
200
138
141
189
228
211
145
65
11
-30
-79
-139
-186
-192
-162
-114
-86
-96
-130
-141
-88
19
129
213
287
365
417
404
345
299
310
356
392
386
331
217
52
-118
-240
-295
-305
-287
-245
-182
-133
-124
-151
-179
-193
-185
-155
-106
-57
-33
-42
-80
-117
-119
-82
-34
3
20
20
1
-22
-34
-34
-17
6
18
15
-5
-53
-120
-174
-185
-156
-110
-45
35
112
161
162
119
57
10
-16
-49
-117
-215
-306
-350
-362
-398
-480
-556
-578
-544
-498
-455
-411
-379
-383
-422
-470
-506
-527
-537
-520
-462
-377
-290
-216
-133
-28
71
126
136
138
139
130
106
92
98
108
101
67
22
-11
-9
16
36
45
48
49
47
76
150
239
282
288
285
304
343
406
482
556
613
634
620
577
523
455
388
332
281
214
145
105
93
83
71
79
94
94
68
41
32
61
120
178
201
196
199
216
229
231
235
244
250
262
287
315
340
352
326
256
169
113
81
53
23
-3
-22
-34
-40
-76
-136
-196
-223
-239
-266
-282
-272
-237
-203
-174
-170
-207
-269
-307
-315
-309
-322
-354
-402
-452
-479
-461
-397
-330
-305
-312
-308
-262
-189
-122
-85
-76
-79
-83
-79
-81
-96
-119
-132
-122
-101
-98
-131
-172
-181
-143
-87
-44
-7
40
97
138
142
105
49
-3
-32
-30
-1
35
51
30
-17
-42
2
129
280
381
408
386
325
223
94
-18
-89
-133
-179
-231
-291
-359
-423
-448
-429
-400
-389
-374
-310
-200
-96
-41
-17
32
119
206
269
321
377
425
448
440
408
384
387
406
388
324
239
181
146
116
80
40
20
11
-6
-50
-105
-145
-130
-58
40
112
142
181
273
406
505
539
517
500
518
564
597
563
445
262
80
-38
-84
-127
-233
-392
-527
-583
-578
-555
-533
-495
-439
-375
-320
-282
-251
-211
-145
-64
-7
-3
-44
-93
-128
-131
-116
-101
-115
-144
-158
-145
-134
-140
-154
-156
-156
-167
-177
-179
-183
-197
-202
-179
-140
-107
-71
-34
-4
11
38
110
212
306
382
455
533
586
586
523
434
364
341
351
347
309
250
211
203
200
171
115
56
20
13
30
48
54
38
5
-39
-75
-81
-42
20
66
59
-5
-106
-223
-330
-413
-461
-491
-527
-584
-641
-663
-642
-601
-584
-602
-637
-654
-630
-575
-519
-491
-494
-486
-440
-346
-216
-70
64
152
186
210
265
356
440
480
484
482
498
524
553
564
549
502
442
393
376
383
387
390
407
452
501
539
551
531
478
400
323
275
260
246
191
107
47
44
69
95
117
130
120
92
50
-18
-110
-186
-209
-191
-164
-158
-181
-216
-240
-247
-257
-285
-343
-424
-520
-587
-605
-582
-538
-481
-399
-298
-201
-147
-160
-222
-286
-302
-277
-232
-206
-196
-180
-153
-122
-106
-87
-70
-61
-66
-67
-56
-39
-25
-9
18
39
53
69
100
143
194
263
351
448
524
544
497
399
294
210
177
202
255
295
279
220
140
66
13
-3
30
102
184
240
255
235
188
107
10
-47
-33
27
54
10
-78
-172
-250
-300
-295
-248
-213
-223
-254
-268
-272
-294
-343
-384
-387
-341
-281
-242
-245
-268
-260
-184
-77
-8
5
-15
-37
-69
-99
-107
-92
-63
-30
13
58
87
98
114
177
285
408
497
523
475
373
269
220
259
360
461
509
497
436
334
202
104
93
166
261
311
284
186
77
7
-15
-46
-127
-234
-299
-296
-274
-299
-375
-438
-444
-404
-360
-329
-310
-274
-192
-63
57
109
93
54
26
7
-12
-34
-66
-117
-183
-255
-317
-376
-417
-434
-426
-402
-371
-334
-302
-292
-306
-318
-296
-227
-121
-8
90
163
187
152
71
-11
-50
-34
46
183
334
383
246
9
-110
22
324
603
706
610
451
421
597
837
925
801
598
485
505
550
467
206
-119
-309
-266
-78
63
27
-154
-354
-448
-411
-313
-261
-292
-358
-383
-322
-164
25
157
175
131
111
165
293
461
618
706
715
676
640
626
602
504
309
84
-65
-116
-147
-250
-427
-599
-705
-741
-755
-789
-838
-856
-795
-659
-488
-325
-170
-21
116
197
203
170
140
118
75
30
13
11
1
-18
-12
6
5
-10
-8
21
51
47
2
-77
-170
-240
-269
-271
-284
-320
-373
-437
-524
-618
-663
-597
-441
-274
-165
-129
-123
-132
-153
-200
-233
-216
-147
-65
-15
-6
-26
-38
-25
15
70
131
161
143
88
37
8
-23
-73
-142
-192
-203
-188
-189
-218
-242
-224
-161
-88
-34
-15
-24
-48
-52
-10
73
176
276
378
497
645
805
934
1019
1082
1144
1180
1146
1049
938
851
787
727
674
627
589
553
531
534
558
564
517
427
339
272
187
53
-97
-200
-242
-261
-287
-317
-347
-397
-485
-595
-663
-656
-588
-506
-449
-424
-418
-416
-427
-452
-480
-494
-502
-516
-527
-531
-521
-500
-451
-360
-230
-83
37
78
27
-71
-156
-201
-212
-192
-151
-127
-156
-233
-327
-411
-498
-582
-622
-567
-408
-209
-26
114
223
332
446
540
558
485
369
288
303
416
568
685
731
719
679
607
505
386
260
138
21
-77
-166
-255
-345
-422
-467
-457
-383
-281
-222
-232
-266
-285
-298
-299
-247
-121
29
131
147
97
26
-28
-62
-105
-173
-234
-242
-194
-129
-84
-81
-110
-161
-194
-189
-141
-84
-38
7
66
130
171
191
210
234
251
255
279
346
430
482
468
419
372
352
356
349
286
134
-72
-271
-423
-538
-638
-732
-828
-906
-913
-803
-615
-431
-284
-143
30
251
530
844
1117
1277
1332
1355
1377
1376
1328
1252
1172
1096
1020
941
878
840
824
806
775
728
678
662
714
824
929
961
882
698
467
265
134
18
-210
-622
-1156
-1659
-2039
-2313
-2577
-2926
-3355
-3725
-3818
-3524
-2973
-2414
-2021
-1753
-1490
-1144
-748
-440
-361
-478
-578
-466
-187
32
42
-111
-276
-337
-285
-207
-221
-361
-526
-575
-471
-316
-228
-228
-243
-190
-30
198
410
558
690
903
1225
1601
1932
2188
2412
2684
3032
3391
3677
3866
4009
4170
4360
4537
4627
4568
4348
4004
3582
3127
2652
2133
1509
751
-87
-894
-1609
-2261
-2927
-3615
-4241
-4678
-4844
-4752
-4497
-4224
-3963
-3619
-3081
-2402
-1794
-1463
-1424
-1511
-1511
-1347
-1105
-952
-949
-999
-934
-702
-424
-287
-364
-559
-685
-628
-433
-274
-288
-455
-621
-660
-583
-531
-639
-900
-1170
-1267
-1137
-880
-654
-508
-361
-85
346
845
1275
1597
1896
2312
2901
3561
4128
4499
4724
4922
5173
5432
5570
5478
5144
4648
4121
3656
3226
2677
1863
811
-304
-1295
-2096
-2782
-3484
-4276
-5067
-5643
-5849
-5705
-5399
-5099
-4871
-4622
-4211
-3589
-2881
-2289
-1920
-1701
-1463
-1089
-627
-229
4
108
206
383
617
780
757
551
297
135
94
68
-84
-394
-750
-983
-1042
-1030
-1097
-1278
-1469
-1525
-1386
-1107
-825
-620
-433
-118
399
1050
1692
2241
2713
3194
3754
4372
4960
5439
5824
6164
6477
6682
6672
6386
5901
5359
4864
4396
3825
3004
1893
624
-579
-1587
-2459
-3352
-4322
-5270
-5977
-6300
-6262
-6051
-5837
-5635
-5342
-4874
-4264
-3622
-3073
-2678
-2385
-2062
-1615
-1099
-671
-437
-343
-237
-9
303
547
579
397
151
-9
-31
3
-32
-225
-547
-876
-1124
-1308
-1517
-1773
-2000
-2079
-1947
-1647
-1287
-948
-618
-203
361
1040
1730
2354
2910
3447
4008
4592
5146
5612
5975
6272
6526
6687
6675
6437
6008
5477
4920
4343
3665
2786
1665
399
-844
-1946
-2924
-3877
-4840
-5741
-6433
-6810
-6874
-6738
-6513
-6229
-5850
-5343
-4722
-4084
-3566
-3239
-3010
-2706
-2250
-1736
-1284
-927
-610
-277
93
437
637
601
380
142
23
8
-44
-271
-697
-1177
-1502
-1564
-1421
-1255
-1190
-1186
-1064
-685
-83
568
1111
1525
1914
2399
3006
3642
4161
4499
4741
5054
5528
6096
6602
6940
7116
7211
7274
7263
7065
6598
5916
5175
4465
3713
2773
1593
271
-1035
-2217
-3248
-4190
-5124
-6040
-6776
-7143
-7099
-6794
-6438
-6132
-5826
-5427
-4904
-4345
-3874
-3583
-3406
-3179
-2777
-2247
-1753
-1415
-1201
-982
-664
-270
67
210
129
-37
-115
-52
20
-79
-401
-817
-1142
-1305
-1382
-1489
-1658
-1816
-1855
-1689
-1313
-796
-267
203
659
1220
1937
2715
3413
3980
4468
4964
5500
6033
6478
6789
6991
7127
7201
7165
6959
6560
6000
5354
4663
3878
2884
1640
235
-1144
-2354
-3383
-4327
-5266
-6183
-6962
-7478
-7649
-7515
-7199
-6829
-6424
-5938
-5342
-4693
-4105
-3644
-3293
-2951
-2517
-1963
-1385
-916
-599
-346
-74
212
436
548
527
410
263
166
119
64
-76
-316
-616
-900
-1122
-1290
-1447
-1589
-1634
-1495
-1155
-683
-152
392
928
1472
2066
2712
3366
3967
4517
5063
5648
6232
6749
7152
7463
7737
7983
8145
8120
7858
7391
6814
6184
5475
4599
3505
2228
862
-497
-1784
-2992
-4138
-5238
-6256
-7091
-7599
-7714
-7501
-7137
-6767
-6393
-5967
-5488
-5012
-4570
-4161
-3788
-3418
-2981
-2443
-1874
-1380
-1024
-820
-743
-746
-773
-836
-970
-1155
-1296
-1343
-1362
-1480
-1743
-2103
-2467
-2770
-2982
-3118
-3191
-3183
-3022
-2647
-2068
-1385
-722
-132
428
1037
1733
2485
3230
3925
4589
5268
5968
6643
7219
7667
8015
8320
8602
8802
8839
8655
8275
7761
7169
6501
5689
4662
3420
2046
637
-747
-2072
-3333
-4523
-5609
-6523
-7187
-7574
-7710
-7676
-7543
-7342
-7042
-6612
-6081
-5523
-5001
-4529
-4081
-3621
-3137
-2653
-2219
-1900
-1716
-1636
-1591
-1543
-1485
-1421
-1355
-1299
-1283
-1325
-1442
-1638
-1880
-2112
-2290
-2417
-2501
-2523
-2446
-2222
-1844
-1329
-752
-188
313
783
1299
1923
2646
3416
4197
4989
5796
6588
7304
7892
8336
8648
8858
8991
9051
8984
8735
8300
7733
7097
6404
5609
4654
3514
2228
869
-493
-1808
-3039
-4175
-5215
-6145
-6912
-7456
-7742
-7804
-7726
-7587
-7389
-7069
-6594
-6007
-5412
-4911
-4518
-4184
-3831
-3429
-3004
-2626
-2362
-2232
-2171
-2092
-1959
-1810
-1706
-1670
-1669
-1653
-1614
-1619
-1743
-2004
-2294
-2474
-2467
-2312
-2114
-1944
-1800
-1600
-1275
-815
-301
211
747
1391
2192
3107
4025
4865
5631
6383
7134
7821
8370
8742
8958
9078
9171
9233
9168
8878
8364
7700
6956
6154
5282
4301
3165
1887
549
-738
-1930
-3050
-4143
-5192
-6126
-6870
-7390
-7710
-7868
-7907
-7849
-7680
-7362
-6884
-6302
-5707
-5169
-4680
-4211
-3742
-3272
-2813
-2415
-2156
-2040
-2006
-1975
-1941
-1919
-1925
-1946
-1980
-2015
-2057
-2125
-2241
-2380
-2466
-2457
-2355
-2202
-2005
-1742
-1399
-977
-497
33
595
1197
1862
2594
3367
4148
4937
5739
6528
7266
7924
8475
8887
9140
9260
9276
9189
8973
8614
8115
7505
6836
6152
5432
4593
3537
2248
823
-588
-1873
-3036
-4156
-5293
-6398
-7343
-7996
-8328
-8403
-8349
-8246
-8103
-7870
-7491
-6960
-6321
-5669
-5079
-4572
-4124
-3734
-3407
-3132
-2867
-2607
-2382
-2239
-2174
-2141
-2096
-2043
-2028
-2083
-2185
-2275
-2285
-2189
-2021
-1866
-1792
-1760
-1669
-1431
-1061
-622
-173
302
848
1478
2153
2836
3545
4307
5103
5883
6604
7269
7881
8436
8908
9272
9503
9592
9551
9420
9246
9019
8664
8107
7366
6553
5736
4843
3737
2398
974
-351
-1525
-2646
-3835
-5109
-6325
-7273
-7850
-8159
-8404
-8694
-8907
-8816
-8316
-7574
-6911
-6508
-6249
-5861
-5200
-4422
-3843
-3629
-3639
-3559
-3217
-2737
-2420
-2418
-2580
-2622
-2418
-2135
-2039
-2226
-2513
-2610
-2427
-2143
-1986
-1965
-1889
-1602
-1140
-658
-262
95
551
1193
1958
2702
3344
3946
4621
5400
6205
6931
7547
8089
8597
9043
9346
9443
9346
9138
8896
8634
8298
7839
7259
6608
5923
5173
4260
3107
1754
373
-862
-1952
-3043
-4244
-5461
-6486
-7212
-7723
-8190
-8672
-9049
-9116
-8820
-8333
-7898
-7575
-7217
-6662
-5921
-5190
-4673
-4430
-4315
-4095
-3666
-3147
-2767
-2610
-2551
-2417
-2166
-1931
-1835
-1891
-1972
-1939
-1742
-1483
-1298
-1214
-1120
-911
-592
-215
185
610
1055
1535
2063
2624
3194
3784
4417
5071
5711
6338
6972
7586
8110
8511
8808
9047
9230
9296
9183
8910
8584
8278
7957
7529
6975
6352
5681
4882
3847
2600
1313
161
-869
-1954
-3200
-4497
-5613
-6445
-7110
-7780
-8465
-8979
-9148
-8986
-8659
-8342
-8076
-7782
-7358
-6800
-6205
-5687
-5297
-4998
-4699
-4293
-3777
-3291
-3009
-2908
-2807
-2550
-2190
-1893
-1737
-1652
-1502
-1228
-902
-659
-562
-514
-378
-126
160
414
661
979
1433
2009
2619
3150
3597
4063
4638
5300
5973
6592
7123
7539
7858
8133
8408
8648
8773
8740
8588
8405
8225
7954
7459
6727
5944
5269
4631
3795
2657
1386
218
-788
-1782
-2921
-4208
-5477
-6535
-7314
-7908
-8443
-8940
-9303
-9419
-9246
-8849
-8393
-8021
-7712
-7306
-6700
-5994
-5392
-4999
-4732
-4410
-3907
-3274
-2719
-2398
-2230
-1992
-1587
-1158
-878
-768
-698
-533
-232
110
354
484
626
885
1203
1476
1720
2022
2437
2938
3453
3902
4245
4549
4928
5396
5850
6217
6561
6962
7411
7823
8123
8291
8356
8388
8399
8324
8087
7694
7216
6701
6144
5543
4873
4097
3187
2191
1176
174
-816
-1824
-2880
-4016
-5169
-6211
-7073
-7784
-8417
-8975
-9393
-9578
-9494
-9207
-8869
-8584
-8312
-7936
-7402
-6779
-6187
-5695
-5280
-4835
-4282
-3649
-3066
-2656
-2378
-2063
-1599
-1054
-592
-301
-143
-21
163
446
787
1098
1322
1495
1690
1986
2388
2834
3216
3508
3774
4081
4437
4798
5133
5437
5730
6067
6469
6893
7255
7525
7733
7917
8058
8116
8049
7883
7659
7415
7116
6711
6145
5451
4727
4035
3310
2410
1345
238
-775
-1728
-2717
-3818
-4976
-6042
-6908
-7596
-8217
-8808
-9303
-9599
-9649
-9495
-9237
-8973
-8705
-8330
-7762
-7053
-6370
-5827
-5391
-4934
-4359
-3681
-3037
-2569
-2243
-1877
-1332
-697
-134
305
704
1128
1560
1939
2223
2414
2557
2720
2941
3208
3487
3740
3936
4070
4171
4257
4334
4432
4592
4814
5067
5328
5611
5907
6183
6416
6604
6749
6873
6986
7060
7026
6873
6690
6551
6388
6022
5412
4714
4083
3458
2664
1624
466
-647
-1631
-2556
-3559
-4699
-5877
-6920
-7767
-8469
-9090
-9628
-10047
-10273
-10225
-9908
-9460
-9014
-8560
-8008
-7331
-6588
-5841
-5128
-4457
-3800
-3108
-2384
-1717
-1150
-613
-21
606
1179
1691
2189
2677
3067
3330
3520
3707
3875
3965
3955
3891
3890
4030
4271
4449
4447
4311
4217
4307
4560
4808
4935
4984
5126
5432
5805
6087
6217
6275
6388
6602
6824
6880
6691
6382
6157
6062
5882
5379
4572
3736
3056
2419
1570
454
-739
-1801
-2717
-3632
-4692
-5893
-7060
-7963
-8528
-8895
-9270
-9698
-10022
-10026
-9653
-9076
-8554
-8170
-7761
-7130
-6273
-5372
-4601
-3998
-3484
-2916
-2201
-1368
-577
50
554
1061
1651
2286
2887
3364
3682
3873
4022
4160
4235
4203
4101
4001
3951
3942
3917
3824
3649
3440
3268
3194
3224
3291
3304
3277
3358
3659
4100
4479
4685
4784
4926
5183
5519
5799
5913
5868
5802
5815
5786
5472
4795
3997
3337
2761
1976
856
-414
-1580
-2583
-3565
-4670
-5909
-7102
-8057
-8717
-9225
-9709
-10146
-10396
-10352
-9992
-9406
-8765
-8209
-7701
-7049
-6146
-5123
-4222
-3549
-2986
-2328
-1460
-497
333
923
1414
2017
2724
3340
3722
3936
4106
4263
4362
4388
4356
4271
4136
3975
3816
3661
3499
3328
3157
3023
2938
2898
2898
2951
3070
3229
3427
3714
4131
4636
5127
5522
5824
6077
6325
6535
6617
6537
6383
6284
6205
5940
5334
4514
3754
3143
2437
1374
15
-1300
-2326
-3186
-4183
-5467
-6819
-7886
-8510
-8871
-9265
-9778
-10229
-10357
-10060
-9485
-8878
-8387
-7927
-7289
-6366
-5273
-4255
-3453
-2812
-2139
-1280
-272
661
1308
1725
2185
2863
3609
4132
4331
4368
4416
4498
4541
4474
4309
4096
3894
3685
3404
3049
2704
2459
2298
2133
1911
1687
1589
1680
1880
2075
2271
2584
3044
3569
4036
4408
4728
5082
5509
5907
6115
6080
5964
5891
5772
5346
4542
3605
2828
2192
1352
68
-1489
-2854
-3795
-4558
-5571
-6906
-8185
-9002
-9342
-9528
-9864
-10311
-10552
-10280
-9515
-8584
-7808
-7209
-6572
-5708
-4627
-3490
-2472
-1688
-1052
-317
689
1812
2684
3114
3283
3582
4191
4910
5328
5239
4840
4511
4424
4407
4206
3752
3230
2871
2730
2639
2392
1971
1557
1356
1418
1636
1870
2042
2177
2372
2748
3339
4021
4596
4952
5163
5398
5761
6167
6410
6355
6106
5932
5933
5875
5395
4460
3436
2722
2242
1527
217
-1468
-2898
-3690
-4175
-5053
-6599
-8299
-9368
-9529
-9246
-9211
-9666
-10190
-10106
-9183
-7887
-6927
-6535
-6297
-5639
-4404
-2948
-1785
-1168
-890
-454
458
1648
2583
2930
2875
2925
3433
4265
4893
4890
4352
3806
3662
3810
3781
3277
2475
1818
1571
1586
1534
1254
864
578
507
632
868
1126
1350
1554
1855
2374
3114
3910
4520
4814
4901
5039
5401
5855
6106
5990
5668
5401
5239
4960
4368
3523
2630
1785
825
-410
-1852
-3154
-4088
-4819
-5747
-7017
-8316
-9188
-9442
-9325
-9253
-9437
-9618
-9292
-8267
-6918
-5832
-5220
-4800
-4134
-3064
-1817
-802
-256
-4
364
1097
2048
2852
3238
3234
3131
3249
3648
4042
4089
3749
3298
3015
2934
2863
2610
2156
1662
1307
1141
1093
1085
1085
1085
1088
1145
1334
1682
2134
2582
2956
3302
3754
4377
5019
5441
5593
5673
5901
6279
6618
6712
6464
5910
5176
4396
3686
3057
2425
1550
231
-1433
-2989
-3978
-4454
-4973
-6064
-7632
-9013
-9583
-9320
-8825
-8717
-9087
-9391
-9013
-7864
-6453
-5380
-4808
-4449
-3897
-3002
-1914
-930
-255
116
363
705
1250
1940
2570
2912
2889
2677
2580
2767
3113
3304
3120
2620
2107
1868
1950
2107
2044
1651
1109
715
670
924
1214
1306
1220
1219
1528
2093
2693
3162
3521
3874
4306
4797
5243
5562
5765
5928
6089
6231
6311
6238
5872
5147
4213
3348
2707
2171
1419
182
-1507
-3198
-4355
-4874
-5236
-6023
-7320
-8651
-9417
-9381
-8787
-8176
-7907
-7860
-7594
-6833
-5718
-4571
-3614
-2890
-2354
-1882
-1335
-679
30
698
1242
1557
1649
1692
1873
2203
2491
2574
2421
2175
2021
2031
2085
1978
1662
1298
1070
984
911
771
611
522
553
692
888
1089
1307
1601
2005
2465
2897
3293
3740
4280
4840
5251
5453
5571
5805
6187
6517
6590
6391
6035
5568
4924
4081
3143
2276
1505
654
-558
-2178
-3844
-5025
-5539
-5763
-6259
-7256
-8430
-9212
-9232
-8600
-7824
-7342
-7175
-6956
-6385
-5459
-4396
-3383
-2497
-1750
-1124
-617
-199
214
723
1281
1672
1727
1534
1370
1412
1600
1723
1672
1528
1430
1384
1253
972
647
489
568
734
744
529
303
321
630
1006
1241
1330
1458
1810
2378
2976
3420
3762
4219
4890
5596
6053
6184
6200
6374
6744
7089
7128
6800
6244
5607
4901
4065
3105
2113
1173
226
-907
-2299
-3717
-4776
-5331
-5656
-6196
-7213
-8506
-9486
-9500
-8407
-6788
-5534
-5146
-5405
-5676
-5368
-4308
-2774
-1330
-459
-282
-531
-736
-490
279
1194
1664
1382
581
-171
-412
-54
618
1201
1436
1289
860
270
-279
-558
-427
4
436
617
558
527
782
1285
1716
1810
1640
1552
1857
2577
3489
4316
4927
5332
5574
5681
5689
5701
5858
6231
6717
7078
7134
6838
6266
5483
4574
3608
2646
1709
784
-195
-1334
-2642
-3997
-5192
-6158
-6926
-7598
-8236
-8809
-9164
-9108
-8646
-7976
-7348
-6823
-6312
-5676
-4844
-3879
-2949
-2212
-1674
-1238
-806
-368
45
381
574
621
594
614
737
913
996
876
617
419
417
512
503
306
55
-58
49
286
504
664
841
1121
1467
1781
2007
2206
2492
2949
3557
4190
4755
5261
5772
6269
6638
6808
6840
6893
7085
7402
7681
7713
7396
6768
5934
4998
4031
3061
2054
968
-246
-1562
-2903
-4131
-5176
-6060
-6823
-7484
-8042
-8490
-8731
-8638
-8205
-7576
-6925
-6293
-5650
-4936
-4158
-3393
-2752
-2279
-1909
-1554
-1177
-806
-481
-236
-103
-82
-142
-193
-156
-27
76
16
-207
-397
-370
-140
75
74
-147
-401
-468
-299
0
287
533
777
1022
1234
1450
1767
2243
2800
3307
3752
4237
4881
5613
6216
6495
6464
6340
6361
6616
6988
7279
7321
7043
6419
5479
4328
3144
2051
1033
-43
-1288
-2649
-3937
-4962
-5725
-6386
-7079
-7799
-8411
-8768
-8786
-8491
-7970
-7306
-6515
-5653
-4830
-4135
-3569
-3075
-2626
-2186
-1731
-1263
-839
-487
-197
44
232
363
449
478
451
386
304
226
184
250
444
677
812
786
652
519
506
657
929
1231
1518
1773
1986
2175
2407
2736
3123
3491
3811
4156
4637
5304
6053
6669
6998
7057
7001
6975
7037
7150
7224
7139
6798
6173
5316
4333
3283
2171
980
-295
-1622
-2915
-4055
-4988
-5774
-6521
-7282
-8012
-8619
-8988
-9039
-8774
-8281
-7638
-6878
-6024
-5124
-4268
-3539
-2986
-2592
-2277
-1951
-1559
-1098
-616
-199
69
173
165
108
43
-8
-35
-48
-54
-8
146
377
557
560
370
104
-84
-79
131
475
878
1262
1560
1716
1789
1944
2314
2861
3404
3817
4128
4472
4943
5517
6059
6437
6624
6667
6634
6589
6619
6741
6815
6603
5962
4959
3777
2570
1392
247
-892
-2025
-3123
-4130
-5053
-5950
-6842
-7684
-8393
-8870
-8993
-8740
-8215
-7610
-7019
-6436
-5828
-5184
-4507
-3782
-2997
-2166
-1380
-773
-419
-248
-107
83
300
488
638
789
971
1176
1281
1162
832
527
474
691
1005
1244
1359
1369
1297
1156
991
920
1072
1416
1753
1911
1972
2171
2639
3254
3764
4027
4141
4346
4809
5466
6077
6451
6591
6623
6630
6610
6550
6485
6392
6158
5652
4865
3875
2769
1601
402
-816
-2066
-3340
-4583
-5706
-6636
-7343
-7883
-8345
-8777
-9132
-9321
-9270
-8928
-8296
-7461
-6573
-5722
-4904
-4103
-3352
-2708
-2210
-1872
-1633
-1340
-860
-238
342
720
855
822
759
781
871
902
800
632
536
567
702
860
989
1063
1069
993
880
852
1018
1333
1635
1820
1953
2193
2620
3156
3613
3888
4070
4360
4880
5535
6101
6428
6559
6663
6836
7045
7195
7218
7079
6758
6254
5587
4787
3878
2869
1750
527
-759
-2054
-3308
-4504
-5605
-6567
-7342
-7945
-8429
-8836
-9149
-9307
-9226
-8845
-8170
-7285
-6319
-5367
-4489
-3697
-3014
-2467
-2063
-1727
-1342
-836
-238
341
808
1112
1277
1405
1583
1803
1946
1938
1813
1664
1546
1459
1409
1393
1373
1267
1035
746
549
567
776
1032
1183
1249
1387
1737
2255
2763
3131
3397
3710
4180
4772
5328
5697
5873
5995
6196
6489
6777
6939
6900
6654
6223
5586
4703
3612
2444
1305
184
-982
-2219
-3505
-4768
-5925
-6897
-7657
-8219
-8654
-9045
-9417
-9671
-9655
-9284
-8624
-7818
-6985
-6173
-5351
-4504
-3663
-2901
-2248
-1677
-1158
-662
-166
344
852
1328
1762
2147
2438
2564
2520
2388
2273
2196
2103
1950
1758
1590
1462
1341
1168
942
726
618
651
778
915
1038
1212
1508
1913
2316
2654
2985
3440
4059
4728
5293
5689
5984
6259
6551
6833
7082
7249
7299
7213
7001
6625
6007
5124
4045
2885
1681
437
-858
-2156
-3404
-4581
-5690
-6713
-7577
-8240
-8730
-9132
-9458
-9625
-9492
-9005
-8262
-7455
-6698
-5937
-5078
-4127
-3216
-2444
-1803
-1214
-615
28
709
1382
1993
2505
2896
3128
3191
3141
3049
2952
2835
2693
2515
2291
2015
1704
1384
1057
723
388
77
-176
-349
-413
-338
-112
223
583
896
1138
1370
1702
2216
2869
3530
4105
4586
5026
5467
5906
6284
6523
6583
6497
6323
6087
5752
5262
4567
3652
2537
1274
-83
-1471
-2846
-4164
-5389
-6476
-7401
-8158
-8763
-9237
-9590
-9802
-9817
-9611
-9190
-8584
-7809
-6891
-5864
-4800
-3775
-2853
-2028
-1227
-404
406
1120
1738
2335
2979
3608
4075
4273
4247
4113
3940
3743
3517
3268
2995
2701
2352
1891
1319
730
224
-175
-478
-677
-759
-734
-611
-413
-176
83
372
721
1151
1686
2328
3036
3712
4292
4780
5227
5658
6045
6347
6544
6662
6724
6714
6537
6088
5337
4388
3388
2418
1410
268
-1029
-2415
-3777
-5016
-6067
-6945
-7679
-8293
-8796
-9199
-9471
-9519
-9311
-8906
-8378
-7720
-6882
-5845
-4672
-3482
-2401
-1462
-590
297
1192
2019
2750
3407
4021
4558
4950
5126
5063
4817
4488
4145
3771
3329
2817
2258
1671
1069
496
-22
-490
-931
-1329
-1620
-1720
-1625
-1416
-1200
-1001
-760
-405
113
766
1491
2201
2831
3352
3804
4261
4773
5295
5717
5965
6044
6043
6019
5953
5739
5296
4616
3768
2835
1866
872
-173
-1294
-2492
-3715
-4893
-5974
-6938
-7751
-8406
-8919
-9312
-9563
-9639
-9541
-9273
-8798
-8064
-7094
-5979
-4799
-3625
-2519
-1533
-669
111
863
1655
2504
3351
4092
4679
5119
5420
5562
5530
5326
4981
4535
4022
3463
2870
2265
1642
993
296
-410
-1033
-1479
-1709
-1754
-1680
-1548
-1383
-1166
-866
-484
-31
493
1081
1689
2274
2837
3438
4134
4901
5620
6151
6455
6597
6673
6737
6785
6760
6538
6030
5233
4242
3146
2000
834
-344
-1564
-2851
-4168
-5428
-6559
-7527
-8322
-8968
-9508
-9961
-10273
-10345
-10100
-9529
-8692
-7684
-6589
-5456
-4293
-3098
-1877
-664
495
1556
2498
3315
4015
4626
5144
5537
5759
5813
5734
5549
5237
4759
4122
3401
2675
1958
1202
364
-493
-1232
-1750
-2068
-2294
-2487
-2609
-2575
-2362
-2024
-1630
-1185
-653
-40
593
1187
1774
2442
3215
4029
4786
5427
5953
6382
6727
6979
7104
7091
6935
6654
6236
5647
4871
3929
2874
1736
536
-740
-2095
-3479
-4785
-5941
-6948
-7843
-8657
-9384
-9988
-10384
-10500
-10302
-9797
-9004
-7989
-6865
-5717
-4563
-3374
-2152
-922
278
1425
2509
3533
4488
5318
5940
6292
6398
6329
6132
5815
5382
4848
4216
3460
2566
1577
575
-360
-1171
-1839
-2378
-2817
-3157
-3379
-3431
-3299
-3023
-2675
-2295
-1851
-1308
-673
12
729
1492
2296
3101
3862
4576
5271
5952
6558
7000
7226
7260
7179
7058
6901
6633
6155
5426
4498
3449
2332
1168
-47
-1306
-2611
-3923
-5203
-6401
-7505
-8478
-9278
-9884
-10310
-10566
-10596
-10334
-9754
-8925
-7915
-6766
-5490
-4105
-2680
-1307
-55
1111
2252
3384
4433
5328
6039
6543
6836
6933
6866
6602
6118
5438
4621
3695
2681
1641
651
-246
-1053
-1802
-2497
-3087
-3472
-3625
-3619
-3539
-3384
-3110
-2701
-2175
-1562
-903
-222
501
1279
2087
2873
3640
4431
5268
6114
6874
7461
7856
8108
8248
8251
8062
7686
7160
6497
5653
4587
3337
2016
716
-545
-1829
-3174
-4548
-5875
-7076
-8122
-9013
-9745
-10298
-10631
-10705
-10498
-10015
-9287
-8361
-7293
-6112
-4812
-3406
-1969
-594
685
1893
3039
4103
5038
5817
6405
6775
6893
6778
6462
6005
5431
4700
3776
2693
1590
582
-319
-1171
-2003
-2776
-3408
-3822
-4006
-4033
-4002
-3914
-3719
-3411
-3039
-2592
-2000
-1238
-372
508
1335
2109
2895
3770
4697
5539
6212
6771
7296
7775
8115
8234
8113
7789
7311
6667
5825
4767
3562
2308
1060
-183
-1448
-2754
-4096
-5428
-6690
-7861
-8931
-9850
-10525
-10905
-11012
-10883
-10528
-9924
-9072
-8002
-6784
-5475
-4091
-2620
-1112
337
1665
2905
4102
5214
6142
6804
7168
7263
7166
6959
6655
6218
5608
4826
3895
2875
1814
751
-299
-1282
-2125
-2771
-3212
-3466
-3579
-3590
-3526
-3387
-3184
-2903
-2482
-1857
-1052
-185
640
1422
2226
3095
4010
4888
5659
6340
7000
7662
8244
8616
8731
8628
8375
7974
7410
6676
5810
4831
3725
2482
1147
-186
-1474
-2735
-4044
-5416
-6797
-8083
-9197
-10097
-10769
-11189
-11360
-11277
-10941
-10329
-9449
-8334
-7044
-5664
-4261
-2877
-1510
-155
1184
2493
3739
4841
5697
6239
6468
6446
6262
5990
5633
5150
4523
3782
2950
2020
994
-71
-1101
-2049
-2894
-3589
-4055
-4262
-4245
-4116
-3939
-3713
-3373
-2874
-2234
-1520
-788
-41
749
1599
2465
3287
4051
4796
5571
6370
7156
7850
8377
8704
8838
8765
8449
7909
7220
6447
5605
4669
3596
2367
1011
-377
-1741
-3079
-4419
-5751
-7026
-8183
-9178
-9988
-10591
-10954
-11068
-10935
-10577
-10000
-9184
-8103
-6781
-5329
-3873
-2457
-1021
461
1919
3233
4366
5343
6161
6748
7025
7011
6808
6525
6184
5711
5053
4227
3300
2311
1299
316
-583
-1359
-2007
-2538
-2981
-3321
-3511
-3527
-3415
-3215
-2914
-2486
-1966
-1411
-823
-161
583
1358
2135
2923
3752
4610
5446
6225
6957
7654
8255
8634
8708
8493
8090
7572
6952
6193
5273
4214
3049
1792
448
-929
-2281
-3602
-4950
-6331
-7666
-8830
-9752
-10413
-10834
-11053
-11140
-11107
-10896
-10416
-9625
-8552
-7257
-5836
-4377
-2939
-1531
-164
1127
2318
3411
4408
5272
5960
6437
6690
6720
6556
6226
5752
5186
4585
3937
3172
2249
1253
329
-440
-1076
-1644
-2159
-2590
-2879
-3033
-3075
-3033
-2869
-2550
-2095
-1580
-1051
-491
133
841
1644
2534
3459
4354
5200
6021
6832
7576
8167
8543
8683
8562
8167
7547
6809
6027
5203
4302
3257
2012
590
-883
-2281
-3583
-4828
-6023
-7126
-8097
-8917
-9580
-10081
-10407
-10556
-10526
-10316
-9883
-9172
-8171
-6939
-5573
-4177
-2858
-1665
-558
525
1587
2581
3474
4251
4890
5354
5608
5630
5443
5168
4920
4702
4395
3901
3252
2551
1876
1212
526
-177
-837
-1372
-1752
-1990
-2134
-2220
-2261
-2232
-2094
-1826
-1452
-1010
-525
3
585
1232
1946
2716
3517
4319
5115
5897
6646
7291
7735
7905
7803
7498
7059
6530
5887
5099
4165
3155
2131
1059
-141
-1499
-2916
-4270
-5476
-6499
-7312
-7942
-8467
-8941
-9352
-9658
-9801
-9712
-9374
-8834
-8132
-7224
-6113
-4928
-3794
-2728
-1691
-703
208
1065
1901
2707
3434
4030
4447
4685
4771
4732
4575
4322
4042
3798
3579
3297
2888
2351
1755
1173
660
195
-256
-674
-989
-1186
-1307
-1377
-1388
-1336
-1241
-1092
-883
-636
-322
127
770
1494
2188
2831
3472
4087
4664
5234
5791
6227
6449
6434
6185
5749
5221
4683
4088
3406
2621
1771
767
-395
-1653
-2865
-3968
-4946
-5777
-6462
-7013
-7455
-7801
-8073
-8251
-8278
-8132
-7888
-7605
-7201
-6537
-5625
-4627
-3685
-2832
-2056
-1313
-539
275
1052
1746
2396
3046
3637
4087
4371
4496
4486
4396
4285
4151
3964
3734
3463
3115
2655
2127
1597
1086
594
151
-186
-388
-482
-570
-743
-1005
-1265
-1450
-1506
-1388
-1072
-645
-194
277
814
1414
2029
2608
3112
3526
3916
4309
4626
4789
4757
4579
4262
3813
3261
2629
2036
1498
990
396
-314
-1181
-2118
-3030
-3785
-4376
-4810
-5093
-5306
-5496
-5698
-5862
-6013
-6118
-6127
-5948
-5594
-5121
-4585
-3987
-3332
-2678
-2087
-1542
-970
-306
434
1178
1851
2428
2928
3335
3625
3788
3857
3860
3816
3727
3561
3270
2880
2433
1943
1407
896
518
286
137
-29
-242
-520
-810
-1092
-1335
-1506
-1549
-1473
-1312
-1056
-700
-269
163
590
978
1313
1674
2104
2601
3012
3276
3347
3300
3167
2965
2674
2318
1991
1740
1501
1160
691
161
-353
-875
-1399
-1838
-2079
-2157
-2256
-2509
-2883
-3274
-3602
-3847
-3945
-3893
-3719
-3480
-3201
-2942
-2760
-2634
-2485
-2236
-1900
-1490
-968
-309
447
1153
1748
2208
2555
2799
3000
3200
3398
3551
3601
3496
3193
2757
2266
1796
1336
887
450
70
-209
-385
-545
-783
-1114
-1497
-1868
-2143
-2215
-2038
-1672
-1236
-842
-558
-372
-261
-165
-72
130
450
853
1233
1457
1457
1261
1009
798
606
481
471
577
696
701
616
401
148
-104
-279
-421
-560
-608
-606
-645
-832
-1116
-1399
-1658
-1828
-1900
-1821
-1687
-1527
-1408
-1324
-1354
-1465
-1548
-1483
-1244
-875
-410
61
463
764
1021
1276
1546
1830
2140
2448
2691
2827
2856
2762
2512
2133
1726
1375
1096
882
730
589
376
39
-391
-831
-1209
-1461
-1586
-1627
-1663
-1667
-1617
-1493
-1377
-1276
-1217
-1194
-1197
-1161
-1010
-800
-589
-481
-423
-402
-384
-399
-454
-482
-419
-242
-17
105
150
75
35
-19
-25
-4
56
230
389
517
451
285
69
-100
-136
-51
177
408
622
730
721
605
460
409
482
676
972
1317
1661
1957
2202
2417
2558
2616
2555
2438
2323
2235
2125
1923
1642
1327
1054
860
717
565
379
223
111
5
-122
-275
-449
-673
-909
-1158
-1395
-1602
-1749
-1835
-1924
-2017
-2141
-2262
-2410
-2577
-2702
-2739
-2655
-2533
-2419
-2369
-2385
-2405
-2372
-2255
-2066
-1847
-1610
-1418
-1243
-1059
-871
-694
-561
-440
-343
-257
-182
-39
81
201
192
179
147
183
300
441
592
623
601
583
612
727
862
1064
1313
1574
1925
2284
2686
2966
3158
3214
3184
3137
3039
2911
2702
2487
2297
2157
2116
2077
1962
1696
1365
1071
802
583
411
302
230
158
94
-2
-153
-337
-550
-751
-966
-1139
-1270
-1360
-1454
-1588
-1746
-1926
-2098
-2291
-2491
-2704
-2887
-3009
-3062
-3072
-3051
-3004
-2923
-2820
-2692
-2521
-2304
-2004
-1652
-1323
-1079
-945
-853
-790
-741
-673
-588
-415
-236
-58
49
144
239
373
486
610
711
840
992
1211
1502
1808
2091
2271
2397
2530
2738
2967
3084
3031
2844
2621
2466
2371
2331
2288
2256
2219
2188
2125
2040
1893
1727
1553
1424
1355
1342
1401
1427
1374
1173
953
777
673
584
494
376
167
-172
-582
-983
-1311
-1547
-1711
-1879
-2095
-2336
-2563
-2776
-2995
-3184
-3315
-3379
-3393
-3334
-3206
-3038
-2909
-2845
-2824
-2842
-2837
-2816
-2729
-2573
-2369
-2107
-1911
-1734
-1623
-1481
-1347
-1218
-1083
-927
-702
-469
-230
4
286
607
935
1246
1546
1806
2030
2216
2394
2547
2649
2658
2552
2390
2240
2157
2161
2248
2409
2533
2572
2462
2286
2064
1864
1747
1696
1746
1781
1855
1901
1944
1945
1891
1833
1745
1634
1458
1301
1158
1040
855
635
350
69
-205
-440
-661
-907
-1150
-1386
-1593
-1787
-1967
-2094
-2147
-2168
-2210
-2337
-2501
-2652
-2745
-2768
-2811
-2858
-2906
-2879
-2804
-2714
-2590
-2459
-2316
-2225
-2165
-2106
-2007
-1876
-1722
-1528
-1237
-890
-510
-238
-24
95
232
390
584
836
1072
1322
1479
1596
1656
1656
1620
1571
1612
1658
1721
1782
1907
2028
2101
2092
2044
2015
2010
2096
2138
2238
2254
2338
2367
2417
2405
2289
2109
1843
1704
1592
1566
1469
1312
1096
802
501
200
-77
-307
-534
-651
-749
-764
-827
-915
-1096
-1296
-1438
-1457
-1411
-1407
-1459
-1537
-1571
-1649
-1727
-1886
-1970
-2030
-1975
-1986
-2018
-2121
-2165
-2207
-2255
-2325
-2374
-2305
-2133
-1851
-1606
-1386
-1248
-1108
-1023
-930
-852
-731
-601
-445
-293
-115
54
207
282
286
253
265
381
562
779
951
1084
1150
1157
1199
1310
1504
1653
1727
1799
1916
2116
2243
2288
2179
2003
1770
1559
1421
1345
1263
1078
822
558
355
204
118
64
56
61
95
149
179
161
107
82
126
215
322
348
293
217
177
175
63
-123
-394
-619
-732
-689
-545
-463
-513
-664
-845
-994
-1081
-1055
-953
-844
-720
-618
-512
-515
-531
-593
-611
-627
-556
-426
-280
-169
-165
-208
-322
-376
-410
-389
-378
-353
-303
-211
-77
45
119
182
247
392
523
684
766
805
822
803
844
796
765
606
455
314
243
206
64
-145
-448
-689
-897
-987
-987
-923
-848
-830
-758
-650
-457
-327
-282
-320
-378
-354
-249
-79
56
103
80
92
174
290
334
316
321
393
532
616
617
493
381
338
393
444
466
485
503
465
377
252
143
49
13
99
253
381
351
174
-56
-221
-242
-189
-158
-181
-190
-38
207
522
727
842
812
713
643
636
728
750
718
559
383
165
-66
-284
-482
-632
-785
-903
-1041
-1227
-1463
-1725
-1959
-2126
-2198
-2190
-2147
-2038
-1851
-1611
-1407
-1252
-1161
-1029
-877
-633
-379
-138
80
225
373
445
570
661
799
911
1059
1214
1385
1568
1759
1891
1897
1814
1679
1585
1508
1554
1674
1797
1810
1658
1426
1134
942
826
832
795
735
619
524
461
417
364
284
237
268
365
462
563
661
770
802
771
666
547
448
388
365
294
145
-86
-384
-685
-1001
-1260
-1486
-1663
-1835
-2040
-2322
-2690
-3073
-3361
-3464
-3428
-3343
-3276
-3208
-3114
-3002
-2864
-2710
-2499
-2291
-2093
-1924
-1711
-1424
-1121
-814
-553
-265
-13
199
361
518
754
1000
1257
1431
1593
1740
1912
2081
2209
2292
2338
2424
2527
2601
2568
2441
2250
2082
1954
1934
1896
1824
1626
1405
1229
1156
1224
1313
1437
1504
1630
1741
1874
1923
1936
1904
1859
1810
1735
1694
1605
1495
1282
1064
810
513
102
-362
-755
-1046
-1265
-1535
-1859
-2240
-2586
-2883
-3119
-3346
-3589
-3818
-3987
-4066
-4075
-4062
-3999
-3881
-3671
-3469
-3267
-3100
-2881
-2649
-2402
-2164
-1909
-1608
-1301
-986
-680
-346
-3
312
609
859
1087
1244
1359
1438
1532
1659
1807
1947
2013
2013
1932
1862
1809
1840
1886
1944
1970
1974
1952
1884
1818
1793
1858
2000
2148
2295
2402
2521
2614
2710
2769
2768
2708
2618
2575
2540
2438
2201
1887
1583
1356
1176
1003
736
366
-57
-413
-691
-973
-1308
-1693
-2070
-2422
-2755
-3053
-3332
-3530
-3667
-3697
-3722
-3707
-3709
-3672
-3617
-3524
-3381
-3256
-3108
-3015
-2900
-2861
-2822
-2733
-2503
-2144
-1765
-1414
-1141
-893
-651
-395
-176
-17
136
331
584
798
939
992
1052
1180
1400
1603
1711
1701
1651
1622
1658
1784
1966
2162
2281
2326
2322
2359
2452
2604
2782
2990
3159
3235
3183
3102
3008
2929
2836
2772
2697
2568
2354
2080
1782
1505
1271
1078
878
624
290
-123
-549
-912
-1175
-1391
-1616
-1882
-2109
-2258
-2305
-2312
-2341
-2393
-2501
-2589
-2669
-2652
-2562
-2438
-2370
-2415
-2520
-2621
-2597
-2462
-2253
-2101
-2020
-1994
-1926
-1776
-1552
-1313
-1168
-1111
-1140
-1154
-1132
-1019
-843
-680
-554
-470
-321
-153
23
153
312
533
772
959
1055
1125
1199
1315
1448
1616
1788
1948
2079
2184
2281
2350
2425
2486
2571
2634
2630
2527
2333
2152
1986
1894
1788
1668
1510
1347
1189
959
702
432
252
100
-27
-191
-349
-509
-613
-700
-754
-825
-869
-881
-850
-839
-874
-937
-1000
-1034
-1060
-1084
-1100
-1109
-1105
-1091
-1085
-1056
-1045
-1000
-943
-880
-831
-854
-888
-961
-967
-935
-879
-880
-958
-1036
-1072
-1006
-882
-769
-720
-715
-679
-564
-408
-248
-153
-96
-46
70
256
449
570
618
659
772
933
1101
1242
1349
1419
1422
1400
1368
1378
1418
1463
1437
1285
1038
787
604
504
431
334
169
-22
-209
-333
-416
-465
-520
-582
-645
-707
-742
-727
-627
-510
-450
-486
-502
-421
-224
-44
44
51
61
117
167
174
133
77
52
35
24
-8
-3
58
151
209
148
-2
-213
-389
-538
-649
-732
-762
-730
-639
-547
-455
-412
-358
-317
-251
-142
14
203
352
492
608
708
723
710
738
842
956
986
981
958
1005
1044
1049
961
836
733
641
567
437
262
-6
-278
-466
-566
-610
-735
-896
-1129
-1306
-1401
-1341
-1220
-1148
-1177
-1212
-1133
-946
-715
-528
-407
-357
-331
-271
-133
50
242
344
345
255
196
233
350
466
475
401
307
326
400
449
367
189
11
-91
-73
1
89
118
66
-86
-244
-326
-252
-135
-3
44
113
183
327
471
582
645
680
721
752
789
860
962
1042
1067
998
923
819
806
788
817
754
643
454
317
252
225
124
-120
-404
-661
-817
-945
-1040
-1117
-1175
-1269
-1390
-1474
-1475
-1469
-1486
-1524
-1446
-1302
-1085
-957
-907
-967
-1014
-982
-818
-590
-373
-208
-81
20
55
42
27
109
230
370
432
439
424
390
411
418
480
531
635
738
781
733
622
541
493
515
616
770
901
928
881
821
800
863
973
1115
1192
1195
1143
1034
924
818
845
921
1000
948
818
678
575
530
400
187
-96
-271
-360
-420
-595
-831
-1056
-1148
-1160
-1194
-1344
-1541
-1698
-1800
-1841
-1841
-1752
-1652
-1614
-1645
-1710
-1748
-1748
-1664
-1484
-1244
-1021
-892
-857
-898
-930
-900
-785
-573
-359
-163
-81
-66
-50
45
224
369
476
522
580
675
820
1031
1129
1167
1155
1360
1711
2019
2044
1726
1333
1069
1203
1503
1830
1848
1667
1355
1155
1167
1374
1606
1651
1510
1263
1113
1073
1175
1255
1276
1185
1055
847
592
338
139
-10
-138
-174
-145
-172
-365
-673
-1018
-1291
-1452
-1404
-1303
-1278
-1380
-1547
-1616
-1589
-1416
-1364
-1495
-1765
-1911
-1837
-1678
-1572
-1623
-1711
-1795
-1806
-1837
-1864
-1878
-1751
-1560
-1339
-1286
-1285
-1312
-1133
-790
-347
-15
28
-198
-511
-447
72
845
1268
1174
769
507
659
1139
1686
2010
2053
1875
1674
1554
1599
1756
1934
2003
1937
1804
1701
1687
1683
1746
1780
1876
1916
1909
1754
1472
1134
835
664
582
588
587
577
428
152
-178
-325
-250
-65
-29
-211
-544
-817
-947
-952
-1007
-1125
-1283
-1404
-1572
-1844
-2109
-2248
-2124
-1873
-1660
-1677
-1873
-2041
-2055
-1919
-1836
-1776
-1793
-1744
-1707
-1649
-1609
-1550
-1424
-1309
-1198
-1163
-1044
-906
-635
-386
-88
131
397
690
1035
1296
1431
1556
1732
1964
2102
2133
2062
1989
1900
1829
1677
1579
1586
1810
2012
2105
2008
1932
1916
1983
2058
2057
1976
1788
1607
1404
1222
989
817
613
393
103
-140
-273
-283
-245
-203
-243
-299
-347
-242
-120
-100
-382
-812
-1238
-1433
-1420
-1361
-1394
-1671
-2031
-2404
-2509
-2411
-2170
-2016
-2019
-2158
-2364
-2456
-2375
-2074
-1716
-1432
-1354
-1523
-1755
-1817
-1563
-1099
-715
-480
-483
-545
-631
-545
-236
267
784
1075
1097
933
864
1039
1370
1715
1849
1894
1898
2022
2173
2246
2208
2096
2068
2110
2203
2189
1993
1665
1309
1111
1073
1156
1177
1076
877
716
702
829
980
901
532
-3
-358
-354
-106
59
-90
-395
-646
-678
-646
-615
-643
-737
-867
-1061
-1174
-1288
-1347
-1474
-1575
-1682
-1761
-1791
-1783
-1779
-1891
-2063
-2149
-2077
-1847
-1641
-1551
-1663
-1824
-1758
-1392
-892
-626
-639
-698
-565
-176
188
463
535
664
844
1116
1267
1226
1067
961
1098
1403
1731
1877
1800
1608
1433
1415
1509
1656
1725
1705
1589
1421
1315
1312
1429
1460
1367
1180
1016
863
636
394
248
317
495
649
607
376
129
6
103
210
281
206
29
-270
-597
-817
-865
-756
-671
-716
-970
-1331
-1659
-1837
-1797
-1601
-1433
-1467
-1763
-2103
-2284
-2202
-1955
-1664
-1455
-1401
-1491
-1581
-1473
-1140
-736
-526
-562
-669
-551
-102
462
788
706
367
120
176
595
1102
1469
1474
1253
1026
1026
1307
1653
1838
1656
1281
950
888
1034
1170
1123
832
503
308
361
512
594
501
312
178
214
383
557
608
513
317
136
81
160
305
346
229
-27
-239
-261
-78
150
225
52
-283
-590
-717
-676
-636
-705
-860
-994
-1066
-1109
-1148
-1193
-1217
-1217
-1194
-1182
-1162
-1093
-938
-745
-606
-548
-549
-528
-472
-362
-225
-48
200
486
697
697
585
587
839
1195
1406
1378
1220
1158
1306
1573
1724
1561
1113
580
175
18
70
223
232
-115
-880
-1780
-2373
-2366
-1907
-1466
-1476
-1923
-2408
-2472
-1983
-1200
-459
-14
171
228
336
578
949
1358
1631
1655
1432
1146
984
1039
1186
1204
915
377
-168
-482
-513
-429
-394
-483
-597
-599
-396
-91
136
174
115
156
406
870
1424
1934
2274
2427
2435
2383
2392
2569
2856
3010
2828
2386
1943
1686
1565
1425
1125
649
22
-657
-1278
-1698
-1859
-1893
-2073
-2645
-3535
-4386
-4722
-4444
-3874
-3611
-3933
-4567
-4871
-4373
-3217
-1925
-1030
-603
-419
-115
470
1278
2077
2598
2742
2572
2346
2281
2401
2498
2276
1685
935
348
-11
-314
-800
-1476
-2100
-2428
-2426
-2365
-2500
-2868
-3183
-3118
-2607
-1900
-1306
-910
-544
-44
652
1461
2317
3132
3833
4367
4749
5068
5369
5632
5739
5618
5300
4860
4359
3802
3220
2629
2055
1493
933
382
-139
-655
-1330
-2318
-3467
-4282
-4308
-3714
-3265
-3705
-4956
-6101
-6202
-5203
-4020
-3616
-4164
-4864
-4788
-3617
-1929
-568
36
174
478
1279
2387
3365
3960
4160
4103
3943
3820
3781
3718
3442
2789
1781
692
-121
-490
-690
-1173
-2186
-3421
-4303
-4495
-4215
-4000
-4179
-4622
-4866
-4548
-3683
-2599
-1661
-1000
-516
62
951
2202
3556
4654
5269
5544
5865
6477
7239
7734
7678
7158
6543
6155
5988
5678
4879
3581
2183
1094
426
-81
-738
-1616
-2515
-3253
-3899
-4612
-5326
-5676
-5463
-5013
-4990
-5709
-6619
-6782
-5777
-4302
-3489
-3814
-4581
-4633
-3443
-1561
-56
491
426
607
1538
2939
4073
4479
4286
3976
3913
4112
4290
4113
3446
2431
1401
554
-114
-792
-1587
-2494
-3393
-4172
-4736
-5061
-5172
-5185
-5177
-5159
-5006
-4562
-3774
-2794
-1902
-1196
-537
357
1540
2812
3834
4513
5005
5631
6445
7257
7739
7777
7552
7328
7197
6931
6287
5232
4050
3012
2204
1466
622
-358
-1351
-2205
-2888
-3417
-3809
-4112
-4528
-5225
-6016
-6364
-5920
-5014
-4469
-4820
-5723
-6157
-5403
-3795
-2496
-2403
-3198
-3638
-2712
-690
1167
1801
1372
982
1630
3228
4806
5415
4992
4251
3940
4181
4488
4318
3570
2565
1607
723
-229
-1274
-2238
-2987
-3563
-4166
-4856
-5464
-5786
-5828
-5769
-5666
-5382
-4727
-3791
-2882
-2251
-1734
-958
264
1625
2667
3255
3722
4509
5654
6744
7320
7359
7227
7294
7524
7563
7054
6066
5006
4259
3793
3244
2302
970
-439
-1588
-2312
-2771
-3244
-3886
-4592
-5171
-5569
-5811
-5861
-5626
-5148
-4719
-4637
-4906
-5069
-4621
-3514
-2323
-1728
-1850
-2095
-1695
-447
1093
2125
2358
2217
2390
3141
4149
4850
4979
4700
4405
4296
4241
3908
3122
2040
971
100
-629
-1373
-2221
-3094
-3838
-4334
-4639
-4923
-5308
-5686
-5799
-5503
-4944
-4400
-3985
-3529
-2787
-1692
-466
568
1277
1832
2504
3385
4331
5123
5679
6059
6365
6637
6834
6893
6759
6414
5910
5333
4735
4037
3122
2003
861
-115
-926
-1731
-2607
-3465
-4131
-4575
-4868
-5110
-5319
-5510
-5698
-5780
-5532
-4812
-3824
-3034
-2789
-2918
-2824
-2023
-668
543
1016
845
717
1233
2335
3363
3707
3400
3065
3272
3953
4468
4273
3436
2515
1968
1742
1368
461
-858
-2069
-2753
-2990
-3213
-3775
-4616
-5345
-5575
-5279
-4803
-4579
-4703
-4851
-4564
-3702
-2603
-1767
-1384
-1149
-594
435
1613
2490
2908
3135
3521
4183
4878
5301
5366
5271
5283
5457
5628
5536
5075
4353
3630
3062
2615
2101
1405
567
-247
-924
-1488
-2061
-2723
-3399
-3916
-4112
-4038
-3876
-3789
-3749
-3631
-3306
-2713
-1899
-1039
-291
304
828
1389
2054
2806
3483
3857
3840
3589
3403
3445
3625
3651
3329
2739
2179
1860
1695
1393
714
-276
-1248
-1851
-2066
-2251
-2770
-3610
-4376
-4715
-4668
-4594
-4794
-5176
-5365
-5089
-4455
-3825
-3439
-3217
-2914
-2391
-1747
-1137
-587
10
717
1399
1844
1980
2008
2176
2551
2910
3010
2819
2577
2512
2600
2589
2321
1950
1746
1777
1779
1495
913
341
37
-12
-97
-454
-995
-1399
-1458
-1346
-1392
-1678
-1906
-1737
-1162
-491
-16
265
621
1260
2092
2786
3177
3431
3836
4411
4836
4770
4222
3581
3230
3157
2962
2310
1259
225
-449
-810
-1206
-1901
-2760
-3446
-3765
-3878
-4063
-4429
-4821
-5023
-5000
-4898
-4894
-4971
-4927
-4577
-4003
-3512
-3332
-3335
-3173
-2607
-1765
-991
-543
-361
-119
393
1066
1536
1630
1500
1493
1767
2186
2457
2429
2238
2128
2237
2424
2478
2301
2036
1870
1844
1822
1676
1411
1165
1062
1076
1058
902
678
523
493
561
667
810
999
1215
1386
1459
1521
1698
2029
2393
2653
2780
2856
2990
3152
3228
3131
2971
2901
2906
2794
2418
1882
1437
1216
1077
760
171
-519
-1047
-1331
-1530
-1924
-2631
-3495
-4202
-4582
-4768
-5019
-5433
-5843
-6022
-5910
-5652
-5403
-5225
-5053
-4846
-4588
-4305
-3973
-3570
-3094
-2607
-2198
-1913
-1706
-1453
-1054
-536
-27
360
627
869
1144
1438
1685
1846
1946
2034
2140
2240
2296
2287
2242
2158
2008
1806
1634
1590
1643
1650
1482
1169
888
823
1015
1318
1521
1536
1471
1484
1609
1789
1979
2193
2423
2584
2635
2610
2640
2788
2984
3070
2981
2799
2623
2467
2289
2072
1793
1445
1035
636
290
-23
-359
-724
-1102
-1482
-1829
-2093
-2289
-2526
-2891
-3324
-3653
-3733
-3558
-3302
-3171
-3258
-3433
-3492
-3324
-3002
-2694
-2505
-2394
-2219
-1885
-1431
-1002
-708
-568
-491
-365
-114
231
550
729
786
834
961
1155
1313
1322
1160
930
803
829
898
848
629
352
164
120
147
122
3
-144
-199
-111
54
197
274
380
580
838
998
992
923
988
1250
1561
1710
1637
1522
1550
1741
1875
1800
1564
1380
1357
1376
1249
917
524
247
152
133
38
-213
-555
-851
-1033
-1156
-1335
-1576
-1763
-1769
-1632
-1504
-1512
-1618
-1684
-1606
-1407
-1224
-1196
-1320
-1442
-1416
-1241
-1053
-956
-951
-897
-688
-359
-91
-27
-128
-228
-169
34
236
309
269
255
383
641
923
1118
1189
1147
1041
953
953
1035
1099
1068
950
872
920
1067
1169
1118
927
712
584
564
602
621
609
565
499
401
291
209
183
197
178
95
-22
-99
-116
-131
-198
-314
-426
-497
-524
-523
-515
-512
-526
-535
-503
-433
-384
-405
-486
-567
-576
-500
-380
-256
-139
-12
91
104
-34
-271
-477
-533
-458
-394
-439
-555
-631
-634
-634
-700
-789
-808
-739
-669
-704
-842
-955
-921
-731
-526
-428
-433
-402
-231
49
297
399
391
405
565
835
1049
1049
826
530
310
231
235
213
99
-81
-238
-317
-329
-333
-367
-420
-440
-399
-316
-236
-164
-70
36
121
192
315
510
728
887
954
961
996
1113
1272
1355
1312
1206
1165
1228
1320
1315
1171
1001
945
1015
1077
1009
820
633
532
498
410
199
-75
-299
-441
-568
-741
-950
-1131
-1237
-1279
-1330
-1428
-1518
-1494
-1331
-1136
-1051
-1088
-1120
-1010
-774
-548
-418
-325
-137
197
595
894
1004
999
1031
1145
1230
1175
988
764
578
432
281
62
-261
-649
-995
-1196
-1236
-1204
-1228
-1360
-1545
-1664
-1634
-1485
-1318
-1256
-1291
-1326
-1233
-987
-677
-430
-328
-324
-291
-103
230
572
793
868
890
975
1181
1454
1658
1680
1522
1324
1240
1283
1334
1267
1084
885
772
757
759
683
491
244
31
-92
-138
-169
-256
-421
-589
-638
-527
-337
-204
-177
-203
-181
-35
188
383
469
487
532
653
798
861
791
628
482
404
352
229
9
-273
-562
-850
-1127
-1360
-1525
-1647
-1769
-1899
-2003
-2043
-2017
-1968
-1946
-1976
-1999
-1940
-1778
-1579
-1407
-1253
-1079
-854
-594
-308
-23
236
468
689
933
1212
1515
1802
2009
2099
2085
2041
2044
2141
2307
2449
2465
2299
2033
1803
1707
1703
1667
1495
1204
910
710
610
523
370
127
-160
-386
-481
-451
-364
-271
-186
-98
-11
83
191
313
441
560
649
692
680
653
647
662
638
528
363
222
164
125
-2
-280
-626
-895
-1018
-1072
-1214
-1522
-1929
-2297
-2553
-2712
-2822
-2896
-2946
-2997
-3085
-3200
-3288
-3285
-3169
-3007
-2881
-2818
-2723
-2467
-2048
-1603
-1274
-1033
-725
-272
234
640
902
1106
1358
1687
2016
2274
2431
2543
2642
2727
2769
2758
2708
2614
2478
2312
2142
1973
1788
1548
1256
964
772
710
689
581
363
145
44
97
231
349
410
447
525
656
800
922
1022
1095
1119
1078
1016
1016
1115
1271
1364
1320
1157
966
815
688
513
249
-59
-311
-478
-650
-940
-1336
-1699
-1903
-1963
-2021
-2209
-2518
-2805
-2962
-3025
-3091
-3180
-3232
-3207
-3113
-2969
-2793
-2622
-2483
-2369
-2232
-2032
-1764
-1471
-1207
-989
-783
-524
-178
223
586
840
1008
1169
1390
1655
1901
2049
2058
1986
1920
1918
1954
1977
1967
1941
1918
1879
1791
1660
1547
1506
1515
1505
1448
1369
1298
1249
1228
1237
1272
1330
1414
1506
1571
1596
1592
1580
1567
1538
1468
1358
1237
1118
986
823
647
484
340
190
-5
-278
-595
-881
-1097
-1311
-1603
-1949
-2241
-2400
-2452
-2474
-2535
-2661
-2801
-2881
-2885
-2883
-2936
-2992
-2969
-2846
-2689
-2553
-2444
-2320
-2129
-1855
-1553
-1315
-1157
-1019
-810
-526
-236
20
280
592
919
1163
1285
1348
1452
1619
1788
1878
1881
1854
1866
1924
1981
1980
1893
1754
1621
1536
1466
1351
1162
958
807
737
709
674
608
520
443
406
398
375
335
335
411
515
566
536
489
488
565
688
786
805
747
685
648
611
494
276
8
-226
-392
-526
-673
-870
-1105
-1343
-1538
-1675
-1790
-1916
-2067
-2223
-2350
-2428
-2446
-2411
-2328
-2233
-2158
-2097
-2010
-1869
-1686
-1477
-1252
-1009
-760
-528
-329
-138
94
383
672
891
1022
1116
1240
1417
1620
1774
1838
1837
1851
1922
1994
1984
1865
1701
1556
1451
1339
1185
997
809
639
469
286
127
44
61
127
156
115
37
-5
16
73
126
157
185
213
236
258
292
351
421
499
577
646
687
698
676
619
526
399
249
96
-31
-146
-297
-517
-785
-1025
-1187
-1273
-1353
-1477
-1642
-1787
-1854
-1837
-1784
-1766
-1785
-1787
-1723
-1621
-1523
-1423
-1273
-1045
-778
-524
-300
-75
173
417
616
755
873
1007
1174
1353
1495
1584
1637
1676
1664
1537
1323
1135
1066
1074
1037
885
669
489
378
289
163
3
-172
-342
-494
-619
-729
-838
-929
-978
-981
-953
-924
-911
-900
-862
-779
-702
-661
-628
-529
-373
-258
-269
-369
-429
-366
-202
-28
90
161
227
322
424
473
438
360
325
344
362
322
256
221
236
255
222
119
-13
-113
-172
-209
-245
-267
-262
-222
-161
-110
-87
-61
4
115
234
347
464
604
755
875
927
911
896
954
1079
1176
1170
1079
993
953
924
850
721
571
424
271
109
-41
-152
-234
-317
-426
-560
-690
-782
-850
-950
-1076
-1160
-1149
-1080
-1038
-1046
-1055
-1010
-929
-860
-828
-804
-752
-658
-519
-357
-196
-72
1
40
78
138
242
392
559
686
733
741
765
835
893
868
757
623
538
503
471
393
271
141
59
44
59
49
-15
-107
-191
-278
-381
-484
-515
-432
-270
-120
-47
-28
2
91
223
338
381
370
374
458
609
758
838
853
846
833
781
662
499
333
181
19
-159
-346
-522
-680
-824
-965
-1118
-1301
-1519
-1730
-1877
-1949
-1978
-1998
-2008
-1981
-1899
-1769
-1620
-1469
-1302
-1096
-839
-543
-232
60
309
511
675
808
927
1051
1196
1344
1457
1515
1536
1562
1613
1658
1652
1578
1465
1357
1267
1175
1048
891
735
603
486
360
206
40
-97
-161
-171
-168
-193
-234
-247
-218
-171
-159
-192
-239
-232
-145
-11
112
187
225
252
307
391
465
479
433
388
392
423
409
305
138
-23
-132
-197
-264
-368
-515
-679
-851
-1014
-1143
-1229
-1307
-1399
-1498
-1566
-1595
-1583
-1540
-1473
-1367
-1191
-932
-643
-409
-264
-179
-88
56
257
471
646
767
874
1006
1158
1282
1344
1370
1382
1381
1331
1221
1073
932
821
730
633
530
449
405
376
309
173
0
-114
-117
-63
-72
-178
-306
-350
-286
-185
-133
-163
-214
-208
-131
-50
-14
-2
29
72
78
24
-61
-131
-163
-182
-229
-310
-382
-403
-403
-451
-584
-730
-806
-794
-783
-845
-972
-1091
-1142
-1140
-1144
-1210
-1316
-1387
-1383
-1340
-1310
-1292
-1220
-1062
-829
-582
-365
-172
30
252
448
589
697
832
1020
1233
1405
1487
1478
1450
1484
1592
1707
1738
1661
1521
1400
1342
1309
1253
1156
1037
904
763
626
520
479
505
554
561
503
410
331
283
239
173
98
59
85
139
148
81
-26
-107
-138
-140
-157
-199
-248
-286
-317
-377
-474
-591
-683
-738
-782
-862
-1000
-1170
-1313
-1380
-1366
-1320
-1283
-1257
-1222
-1184
-1186
-1237
-1276
-1221
-1086
-956
-897
-890
-865
-782
-648
-498
-359
-248
-172
-107
-16
123
281
401
439
411
395
452
558
633
651
656
704
800
926
1062
1201
1323
1409
1458
1488
1512
1546
1601
1670
1706
1656
1527
1373
1242
1139
1062
1018
999
962
852
652
425
264
212
234
239
159
2
-157
-258
-319
-404
-554
-747
-928
-1055
-1140
-1227
-1323
-1408
-1454
-1460
-1450
-1463
-1517
-1608
-1707
-1790
-1846
-1865
-1839
-1771
-1675
-1571
-1480
-1408
-1330
-1211
-1046
-873
-713
-567
-435
-329
-252
-175
-73
48
159
248
332
425
513
586
649
727
809
859
858
850
896
1002
1117
1179
1168
1120
1095
1137
1228
1306
1340
1337
1332
1343
1381
1431
1470
1483
1472
1440
1382
1295
1189
1082
988
896
782
632
480
372
324
293
225
88
-90
-257
-390
-495
-603
-719
-843
-971
-1115
-1272
-1410
-1504
-1569
-1645
-1739
-1821
-1852
-1826
-1759
-1673
-1601
-1549
-1492
-1408
-1296
-1171
-1071
-1012
-990
-973
-927
-841
-720
-577
-435
-291
-136
20
126
172
212
319
475
604
663
687
730
798
876
950
1004
1012
966
899
851
824
811
815
861
933
977
963
924
918
964
1039
1095
1111
1094
1070
1068
1099
1154
1206
1228
1213
1155
1065
945
827
732
664
584
474
362
273
201
83
-107
-338
-532
-646
-725
-821
-953
-1078
-1184
-1314
-1506
-1738
-1933
-2050
-2095
-2102
-2076
-2018
-1930
-1827
-1721
-1610
-1485
-1339
-1166
-981
-803
-646
-493
-314
-104
112
304
457
574
670
754
824
871
900
924
945
950
919
872
841
836
824
758
629
474
346
253
162
51
-67
-135
-134
-98
-92
-143
-212
-246
-210
-118
-13
72
135
193
258
340
424
480
500
515
564
638
691
710
716
723
716
684
625
543
426
281
137
40
-4
-33
-79
-162
-261
-363
-459
-567
-700
-840
-952
-1008
-1021
-1027
-1049
-1059
-1036
-976
-908
-828
-716
-568
-402
-244
-117
-36
41
177
377
571
690
757
830
931
1027
1088
1120
1150
1182
1188
1148
1073
1000
953
903
805
651
469
311
181
68
-36
-133
-222
-312
-392
-464
-540
-629
-698
-696
-622
-521
-436
-369
-318
-300
-314
-325
-290
-181
-17
145
235
231
178
146
148
144
100
26
-48
-101
-134
-160
-200
-270
-373
-504
-637
-746
-818
-869
-906
-936
-960
-991
-993
-953
-881
-848
-853
-880
-877
-853
-775
-673
-543
-442
-443
-520
-621
-473
-236
4
52
357
1005
1788
1976
1545
949
923
1424
2033
2141
1746
1072
570
446
734
1159
1340
1031
468
35
-116
-195
-306
-289
-186
-199
-511
-794
-827
-566
-321
-232
-315
-385
-465
-606
-813
-745
-242
409
544
-18
-712
-726
50
982
1332
933
181
-333
-333
67
531
777
614
109
-389
-499
-238
66
137
-75
-454
-800
-886
-662
-276
1
49
-105
-306
-437
-414
-255
-42
93
81
-52
-160
-93
146
387
461
403
373
467
620
715
715
673
620
546
463
435
504
626
682
619
464
317
220
157
87
3
-98
-214
-364
-545
-725
-834
-838
-798
-828
-957
-1079
-1088
-999
-909
-855
-822
-767
-722
-720
-754
-760
-696
-590
-468
-313
-110
91
230
290
310
334
396
488
554
546
487
443
437
437
420
386
351
305
244
159
69
23
50
119
169
179
174
176
186
189
182
202
270
384
484
530
530
508
471
430
421
473
582
697
752
697
591
534
586
691
759
761
703
635
574
570
592
585
490
349
212
110
19
-78
-180
-283
-362
-400
-404
-412
-441
-506
-628
-809
-982
-1072
-1091
-1120
-1220
-1353
-1444
-1443
-1367
-1274
-1202
-1162
-1137
-1094
-996
-838
-648
-460
-281
-103
47
151
205
252
288
308
297
290
305
341
371
384
383
376
372
387
418
