-42
18
63
55
34
83
241
446
610
695
741
780
800
770
690
589
495
408
303
181
70
0
-49
-89
-111
-98
-68
-37
-11
26
85
174
274
355
403
398
363
312
275
258
251
252
252
229
166
93
32
-27
-118
-232
-337
-420
-480
-523
-554
-568
-520
-386
-224
-150
-203
-312
-368
-312
-161
34
192
275
301
320
342
336
278
185
89
13
-54
-114
-161
-188
-184
-154
-108
-87
-100
-109
-82
-31
-2
15
56
121
152
119
65
50
98
177
283
392
473
501
504
511
495
428
342
295
288
271
204
131
81
55
1
-97
-204
-267
-263
-232
-228
-261
-291
-298
-298
-321
-349
-352
-340
-344
-376
-416
-456
-488
-515
-527
-521
-483
-420
-340
-257
-186
-139
-130
-129
-90
-17
54
80
56
22
20
71
154
213
223
174
102
53
62
123
202
263
285
279
262
253
229
186
147
147
163
142
61
-20
-40
11
82
122
131
129
132
129
111
92
96
100
68
3
-42
-42
-35
-67
-115
-128
-104
-87
-112
-166
-222
-258
-257
-224
-192
-197
-214
-197
-144
-112
-124
-148
-121
-50
24
63
80
116
178
245
294
342
385
395
333
222
121
63
36
10
-7
-1
26
50
71
86
94
104
121
147
157
132
87
57
61
72
70
67
97
139
172
176
145
84
22
20
73
121
102
42
-6
-33
-73
-158
-286
-417
-490
-481
-421
-367
-338
-307
-286
-295
-329
-341
-300
-235
-177
-134
-99
-78
-69
-59
-30
6
37
71
124
188
237
265
262
247
232
229
233
226
216
202
190
174
154
125
85
43
12
8
20
36
38
41
61
101
128
110
77
87
157
241
274
240
148
37
-30
-17
44
94
120
143
150
124
92
105
173
242
256
214
166
174
214
225
166
78
17
-4
-8
-14
-27
-60
-116
-183
-239
-282
-310
-327
-341
-366
-400
-435
-449
-446
-438
-434
-430
-399
-363
-360
-413
-474
-482
-429
-373
-369
-423
-486
-504
-470
-429
-424
-468
-539
-611
-652
-647
-605
-526
-416
-291
-189
-127
-83
-29
24
57
62
59
91
176
291
396
469
521
541
530
511
502
504
494
481
464
453
476
565
696
791
802
770
746
720
650
535
419
339
288
242
190
133
88
82
122
191
254
284
251
146
11
-75
-69
8
87
126
133
137
149
147
115
59
39
101
223
327
361
331
272
207
162
158
179
177
121
26
-71
-145
-195
-227
-246
-257
-264
-272
-290
-317
-321
-277
-172
-69
-46
-134
-261
-325
-291
-215
-166
-138
-99
-43
-13
-24
-53
-79
-91
-94
-76
-37
13
60
68
3
-113
-224
-308
-390
-480
-550
-571
-560
-543
-546
-558
-547
-501
-446
-422
-429
-432
-401
-347
-317
-355
-468
-588
-639
-614
-537
-424
-281
-151
-86
-93
-129
-176
-210
-219
-194
-157
-122
-82
-63
-82
-125
-140
-122
-88
-52
-11
36
105
230
384
503
561
618
721
833
868
811
723
679
694
724
734
710
680
646
596
505
385
280
223
207
183
126
59
41
91
160
198
211
226
256
269
249
209
180
187
245
331
395
403
353
279
218
186
177
178
168
137
87
38
-3
-47
-105
-159
-172
-144
-84
-18
46
83
81
52
34
40
45
44
65
113
138
106
29
-40
-95
-160
-240
-316
-374
-422
-462
-476
-457
-413
-390
-403
-429
-428
-386
-334
-307
-322
-372
-433
-478
-486
-469
-445
-408
-338
-222
-106
-38
-29
-46
-59
-73
-102
-134
-139
-110
-82
-101
-166
-243
-280
-277
-253
-241
-236
-203
-148
-113
-124
-150
-174
-192
-216
-222
-195
-138
-55
43
137
198
214
189
140
92
68
79
131
207
266
283
264
240
234
257
308
367
430
480
506
487
444
415
401
386
370
377
395
393
357
298
235
184
143
108
69
21
-25
-69
-122
-207
-315
-412
-458
-436
-369
-285
-217
-162
-117
-85
-75
-68
-47
-40
-86
-187
-309
-409
-460
-440
-357
-269
-244
-303
-389
-434
-402
-315
-199
-88
16
96
152
183
200
211
220
235
255
270
277
282
297
314
311
305
334
400
432
385
292
212
179
180
199
214
222
245
282
319
332
324
292
235
172
150
198
281
330
319
290
285
274
189
27
-136
-232
-249
-215
-161
-115
-99
-122
-186
-266
-325
-327
-280
-217
-161
-107
-45
3
24
24
44
100
164
201
190
149
92
48
33
36
29
-6
-51
-82
-88
-74
-60
-78
-118
-148
-136
-101
-83
-93
-117
-137
-149
-156
-159
-165
-159
-139
-115
-116
-153
-207
-243
-268
-306
-371
-441
-481
-472
-438
-421
-460
-537
-593
-601
-571
-520
-436
-325
-233
-210
-272
-370
-429
-399
-292
-182
-121
-102
-77
-28
24
57
67
81
130
219
319
373
366
308
226
128
31
-30
-33
21
84
136
163
167
137
90
58
79
150
235
304
346
374
392
402
411
433
489
562
606
582
513
456
436
439
440
453
482
496
456
356
225
84
-41
-100
-60
46
140
177
162
115
47
-29
-69
-33
55
124
140
129
124
125
128
141
142
111
51
-26
-94
-147
-163
-174
-223
-304
-349
-306
-206
-130
-118
-153
-191
-206
-196
-173
-159
-172
-192
-189
-160
-113
-57
11
67
89
84
76
83
97
122
153
185
209
211
181
112
29
-42
-89
-131
-171
-186
-147
-60
36
102
128
123
100
66
40
8
-36
-89
-144
-202
-283
-372
-441
-453
-398
-286
-167
-99
-109
-166
-213
-227
-216
-206
-215
-244
-278
-296
-302
-330
-416
-538
-630
-631
-551
-473
-445
-443
-406
-342
-292
-276
-260
-207
-125
-55
-15
22
67
100
103
91
107
143
168
151
102
40
-25
-59
-30
38
69
31
-23
-11
71
194
323
449
538
562
516
442
403
433
506
551
548
504
442
386
380
432
494
517
510
490
447
354
244
180
196
253
295
314
340
401
458
470
425
361
319
304
285
249
194
137
73
-10
-110
-198
-245
-261
-274
-301
-318
-292
-203
-65
68
135
119
69
20
-52
-165
-280
-337
-361
-400
-447
-461
-430
-381
-340
-317
-294
-257
-214
-204
-226
-245
-250
-262
-285
-295
-279
-256
-234
-204
-146
-75
-23
-16
-55
-95
-86
-18
65
105
96
77
78
81
45
-35
-123
-193
-223
-211
-166
-132
-143
-183
-201
-179
-128
-62
28
130
216
273
295
261
145
-26
-182
-263
-270
-251
-241
-228
-183
-117
-73
-93
-153
-196
-180
-123
-79
-64
-69
-89
-126
-156
-152
-129
-122
-119
-73
30
148
241
312
374
422
432
398
328
251
214
249
326
363
322
247
207
200
197
196
209
202
147
71
26
29
58
100
144
162
132
64
-1
-53
-90
-98
-61
11
53
30
-18
-35
-2
58
124
182
213
221
220
203
142
44
-33
-54
-34
-13
-7
-8
-22
-45
-71
-63
-9
51
53
-10
-70
-55
36
158
255
295
260
165
42
-79
-172
-203
-154
-59
25
59
47
5
-49
-107
-154
-165
-127
-69
-22
11
42
43
4
-43
-58
-61
-92
-142
-173
-184
-195
-233
-285
-318
-323
-334
-396
-477
-498
-411
-265
-120
-11
59
75
56
50
72
84
44
-15
-25
8
22
-38
-136
-209
-231
-216
-190
-153
-111
-66
-33
-9
20
48
53
23
-14
-14
35
110
158
152
110
77
79
92
67
-10
-89
-113
-80
-37
-23
-31
-29
-1
46
95
131
143
126
97
79
94
132
162
176
188
222
281
332
332
270
183
128
130
179
251
324
362
332
230
99
11
0
60
149
232
291
295
249
164
78
-7
-74
-106
-92
-46
-2
19
31
47
53
40
25
36
64
74
44
-16
-65
-85
-88
-112
-159
-217
-277
-346
-422
-487
-530
-557
-583
-599
-574
-485
-375
-313
-353
-466
-571
-595
-520
-399
-291
-223
-171
-123
-81
-48
-20
22
87
161
212
223
210
194
174
148
147
180
226
260
277
274
253
220
203
191
164
106
36
8
45
119
179
221
272
336
385
411
455
546
654
712
677
570
459
393
369
327
226
85
-41
-128
-196
-246
-260
-236
-201
-186
-196
-260
-386
-543
-649
-656
-573
-469
-400
-364
-317
-237
-159
-114
-95
-69
-49
-53
-91
-127
-137
-111
-56
24
123
215
262
253
204
155
127
131
166
234
317
384
404
378
346
343
374
417
452
465
427
335
218
131
108
122
154
189
247
291
257
125
-45
-170
-226
-244
-258
-274
-285
-271
-252
-259
-304
-324
-250
-112
-22
-60
-184
-297
-336
-301
-223
-151
-130
-190
-306
-415
-451
-420
-382
-389
-440
-496
-532
-538
-496
-403
-288
-181
-105
-59
-38
-48
-82
-122
-145
-145
-127
-93
-69
-71
-94
-105
-93
-77
-89
-128
-150
-123
-57
-2
15
8
12
37
77
111
119
98
65
58
118
226
328
380
394
387
354
305
272
247
192
94
19
22
100
190
243
272
321
416
527
611
649
651
636
619
593
562
528
490
445
397
348
303
258
204
138
69
28
29
51
69
78
83
68
26
-31
-67
-77
-65
-48
-38
-41
-71
-118
-176
-222
-235
-216
-190
-181
-187
-184
-193
-239
-312
-367
-369
-335
-301
-304
-355
-442
-516
-520
-457
-382
-340
-315
-282
-242
-231
-254
-273
-242
-174
-121
-92
-62
-12
51
118
188
238
257
262
293
335
338
287
218
171
130
62
-20
-62
-40
3
3
-77
-210
-346
-425
-418
-344
-248
-181
-166
-197
-237
-253
-221
-152
-58
35
111
163
193
208
205
199
198
199
170
104
15
-72
-144
-210
-279
-355
-400
-365
-240
-97
-22
-26
-51
-49
-25
4
37
69
93
126
178
254
318
351
337
272
183
114
105
115
80
-9
-90
-116
-119
-149
-206
-252
-255
-194
-93
21
99
131
136
153
193
240
264
254
219
193
202
232
250
245
251
282
345
417
476
498
466
394
299
221
177
151
116
69
31
6
-25
-61
-83
-70
-40
-30
-65
-124
-162
-160
-130
-104
-81
-74
-81
-84
-69
-33
10
69
132
169
156
118
106
99
58
-18
-51
-12
44
56
5
-87
-199
-290
-312
-261
-189
-142
-125
-112
-88
-57
-33
-18
-9
-15
-46
-74
-75
-68
-98
-180
-271
-309
-268
-190
-159
-211
-311
-375
-362
-278
-168
-81
-54
-74
-98
-93
-61
-19
22
46
43
6
-26
-29
-10
-26
-92
-172
-211
-193
-148
-106
-83
-67
-47
-19
7
13
-7
-46
-79
-88
-69
-26
29
100
183
272
333
352
336
293
235
163
98
57
49
64
80
98
119
140
136
81
3
-50
-51
-31
-23
-34
-42
-37
-16
20
53
77
101
139
195
262
317
323
269
198
172
196
235
252
228
160
54
-48
-121
-160
-170
-137
-65
2
20
-11
-55
-122
-225
-339
-389
-340
-230
-130
-70
-46
-35
-13
30
69
86
96
119
146
153
140
129
133
143
135
67
-63
-198
-259
-229
-144
-46
56
137
170
148
103
59
14
-29
-52
-62
-86
-118
-123
-90
-45
-19
-28
-52
-63
-42
-28
-66
-148
-222
-232
-169
-70
-3
-8
-60
-90
-70
-20
29
54
38
11
13
63
103
93
39
-13
-27
-10
13
16
14
27
57
90
112
108
68
12
-39
-83
-141
-205
-235
-211
-140
-51
22
47
27
-1
11
66
144
195
192
162
146
169
195
187
125
31
-49
-75
-42
3
5
-36
-72
-85
-102
-175
-286
-371
-392
-371
-352
-335
-316
-308
-336
-382
-394
-342
-230
-76
100
249
329
330
297
276
272
248
190
106
33
-28
-82
-124
-131
-83
-7
67
116
138
134
100
66
68
123
197
249
268
271
261
232
182
139
123
135
153
161
166
170
181
178
142
62
-35
-102
-139
-160
-172
-160
-144
-144
-139
-95
-20
38
49
44
58
107
158
180
163
117
59
6
-13
5
24
26
32
66
101
111
109
115
123
116
104
75
7
-86
-156
-171
-149
-117
-73
-8
90
195
263
265
226
204
223
265
311
332
296
203
108
76
115
174
188
124
7
-116
-197
-220
-193
-129
-56
-3
16
11
-8
-30
-40
-19
11
11
-50
-144
-219
-244
-233
-234
-251
-271
-273
-283
-302
-305
-292
-294
-323
-329
-265
-163
-104
-153
-279
-408
-475
-469
-410
-334
-275
-254
-264
-251
-184
-93
-46
-57
-84
-88
-90
-117
-168
-207
-214
-215
-228
-259
-275
-270
-258
-239
-191
-115
-42
21
90
181
271
339
368
366
334
299
282
292
312
322
329
363
431
498
527
509
464
402
340
311
329
356
325
240
154
111
99
98
83
61
54
86
131
145
107
38
-25
-82
-126
-155
-158
-158
-171
-195
-211
-201
-176
-144
-122
-105
-107
-134
-194
-279
-359
-404
-384
-316
-237
-181
-154
-143
-139
-130
-116
-91
-44
25
116
199
250
251
207
164
173
266
397
495
528
522
533
569
618
660
682
660
580
468
353
249
165
127
127
110
39
-80
-209
-332
-431
-484
-472
-414
-353
-335
-355
-381
-385
-370
-346
-321
-300
-286
-263
-230
-223
-256
-302
-322
-331
-340
-326
-257
-157
-84
-56
-53
-60
-83
-128
-169
-193
-197
-191
-176
-159
-162
-187
-196
-174
-136
-112
-93
-41
49
159
256
309
297
250
237
289
362
385
338
285
275
312
344
334
285
222
169
126
84
37
1
-12
21
81
141
179
218
282
331
307
214
131
103
111
106
72
6
-83
-175
-241
-266
-252
-209
-163
-130
-119
-140
-206
-301
-354
-319
-231
-186
-205
-237
-234
-227
-251
-277
-259
-207
-149
-90
-6
97
190
261
313
347
351
319
275
237
209
180
132
74
5
-67
-143
-203
-223
-214
-193
-171
-117
-28
65
130
154
148
133
149
214
293
343
344
322
313
314
324
330
318
258
136
-17
-135
-169
-129
-82
-70
-95
-133
-173
-197
-182
-137
-113
-145
-198
-222
-196
-148
-105
-86
-90
-113
-152
-198
-235
-245
-214
-139
-46
41
119
203
288
355
371
325
225
113
31
-18
-48
-62
-43
-6
20
23
4
-28
-73
-114
-148
-163
-155
-131
-109
-94
-84
-70
-62
-89
-161
-259
-316
-314
-260
-192
-126
-81
-71
-80
-73
-32
0
-18
-76
-117
-115
-92
-79
-85
-86
-61
-7
61
109
133
129
109
102
117
161
198
196
125
0
-115
-173
-166
-127
-63
26
124
193
187
116
37
21
80
160
205
205
159
73
-39
-126
-153
-112
-33
39
70
67
68
97
140
159
159
169
203
239
251
240
219
188
147
104
94
137
225
309
328
258
131
19
-50
-74
-77
-77
-78
-89
-92
-82
-65
-37
2
55
93
89
33
-59
-132
-143
-113
-90
-106
-135
-165
-202
-255
-308
-332
-315
-271
-240
-249
-297
-343
-343
-284
-208
-158
-148
-147
-136
-112
-83
-66
-76
-114
-153
-182
-196
-175
-106
6
98
132
122
95
65
37
34
89
200
317
378
370
331
291
229
123
-4
-79
-75
-33
-20
-67
-137
-196
-210
-197
-174
-158
-117
-27
101
207
264
303
345
380
378
357
340
335
339
357
383
392
364
319
299
325
373
389
357
291
213
137
68
26
10
-1
-31
-71
-79
-38
27
70
73
59
58
57
38
-8
-48
-73
-94
-129
-190
-278
-400
-531
-632
-660
-623
-566
-547
-572
-598
-557
-437
-296
-212
-189
-186
-167
-157
-171
-190
-183
-149
-123
-99
-67
-10
37
50
29
4
-3
13
29
6
-80
-200
-289
-299
-242
-162
-78
-3
41
42
32
54
119
186
215
209
194
187
191
202
215
234
260
293
328
354
366
357
319
265
232
257
320
361
336
248
155
87
42
-20
-110
-178
-164
-64
40
73
32
-10
-2
73
183
271
288
235
182
183
210
179
60
-96
-216
-284
-322
-346
-359
-379
-408
-421
-395
-340
-282
-213
-109
23
144
199
197
169
164
184
195
184
152
122
97
104
162
260
343
364
332
277
225
168
120
112
156
213
219
160
79
25
5
-9
-20
-8
37
92
124
147
192
289
431
568
648
648
619
620
675
742
748
647
442
203
-22
-248
-525
-878
-1267
-1644
-1955
-2168
-2270
-2277
-2246
-2200
-2134
-2007
-1819
-1586
-1343
-1126
-960
-849
-760
-667
-569
-465
-339
-197
-85
-22
35
104
165
168
141
145
204
277
304
271
219
204
271
418
608
783
916
1020
1107
1186
1262
1373
1543
1756
1943
2066
2157
2269
2416
2538
2581
2540
2473
2430
2414
2387
2330
2257
2187
2122
2053
1974
1867
1716
1509
1255
993
756
520
183
-339
-1009
-1684
-2251
-2711
-3142
-3603
-4058
-4405
-4570
-4544
-4374
-4118
-3807
-3448
-3060
-2680
-2360
-2113
-1927
-1779
-1643
-1476
-1261
-1018
-802
-640
-530
-441
-334
-200
-50
109
273
426
532
593
643
696
741
757
765
792
858
951
1030
1059
1028
992
1022
1162
1374
1595
1795
1986
2185
2391
2600
2814
3018
3194
3343
3479
3597
3654
3615
3478
3295
3131
3029
2948
2822
2591
2265
1890
1514
1145
711
126
-644
-1520
-2376
-3116
-3732
-4272
-4777
-5235
-5586
-5766
-5747
-5552
-5229
-4823
-4353
-3828
-3261
-2680
-2156
-1749
-1474
-1259
-1005
-670
-303
-23
90
58
-21
-50
-10
67
152
232
303
349
374
376
339
249
137
88
154
314
495
641
744
811
894
1056
1340
1721
2119
2469
2738
2962
3192
3457
3721
3952
4183
4468
4795
5067
5191
5161
5045
4910
4764
4552
4219
3782
3312
2880
2475
1987
1257
220
-1002
-2169
-3112
-3840
-4481
-5145
-5832
-6428
-6791
-6867
-6735
-6513
-6243
-5879
-5360
-4708
-4029
-3450
-3032
-2742
-2477
-2143
-1717
-1253
-848
-583
-471
-463
-467
-422
-327
-212
-89
71
293
533
679
628
398
143
14
75
256
464
619
683
676
649
686
834
1091
1425
1805
2205
2591
2955
3315
3689
4057
4388
4709
5067
5457
5783
5945
5934
5810
5647
5455
5182
4784
4279
3762
3312
2900
2393
1634
558
-743
-2067
-3225
-4152
-4905
-5587
-6226
-6770
-7123
-7224
-7103
-6847
-6522
-6106
-5555
-4885
-4175
-3525
-2997
-2601
-2268
-1898
-1434
-926
-470
-128
98
250
371
487
598
673
701
737
847
1033
1186
1205
1065
829
591
401
299
274
324
419
505
523
472
442
544
834
1276
1781
2264
2705
3119
3519
3887
4200
4481
4780
5111
5401
5567
5590
5522
5408
5239
4972
4583
4109
3627
3193
2761
2189
1333
153
-1227
-2603
-3786
-4716
-5455
-6121
-6746
-7256
-7570
-7670
-7608
-7434
-7165
-6742
-6090
-5225
-4302
-3520
-2965
-2587
-2267
-1911
-1479
-1003
-566
-229
-2
168
316
437
507
531
566
705
985
1327
1562
1570
1383
1138
970
913
936
984
1038
1097
1162
1215
1236
1256
1344
1552
1893
2342
2853
3379
3874
4297
4613
4820
4982
5174
5422
5672
5861
5955
5958
5889
5730
5435
4962
4333
3666
3077
2609
2130
1429
362
-1001
-2430
-3705
-4738
-5569
-6282
-6931
-7474
-7826
-7916
-7781
-7526
-7222
-6847
-6324
-5618
-4782
-3946
-3251
-2749
-2386
-2057
-1672
-1198
-675
-205
134
351
512
640
699
697
700
797
998
1224
1369
1377
1266
1093
925
821
821
922
1098
1302
1470
1550
1551
1550
1625
1793
2037
2348
2729
3157
3573
3939
4234
4473
4674
4846
4992
5102
5198
5279
5340
5367
5346
5234
4959
4500
3911
3301
2740
2229
1680
941
-110
-1437
-2848
-4119
-5145
-5963
-6673
-7335
-7916
-8308
-8432
-8319
-8077
-7780
-7403
-6869
-6144
-5313
-4519
-3894
-3439
-3048
-2598
-2057
-1506
-1030
-652
-324
-1
318
597
794
925
1050
1204
1371
1514
1655
1827
2004
2110
2095
2009
1951
1972
2031
2066
2090
2158
2309
2499
2669
2818
3005
3303
3701
4127
4514
4845
5129
5335
5465
5569
5716
5893
6019
6018
5885
5694
5549
5466
5320
4949
4309
3545
2850
2308
1796
1088
31
-1333
-2782
-4095
-5168
-6062
-6893
-7711
-8436
-8919
-9074
-8957
-8703
-8407
-8054
-7555
-6870
-6067
-5287
-4615
-4031
-3449
-2806
-2133
-1520
-1049
-708
-425
-124
219
588
955
1274
1510
1645
1703
1742
1820
1961
2114
2188
2119
1942
1778
1717
1758
1838
1952
2146
2417
2697
2929
3133
3350
3593
3875
4236
4677
5102
5400
5565
5708
5950
6306
6684
6929
6937
6722
6426
6197
6024
5707
5010
3896
2557
1281
214
-701
-1668
-2849
-4261
-5755
-7136
-8254
-9048
-9529
-9712
-9593
-9159
-8474
-7685
-6962
-6380
-5879
-5307
-4546
-3616
-2692
-2003
-1682
-1661
-1714
-1635
-1392
-1092
-843
-668
-575
-540
-492
-346
-64
312
744
1204
1657
2066
2399
2648
2806
2905
2977
3034
3031
2896
2606
2217
1852
1597
1457
1375
1320
1320
1435
1706
2154
2754
3452
4167
4847
5504
6177
6916
7693
8394
8818
8830
8484
7975
7416
6704
5626
4066
2120
14
-1983
-3665
-4992
-6109
-7241
-8456
-9608
-10452
-10840
-10749
-10235
-9409
-8395
-7284
-6076
-4761
-3397
-2123
-1087
-354
125
490
835
1076
1033
649
68
-514
-998
-1348
-1521
-1506
-1384
-1239
-1033
-640
-5
779
1560
2222
2735
3144
3521
3868
4100
4128
3945
3601
3124
2535
1908
1350
906
518
143
-145
-206
18
471
1063
1759
2546
3419
4344
5275
6210
7166
8134
8974
9478
9518
9140
8505
7734
6802
5583
3946
1887
-438
-2784
-4903
-6662
-8058
-9201
-10206
-11070
-11678
-11892
-11674
-11066
-10155
-9033
-7758
-6333
-4743
-3039
-1366
106
1254
2035
2502
2745
2775
2517
1929
1101
211
-580
-1176
-1537
-1698
-1731
-1700
-1605
-1391
-1002
-440
209
840
1425
1992
2560
3049
3325
3307
3024
2576
2056
1518
1005
580
296
153
127
207
409
738
1168
1687
2318
3097
4025
5050
6108
7151
8148
9041
9705
10003
9901
9488
8879
8103
7121
5836
4183
2175
-52
-2340
-4531
-6475
-8069
-9335
-10410
-11356
-12068
-12360
-12135
-11428
-10373
-9133
-7825
-6444
-4933
-3293
-1638
-96
1240
2317
3089
3537
3675
3484
2941
2080
1071
149
-496
-793
-812
-675
-495
-304
-82
232
660
1157
1607
1933
2153
2340
2522
2653
2668
2509
2154
1641
1067
539
140
-111
-222
-230
-132
105
509
1030
1581
2127
2724
3482
4427
5482
6510
7461
8353
9167
9743
9921
9680
9157
8429
7446
6079
4280
2147
-139
-2389
-4466
-6269
-7793
-9115
-10349
-11471
-12334
-12725
-12557
-11878
-10871
-9696
-8425
-7002
-5380
-3633
-1923
-411
817
1768
2524
3138
3563
3650
3328
2667
1850
1033
363
-83
-309
-374
-321
-133
184
619
1120
1636
2072
2395
2609
2717
2702
2581
2419
2223
1962
1612
1212
805
430
115
-122
-281
-350
-290
-54
352
898
1558
2325
3180
4091
5028
5978
6940
7893
8763
9427
9777
9800
9549
9064
8297
7128
5487
3402
1049
-1372
-3674
-5744
-7519
-9011
-10265
-11299
-12087
-12547
-12642
-12349
-11703
-10736
-9518
-8079
-6439
-4636
-2817
-1163
212
1325
2239
2961
3435
3599
3470
3110
2611
2051
1517
1045
648
330
134
101
274
675
1261
1902
2437
2794
2980
3034
2949
2736
2453
2206
2025
1859
1634
1355
1057
758
431
71
-245
-431
-427
-221
182
746
1444
2269
3217
4226
5226
6236
7289
8319
9166
9708
9921
9833
9466
8830
7881
6532
4730
2542
135
-2317
-4625
-6651
-8342
-9772
-10982
-11938
-12534
-12704
-12436
-11807
-10936
-9904
-8692
-7258
-5655
-3976
-2319
-744
654
1810
2699
3310
3583
3490
3051
2364
1548
783
217
-113
-267
-298
-211
-3
328
772
1291
1807
2238
2525
2644
2606
2490
2387
2334
2277
2139
1894
1582
1253
914
545
143
-243
-532
-632
-498
-145
360
986
1737
2610
3562
4539
5543
6569
7575
8456
9122
9513
9608
9428
9000
8293
7200
5622
3577
1218
-1240
-3582
-5674
-7490
-9100
-10525
-11706
-12504
-12818
-12631
-12024
-11155
-10118
-8919
-7484
-5834
-4090
-2418
-925
358
1472
2468
3322
3932
4184
4051
3589
2924
2196
1544
1035
709
576
622
797
1068
1439
1899
2376
2796
3121
3326
3382
3270
3052
2791
2510
2196
1845
1479
1107
738
360
-40
-464
-857
-1103
-1119
-888
-460
108
788
1570
2444
3403
4444
5570
6718
7798
8670
9250
9495
9426
9068
8412
7413
6034
4301
2280
66
-2229
-4440
-6442
-8171
-9657
-10911
-11912
-12562
-12778
-12500
-11787
-10758
-9524
-8131
-6596
-4972
-3323
-1751
-327
884
1917
2803
3547
4055
4254
4088
3593
2880
2119
1453
909
478
169
45
131
438
936
1553
2150
2596
2807
2797
2621
2371
2125
1925
1740
1533
1305
1099
921
698
357
-103
-565
-906
-1060
-1014
-752
-280
374
1169
2081
3074
4109
5135
6132
7094
8016
8862
9526
9872
9820
9388
8625
7523
6041
4154
1937
-457
-2805
-4926
-6765
-8387
-9867
-11169
-12180
-12765
-12873
-12520
-11817
-10866
-9706
-8307
-6670
-4875
-3067
-1376
113
1384
2462
3341
3962
4252
4185
3814
3247
2625
2036
1486
952
473
142
26
126
399
784
1211
1596
1865
1981
1973
1894
1754
1527
1223
928
745
688
697
673
546
289
-41
-356
-571
-650
-594
-405
-55
499
1293
2279
3372
4475
5540
6579
7614
8621
9495
10113
10389
10290
9814
8964
7743
6142
4160
1877
-519
-2817
-4910
-6816
-8584
-10192
-11525
-12445
-12882
-12875
-12523
-11890
-10974
-9756
-8248
-6511
-4651
-2817
-1147
309
1590
2726
3648
4236
4419
4247
3851
3350
2804
2213
1586
964
434
76
-65
7
236
558
901
1225
1498
1691
1774
1734
1606
1449
1320
1246
1228
1267
1335
1371
1303
1095
766
384
54
-142
-185
-70
235
768
1511
2430
3491
4659
5865
7026
8082
8978
9635
9993
10012
9701
9041
7996
6522
4623
2376
-37
-2399
-4564
-6521
-8322
-9975
-11394
-12430
-12992
-13074
-12771
-12151
-11248
-10068
-8659
-7081
-5411
-3731
-2107
-581
833
2088
3102
3796
4123
4103
3799
3308
2718
2090
1475
943
539
278
165
217
440
780
1156
1496
1756
1914
1949
1855
1650
1391
1143
944
812
758
780
822
804
685
505
333
208
129
119
222
495
970
1641
2471
3409
4432
5528
6665
7774
8768
9547
10019
10131
9861
9208
8141
6639
4745
2574
293
-1968
-4130
-6175
-8068
-9741
-11079
-11985
-12415
-12408
-12072
-11487
-10670
-9593
-8285
-6832
-5340
-3863
-2419
-990
401
1670
2684
3352
3687
3743
3594
3286
2873
2388
1867
1359
949
695
597
641
811
1088
1430
1777
2045
2164
2114
1916
1621
1281
964
736
620
620
698
786
813
774
731
736
775
795
783
797
949
1319
1922
2694
3577
4538
5556
6573
7527
8380
9087
9567
9711
9420
8625
7312
5565
3567
1475
-616
-2682
-4697
-6624
-8404
-9960
-11173
-11943
-12232
-12131
-11738
-11102
-10185
-9002
-7653
-6279
-4961
-3725
-2549
-1402
-307
659
1400
1909
2217
2369
2375
2250
1991
1583
1066
536
118
-118
-163
-51
184
550
1056
1649
2219
2629
2797
2698
2399
2009
1612
1238
922
709
630
661
760
913
1091
1265
1421
1596
1827
2126
2471
2860
3326
3933
4721
5650
6603
7467
8192
8787
9269
9608
9676
9291
8325
6812
4902
2786
609
-1540
-3639
-5667
-7564
-9241
-10590
-11539
-12040
-12125
-11841
-11232
-10295
-9083
-7694
-6287
-4990
-3856
-2835
-1862
-946
-159
424
806
1039
1214
1378
1502
1486
1282
933
517
91
-289
-542
-614
-514
-263
146
721
1392
2044
2558
2863
2966
2911
2735
2441
2074
1717
1439
1246
1121
1061
1080
1177
1360
1623
1958
2328
2712
3118
3581
4134
4794
5533
6308
7071
7780
8383
8835
9099
9122
8813
8061
6818
5143
3199
1163
-865
-2885
-4918
-6914
-8748
-10283
-11408
-12068
-12265
-12071
-11533
-10675
-9514
-8135
-6666
-5237
-3935
-2791
-1805
-971
-304
149
377
422
376
328
324
371
432
458
397
225
-39
-343
-614
-777
-773
-554
-114
510
1228
1939
2550
3017
3329
3500
3540
3444
3213
2899
2580
2305
2082
1904
1793
1767
1859
2069
2391
2798
3268
3808
4427
5142
5915
6664
7315
7840
8259
8577
8771
8781
8534
7944
6951
5548
3822
1918
-33
-1967
-3902
-5810
-7623
-9196
-10417
-11225
-11649
-11747
-11515
-10926
-9956
-8700
-7256
-5782
-4386
-3155
-2088
-1196
-543
-186
-116
-234
-432
-603
-689
-694
-691
-703
-719
-699
-659
-628
-638
-695
-757
-724
-501
-84
468
1069
1657
2188
2658
3075
3404
3566
3520
3278
2904
2484
2107
1838
1664
1563
1539
1644
1912
2352
2948
3666
4466
5289
6091
6825
7469
8004
8407
8670
8799
8758
8465
7821
6799
5425
3790
2009
182
-1674
-3572
-5470
-7233
-8713
-9819
-10547
-10954
-11087
-10942
-10451
-9596
-8439
-7132
-5813
-4567
-3389
-2262
-1227
-409
62
171
10
-266
-541
-792
-1034
-1258
-1394
-1393
-1277
-1105
-928
-772
-655
-566
-466
-311
-73
243
622
1042
1508
2032
2588
3114
3547
3845
3973
3917
3726
3460
3161
2824
2486
2212
2084
2157
2443
2903
3473
4118
4829
5578
6299
6943
7497
7939
8244
8410
8411
8160
7539
6529
5198
3659
1992
274
-1486
-3300
-5153
-6929
-8483
-9702
-10528
-10972
-11094
-10969
-10579
-9870
-8826
-7559
-6207
-4866
-3570
-2334
-1198
-266
336
562
475
190
-184
-587
-964
-1281
-1486
-1545
-1469
-1336
-1221
-1148
-1115
-1111
-1100
-1036
-914
-730
-455
-33
527
1185
1899
2640
3353
3958
4381
4569
4519
4295
3991
3666
3337
3044
2858
2831
2965
3246
3663
4204
4837
5491
6082
6553
6914
7226
7527
7779
7852
7597
6967
6008
4834
3520
2112
591
-1066
-2852
-4683
-6442
-8019
-9303
-10194
-10663
-10765
-10552
-10041
-9241
-8222
-7082
-5879
-4645
-3409
-2213
-1142
-294
250
484
474
318
102
-136
-383
-610
-779
-891
-991
-1116
-1246
-1328
-1330
-1249
-1090
-870
-628
-397
-161
127
502
973
1527
2125
2704
3204
3620
3950
4167
4229
4150
3985
3787
3573
3354
3158
3032
3030
3185
3497
3935
4451
4973
5436
5826
6172
6502
6800
6982
6926
6510
5728
4671
3454
2126
690
-846
-2462
-4121
-5764
-7296
-8596
-9555
-10103
-10252
-10077
-9646
-8984
-8107
-7056
-5909
-4729
-3567
-2454
-1422
-544
86
407
460
361
199
9
-195
-389
-542
-663
-781
-943
-1147
-1365
-1552
-1664
-1667
-1559
-1382
-1177
-951
-674
-317
142
696
1295
1879
2420
2945
3459
3927
4279
4486
4560
4542
4456
4307
4098
3865
3697
3672
3807
4048
4332
4605
4866
5132
5455
5841
6226
6480
6449
6046
5282
4266
3121
1913
642
-724
-2175
-3648
-5073
-6397
-7557
-8465
-9056
-9336
-9379
-9235
-8884
-8260
-7343
-6211
-4998
-3795
-2636
-1537
-561
186
619
741
639
432
206
1
-182
-374
-598
-867
-1167
-1486
-1790
-2027
-2139
-2126
-2024
-1871
-1640
-1310
-891
-429
46
557
1141
1800
2477
3119
3722
4296
4813
5221
5488
5606
5583
5424
5154
4803
4416
4053
3756
3545
3424
3410
3520
3754
4093
4495
4888
5180
5264
5044
4494
3679
2718
1700
653
-444
-1617
-2870
-4154
-5384
-6467
-7356
-8035
-8490
-8701
-8650
-8346
-7804
-7031
-6064
-4966
-3817
-2682
-1620
-702
3
438
608
585
487
394
327
275
206
65
-207
-611
-1093
-1584
-2044
-2449
-2760
-2909
-2850
-2588
-2187
-1716
-1225
-731
-233
309
925
1607
2306
2991
3647
4259
4809
5268
5594
5731
5655
5385
4978
4506
4047
3662
3392
3236
3146
3063
2990
2989
3116
3372
3678
3886
3822
3405
2731
2003
1364
784
122
-738
-1786
-2931
-4080
-5170
-6158
-7006
-7658
-8024
-8046
-7732
-7168
-6418
-5557
-4655
-3800
-3010
-2282
-1620
-1044
-582
-229
40
293
573
894
1203
1427
1470
1252
774
132
-542
-1176
-1740
-2194
-2460
-2500
-2346
-2101
-1851
-1638
-1427
-1151
-745
-188
508
1314
2205
3146
4064
4866
5465
5834
5996
6022
5942
5756
5479
5169
4863
4523
4102
3611
3094
2576
2094
1693
1423
1291
1288
1365
1438
1396
1188
862
526
228
-99
-587
-1329
-2296
-3345
-4280
-4964
-5369
-5584
-5713
-5783
-5748
-5549
-5174
-4651
-4056
-3500
-3067
-2734
-2417
-2061
-1702
-1375
-1082
-773
-414
9
472
929
1297
1480
1412
1111
680
234
-167
-513
-801
-1015
-1163
-1281
-1390
-1470
-1458
-1302
-987
-551
-37
518
1110
1745
2415
3080
3678
4164
4545
4836
5046
5166
5176
5047
4729
4187
3453
2596
1735
978
406
27
-210
-347
-380
-277
-45
276
632
988
1286
1469
1495
1385
1174
888
512
36
-529
-1151
-1812
-2492
-3149
-3725
-4161
-4447
-4614
-4715
-4771
-4750
-4632
-4444
-4236
-3979
-3586
-2988
-2222
-1387
-579
146
777
1307
1717
1967
2025
1904
1624
1200
657
51
-525
-1017
-1403
-1703
-1925
-2071
-2114
-2026
-1805
-1469
-1050
-554
9
596
1159
1697
2255
2828
3349
3746
4006
4132
4090
3837
3370
2772
2140
1544
1013
582
296
177
200
315
476
685
950
1279
1640
1999
2308
2527
2617
2581
2449
2237
1937
1539
1056
514
-57
-612
-1110
-1551
-1983
-2460
-2983
-3497
-3936
-4266
-4483
-4561
-4462
-4145
-3611
-2893
-2061
-1212
-435
213
710
1056
1283
1423
1473
1422
1281
1095
883
608
232
-234
-733
-1202
-1597
-1885
-2039
-2045
-1914
-1699
-1450
-1159
-785
-311
194
648
1026
1365
1695
1981
2155
2152
1949
1575
1112
650
239
-88
-315
-438
-462
-377
-172
137
525
952
1376
1733
1972
2103
2183
2281
2401
2499
2507
2383
2122
1726
1232
673
93
-484
-1049
-1596
-2125
-2605
-3025
-3381
-3672
-3867
-3918
-3796
-3487
-3000
-2369
-1659
-927
-230
378
857
1204
1450
1633
1766
1842
1854
1796
1662
1429
1088
642
131
-409
-922
-1365
-1706
-1927
-2027
-2006
-1880
-1681
-1432
-1133
-770
-367
22
353
616
829
972
997
869
622
353
136
-7
-101
-168
-196
-141
26
283
587
903
1202
1469
1684
1844
1951
2034
2127
2242
2348
2393
2360
2246
2048
1763
1406
991
518
-26
-614
-1203
-1745
-2197
-2523
-2701
-2743
-2650
-2422
-2065
-1633
-1195
-784
-382
35
446
800
1077
1292
1456
1552
1551
1457
1294
1083
813
460
34
-420
-858
-1265
-1627
-1920
-2120
-2224
-2236
-2154
-1967
-1669
-1266
-809
-364
20
333
571
704
717
609
427
231
68
-53
-158
-261
-352
-399
-379
-275
-100
101
278
403
503
622
791
988
1181
1362
1547
1741
1926
2068
2098
1958
1656
1276
893
536
181
-200
-615
-1020
-1353
-1579
-1705
-1745
-1702
-1585
-1390
-1112
-755
-365
-5
277
462
562
607
629
633
619
596
588
598
580
477
267
-12
-303
-584
-858
-1133
-1405
-1634
-1774
-1779
-1637
-1364
-1007
-623
-243
123
470
749
929
1014
1022
962
827
645
437
212
-33
-258
-416
-478
-451
-357
-216
-77
13
36
29
37
99
241
461
712
920
1038
1091
1127
1159
1163
1110
984
776
494
176
-145
-447
-722
-961
-1157
-1308
-1393
-1397
-1296
-1086
-795
-479
-183
79
304
466
550
572
562
543
513
486
458
421
348
243
117
-29
-196
-384
-585
-808
-1031
-1198
-1256
-1211
-1085
-881
-598
-281
1
243
483
737
972
1146
1257
1317
1331
1284
1173
1006
780
506
208
-59
-249
-339
-336
-254
-135
-11
108
230
348
450
548
646
729
782
800
768
674
522
324
112
-88
-247
-372
-484
-597
-708
-803
-881
-940
-965
-931
-835
-695
-531
-355
-173
10
196
376
513
563
507
356
139
-103
-325
-491
-605
-702
-810
-930
-1041
-1135
-1235
-1365
-1521
-1643
-1662
-1534
-1284
-983
-692
-427
-166
117
415
699
931
1090
1179
1205
1184
1110
983
814
608
373
145
-19
-90
-88
-45
43
187
383
597
801
986
1147
1285
1393
1465
1513
1548
1542
1452
1253
981
693
437
223
49
-90
-201
-281
-346
-426
-537
-644
-685
-623
-502
-391
-328
-277
-197
-84
15
46
-23
-180
-367
-529
-670
-840
-1077
-1358
-1634
-1856
-2007
-2078
-2079
-2012
-1892
-1743
-1589
-1442
-1294
-1149
-990
-806
-589
-346
-79
205
480
726
943
1119
1236
1269
1224
1111
958
808
693
612
528
445
399
442
590
824
1098
1346
1540
1684
1805
1914
1991
2014
1985
1922
1823
1652
1391
1079
789
564
398
267
146
23
-101
-223
-353
-494
-625
-704
-732
-729
-717
-683
-599
-470
-337
-265
-265
-318
-407
-546
-764
-1059
-1387
-1683
-1886
-1983
-2003
-1982
-1935
-1851
-1729
-1580
-1419
-1260
-1124
-1027
-970
-921
-850
-733
-573
-384
-182
20
219
400
540
616
623
577
492
384
292
251
277
324
368
430
568
789
1038
1263
1443
1585
1688
1756
1779
1761
1718
1664
1595
1480
1320
1125
940
799
733
733
754
743
666
534
367
192
35
-84
-153
-201
-246
-265
-221
-124
-43
-23
-81
-198
-360
-563
-812
-1107
-1420
-1694
-1868
-1921
-1881
-1808
-1737
-1660
-1566
-1447
-1303
-1135
-970
-820
-683
-547
-424
-333
-268
-216
-169
-130
-91
-45
-4
14
5
-31
-92
-172
-250
-324
-398
-456
-447
-339
-161
61
345
701
1078
1384
1584
1694
1747
1755
1717
1642
1537
1415
1302
1233
1190
1127
985
788
603
476
405
351
309
284
291
332
392
439
463
488
561
677
801
881
904
869
757
539
202
-218
-651
-1029
-1344
-1627
-1880
-2053
-2096
-2019
-1860
-1670
-1490
-1330
-1164
-953
-719
-513
-360
-232
-101
6
58
56
49
61
69
31
-62
-177
-294
-427
-601
-778
-907
-958
-937
-862
-726
-533
-281
23
353
661
902
1058
1139
1171
1177
1163
1107
1004
870
724
562
383
209
55
-96
-245
-362
-427
-448
-441
-390
-275
-116
32
138
216
306
430
586
742
866
930
921
834
669
440
183
-68
-306
-534
-754
-942
-1080
-1168
-1238
-1288
-1278
-1176
-999
-780
-554
-347
-153
46
265
463
603
688
740
760
723
620
466
285
90
-104
-282
-450
-602
-706
-717
-628
-486
-328
-157
42
259
463
624
731
807
867
929
983
995
936
822
714
644
556
379
117
-153
-358
-492
-583
-658
-705
-679
-571
-409
-259
-151
-65
31
144
264
396
536
662
740
728
616
427
206
-25
-259
-490
-729
-973
-1197
-1351
-1405
-1385
-1318
-1217
-1083
-907
-689
-427
-130
185
496
783
1020
1164
1188
1097
931
728
516
331
181
53
-83
-232
-370
-475
-535
-559
-543
-487
-388
-247
-74
132
362
597
803
979
1137
1283
1398
1459
1465
1431
1353
1219
1012
736
408
64
-263
-567
-833
-1029
-1103
-1042
-898
-738
-599
-468
-349
-242
-128
11
168
295
360
365
332
278
207
131
53
-37
-149
-297
-481
-705
-934
-1145
-1311
-1424
-1456
-1381
-1190
-907
-587
-287
-40
155
325
485
621
696
672
557
379
188
9
-147
-281
-377
-433
-475
-525
-565
-557
-506
-448
-405
-343
-217
-24
205
434
653
870
1066
1215
1290
1310
1303
1289
1257
1170
1007
758
470
186
-52
-243
-413
-550
-632
-636
-581
-493
-396
-309
-239
-182
-130
-63
20
106
165
178
158
125
88
37
-38
-134
-242
-355
-478
-610
-760
-932
-1093
-1188
-1172
-1056
-868
-631
-357
-70
193
392
510
560
557
515
437
340
241
145
44
-71
-189
-285
-342
-356
-336
-296
-254
-227
-199
-139
-18
156
352
537
680
777
856
951
1068
1172
1227
1240
1228
1173
1037
813
557
334
166
34
-82
-155
-174
-144
-109
-88
-78
-49
21
108
178
201
187
157
118
65
-10
-95
-185
-276
-378
-493
-612
-727
-836
-943
-1054
-1160
-1234
-1264
-1252
-1198
-1081
-874
-589
-269
40
315
542
704
784
784
714
610
511
430
343
228
93
-38
-168
-305
-449
-589
-710
-805
-858
-848
-764
-639
-531
-470
-402
-264
-68
109
230
329
444
564
665
739
774
725
575
368
172
19
-94
-173
-202
-174
-121
-68
-7
89
218
336
428
501
571
612
594
530
467
409
307
128
-88
-266
-382
-460
-528
-594
-651
-696
-729
-751
-768
-777
-768
-701
-541
-281
31
332
580
766
891
961
993
1007
1008
959
826
619
388
162
-51
-248
-408
-521
-592
-635
-651
-635
-580
-497
-399
-292
-164
2
187
357
477
567
659
769
881
958
969
907
795
672
551
422
297
205
162
151
134
98
57
23
6
8
41
86
121
131
132
139
142
128
93
38
-50
-169
-287
-353
-352
-331
-344
-402
-479
-536
-564
-562
-523
-444
-329
-187
-28
124
240
302
318
300
254
190
123
63
0
-81
-196
-336
-483
-624
-756
-866
-950
-1024
-1101
-1166
-1188
-1167
-1110
-1008
-853
-664
-487
-348
-245
-158
-72
9
64
84
92
109
144
163
169
188
258
359
444
501
530
541
526
514
522
561
604
624
626
627
640
642
619
565
496
413
320
242
195
157
99
-3
-133
-262
-357
-394
-378
-321
-247
-163
-62
54
159
235
291
350
408
448
451
423
382
343
296
223
120
-5
-121
-208
-267
-328
-430
-562
-688
-793
-895
-971
-964
-857
-696
-543
-394
-221
-19
159
275
346
402
446
451
421
385
367
379
431
503
572
619
650
663
645
564
425
274
168
114
61
-19
-102
-149
-142
-77
37
164
248
258
197
107
46
59
124
162
111
-20
-173
-292
-361
-403
-420
-393
-311
-207
-135
-106
-116
-140
-161
-147
-90
-22
15
-6
-73
-162
-247
-317
-377
-425
-455
-476
-505
-543
-581
-624
-669
-713
-743
-744
-699
-619
-518
-421
-327
-240
-145
-39
61
128
153
165
199
278
395
525
624
663
654
633
633
630
580
466
348
290
288
280
226
163
136
157
190
195
154
76
4
-25
-24
-37
-90
-155
-185
-163
-98
-11
74
137
187
256
363
485
582
629
620
573
515
454
369
260
161
118
105
67
-5
-59
-76
-92
-150
-248
-373
-528
-700
-862
-979
-1036
-1031
-979
-916
-867
-826
-763
-657
-504
-319
-135
10
93
128
142
168
219
286
359
438
523
587
628
661
693
702
668
600
508
397
272
161
72
-4
-66
-82
-36
45
110
137
139
142
160
177
164
99
-4
-99
-160
-178
-163
-111
-33
47
113
163
197
218
220
196
146
78
24
-8
-39
-92
-163
-210
-219
-190
-144
-109
-111
-154
-206
-240
-256
-268
-283
-308
-355
-416
-474
-506
-508
-462
-366
-246
-135
-41
34
84
101
92
78
77
95
142
218
307
386
430
466
512
561
558
482
357
225
120
51
7
-46
-121
-203
-261
-273
-245
-212
-220
-273
-328
-358
-363
-353
-323
-283
-252
-217
-137
-12
117
200
256
314
367
376
331
251
160
61
-40
-143
-266
-417
-550
-598
-536
-418
-304
-234
-213
-236
-268
-270
-230
-162
-91
-32
1
16
35
70
101
109
105
111
134
165
218
300
388
449
486
530
590
652
700
732
745
737
709
665
601
517
430
350
274
193
99
-2
-98
-182
-279
-393
-503
-560
-549
-497
-435
-390
-372
-376
-389
-391
-369
-312
-233
-144
-51
43
124
172
189
175
139
77
0
-72
-147
-237
-326
-367
-357
-329
-314
-316
-309
-296
-291
-332
-423
-515
-552
-533
-482
-415
-326
-218
-117
-36
32
91
157
236
332
423
491
552
617
675
698
684
661
653
647
631
616
624
650
669
650
580
472
367
301
283
298
326
338
302
226
145
78
3
-106
-248
-399
-525
-603
-630
-628
-629
-637
-630
-576
-452
-260
-19
204
330
330
229
94
-54
-207
-377
-537
-659
-733
-767
-783
-756
-690
-593
-502
-437
-417
-453
-536
-627
-675
-675
-658
-658
-656
-622
-535
-418
-287
-147
7
155
279
377
452
511
543
559
564
565
553
537
538
557
566
546
511
483
452
404
339
268
193
121
76
72
103
148
194
229
242
244
255
287
323
336
317
277
238
230
258
308
341
330
285
247
237
259
278
276
247
217
208
206
191
143
72
-16
-110
-201
-272
-337
-426
-551
-685
-780
-826
-846
-861
-862
-826
-739
-607
-450
-297
-161
-47
52
146
247
363
492
628
755
844
880
877
839
767
659
553
475
419
351
256
153
62
-29
-147
-264
-332
-320
-278
-254
-261
-279
-299
-320
-334
-350
-378
-426
-479
-517
-515
-457
-341
-189
-60
-1
-5
-3
51
148
240
308
337
326
287
255
253
254
234
184
119
48
-39
-149
-292
-435
-537
-589
-624
-690
-773
-821
-803
-753
-720
-701
-637
-495
-298
-101
68
210
321
382
407
444
532
651
744
771
742
687
635
576
493
373
236
113
10
-101
-238
-379
-489
-551
-591
-614
-618
-580
-490
-348
-191
-60
32
98
153
202
259
343
431
489
500
496
493
495
485
435
338
217
133
113
132
151
150
138
133
160
209
237
217
153
79
20
-7
-16
-53
-145
-257
-319
-318
-295
-292
-311
-346
-402
-475
-544
-593
-620
-625
-586
-513
-423
-338
-267
-204
-135
-40
84
225
361
475
563
609
608
559
473
357
221
76
-71
-214
-338
-418
-434
-402
-351
-316
-309
-316
-293
-214
-111
-32
-17
-34
-37
19
123
233
319
374
413
445
462
450
422
398
406
425
436
425
412
428
482
553
595
601
593
599
587
522
395
256
144
60
-26
-134
-251
-363
-452
-532
-597
-638
-646
-631
-609
-587
-573
-575
-567
-515
-417
-300
-177
-23
145
278
327
299
238
187
174
182
173
132
70
-7
-106
-225
-320
-382
-424
-464
-492
-488
-442
-366
-292
-233
-183
-118
-46
1
3
-27
-43
-16
34
67
77
101
141
151
116
63
45
76
133
184
201
186
177
205
262
315
341
338
327
320
313
289
231
139
25
-90
-188
-286
-396
-511
-586
-585
-517
-404
-277
-144
-32
39
56
36
12
5
24
62
113
171
246
327
379
378
346
323
305
234
91
-92
-245
-343
-406
-462
-514
-550
-564
-548
-498
-422
-338
-255
-170
-81
-11
29
49
70
115
195
311
425
490
498
493
505
518
502
450
387
348
356
398
421
408
391
409
436
427
370
290
207
125
69
61
74
56
-3
-79
-139
-179
-184
-154
-103
-62
-38
-31
-45
-77
-116
-153
-179
-186
-160
-102
-32
11
7
-31
-59
-35
49
147
197
163
65
-47
-142
-241
-368
-496
-567
-561
-501
-425
-360
-320
-305
-312
-312
-288
-234
-173
-128
-98
-74
-52
-44
-50
-59
-59
-43
-7
49
125
202
272
330
378
412
441
477
518
539
530
502
450
379
300
231
177
123
63
-11
-92
-176
-263
-358
-451
-511
-547
-583
-638
-677
-683
-684
-704
-723
-689
-594
-488
-428
-408
-375
-282
-145
-20
56
94
124
148
152
126
96
91
115
143
138
85
17
-32
-42
-22
16
44
42
17
0
18
56
74
47
-13
-58
-45
35
147
246
317
368
410
437
447
452
472
517
561
590
600
610
637
683
729
734
687
625
589
588
588
568
527
455
354
234
116
-3
-130
-253
-350
-410
-450
-459
-448
-426
-418
-433
-459
-484
-489
-470
-421
-360
-306
-278
-268
-261
-258
-261
-262
-242
-196
-134
-75
-36
-32
-46
-41
0
62
103
95
32
-61
-153
-225
-272
-286
-262
-214
-152
-84
-6
56
91
109
142
200
259
274
238
182
152
168
214
258
280
288
291
309
351
412
455
451
397
316
233
166
110
58
-8
-92
-209
-344
-476
-588
-670
-725
-746
-745
-738
-736
-720
-695
-670
-638
-574
-474
-369
-283
-211
-132
-65
-25
-4
15
36
52
65
69
47
-8
-62
-79
-57
-18
18
43
48
35
36
76
141
198
232
242
226
195
186
205
236
277
356
474
567
571
480
348
242
201
213
237
235
208
189
195
216
238
256
275
283
273
256
244
241
240
229
194
122
36
-35
-79
-119
-179
-242
-282
-283
-269
-271
-297
-324
-320
-290
-257
-244
-222
-157
-46
68
131
109
24
-69
-119
-126
-120
-118
-119
-121
-132
-139
-122
-74
-24
18
78
144
179
146
71
14
12
59
107
122
105
86
96
137
201
241
230
179
128
96
60
26
21
45
51
6
-62
-103
-97
-56
2
81
185
293
361
354
285
203
145
114
96
67
27
-19
-71
-148
-253
-346
-404
-434
-449
-453
-460
-482
-493
-452
-376
-318
-309
-313
-284
-217
-140
-89
-57
-27
12
39
44
45
68
108
134
127
99
79
77
94
117
141
142
115
89
85
105
128
136
137
131
125
121
106
69
14
-51
-117
-193
-251
-277
-260
-216
-158
-89
-12
57
93
88
67
57
68
102
150
200
215
198
166
150
149
139
105
61
43
48
48
11
-36
-66
-66
-35
23
76
78
12
-82
-158
-200
-203
-171
-112
-51
-10
7
28
73
123
138
103
47
-3
-51
-123
-225
-323
-370
-355
-302
-252
-215
-188
-172
-173
-183
-169
-107
-22
23
6
-28
-18
42
100
99
37
-37
-71
-58
-31
-11
5
30
61
100
138
176
201
217
248
309
384
456
516
552
555
551
570
615
655
662
634
578
517
452
381
297
217
167
153
138
82
-35
-186
-324
-409
-435
-415
-367
-302
-232
-179
-158
-160
-162
-174
-217
-297
-353
-336
-256
-172
-125
-126
-163
-200
-210
-176
-123
-84
-80
-92
-94
-81
-78
-103
-138
-163
-175
-193
-227
-278
-346
-421
-496
-546
-568
-564
-540
-477
-376
-280
-228
-222
-207
-137
-12
135
261
344
385
402
412
432
459
485
475
420
336
260
214
189
170
131
66
-32
-139
-207
-207
-139
-53
14
43
39
15
4
24
63
92
98
109
133
170
195
178
108
0
-95
-139
-134
-110
-91
-88
-93
-95
-89
-87
-98
-118
-134
-158
-190
-217
-217
-195
-170
-144
-107
-47
17
54
54
24
-17
-63
-96
-92
-47
16
80
143
199
239
271
298
323
338
350
373
405
427
428
425
442
485
520
517
473
403
334
293
290
315
353
391
414
394
319
204
84
-14
-68
-57
7
94
149
140
78
11
-24
-45
-81
-137
-176
-179
-161
-152
-165
-209
-276
-345
-390
-389
-332
-249
-187
-196
-247
-297
-326
-356
-403
-460
-527
-597
-644
-655
-651
-654
-676
-705
-736
-755
-757
-748
-730
-694
-634
-567
-507
-461
-418
-358
-272
-164
-61
27
104
186
271
347
409
447
472
487
486
454
397
338
288
252
223
221
239
277
325
371
387
367
353
389
465
514
504
467
442
435
427
413
397
387
393
405
394
350
301
281
297
327
337
293
200
101
23
-40
-106
-173
-242
-321
-402
-464
-487
-467
-437
-419
-414
-395
-355
-318
-311
-337
-376
-413
-430
-425
-408
-376
-300
-171
-24
88
149
190
230
250
222
157
94
63
61
63
62
51
39
40
71
138
227
318
375
358
269
160
89
51
17
-38
-90
-128
-129
-80
15
109
157
161
152
161
191
222
236
242
244
242
223
204
195
181
155
108
39
-58
-152
-201
-202
-177
-176
-205
-250
-278
-282
-274
-249
-208
-171
-186
-243
-291
-291
-256
-229
-224
-217
-168
-73
38
129
175
182
180
191
211
204
165
126
127
151
156
127
74
18
-30
-54
-65
-77
-78
-48
7
50
62
50
24
-5
-30
-38
-19
6
12
-6
-6
38
115
195
256
293
295
269
233
198
173
159
141
98
45
3
-16
-44
-102
-196
-295
-357
-357
-312
-268
-254
-274
-311
-326
-290
-220
-167
-164
-196
-235
-282
-346
-426
-494
-531
-547
-562
-574
-551
-478
-366
-254
-165
-97
-26
47
114
171
219
267
319
388
464
522
551
556
532
466
381
326
330
372
426
465
467
432
373
312
258
213
170
121
73
50
61
100
149
207
276
344
401
429
412
318
144
-69
-249
-376
-477
-548
-598
-701
-961
-1323
-1560
-1500
-1160
-678
-170
273
595
828
1082
1418
1802
2163
2446
2593
2543
2286
1876
1395
891
373
-179
-768
-1348
-1868
-2303
-2643
-2865
-2927
-2807
-2506
-2067
-1563
-1063
-577
-70
461
983
1460
1876
2201
2374
2376
2235
1987
1643
1215
728
192
-389
-983
-1535
-2014
-2407
-2702
-2881
-2930
-2811
-2475
-1921
-1239
-550
77
636
1130
1565
1917
2140
2215
2174
2059
1883
1649
1376
1063
696
292
-64
-310
-464
-588
-715
-838
-923
-922
-803
-634
-541
-597
-763
-968
-1218
-1571
-2052
-2576
-2960
-3030
-2735
-2207
-1664
-1282
-1067
-885
-584
-106
500
1124
1646
1967
2047
1890
1526
1029
516
106
-159
-339
-523
-789
-1140
-1464
-1575
-1307
-618
418
1635
2830
3815
4473
4802
4914
4970
5052
5125
5086
4861
4431
3779
2896
1872
953
318
-214
-1160
-2891
-5201
-7329
-8404
-7936
-6180
-4076
-2623
-2108
-1983
-1496
-299
1486
3524
5447
6939
7709
7465
6054
3737
1223
-775
-2004
-2730
-3471
-4664
-6350
-8094
-9214
-9170
-7744
-5059
-1597
1814
4303
5353
5028
3908
2787
2228
2236
2328
1967
898
-781
-2711
-4382
-5270
-5027
-3628
-1439
902
2825
4129
4984
5643
6218
6684
6951
6914
6527
5795
4745
3403
1908
415
-1187
-3308
-6073
-8830
-10432
-10077
-7842
-4732
-2263
-1572
-2448
-3406
-2963
-787
2366
5436
7576
8289
7494
5489
2836
279
-1416
-1938
-1772
-1860
-2884
-4875
-7251
-9059
-9348
-7637
-4152
285
4505
7322
8033
6819
4648
2675
1611
1433
1515
1076
-338
-2653
-5350
-7691
-8922
-8511
-6387
-3047
577
3486
5087
5491
5380
5509
6218
7276
8081
8053
7000
5223
3335
1866
953
376
-175
-977
-2348
-4402
-6662
-8154
-8077
-6326
-3557
-1040
-116
-1170
-3041
-3864
-2551
549
4150
6811
7554
6295
3813
1196
-705
-1420
-991
-100
225
-726
-2947
-5755
-7956
-8314
-6249
-2279
2256
5894
7627
7247
5430
3354
1991
1625
1842
1875
1036
-910
-3622
-6335
-8189
-8539
-7194
-4510
-1258
1628
3400
3833
3396
2968
3242
4292
5605
6463
6394
5391
3862
2358
1301
766
552
401
107
-678
-2306
-4608
-6669
-7407
-6347
-3890
-1281
-82
-1077
-3320
-4735
-3807
-683
3238
6275
7275
6099
3630
1109
-537
-978
-431
315
230
-1276
-3949
-6829
-8749
-8808
-6780
-3210
883
4415
6530
6871
5794
4202
2960
2387
2145
1573
172
-2030
-4509
-6565
-7635
-7449
-6030
-3691
-958
1553
3320
4186
4481
4785
5433
6239
6743
6645
6014
5115
4144
3101
1941
738
-250
-755
-855
-1135
-2299
-4336
-6269
-6868
-5653
-3250
-1083
-481
-1691
-3491
-4079
-2524
613
3924
6101
6494
5249
3124
1032
-409
-965
-823
-617
-1152
-2764
-5052
-7187
-8379
-8070
-6056
-2659
1248
4539
6323
6407
5389
4184
3377
2927
2368
1235
-664
-3108
-5532
-7239
-7696
-6774
-4807
-2376
-9
1955
3356
4169
4577
4884
5311
5830
6194
6125
5518
4553
3515
2528
1548
575
-191
-450
-116
329
-75
-1912
-4555
-6419
-6281
-4291
-1932
-972
-2118
-4311
-5459
-4153
-749
3115
5754
6292
4931
2672
714
-240
-186
381
704
46
-1859
-4551
-7105
-8600
-8421
-6423
-3043
776
3964
5751
5984
5165
4102
3349
2918
2437
1509
-28
-2037
-4125
-5794
-6629
-6433
-5252
-3294
-844
1735
3987
5465
5957
5622
4902
4238
3821
3548
3235
2880
2587
2315
1796
889
-129
-626
-84
1279
2318
1678
-932
-4293
-6518
-6392
-4183
-1544
-410
-1454
-3491
-4502
-3267
-153
3376
5749
6193
5002
3119
1421
348
-95
-235
-624
-1733
-3629
-5937
-7982
-8930
-8073
-5285
-1239
2843
5703
6596
5709
4089
2909
2633
2844
2686
1508
-768
-3598
-6074
-7404
-7257
-5840
-3642
-1200
1022
2641
3410
3387
3015
2940
3518
4509
5277
5304
4554
3392
2265
1421
926
847
1302
2318
3458
3730
2099
-1435
-5379
-7608
-6904
-3855
-559
724
-816
-3831
-5867
-5234
-2108
1915
5006
6084
5138
2977
696
-789
-1079
-469
121
-325
-2210
-5056
-7781
-9222
-8579
-5771
-1583
2619
5465
6223
5158
3376
2105
1914
2463
2842
2202
249
-2558
-5264
-6897
-6902
-5337
-2800
-109
2055
3343
3724
3464
3088
3190
3995
5087
5663
5173
3770
2170
1103
830
1070
1415
1703
2081
2681
3168
2647
310
-3536
-7202
-8638
-7003
-3423
-399
-50
-2493
-5640
-6768
-4568
-42
4432
6855
6741
4936
2689
930
35
-88
57
-285
-1693
-4114
-6786
-8681
-8962
-7295
-3954
221
4011
6237
6376
5003
3478
2949
3531
4342
4242
2620
-246
-3398
-5746
-6560
-5709
-3641
-1191
803
1847
1971
1662
1572
2173
3452
4848
5532
5005
3480
1775
767
858
1775
2832
3474
3592
3410
3047
2207
316
-2775
-6191
-8292
-7871
-5183
-1968
-345
-1340
-4041
-6097
-5422
-1812
2938
6454
7347
5784
2962
325
-1160
-1348
-850
-622
-1404
-3328
-5800
-7807
-8440
-7250
-4354
-401
3480
6051
6589
5355
3493
2270
2256
2989
3383
2499
192
-2814
-5374
-6541
-6019
-4198
-1912
-10
1006
1147
816
567
844
1784
3077
4036
4023
2947
1438
491
794
2177
3673
4340
4024
3368
2996
2772
1812
-600
-4045
-6875
-7400
-5343
-2245
-378
-998
-3381
-5364
-4961
-1841
2468
5755
6645
5256
2763
475
-848
-1214
-1176
-1395
-2266
-3748
-5438
-6783
-7269
-6558
-4571
-1558
1851
4758
6327
6299
5220
4067
3494
3412
3224
2379
792
-1151
-2845
-3773
-3657
-2546
-833
850
1944
2248
1934
1370
954
983
1502
2211
2634
2424
1656
876
811
1772
3295
4501
4844
4460
3857
3266
2264
184
-2972
-6100
-7730
-7188
-5046
-2787
-1920
-2954
-4835
-5572
-3848
-95
3901
6330
6360
4368
1555
-791
-1983
-2179
-2037
-2240
-3157
-4679
-6316
-7454
-7552
-6234
-3499
105
3577
5910
6550
5710
4268
3159
2725
2630
2292
1334
-174
-1782
-2933
-3245
-2633
-1282
378
1786
2489
2326
1471
369
-374
-296
561
1611
2175
1983
1335
889
1245
2472
3988
5001
5096
4451
3599
2893
1999
60
-3216
-6725
-8598
-7771
-4860
-1815
-679
-2149
-4818
-6098
-4331
-150
4188
6591
6344
4119
1254
-1023
-2105
-2072
-1497
-1203
-1915
-3733
-5950
-7519
-7711
-6321
-3538
77
3576
5879
6353
5278
3709
2678
2462
2534
2180
1106
-411
-1837
-2775
-3036
-2541
-1348
203
1537
2104
1679
545
-516
-663
387
2077
3428
3741
3031
1982
1462
1933
3116
4291
4877
4748
4141
3483
3003
2284
463
-2699
-6078
-7878
-7043
-4096
-971
183
-1354
-4079
-5390
-3740
228
4417
6807
6538
4092
816
-1899
-3259
-3247
-2459
-1808
-2108
-3524
-5492
-7094
-7520
-6274
-3382
428
3879
5743
5598
4098
2495
1706
1738
1931
1696
934
-105
-1178
-2172
-2876
-2966
-2271
-1048
105
624
306
-502
-1047
-651
773
2624
3981
4211
3413
2332
1813
2217
3258
4317
4839
4636
3891
3050
2515
2226
1476
-548
-3753
-6730
-7708
-6046
-2949
-597
-444
-2079
-3609
-3241
-703
2623
4920
5258
3948
1918
7
-1309
-1927
-2049
-2086
-2473
-3404
-4722
-6015
-6809
-6631
-5126
-2398
772
3271
4393
4283
3702
3380
3477
3577
3130
1925
187
-1690
-3362
-4550
-5019
-4665
-3646
-2378
-1345
-818
-620
-243
740
2288
3858
4672
4247
2816
1287
574
969
2097
3281
3950
3850
3226
2664
2709
3416
4115
3606
1085
-2833
-6194
-7198
-5573
-2649
-314
211
-945
-2515
-3039
-1873
587
3321
5196
5386
3742
997
-1549
-2815
-2590
-1609
-981
-1501
-3238
-5572
-7493
-8026
-6738
-3970
-609
2436
4596
5716
5999
5759
5172
4250
3017
1583
-16
-1821
-3745
-5390
-6195
-5807
-4409
-2689
-1350
-543
209
1464
3255
4938
5626
4896
3213
1626
962
1245
1828
2054
1803
1473
1534
2106
3021
4045
5027
5697
5485
3654
16
-4415
-7706
-8239
-5906
-2308
189
-1
-2499
-5145
-5540
-2838
1637
5410
6560
4847
1570
-1426
-2870
-2580
-1297
-147
-168
-1844
-4782
-7805
-9515
-8946
-6012
-1595
2843
6010
7388
7302
6490
5550
4639
3560
2074
129
-2093
-4236
-5885
-6698
-6528
-5474
-3820
-1900
31
1825
3372
4478
4838
4278
3060
1842
1186
1134
1257
1063
421
-341
-629
23
1625
3653
5317
6066
5889
5216
4376
3113
760
-2833
-6589
-8690
-8008
-5113
-2013
-729
-1793
-3830
-4777
-3616
-1056
1398
2735
2894
2324
1451
556
-159
-581
-849
-1394
-2680
-4728
-6858
-8016
-7413
-5011
-1499
2134
5068
6936
7759
7747
7137
6057
4495
2442
115
-2043
-3684
-4788
-5504
-5755
-5180
-3506
-1000
1506
3093
3364
2738
2096
2054
2526
2918
2710
1836
633
-444
-1062
-1068
-447
729
2298
3938
5162
5544
5063
4160
3443
3307
3643
3643
2135
-1326
-5607
-8444
-8132
-4887
-877
1168
-118
-3627
-6522
-6395
-3023
1701
5343
6469
5085
2155
-1079
-3539
-4603
-4247
-3108
-2209
-2311
-3361
-4541
-4883
-3816
-1354
1919
5043
6999
7244
6022
4218
2674
1588
583
-722
-2305
-3807
-4827
-5140
-4709
-3679
-2362
-1192
-490
-217
3
534
1410
2293
2732
2460
1546
358
-611
-924
-386
817
2091
2767
2610
2042
1752
2097
2929
3850
4536
4864
4882
4635
3915
2241
-656
-4222
-7131
-8146
-7037
-4774
-2901
-2502
-3407
-4286
-3739
-1539
1111
2639
2372
869
-755
-1654
-1583
-783
292
1122
1232
366
-1270
-3026
-4149
-4171
-3003
-845
1895
4599
6492
6969
5979
4134
2302
1046
334
-332
-1463
-3156
-4936
-6040
-5931
-4642
-2690
-703
937
2125
2864
3172
3093
2756
2346
2000
1684
1247
632
-3
-434
-539
-311
266
1232
2528
3892
5007
5743
6201
6464
6378
5682
4337
2534
321
-2448
-5514
-7826
-8179
-6327
-3373
-1222
-1351
-3689
-6453
-7478
-5846
-2351
1426
4222
5487
5220
3760
1715
-154
-1216
-1305
-900
-884
-1890
-3781
-5729
-6744
-6119
-3696
0
3895
6788
7877
7056
4888
2215
-299
-2369
-3938
-4995
-5521
-5545
-5139
-4412
-3459
-2329
-1057
271
1482
2345
2654
2348
1608
769
133
-181
-237
-89
313
1071
2130
3151
3745
3818
3689
3775
4198
4684
4838
4499
3935
3643
3905
4487
4804
4238
2345
-880
-4741
-7971
-9452
-8843
-6652
-3994
-2135
-1793
-2552
-3122
-2398
-319
2240
4246
5095
4699
3355
1631
159
-668
-1000
-1451
-2566
-4253
-5803
-6489
-6038
-4609
-2468
149
2944
5363
6668
6342
4533
2004
-404
-2224
-3367
-3958
-4260
-4578
-4999
-5235
-4801
-3453
-1487
400
1645
2279
2765
3453
4196
4535
4136
3064
1752
704
242
396
968
1625
2027
2024
1814
1851
2476
3608
4754
5370
5191
4381
3361
2479
1813
1362
1249
1379
1073
-539
-3471
-6518
-8112
-7592
-5717
-4091
-3917
-4982
-5781
-4733
-1543
2574
5902
7317
6585
4070
580
-2732
-4736
-4929
-3792
-2518
-2172
-2880
-3857
-4180
-3436
-1721
666
3223
5111
5438
3902
1200
-1366
-2737
-2734
-1974
-1272
-1082
-1428
-2095
-2771
-3092
-2777
-1862
-701
286
959
1460
1947
2362
2539
2504
2484
2662
2934
2994
2603
1792
906
395
516
1151
1933
2536
2914
3253
3763
4497
5343
6133
6673
6742
6134
4858
3187
1361
-767
-3509
-6683
-9331
-10260
-8940
-6051
-3239
-2061
-2822
-4302
-4715
-3117
-24
3110
4990
5139
3849
1809
-145
-1311
-1455
-1019
-932
-1997
-4235
-6733
-8202
-7768
-5399
-1757
2138
5270
6942
6998
5776
3855
1818
100
-1142
-2077
-3083
-4424
-5931
-6981
-6906
-5503
-3192
-707
1362
2790
3598
3872
3751
3492
3383
3546
3859
4080
4016
3663
3183
2739
2359
2006
1648
1275
895
668
947
2029
3781
5547
6559
6442
5408
3985
2647
1622
997
823
851
243
-1984
-5851
-9924
-12168
-11413
-8178
-4346
-1907
-1569
-2331
-2484
-1068
1502
4046
5549
5580
4172
1647
-1304
-3624
-4359
-3378
-1627
-454
-614
-1883
-3495
-4699
-4928
-3803
-1310
1940
4790
6109
5477
3419
954
-1073
-2391
-3256
-4132
-5325
-6701
-7621
-7262
-5159
-1619
2407
5868
8120
9047
8876
7942
6593
5085
3480
1706
-205
-1989
-3303
-3869
-3464
-1950
466
3091
5060
5970
6173
6376
6914
7417
7193
5898
3852
1735
92
-900
-1379
-1591
-1721
-1752
-1632
-1591
-2238
-4009
-6518
-8563
-8948
-7404
-4889
-2941
-2488
-3112
-3457
-2425
-85
2491
4144
4467
3760
2442
750
-1034
-2399
-2954
-2886
-2886
-3498
-4623
-5567
-5611
-4462
-2328
329
3020
5277
6632
6750
5636
3650
1325
-795
-2246
-2861
-2935
-3053
-3567
-4223
-4323
-3275
-1069
1671
4088
5580
6019
5644
4799
3747
2647
1647
943
734
1070
1772
2504
2929
2930
2730
2751
3235
4009
4646
4765
4197
3002
1439
-75
-1046
-1066
-56
1545
2927
3336
2546
982
-551
-1448
-1851
-2651
-4694
-7804
-10637
-11636
-10250
-7354
-4595
-3194
-3116
-3245
-2368
-180
2621
4952
6011
5523
3710
1271
-839
-1834
-1609
-789
-257
-490
-1311
-2159
-2576
-2403
-1700
-625
547
1475
1928
1918
1612
1099
381
-442
-1057
-1175
-897
-720
-1064
-1791
-2281
-1998
-958
340
1354
1919
2327
3009
4081
5187
5793
5567
4537
3092
1847
1348
1672
2379
2859
2804
2294
1603
975
552
442
725
1391
2197
2717
2577
1753
594
-407
-918
-946
-876
-1248
-2355
-3990
-5522
-6335
-6323
-6052
-6245
-6951
-7304
-6223
-3380
399
3527
4692
3829
2125
968
936
1661
2450
2813
2573
1761
623
-321
-450
450
1865
2758
2274
396
-2040
-3955
-4771
-4599
-3831
-2699
-1229
493
2153
3312
3712
3431
2745
1853
758
-646
-2404
-4300
-5797
-6227
-5217
-2969
-153
2478
4458
5744
6564
7118
7321
6845
5383
2977
119
-2471
-4184
-4779
-4367
-3251
-1742
-181
1082
1817
2121
2306
2581
2868
2895
2387
1243
-342
-1939
-3111
-3627
-3502
-2947
-2300
-1841
-1632
-1479
-1074
-193
980
1662
844
-1727
-4940
-6896
-6318
-3511
-234
1544
1070
-581
-1474
-426
2165
4932
6666
6908
5808
3820
1615
-58
-702
-485
-182
-676
-2281
-4547
-6587
-7574
-6969
-4644
-1054
2712
5377
6168
5206
3236
1084
-719
-1987
-2751
-3130
-3266
-3282
-3231
-2983
-2291
-1011
677
2372
3690
4469
4762
4737
4512
4030
3153
1893
539
-471
-837
-583
-80
170
-130
-878
-1719
-2328
-2516
-2197
-1366
-172
1080
2058
2553
2570
2310
2013
1767
1452
971
372
-192
-651
-964
-995
-498
657
2273
3672
3870
2175
-1016
-4138
-5432
-4281
-1660
539
876
-576
-2280
-2478
-612
2401
5064
6396
6178
4630
2130
-656
-2842
-3760
-3536
-3051
-3284
-4518
-6132
-7160
-7019
-5742
-3686
-1226
1259
3303
4442
4450
3508
2128
864
66
-259
-421
-858
-1836
-3140
-4147
-4242
-3309
-1847
-576
145
549
1154
2252
3673
4941
5558
5201
3853
1871
-149
-1670
-2499
-2831
-3024
-3332
-3714
-3832
-3174
-1378
1376
4282
6306
6810
5907
4300
2796
1857
1475
1361
1176
714
33
-522
-566
-6
850
1531
1725
1479
1108
773
176
-1155
-3100
-4714
-4946
-3603
-1541
-103
-136
-1397
-2629
-2579
-924
1503
3542
4519
4458
3654
2392
981
-246
-1101
-1746
-2612
-4068
-5906
-7284
-7319
-5868
-3609
-1439
104
949
1265
1249
1063
907
978
1285
1536
1292
292
-1300
-2913
-3868
-3811
-2882
-1534
-227
755
1310
1537
1688
2056
2721
3421
3692
3254
2267
1188
435
151
231
467
671
679
405
-43
-317
-77
638
1391
1726
1587
1341
1386
1770
2202
2435
2538
2722
3004
3126
2851
2212
1470
841
373
118
229
821
1679
2144
1418
-739
-3516
-5412
-5330
-3430
-1046
208
-454
-2444
-4216
-4391
-2655
179
2782
4075
3635
1733
-849
-3055
-3977
-3413
-2073
-1167
-1600
-3364
-5578
-7067
-7072
-5611
-3297
-925
919
2014
2453
2504
2481
2626
2929
3047
2513
1095
-954
-2961
-4197
-4295
-3474
-2324
-1376
-734
-104
853
2155
3411
4129
4137
3693
3238
2975
2746
2269
1457
496
-350
-893
-1067
-920
-550
-22
676
1509
2326
2897
3062
2849
2493
2279
2272
2305
2223
2090
2039
2059
1966
1607
1013
319
-379
-1048
-1589
-1751
-1262
-101
1268
2000
1390
-457
-2577
-3804
-3671
-2708
-2087
-2766
-4711
-6710
-7226
-5566
-2464
559
2313
2573
1866
837
-66
-641
-857
-911
-1158
-1920
-3146
-4308
-4701
-4074
-2910
-2036
-1896
-2224
-2383
-1946
-979
167
1226
2145
2931
3464
3538
3130
2529
2142
2095
2104
1688
636
-778
-1943
-2349
-1911
-922
273
1513
2775
3942
4745
4944
4553
3853
3160
2597
2032
1239
190
-859
-1537
-1624
-1141
-267
721
1536
1985
2113
2179
2423
2819
3060
2846
2165
1317
645
316
294
459
653
688
440
-55
-563
-774
-502
92
430
-190
-1960
-4179
-5600
-5429
-4001
-2550
-2252
-3318
-4855
-5516
-4495
-2066
611
2300
2462
1508
362
-169
168
1009
1614
1312
-74
-2140
-4157
-5415
-5554
-4704
-3427
-2353
-1819
-1751
-1778
-1492
-673
527
1677
2328
2300
1763
1116
755
827
1197
1549
1596
1238
596
-17
-275
-7
629
1214
1370
1085
739
771
1329
2187
2990
3516
3689
3481
2905
2085
1237
536
57
-191
-211
19
538
1340
2323
3296
4068
4464
4347
3674
2588
1410
473
-51
-254
-397
-737
-1309
-1886
-2113
-1761
-867
254
1112
1208
260
-1608
-3832
-5572
-6084
-5199
-3535
-2194
-2063
-3154
-4486
-4763
-3400
-1019
1034
1721
965
-488
-1688
-2053
-1579
-755
-247
-499
-1469
-2684
-3571
-3776
-3342
-2588
-1854
-1239
-611
174
1089
1940
2490
2583
2208
1552
923
600
626
799
840
655
441
509
1047
1953
2894
3482
3485
2948
2157
1471
1135
1200
1514
1788
1751
1368
934
876
1440
2520
3764
4739
5110
4769
3888
2783
1749
957
420
-12
-553
-1283
-2032
-2477
-2337
-1625
-701
-74
1
-303
-531
-330
315
1087
1593
1643
1253
492
-660
-2244
-4188
-6161
-7565
-7816
-6761
-4862
-2968
-1854
-1784
-2330
-2648
-2136
-912
325
917
707
5
-797
-1434
-1702
-1423
-615
391
1118
1202
593
-466
-1524
-2141
-2096
-1507
-760
-247
-160
-432
-824
-1020
-753
58
1258
2509
3401
3666
3335
2767
2377
2356
2595
2864
2996
2892
2462
1663
649
-206
-496
-105
645
1187
1162
728
417
664
1437
2306
2844
2918
2623
2062
1325
584
89
-27
100
140
-151
-651
-924
-655
10
528
467
-141
-872
-1308
-1360
-1223
-1134
-1117
-1028
-679
-24
806
1515
1774
1429
581
-500
-1535
-2286
-2622
-2634
-2631
-2915
-3506
-4087
-4158
-3353
-1754
59
1303
1509
773
-316
-1125
-1367
-1171
-835
-582
-533
-703
-1007
-1291
-1437
-1380
-1136
-820
-644
-813
-1355
-2047
-2506
-2437
-1810
-857
118
903
1468
1933
2441
3008
3532
3870
3908
3539
2728
1603
467
-343
-608
-364
98
378
238
-201
-535
-393
291
1248
2094
2567
2634
2461
2261
2179
2218
2307
2376
2385
2328
2206
2011
1736
1427
1185
1060
955
708
318
-36
-168
-84
48
80
5
-87
-130
-110
-48
18
17
-156
-577
-1225
-1993
-2703
-3176
-3339
-3364
-3581
-4180
-5010
-5670
-5755
-5058
-3711
-2202
-1173
-999
-1468
-1924
-1785
-957
171
1054
1337
1024
417
-88
-288
-256
-237
-435
-875
-1436
-1908
-2105
-1931
-1435
-763
-69
526
993
1380
1763
2127
2368
2407
2305
2241
2351
2558
2619
2379
1955
1672
1801
2341
2982
3329
3212
2797
2398
2202
2198
2266
2265
2061
1602
973
415
182
390
921
1475
1756
1644
1260
839
547
383
247
20
-355
-830
-1252
-1412
-1218
-792
-408
-313
-570
-1068
-1645
-2198
-2697
-3141
-3512
-3778
-3937
-4031
-4083
-4047
-3801
-3221
-2314
-1319
-641
-619
-1271
-2225
-2958
-3147
-2898
-2600
-2561
-2742
-2802
-2386
-1395
-62
1196
2037
2373
2353
2170
1931
1696
1560
1605
1806
1996
1990
1708
1250
876
845
1183
1614
1768
1479
938
558
664
1273
2115
2848
3263
3327
3136
2848
2606
2479
2406
2240
1836
1207
572
215
277
655
1129
1522
1784
1953
2063
2034
1727
1109
336
-425
-1142
-1865
-2555
-3042
-3149
-2842
-2296
-1788
-1450
-1186
-820
-343
46
135
-115
-541
-937
-1240
-1552
-2019
-2661
-3298
-3705
-3755
-3464
-2879
-2076
-1201
-467
-33
109
124
184
297
285
-60
-777
-1700
-2538
-3028
-3036
-2626
-1985
-1339
-835
-518
-332
-151
113
458
804
1045
1133
1113
1112
1256
1569
1945
2225
2284
2102
1753
1404
1203
1197
1303
1385
1365
1248
1095
962
886
884
982
1146
1227
1086
773
566
686
1080
1438
1473
1153
717
455
466
634
773
791
695
538
362
188
55
17
73
134
75
-165
-526
-852
-987
-872
-582
-258
-30
36
-24
-115
-149
-122
-138
-343
-831
-1539
-2231
-2613
-2517
-2021
-1420
-1016
-895
-907
-837
-564
-106
415
833
981
789
306
-289
-787
-1042
-1040
-876
-677
-526
-426
-360
-306
-240
-122
28
119
30
-247
-557
-680
-501
-119
246
410
360
243
231
350
496
567
556
497
396
247
98
48
177
466
838
1210
1511
1637
1513
1150
679
264
18
-38
49
181
254
213
107
71
239
659
1220
1679
1731
1209
232
-798
-1454
-1525
-1144
-648
-360
-398
-615
-731
-541
-52
551
1047
1260
1106
629
1
-535
-782
-717
-525
-441
-533
-652
-611
-397
-183
-175
-449
-889
-1276
-1430
-1296
-956
-573
-326
-300
-398
-403
-159
282
696
866
716
348
-56
-334
-417
-354
-259
-241
-339
-497
-627
-654
-563
-405
-279
-273
-373
-427
-244
245
879
1357
1449
1140
606
87
-225
-251
-53
209
381
413
370
373
525
838
1203
1440
1420
1161
796
475
280
225
259
329
389
427
450
476
523
550
459
148
-393
-1018
-1499
-1639
-1407
-949
-511
-239
-102
26
229
484
734
921
1007
954
739
402
56
-157
-197
-178
-277
-570
-964
-1271
-1362
-1268
-1135
-1100
-1189
-1329
-1419
-1396
-1257
-1028
-724
-371
-52
125
117
4
-89
-106
-94
-92
-78
8
152
274
291
237
224
337
558
798
980
1087
1123
1099
1032
973
1000
1150
1357
1460
1329
957
444
-55
-410
-553
-529
-442
-387
-378
-356
-246
-23
250
477
578
565
488
386
264
126
3
-62
-34
91
275
427
450
321
101
-99
-215
-277
-367
-561
-875
-1246
-1557
-1688
-1588
-1294
-928
-621
-446
-370
-294
-177
-60
-5
-22
-78
-150
-250
-390
-536
-612
-568
-433
-293
-222
-253
-383
-564
-702
-691
-506
-190
169
487
695
773
781
808
905
1048
1184
1264
1231
1028
635
119
-372
-664
-659
-442
-200
-45
97
358
737
1114
1357
1419
1341
1208
1051
834
527
185
-80
-225
-303
-396
-533
-678
-787
-819
-747
-560
-265
116
522
836
937
826
654
568
550
461
206
-154
-491
-731
-862
-863
-689
-325
118
459
541
344
-15
-354
-543
-599
-631
-755
-1003
-1298
-1522
-1595
-1517
-1345
-1136
-927
-738
-600
-542
-571
-625
-610
-469
-241
-25
73
28
-65
-78
45
239
409
507
555
607
720
922
1169
1367
1431
1350
1171
961
734
479
196
-55
-194
-178
-16
229
504
768
1011
1203
1307
1335
1357
1422
1482
1414
1137
697
267
37
82
313
576
767
879
916
848
652
340
-29
-414
-814
-1227
-1592
-1815
-1859
-1793
-1691
-1565
-1387
-1160
-932
-757
-680
-701
-765
-803
-794
-780
-803
-877
-981
-1074
-1116
-1088
-1018
-953
-933
-968
-1042
-1095
-1056
-876
-571
-205
125
324
370
319
262
251
268
262
178
7
-177
-259
-164
62
327
572
789
981
1124
1194
1188
1128
1049
973
917
895
943
1100
1342
1572
1661
1556
1312
1049
880
860
957
1059
1042
860
589
335
160
60
8
-42
-154
-339
-511
-549
-410
-181
-3
51
26
19
89
201
247
120
-206
-642
-1036
-1298
-1440
-1516
-1552
-1555
-1522
-1441
-1318
-1160
-974
-760
-543
-383
-337
-418
-588
-773
-905
-953
-940
-902
-850
-760
-601
-387
-178
-51
-22
-37
-7
134
393
701
935
1004
906
714
543
478
546
688
795
781
633
439
323
363
536
756
915
914
720
409
155
118
318
615
820
841
715
551
448
478
643
864
1021
1029
887
682
529
469
444
380
261
127
2
-116
-232
-329
-396
-440
-473
-495
-489
-445
-381
-345
-400
-544
-692
-747
-700
-627
-593
-618
-692
-795
-896
-940
-873
-683
-428
-231
-183
-274
-414
-525
-594
-640
-657
-610
-486
-327
-203
-141
-86
22
170
247
162
-90
-406
-660
-772
-733
-587
-401
-225
-65
104
294
490
660
779
806
719
553
390
308
303
296
210
45
-125
-244
-308
-342
-354
-317
-220
-81
48
114
105
49
8
3
0
-43
-120
-185
-227
-254
-263
-213
-53
228
567
839
954
900
749
572
417
320
300
343
369
314
178
52
47
210
490
763
929
962
907
820
717
592
439
256
46
-183
-390
-510
-504
-384
-206
-32
111
219
309
386
476
592
722
811
808
709
568
450
369
294
197
90
-16
-136
-290
-454
-551
-532
-408
-242
-98
-12
0
-36
-54
-4
106
209
235
143
-60
-294
-463
-528
-562
-667
-866
-1068
-1162
-1109
-962
-818
-744
-760
-862
-1036
-1233
-1358
-1339
-1185
-1000
-896
-931
-1055
-1162
-1148
-982
-701
-377
-101
55
78
30
16
114
323
560
712
694
508
237
14
-46
96
384
690
906
991
982
943
915
926
976
1018
978
826
628
478
409
364
270
113
-56
-155
-138
-6
211
469
691
806
803
752
727
752
801
829
806
713
543
328
127
2
-38
-26
-51
-162
-371
-624
-853
-1005
-1076
-1101
-1104
-1101
-1098
-1083
-1036
-951
-853
-758
-670
-595
-555
-562
-593
-609
-596
-576
-572
-592
-611
-605
-558
-451
-280
-48
206
434
593
666
688
711
760
814
813
712
518
317
198
191
255
341
444
582
752
909
986
948
828
702
639
651
689
710
701
657
569
453
384
440
614
800
884
871
858
890
906
819
616
337
19
-272
-472
-535
-489
-391
-304
-260
-243
-213
-155
-113
-121
-187
-272
-347
-428
-567
-776
-1002
-1184
-1303
-1397
-1505
-1620
-1687
-1648
-1518
-1375
-1262
-1130
-904
-594
-296
-113
-83
-179
-348
-532
-671
-721
-672
-550
-392
-235
-109
-23
33
91
182
316
461
555
551
457
340
269
288
393
535
641
661
614
545
509
534
593
610
508
275
-40
-342
-548
-615
-580
-506
-429
-333
-189
11
245
456
606
698
790
902
1004
1040
1002
917
804
660
508
404
390
450
525
566
554
503
448
433
450
454
393
268
123
19
-13
7
12
-52
-181
-315
-396
-421
-433
-484
-577
-660
-681
-630
-528
-407
-288
-194
-149
-155
-164
-118
5
181
338
420
390
247
21
-233
-439
-552
-586
-591
-592
-589
-565
-516
-445
-363
-272
-176
-91
-41
-31
-43
-50
-47
-60
-126
-251
-382
-443
-401
-287
-179
-138
-180
-266
-361
-429
-443
-382
-268
-157
-101
-108
-143
-149
-73
95
314
492
551
493
396
383
505
730
981
1190
1314
1317
1217
1080
983
937
894
796
629
431
281
254
351
497
606
660
702
762
807
772
632
429
216
6
-212
-440
-645
-780
-818
-776
-699
-629
-592
-590
-608
-605
-562
-520
-543
-650
-795
-926
-1021
-1069
-1051
-955
-784
-569
-358
-195
-121
-128
-186
-244
-288
-339
-433
-583
-755
-897
-981
-992
-941
-848
-745
-648
-546
-433
-311
-203
-115
-73
-96
-179
-287
-373
-410
-403
-354
-273
-162
-29
128
303
469
596
670
690
650
573
482
411
364
363
420
545
722
917
1089
1209
1273
1298
1288
1243
1177
1107
1041
969
890
817
779
798
863
929
946
907
845
823
874
972
1047
1030
889
652
403
229
166
173
199
195
134
4
-181
-391
-599
-777
-908
-982
-1017
-1026
-1014
-989
-972
-985
-1003
-979
-900
-823
-808
-876
-999
-1114
-1179
-1182
-1150
-1103
-1060
-1028
-1017
-1032
-1059
-1065
-1020
-936
-835
-726
-601
-468
-351
-251
-150
-54
-5
-21
-64
-75
-24
70
193
312
396
432
462
548
694
853
956
992
977
936
868
777
677
599
568
580
610
624
622
642
718
838
949
1001
985
921
821
697
561
427
313
238
232
296
384
439
432
379
302
223
170
151
135
62
-86
-288
-485
-644
-760
-859
-973
-1092
-1182
-1207
-1166
-1083
-989
-907
-849
-811
-781
-744
-706
-681
-692
-730
-764
-765
-719
-627
-505
-364
-215
-55
90
179
214
240
283
316
306
244
143
31
-49
-74
-44
32
147
280
396
484
555
613
624
566
458
360
316
324
368
436
509
559
554
496
423
388
430
540
654
712
718
723
769
832
866
832
735
604
468
340
216
100
11
-21
-8
18
45
82
108
93
17
-87
-196
-297
-390
-479
-557
-621
-660
-676
-666
-639
-621
-634
-664
-670
-639
-588
-541
-519
-549
-641
-771
-883
-916
-848
-707
-551
-450
-427
-463
-523
-581
-647
-713
-755
-724
-581
-338
-69
148
291
381
439
451
417
350
278
220
196
208
245
298
353
399
431
451
452
421
340
206
66
-13
6
109
243
373
481
566
642
727
832
932
995
999
952
860
735
614
530
489
456
407
342
287
237
175
98
20
-37
-66
-52
-4
61
120
140
116
68
43
58
89
88
27
-90
-235
-369
-464
-521
-554
-575
-584
-581
-567
-542
-503
-454
-397
-333
-285
-266
-260
-243
-234
-272
-364
-463
-520
-527
-518
-526
-554
-561
-502
-378
-232
-123
-68
-63
-94
-148
-203
-234
-238
-242
-268
-322
-375
-399
-357
-235
-73
52
80
24
-64
-136
-185
-222
-275
-348
-409
-434
-415
-338
-193
1
187
342
481
617
721
756
720
643
573
547
573
637
704
736
715
654
587
541
525
534
549
557
542
493
411
318
251
253
332
452
534
510
369
168
-13
-129
-193
-240
-283
-313
-324
-314
-286
-235
-134
5
146
227
243
243
267
316
356
365
314
206
69
-55
-148
-217
-257
-272
-270
-270
-289
-308
-300
-250
-192
-177
-214
-281
-350
-408
-448
-467
-476
-472
-441
-374
-300
-242
-212
-206
-213
-224
-236
-256
-277
-300
-333
-374
-400
-372
-288
-180
-95
-43
-10
18
42
45
12
-63
-146
-186
-166
-114
-57
12
97
174
228
284
354
420
439
387
285
164
65
10
20
94
201
299
357
370
350
320
291
251
195
133
82
40
-8
-60
-74
-32
59
151
219
241
203
106
-16
-107
-135
-98
-33
19
17
-28
-69
-71
-48
-35
-38
-61
-116
-207
-311
-399
-463
-511
-536
-523
-469
-387
-297
-219
-165
-118
-55
16
54
38
-7
-49
-95
-166
-261
-332
-337
-278
-201
-148
-122
-112
-97
-54
25
127
230
328
412
465
475
459
440
423
388
327
262
216
209
229
256
269
289
348
436
490
466
385
315
291
297
311
326
349
377
413
447
471
483
505
561
634
660
577
376
126
-81
-181
-191
-174
-182
-226
-294
-380
-471
-549
-576
-561
-530
-497
-463
-442
-456
-505
-559
-581
-567
-525
-484
-451
-428
-411
-402
-392
-364
-305
-219
-120
-17
65
107
112
115
151
211
263
265
186
29
-161
-321
-411
-430
-408
-392
-418
-473
-514
-494
-414
-297
-169
-41
75
172
241
289
333
404
507
609
673
697
700
693
671
625
567
510
476
463
450
409
329
227
117
21
-43
-77
-111
-166
-233
-275
-301
-329
-357
-354
-318
-278
-255
-240
-216
-188
-173
-176
-183
-204
-248
-310
-361
-377
-369
-352
-332
-304
-286
-276
-263
-230
-206
-225
-286
-349
-376
-361
-322
-284
-256
-233
-204
-169
-133
-95
-50
10
88
169
219
210
158
121
149
239
343
410
424
420
442
505
591
665
707
716
692
645
587
545
536
554
579
580
563
553
571
630
720
796
811
750
643
523
405
307
244
204
138
18
-134
-269
-353
-377
-359
-320
-298
-316
-377
-450
-497
-497
-463
-412
-343
-266
-227
-263
-339
-387
-372
-330
-304
-304
-317
-331
-340
-345
-340
-312
-253
-172
-110
-120
-190
-261
-270
-234
-196
-174
-178
-205
-243
-259
-239
-202
-163
-123
-94
-98
-132
-154
-141
-129
-150
-195
-217
-210
-189
-166
-130
-92
-89
-125
-165
-164
-115
-37
37
88
107
112
119
137
169
209
243
230
153
34
-60
-97
-83
-55
-28
5
46
93
129
149
146
128
117
135
163
154
81
-20
-113
-166
-169
-125
-62
0
57
119
173
198
192
175
178
205
224
205
147
68
-14
-86
-131
-134
-98
-37
31
86
118
132
148
183
227
270
310
351
388
410
420
424
434
433
420
413
417
434
451
465
457
403
307
186
63
-40
-104
-122
-124
-147
-198
-238
-239
-206
-164
-117
-62
-14
13
5
-33
-89
-129
-123
-83
-44
-26
-34
-66
-118
-169
-209
-233
-236
-213
-181
-168
-178
-193
-193
-165
-101
-5
84
126
105
36
-65
-182
-282
-339
-357
-366
-381
-395
-401
-395
-372
-312
-231
-158
-129
-148
-186
-203
-182
-145
-123
-137
-175
-219
-236
-202
-115
1
117
208
259
257
211
149
106
84
61
14
-55
-151
-265
-374
-442
-457
-442
-421
-400
-372
-343
-320
-295
-243
-153
-49
40
98
124
140
153
172
195
235
299
372
433
477
520
563
600
629
644
629
580
506
424
329
218
111
45
36
64
101
144
194
255
331
412
476
500
492
469
446
421
396
362
319
270
230
209
194
161
93
2
-82
-148
-212
-279
-338
-370
-378
-367
-330
-274
-234
-244
-290
-330
-327
-296
-266
-260
-261
-248
-216
-173
-134
-111
-106
-118
-142
-183
-227
-267
-302
-350
-433
-537
-620
-637
-592
-527
-477
-442
-403
-366
-342
-330
-306
-254
-167
-69
4
35
51
97
185
278
351
400
409
379
323
270
237
229
234
241
232
217
211
226
255
290
320
325
298
255
235
261
317
371
393
384
376
399
458
526
585
633
667
667
618
524
403
286
197
145
126
138
157
161
131
70
4
-41
-65
-95
-149
-226
-319
-409
-478
-513
-529
-534
-523
-490
-440
-386
-315
-227
-160
-154
-214
-300
-388
-463
-505
-498
-462
-450
-462
-456
-406
-358
-356
-375
-369
-334
-327
-370
-445
-523
-580
-603
-585
-550
-528
-530
-527
-475
-372
-248
-135
-44
35
111
174
187
142
80
67
135
272
418
524
554
530
502
517
572
626
638
599
534
471
410
356
314
299
310
326
331
308
271
235
209
191
177
162
144
137
165
222
283
331
352
346
312
265
213
157
94
31
-7
-14
-5
-10
-39
-68
-84
-94
-118
-173
-242
-304
-330
-312
-267
-219
-191
-182
-174
-167
-158
-147
-150
-180
-234
-254
-206
-114
-48
-31
-30
0
75
154
197
186
150
122
113
113
106
80
35
-20
-58
-55
-9
49
93
117
129
152
193
231
255
273
299
330
342
321
288
267
267
274
255
191
96
16
-12
-1
19
14
-13
-53
-98
-142
-188
-226
-249
-242
-221
-210
-228
-264
-298
-314
-308
-280
-248
-239
-257
-288
-320
-358
-397
-427
-445
-456
-463
-458
-453
-444
-417
-365
-304
-258
-242
-261
-299
-328
-326
-302
-277
-263
-248
-225
-175
-77
66
217
329
386
401
396
390
388
379
364
355
364
376
375
375
395
419
409
357
308
296
305
300
278
254
226
196
162
135
105
63
12
-34
-64
-96
-136
-172
-185
-173
-150
-118
-76
-41
-27
-35
-40
-21
27
72
84
56
21
3
10
32
54
57
37
22
36
62
76
80
107
158
200
206
179
135
82
37
11
9
23
40
41
23
-1
-25
-53
-90
-125
-150
-162
-161
-154
-162
-196
-243
-271
-255
-204
-146
-112
-115
-154
-210
-263
-284
-273
-249
-220
-170
-87
18
114
177
203
196
179
161
137
93
35
-30
-82
-105
-80
-15
55
103
136
183
252
338
419
471
476
431
370
321
292
260
212
153
113
114
143
172
178
169
154
144
132
111
68
-3
-96
-192
-278
-353
-412
-450
-466
-468
-449
-402
-330
-246
-163
-97
-62
-77
-139
-217
-274
-299
-297
-284
-266
-268
-306
-373
-431
-448
-418
-363
-311
-277
-273
-297
-335
-347
-319
-255
-184
-128
-94
-58
8
96
187
268
346
417
469
492
489
465
420
360
292
226
177
161
173
195
208
202
179
146
119
103
90
79
75
83
92
95
107
138
174
186
165
145
147
178
218
254
259
214
128
48
2
-18
-17
9
57
89
99
87
73
62
58
60
63
62
58
43
17
-22
-71
-114
-128
-96
-26
53
105
114
94
66
44
24
-1
-24
-51
-79
-99
-101
-94
-84
-70
-52
-36
-26
-14
4
31
58
71
62
20
-42
-108
-161
-205
-245
-264
-239
-169
-88
-25
20
62
99
113
104
83
57
25
-8
-29
-36
-32
-24
-21
-38
-84
-148
-209
-244
-236
-195
-134
-72
-23
4
-9
-76
-169
-240
-255
-228
-185
-144
-118
-104
-77
-22
45
94
113
117
109
86
48
-3
-70
-155
-238
-284
-275
-224
-173
-156
-175
-199
-207
-184
-137
-77
-30
-28
-69
-116
-142
-149
-149
-135
-85
-10
63
108
135
175
244
334
417
473
496
496
480
453
411
364
321
288
260
232
203
167
131
117
141
197
246
252
207
119
12
-95
-187
-241
-252
-230
-199
-158
-98
-14
68
132
182
232
277
297
293
268
240
212
177
116
27
-60
-120
-152
-173
-200
-240
-304
-393
-491
-569
-612
-618
-590
-534
-464
-401
-349
-299
-240
-172
-94
-5
76
126
132
98
46
7
0
29
60
75
66
38
-20
-107
-192
-237
-228
-188
-134
-81
-24
37
103
172
223
247
245
242
245
245
242
247
269
301
337
372
390
380
353
340
351
379
395
390
367
348
355
372
361
301
203
103
24
-12
-7
30
78
109
110
80
46
40
56
53
-3
-97
-180
-223
-238
-257
-290
-323
-350
-371
-387
-397
-390
-368
-329
-267
-200
-153
-140
-153
-181
-224
-282
-347
-409
-456
-483
-483
-473
-463
-453
-430
-387
-320
-225
-129
-77
-84
-112
-110
-72
-8
76
171
245
287
305
306
273
207
149
133
137
109
51
12
31
65
73
58
64
88
108
128
150
165
160
171
212
268
313
340
349
331
288
228
169
124
95
64
17
-45
-95
-127
-152
-187
-232
-283
-324
-343
-330
-296
-259
-212
-147
-84
-47
-42
-37
-15
24
71
124
184
248
309
350
367
363
354
345
316
265
193
116
32
-62
-168
-259
-299
-292
-260
-234
-213
-193
-170
-140
-92
-32
24
55
51
15
-43
-101
-129
-110
-55
11
85
162
221
243
259
295
350
372
339
275
214
175
144
113
76
39
4
-33
-58
-58
-43
-37
-60
-91
-113
-132
-165
-221
-278
-310
-286
-203
-100
-14
47
103
161
220
290
381
466
502
473
405
324
231
136
50
-10
-60
-110
-159
-187
-188
-167
-128
-82
-41
-23
-26
-35
-33
-23
-13
6
52
122
187
213
199
156
93
23
-56
-139
-223
-273
-287
-290
-320
-394
-484
-560
-586
-556
-491
-434
-411
-413
-406
-361
-277
-179
-109
-75
-50
-14
30
75
117
146
139
100
62
42
30
4
-32
-72
-103
-120
-123
-122
-125
-128
-122
-110
-91
-58
-13
34
72
93
100
92
75
69
95
151
195
193
156
122
119
140
172
196
192
150
83
20
-11
-5
17
32
30
14
-8
-22
-5
49
123
186
233
287
358
431
485
518
537
536
502
439
360
281
205
132
70
25
6
-1
-2
-14
-35
-59
-81
-88
-63
7
94
158
179
168
137
85
14
-61
-118
-151
-163
-155
-131
-113
-129
-178
-220
-224
-205
-207
-236
-268
-288
-317
-369
-431
-474
-475
-444
-385
-312
-222
-128
-49
9
50
94
140
164
147
112
101
132
180
217
223
181
100
22
-16
-14
-6
-7
-22
-55
-97
-136
-166
-199
-229
-230
-184
-104
-22
33
71
100
124
144
168
208
257
308
363
413
437
401
317
225
173
162
160
143
106
48
-35
-134
-226
-290
-324
-338
-330
-306
-276
-248
-233
-231
-242
-250
-254
-255
-263
-263
-239
-194
-151
-145
-187
-259
-316
-321
-282
-235
-212
-212
-224
-243
-248
-217
-152
-90
-56
-44
-33
-10
34
82
108
106
86
75
66
72
104
150
181
174
150
137
161
219
289
340
361
370
386
403
400
377
364
394
459
513
512
464
409
379
379
379
368
340
304
263
224
184
143
94
36
-29
-88
-120
-121
-106
-91
-81
-83
-98
-118
-121
-107
-84
-72
-71
-70
-55
-21
20
63
92
98
79
60
56
49
19
-20
-43
-46
-66
-111
-158
-178
-185
-200
-218
-207
-151
-78
-14
14
20
24
40
58
62
54
26
-18
-73
-113
-128
-127
-123
-132
-151
-180
-215
-247
-263
-265
-275
-308
-353
-380
-382
-372
-369
-377
-387
-386
-355
-294
-210
-117
-24
53
100
110
99
87
90
93
77
36
-9
-39
-57
-78
-111
-150
-186
-229
-279
-322
-341
-338
-339
-352
-369
-372
-354
-319
-279
-240
-192
-121
-29
61
131
184
223
257
276
286
291
299
304
295
278
256
243
232
221
192
148
108
101
141
219
302
365
410
444
463
466
467
496
552
622
676
706
706
675
623
554
484
434
431
468
507
503
448
360
262
171
85
5
-66
-122
-172
-230
-312
-404
-470
-486
-454
-397
-331
-266
-209
-164
-134
-125
-138
-144
-121
-81
-58
-68
-101
-141
-177
-199
-210
-228
-265
-314
-361
-400
-432
-453
-460
-460
-465
-472
-472
-472
-477
-479
-443
-349
-210
-74
32
97
128
140
161
208
269
322
352
348
308
249
197
169
158
149
145
147
142
122
90
49
-3
-66
-130
-165
-156
-114
-72
-56
-62
-71
-72
-71
-79
-99
-123
-135
-124
-108
-99
-99
-93
-80
-69
-56
-35
-17
-28
-74
-139
-204
-261
-300
-320
-331
-330
-310
-270
-225
-199
-195
-201
-202
-180
-140
-91
-53
-23
8
54
112
169
199
194
173
173
212
285
362
413
431
420
399
378
354
328
306
285
264
245
237
240
246
247
252
254
258
259
264
275
277
258
209
147
92
53
19
-13
-46
-63
-70
-73
-82
-96
-99
-95
-88
-87
-92
-107
-141
-182
-199
-180
-139
-84
-1
103
180
198
162
111
83
86
103
108
88
52
13
-15
-26
-20
-5
15
28
28
17
-12
-59
-110
-141
-144
-133
-133
-148
-170
-177
-159
-117
-60
-10
12
7
-3
14
49
71
72
82
119
174
217
234
217
168
96
27
-24
-49
-57
-60
-59
-52
-29
-6
6
4
-4
-29
-80
-151
-199
-205
-185
-175
-185
-206
-227
-247
-268
-283
-277
-248
-197
-144
-113
-118
-157
-200
-232
-241
-227
-184
-122
-54
-12
-19
-61
-101
-114
-104
-94
-93
-104
-122
-143
-152
-137
-98
-49
-18
-17
-27
-35
-44
-61
-77
-74
-48
