-224
-234
-221
-170
-121
-112
-145
-209
-288
-342
-345
-314
-262
-191
-131
-153
-267
-380
-411
-381
-341
-293
-205
-66
103
260
344
350
318
312
347
396
419
380
306
253
255
282
291
257
178
87
32
49
127
255
413
557
622
594
524
466
437
419
408
397
376
313
203
90
20
13
21
-1
-63
-121
-107
-9
118
166
88
-57
-156
-155
-95
-50
-40
-41
-30
-19
-37
-98
-190
-267
-293
-276
-263
-284
-331
-371
-383
-382
-396
-448
-519
-575
-573
-508
-411
-338
-335
-403
-503
-566
-534
-395
-197
-11
105
150
169
209
277
333
350
349
363
392
411
414
408
377
297
206
165
155
104
7
-55
-27
45
91
93
69
36
13
-2
-25
-71
-119
-124
-75
6
93
180
246
260
221
169
161
190
210
171
84
-4
-67
-137
-238
-331
-346
-286
-253
-320
-450
-563
-622
-632
-591
-491
-349
-205
-100
-61
-84
-125
-129
-82
-26
-11
-45
-107
-162
-195
-203
-178
-106
0
99
163
217
279
309
282
243
263
323
343
296
219
170
174
225
294
325
316
301
325
379
426
457
500
547
542
454
324
198
75
-46
-130
-146
-101
-25
24
9
-41
-37
61
171
216
202
193
203
203
180
137
96
86
117
150
119
22
-102
-227
-336
-406
-392
-285
-151
-70
-87
-175
-260
-298
-281
-240
-189
-132
-78
-60
-98
-159
-175
-110
2
112
175
170
112
72
116
214
254
163
-21
-196
-261
-197
-77
0
-1
-36
-70
-114
-167
-191
-151
-75
-26
-27
-53
-50
-10
39
68
82
92
98
106
136
193
215
135
-46
-231
-339
-363
-327
-246
-129
-25
20
-11
-105
-231
-362
-475
-545
-540
-450
-317
-195
-112
-74
-97
-172
-237
-226
-136
-36
18
18
-24
-89
-160
-197
-171
-86
17
95
131
120
64
3
-13
46
148
237
267
232
153
73
16
-9
-6
37
121
225
332
423
465
428
342
271
248
267
303
343
350
299
200
93
11
-33
-30
4
36
48
33
-3
-36
-48
-27
17
66
118
158
181
190
192
200
204
210
219
222
209
186
202
255
295
265
160
13
-144
-271
-328
-311
-267
-240
-246
-271
-306
-346
-378
-400
-425
-440
-407
-317
-226
-193
-233
-298
-317
-243
-89
72
167
181
153
140
152
151
89
-16
-98
-125
-129
-151
-164
-137
-74
-22
-5
-19
-50
-70
-44
44
137
140
42
-71
-97
-40
51
134
200
209
136
36
12
99
223
297
312
286
218
122
62
90
154
166
91
-27
-140
-219
-224
-131
11
123
160
144
117
111
139
182
230
262
264
224
164
129
134
158
156
125
80
45
18
-40
-150
-303
-442
-521
-536
-487
-388
-273
-186
-148
-132
-116
-80
-12
82
172
221
227
229
247
257
223
145
55
-29
-94
-107
-32
113
239
271
189
46
-103
-224
-304
-344
-371
-414
-473
-519
-544
-561
-544
-460
-317
-178
-93
-50
-25
8
62
115
133
121
130
173
196
139
10
-130
-233
-272
-258
-201
-121
-41
12
10
-34
-81
-88
-70
-55
-55
-57
-53
-60
-93
-127
-136
-116
-76
-10
92
185
208
144
58
10
20
65
123
202
302
408
461
430
341
247
192
181
220
289
367
425
428
379
316
290
309
317
260
154
63
28
5
-47
-92
-76
-7
55
102
175
301
452
576
649
668
655
626
590
563
566
605
629
583
473
334
205
97
36
22
5
-79
-232
-389
-497
-545
-580
-621
-661
-659
-596
-499
-406
-355
-345
-370
-409
-436
-424
-370
-300
-250
-240
-265
-315
-362
-383
-379
-356
-336
-325
-325
-325
-319
-309
-315
-364
-463
-569
-608
-546
-412
-286
-196
-148
-148
-207
-296
-335
-278
-146
-20
19
-52
-184
-294
-336
-321
-272
-213
-149
-72
-10
7
-22
-39
-3
74
144
176
175
158
164
201
258
298
319
338
355
344
295
245
230
261
302
314
281
231
188
140
71
-3
-38
-13
49
95
94
59
57
116
224
338
423
456
436
392
361
369
398
423
433
440
452
439
375
294
267
324
419
480
472
425
386
366
332
259
173
130
147
196
245
263
220
113
-7
-68
-51
-8
-1
-44
-112
-174
-220
-257
-298
-337
-356
-352
-341
-336
-320
-268
-190
-141
-167
-228
-237
-160
-73
-56
-103
-152
-173
-188
-220
-292
-381
-450
-462
-437
-421
-437
-460
-467
-465
-451
-410
-344
-294
-260
-210
-134
-88
-110
-172
-219
-225
-187
-91
42
156
177
87
-78
-227
-262
-159
39
244
388
444
429
378
321
279
268
287
307
300
252
193
160
158
151
109
65
76
156
257
329
368
365
297
159
1
-93
-84
-5
64
75
39
-7
-32
-28
1
42
69
67
41
8
-21
-52
-78
-116
-165
-213
-229
-200
-151
-105
-85
-84
-109
-141
-178
-197
-168
-99
-51
-91
-196
-298
-358
-400
-426
-413
-356
-283
-223
-184
-160
-164
-192
-224
-224
-197
-178
-167
-142
-94
-39
32
127
219
267
279
283
281
258
233
241
261
257
220
200
208
207
175
136
121
126
145
201
290
378
421
430
410
353
249
133
48
-23
-76
-97
-78
-58
-66
-71
-54
-16
30
68
90
105
158
261
374
435
420
336
203
58
-47
-77
-42
18
63
62
15
-53
-80
-52
-5
30
62
102
115
66
-26
-116
-165
-171
-154
-133
-125
-129
-131
-102
-15
106
203
228
198
173
192
243
268
230
139
28
-84
-193
-296
-382
-442
-478
-504
-522
-520
-490
-457
-449
-469
-472
-432
-357
-295
-267
-244
-205
-149
-91
-36
15
67
134
222
322
415
482
496
443
332
216
135
89
35
-46
-147
-262
-378
-461
-456
-371
-275
-227
-216
-198
-155
-113
-106
-151
-222
-269
-241
-136
-22
32
28
47
139
272
375
411
379
296
193
96
35
14
30
64
92
112
119
124
131
148
168
176
191
232
284
285
219
119
61
61
110
169
197
184
131
72
19
-14
-29
-20
15
70
103
80
-2
-93
-155
-187
-197
-207
-237
-290
-321
-297
-229
-178
-180
-230
-305
-387
-448
-471
-459
-396
-288
-157
-67
-29
-9
20
32
-4
-44
-49
-15
28
82
135
182
235
325
421
458
415
340
292
304
388
489
532
467
346
248
221
259
331
407
456
476
490
510
523
507
453
359
240
140
98
112
138
130
64
-33
-124
-181
-215
-237
-240
-222
-206
-213
-220
-196
-133
-64
-18
-12
-45
-100
-154
-189
-215
-244
-282
-316
-326
-312
-298
-308
-341
-367
-377
-381
-398
-431
-466
-488
-473
-438
-450
-551
-689
-757
-713
-604
-507
-446
-411
-394
-376
-334
-261
-180
-126
-112
-102
-69
-19
13
7
-33
-80
-90
-23
120
285
411
464
474
479
484
460
390
314
299
377
477
501
421
316
295
366
468
547
580
547
454
351
297
293
308
330
354
365
346
293
220
150
114
116
112
67
-3
-52
-42
-2
20
3
-28
-29
8
49
45
-22
-132
-237
-297
-309
-295
-274
-267
-281
-310
-321
-300
-252
-185
-108
-26
43
91
136
192
244
270
244
173
68
-28
-80
-69
10
137
246
265
189
99
68
86
105
88
38
-37
-109
-172
-223
-268
-249
-127
72
260
355
342
249
146
89
98
149
208
245
234
150
-21
-239
-404
-447
-384
-302
-246
-206
-184
-193
-252
-323
-362
-335
-272
-231
-246
-314
-404
-493
-534
-506
-441
-385
-332
-238
-113
-37
-62
-167
-278
-333
-304
-212
-116
-74
-95
-140
-165
-138
-53
85
225
311
314
253
174
101
57
67
132
215
265
279
300
357
424
441
398
333
299
298
298
269
204
130
65
26
5
-5
-22
-50
-92
-130
-139
-113
-71
-41
-32
-14
24
65
81
91
106
89
0
-128
-222
-260
-254
-234
-229
-263
-307
-306
-250
-219
-290
-471
-694
-895
-1030
-1074
-1013
-854
-628
-383
-159
57
314
614
923
1212
1497
1769
1991
2150
2231
2217
2073
1851
1626
1453
1324
1221
1113
948
692
366
47
-198
-347
-440
-519
-599
-672
-749
-841
-934
-996
-1013
-995
-956
-908
-863
-826
-801
-787
-786
-784
-754
-674
-535
-387
-301
-327
-450
-610
-769
-872
-895
-856
-822
-834
-857
-869
-862
-836
-758
-618
-462
-324
-194
-56
56
92
48
-4
12
119
259
367
425
445
444
434
454
521
614
714
809
863
822
697
573
536
583
640
644
573
450
337
294
312
317
247
104
-75
-251
-377
-418
-422
-471
-606
-770
-886
-928
-916
-898
-887
-852
-737
-529
-298
-124
-37
19
106
241
395
522
589
599
577
586
647
759
889
978
988
944
925
970
1055
1121
1130
1058
927
781
648
524
413
344
327
341
346
326
284
243
204
148
71
-19
-98
-163
-197
-187
-125
-55
-27
-73
-153
-214
-229
-219
-228
-278
-356
-433
-497
-554
-631
-742
-884
-985
-991
-908
-810
-751
-740
-778
-840
-900
-943
-983
-1017
-1018
-970
-900
-833
-781
-713
-595
-431
-248
-78
96
272
415
489
508
536
620
742
851
905
912
880
819
753
710
697
680
636
542
389
201
46
-32
-47
-51
-75
-117
-183
-275
-393
-511
-595
-620
-568
-444
-288
-166
-127
-149
-169
-138
-70
-11
-3
-43
-93
-113
-82
-11
65
101
86
48
11
-3
27
102
178
199
169
145
167
227
300
372
439
509
582
638
640
581
500
460
490
561
588
489
271
8
-207
-348
-433
-499
-590
-730
-921
-1124
-1291
-1384
-1419
-1458
-1545
-1642
-1643
-1493
-1257
-1076
-1035
-1079
-1095
-997
-770
-449
-99
218
510
825
1174
1526
1840
2104
2327
2539
2779
3040
3262
3371
3340
3208
3064
2996
3021
3047
2938
2619
2140
1647
1274
1079
983
847
507
-103
-914
-1785
-2566
-3183
-3615
-3903
-4083
-4168
-4159
-4060
-3913
-3720
-3449
-3049
-2533
-1979
-1509
-1199
-1054
-1017
-990
-913
-781
-666
-630
-694
-800
-885
-927
-955
-1001
-1078
-1144
-1128
-999
-786
-572
-418
-352
-364
-397
-368
-212
47
334
595
833
1078
1351
1640
1927
2199
2472
2766
3092
3426
3706
3885
3957
3957
3941
3953
4028
4157
4303
4400
4425
4370
4255
4093
3884
3580
3109
2468
1760
1147
705
355
-108
-838
-1841
-2954
-3974
-4756
-5300
-5704
-6051
-6325
-6436
-6347
-6072
-5666
-5184
-4657
-4038
-3261
-2356
-1475
-791
-373
-183
-126
-101
-27
119
277
351
284
101
-138
-396
-682
-976
-1184
-1226
-1120
-976
-902
-941
-1061
-1171
-1170
-992
-673
-294
49
315
529
736
966
1226
1526
1875
2275
2729
3237
3758
4220
4548
4736
4849
4983
5209
5519
5837
6076
6189
6158
5963
5565
4981
4322
3740
3306
2910
2336
1411
134
-1314
-2708
-3908
-4908
-5766
-6510
-7101
-7474
-7611
-7565
-7400
-7137
-6725
-6083
-5187
-4131
-3095
-2254
-1678
-1314
-1032
-707
-294
168
611
967
1181
1230
1146
985
773
497
201
-36
-170
-254
-364
-547
-821
-1177
-1553
-1830
-1905
-1749
-1435
-1059
-710
-418
-176
64
337
679
1116
1688
2379
3128
3830
4410
4837
5157
5457
5797
6164
6468
6659
6749
6795
6806
6713
6422
5893
5200
4501
3927
3467
2933
2086
817
-744
-2338
-3749
-4919
-5892
-6734
-7460
-8030
-8385
-8488
-8402
-8218
-7978
-7600
-6975
-6080
-5021
-3966
-3055
-2367
-1878
-1502
-1104
-611
-67
409
759
1035
1287
1484
1534
1408
1158
910
761
756
839
898
835
615
295
-19
-229
-279
-160
74
328
522
645
730
814
927
1124
1451
1939
2566
3239
3819
4230
4531
4834
5174
5503
5773
5997
6210
6424
6618
6718
6607
6191
5496
4690
3971
3419
2942
2319
1375
105
-1341
-2765
-4049
-5162
-6107
-6887
-7488
-7898
-8111
-8172
-8165
-8143
-8050
-7743
-7109
-6174
-5089
-4040
-3151
-2456
-1925
-1507
-1149
-813
-468
-104
287
695
1069
1307
1335
1181
977
845
811
805
771
708
641
562
443
282
130
41
50
164
366
619
868
1086
1285
1501
1780
2159
2630
3144
3641
4109
4573
5027
5419
5693
5843
5907
5947
6033
6220
6459
6582
6404
5859
5076
4276
3624
3117
2594
1848
761
-597
-2046
-3396
-4564
-5569
-6475
-7284
-7916
-8293
-8414
-8380
-8286
-8147
-7892
-7445
-6799
-6017
-5204
-4445
-3769
-3154
-2564
-1995
-1478
-1051
-711
-410
-72
328
749
1084
1271
1343
1397
1474
1525
1499
1415
1317
1210
1086
965
907
921
995
1084
1181
1293
1430
1599
1804
2076
2412
2780
3153
3553
4000
4470
4912
5325
5730
6094
6361
6507
6582
6649
6739
6829
6797
6533
6028
5434
4858
4254
3481
2500
1390
202
-1106
-2563
-4058
-5437
-6632
-7673
-8556
-9212
-9566
-9565
-9195
-8523
-7760
-7152
-6740
-6314
-5593
-4520
-3282
-2136
-1199
-481
-37
51
-190
-490
-562
-305
116
483
701
768
686
447
171
79
320
797
1251
1476
1427
1185
886
702
754
1039
1404
1655
1694
1570
1417
1352
1442
1704
2136
2714
3380
4064
4717
5338
5919
6416
6803
7124
7444
7792
8144
8423
8432
7871
6561
4656
2597
777
-644
-1748
-2729
-3836
-5234
-6857
-8430
-9671
-10456
-10751
-10565
-9947
-9053
-8049
-7032
-6023
-5067
-4225
-3466
-2679
-1816
-992
-409
-180
-295
-645
-1095
-1473
-1656
-1633
-1500
-1333
-1156
-1002
-874
-672
-228
470
1270
2026
2740
3420
3935
4134
4044
3881
3839
3911
3947
3801
3452
2985
2506
2053
1630
1321
1281
1605
2204
2933
3745
4654
5610
6493
7234
7864
8439
8938
9312
9516
9551
9403
9007
8215
6844
4848
2419
-73
-2345
-4278
-5888
-7225
-8419
-9611
-10746
-11602
-11987
-11943
-11527
-10723
-9491
-7992
-6401
-4804
-3231
-1803
-649
261
1012
1599
1911
1888
1483
682
-382
-1404
-2117
-2532
-2773
-2893
-2904
-2936
-3081
-3190
-2985
-2375
-1512
-550
445
1424
2260
2835
3076
3046
2921
2871
2864
2722
2376
1927
1499
1078
641
271
137
359
954
1848
2953
4181
5443
6627
7594
8295
8803
9272
9754
10163
10359
10277
9881
9060
7614
5489
2895
207
-2290
-4447
-6210
-7620
-8826
-9947
-10932
-11666
-12078
-12134
-11730
-10851
-9563
-8015
-6259
-4398
-2566
-898
565
1740
2536
2986
3158
3018
2418
1453
387
-554
-1356
-2014
-2499
-2833
-3056
-3161
-3126
-3022
-2833
-2422
-1649
-632
444
1470
2403
3096
3390
3322
3067
2823
2674
2628
2572
2415
2165
1917
1691
1451
1277
1309
1646
2246
3099
4164
5362
6527
7561
8413
9038
9425
9624
9733
9725
9586
9270
8708
7644
5874
3447
678
-2051
-4464
-6390
-7886
-9081
-10131
-11006
-11700
-12152
-12297
-11999
-11212
-10000
-8443
-6655
-4749
-2876
-1061
626
2055
3051
3616
3865
3833
3435
2624
1531
346
-742
-1659
-2381
-2952
-3371
-3598
-3665
-3669
-3619
-3330
-2679
-1776
-875
-77
648
1287
1724
1868
1786
1628
1508
1406
1231
966
720
621
644
684
714
856
1220
1843
2698
3777
5052
6415
7696
8689
9279
9514
9603
9713
9883
10020
9973
9517
8397
6511
3998
1184
-1625
-4131
-6153
-7663
-8829
-9789
-10578
-11180
-11597
-11782
-11584
-10916
-9812
-8430
-6861
-5175
-3381
-1538
218
1656
2621
3128
3271
3047
2416
1461
397
-542
-1204
-1539
-1658
-1743
-1893
-2089
-2292
-2492
-2553
-2297
-1641
-700
374
1445
2345
2899
3028
2803
2363
1902
1619
1602
1717
1788
1764
1734
1721
1688
1656
1729
2009
2547
3368
4440
5626
6755
7687
8372
8800
9019
9111
9173
9254
9351
9346
9019
8127
6555
4377
1770
-979
-3555
-5669
-7303
-8608
-9763
-10754
-11508
-11963
-12093
-11862
-11246
-10334
-9217
-7974
-6565
-4990
-3260
-1524
54
1325
2232
2737
2731
2166
1132
-52
-1069
-1677
-1880
-1845
-1794
-1795
-1803
-1818
-1894
-1992
-1893
-1457
-694
256
1301
2333
3198
3715
3763
3374
2746
2174
1823
1671
1602
1583
1604
1621
1582
1492
1455
1556
1894
2510
3430
4592
5881
7107
8078
8693
8976
9031
8949
8835
8792
8831
8749
8250
7121
5378
3152
665
-1874
-4231
-6303
-8064
-9573
-10804
-11687
-12134
-12123
-11714
-10983
-10062
-9015
-7915
-6719
-5414
-3953
-2382
-812
594
1679
2355
2550
2283
1613
695
-288
-1124
-1675
-1922
-1928
-1770
-1496
-1222
-1028
-910
-691
-254
443
1304
2225
3091
3785
4213
4290
4041
3583
3126
2781
2546
2364
2232
2149
2041
1814
1459
1112
929
1036
1457
2185
3194
4446
5786
6953
7723
8091
8209
8243
8280
8339
8364
8243
7819
6944
5512
3520
1138
-1359
-3685
-5741
-7540
-9141
-10449
-11368
-11825
-11859
-11493
-10778
-9820
-8734
-7610
-6414
-5128
-3715
-2272
-866
404
1525
2405
2888
2807
2158
1162
85
-849
-1587
-2068
-2291
-2231
-2000
-1704
-1435
-1170
-821
-341
296
1045
1908
2805
3627
4169
4333
4132
3682
3125
2575
2126
1786
1537
1319
1125
923
712
493
320
274
461
997
1938
3236
4704
6125
7311
8188
8729
8993
9060
9027
8941
8773
8401
7666
6482
4816
2739
401
-1931
-4115
-6133
-8049
-9725
-10980
-11690
-11907
-11689
-11113
-10290
-9315
-8257
-7120
-5945
-4691
-3379
-2027
-729
510
1597
2362
2568
2149
1249
108
-1007
-1901
-2430
-2614
-2492
-2153
-1688
-1245
-891
-594
-273
110
592
1264
2162
3184
4062
4583
4629
4284
3686
3005
2335
1737
1270
955
792
738
786
881
981
1048
1170
1475
2069
2943
4015
5176
6329
7393
8284
8942
9346
9516
9488
9235
8688
7759
6422
4725
2770
689
-1385
-3330
-5148
-6886
-8588
-10098
-11257
-11910
-12059
-11696
-10913
-9838
-8613
-7318
-5982
-4660
-3368
-2141
-987
26
909
1612
2053
2071
1671
992
227
-507
-1149
-1635
-1930
-1976
-1798
-1475
-1153
-858
-551
-174
271
800
1444
2157
2846
3390
3716
3746
3476
2985
2405
1833
1323
929
677
588
634
764
872
924
970
1153
1574
2282
3238
4348
5475
6498
7380
8116
8726
9186
9464
9492
9214
8578
7541
6086
4272
2253
202
-1743
-3589
-5369
-7141
-8788
-10160
-11057
-11431
-11305
-10818
-10068
-9132
-8057
-6884
-5654
-4356
-3048
-1769
-611
446
1343
2016
2301
2135
1560
777
38
-486
-792
-1008
-1167
-1225
-1109
-873
-590
-318
-74
142
370
693
1121
1634
2156
2627
2914
2951
2739
2353
1854
1296
782
390
168
65
37
-23
-121
-180
-56
318
954
1836
2908
4059
5157
6142
7004
7754
8392
8901
9231
9303
9034
8358
7270
5794
4009
2010
-66
-2109
-4060
-5903
-7618
-9119
-10291
-11011
-11253
-11087
-10617
-9876
-8875
-7669
-6384
-5085
-3774
-2448
-1158
39
1118
2005
2576
2705
2398
1795
1115
539
118
-183
-388
-458
-407
-338
-360
-464
-559
-568
-451
-184
236
781
1375
1896
2236
2324
2182
1870
1463
1007
552
147
-152
-323
-395
-440
-475
-446
-293
8
477
1157
2040
3045
4089
5154
6215
7216
8090
8809
9364
9714
9781
9455
8663
7386
5713
3760
1700
-346
-2313
-4238
-6132
-7903
-9400
-10462
-11015
-11050
-10681
-10011
-9128
-8041
-6802
-5492
-4204
-2972
-1793
-656
450
1480
2308
2753
2708
2218
1461
636
-102
-690
-1093
-1301
-1333
-1271
-1210
-1184
-1179
-1142
-1019
-767
-378
123
700
1286
1775
2077
2194
2179
2076
1876
1576
1210
838
529
328
222
148
77
76
235
608
1168
1863
2659
3543
4508
5518
6512
7424
8215
8873
9371
9650
9580
9031
7938
6393
4562
2625
678
-1240
-3157
-5083
-6942
-8599
-9903
-10752
-11092
-10976
-10500
-9762
-8814
-7735
-6611
-5504
-4436
-3376
-2285
-1119
62
1114
1869
2227
2187
1841
1336
765
177
-367
-746
-890
-850
-746
-643
-566
-516
-476
-379
-164
162
533
871
1143
1342
1486
1589
1638
1603
1454
1209
917
633
387
185
40
-25
2
124
377
813
1436
2156
2896
3647
4469
5386
6379
7378
8283
9002
9475
9655
9439
8736
7517
5907
4058
2147
257
-1591
-3462
-5341
-7100
-8563
-9612
-10209
-10351
-10117
-9609
-8929
-8087
-7128
-6063
-4938
-3756
-2589
-1443
-293
837
1735
2185
2167
1878
1519
1148
770
387
53
-217
-432
-643
-861
-1034
-1108
-1107
-1111
-1106
-999
-728
-374
-63
140
278
445
679
927
1088
1138
1125
1074
966
832
733
713
760
900
1162
1544
2031
2610
3282
4022
4813
5607
6358
7033
7654
8223
8685
8953
8929
8533
7687
6406
4780
2974
1133
-692
-2541
-4483
-6420
-8154
-9425
-10184
-10463
-10389
-9990
-9348
-8529
-7619
-6651
-5641
-4638
-3632
-2613
-1526
-446
532
1224
1593
1674
1589
1390
1097
727
317
-64
-382
-604
-782
-908
-984
-977
-918
-868
-855
-828
-703
-478
-213
43
318
626
938
1186
1338
1385
1332
1207
1058
948
900
920
984
1115
1342
1703
2185
2755
3372
4025
4718
5462
6241
7005
7698
8278
8708
8902
8758
8213
7279
6010
4464
2757
951
-944
-2983
-5060
-6976
-8496
-9539
-10081
-10161
-9864
-9311
-8598
-7744
-6791
-5761
-4722
-3673
-2617
-1500
-362
674
1427
1811
1893
1798
1622
1369
1019
564
85
-351
-719
-1079
-1448
-1759
-1928
-1941
-1873
-1765
-1619
-1380
-1072
-733
-428
-134
197
601
1027
1373
1604
1743
1829
1815
1680
1456
1268
1217
1340
1633
2057
2569
3106
3662
4234
4821
5392
5929
6433
6917
7395
7849
8167
8169
7748
6932
5826
4499
3031
1457
-233
-2115
-4118
-6051
-7713
-9012
-9870
-10240
-10154
-9713
-8991
-8016
-6874
-5673
-4512
-3418
-2424
-1488
-562
363
1124
1573
1691
1606
1423
1174
864
502
83
-363
-805
-1232
-1668
-2087
-2391
-2507
-2459
-2302
-2047
-1695
-1271
-828
-391
21
408
760
1066
1288
1445
1586
1738
1843
1878
1874
1859
1822
1781
1829
2029
2376
2842
3430
4102
4783
5421
6007
6542
6987
7383
7781
8166
8342
8127
7477
6497
5277
3885
2374
737
-1069
-3085
-5145
-7047
-8576
-9666
-10238
-10309
-9922
-9221
-8293
-7215
-6057
-4913
-3859
-2912
-2058
-1227
-409
340
899
1223
1346
1334
1211
952
536
-19
-609
-1131
-1532
-1865
-2174
-2423
-2549
-2518
-2348
-2047
-1653
-1221
-817
-436
-70
297
663
1027
1359
1619
1829
2039
2263
2448
2547
2560
2509
2427
2356
2377
2542
2860
3282
3771
4290
4838
5429
6065
6695
7248
7716
8101
8324
8220
7690
6761
5533
4110
2586
1007
-658
-2464
-4366
-6224
-7863
-9147
-9975
-10320
-10246
-9849
-9183
-8257
-7138
-5943
-4776
-3657
-2564
-1495
-492
361
999
1369
1480
1364
1126
866
622
338
-15
-373
-646
-849
-1061
-1315
-1586
-1830
-2033
-2133
-2070
-1802
-1361
-800
-201
373
894
1360
1770
2076
2265
2346
2352
2291
2211
2168
2192
2247
2310
2392
2520
2710
2976
3322
3710
4075
4422
4808
5286
5863
6512
7176
7704
7917
7683
6993
5894
4487
2915
1302
-312
-1983
-3712
-5420
-6967
-8264
-9247
-9887
-10152
-10051
-9604
-8872
-7935
-6888
-5791
-4653
-3481
-2281
-1109
-25
865
1484
1802
1867
1746
1487
1122
733
401
157
-40
-254
-519
-853
-1230
-1637
-2043
-2412
-2652
-2664
-2403
-1888
-1202
-440
310
1013
1624
2086
2347
2419
2370
2269
2183
2159
2237
2428
2711
3051
3420
3794
4102
4297
4362
4365
4392
4523
4802
5225
5780
6435
7129
7677
7840
7435
6464
5064
3402
1637
-108
-1772
-3385
-4960
-6392
-7548
-8396
-8998
-9370
-9463
-9282
-8888
-8311
-7512
-6489
-5295
-3997
-2638
-1287
-26
1068
1903
2361
2386
2061
1572
1092
719
517
487
562
613
522
197
-393
-1175
-1971
-2602
-2999
-3135
-2986
-2517
-1831
-1066
-308
439
1142
1703
2055
2200
2203
2140
2105
2191
2438
2819
3289
3789
4238
4552
4687
4646
4466
4211
3964
3812
3824
4080
4640
5454
6286
6835
6882
6352
5288
3822
2174
573
-848
-2117
-3323
-4527
-5677
-6710
-7594
-8365
-9023
-9501
-9674
-9469
-8902
-8046
-6966
-5710
-4350
-2942
-1567
-328
629
1212
1434
1388
1210
1024
933
968
1099
1270
1423
1476
1298
773
-101
-1166
-2187
-2946
-3314
-3244
-2771
-2003
-1104
-266
407
909
1280
1526
1680
1828
2087
2512
3076
3703
4275
4697
4936
5057
5115
5122
5027
4824
4556
4311
4165
4124
4177
4314
4576
4941
5312
5537
5484
5058
4236
3116
1888
749
-216
-1056
-1925
-2991
-4296
-5694
-6975
-8055
-8944
-9585
-9833
-9609
-8994
-8110
-7046
-5887
-4729
-3623
-2567
-1578
-706
20
602
1054
1395
1662
1903
2131
2308
2398
2379
2220
1848
1209
327
-654
-1557
-2239
-2650
-2771
-2611
-2228
-1760
-1360
-1091
-900
-676
-330
160
749
1369
1990
2640
3344
4072
4710
5149
5349
5370
5317
5256
5192
5112
5028
4936
4783
4530
4216
3946
3794
3777
3858
3989
4059
3925
3469
2678
1651
521
-571
-1585
-2589
-3712
-4970
-6209
-7230
-7968
-8471
-8797
-8933
-8837
-8499
-7956
-7262
-6440
-5503
-4472
-3397
-2302
-1210
-176
708
1385
1875
2238
2531
2800
3057
3243
3238
2950
2366
1534
540
-471
-1344
-1993
-2409
-2597
-2574
-2432
-2301
-2253
-2223
-2056
-1644
-967
-95
895
1900
2821
3607
4277
4867
5371
5770
6059
6216
6222
6116
5967
5786
5491
4974
4199
3240
2269
1484
997
833
953
1283
1675
1936
1873
1395
537
-517
-1519
-2235
-2572
-2647
-2749
-3123
-3784
-4568
-5289
-5855
-6239
-6469
-6591
-6658
-6669
-6591
-6353
-5898
-5217
-4355
-3393
-2426
-1547
-773
-58
655
1371
2085
2785
3419
3883
4073
3932
3455
2716
1875
1119
555
165
-144
-457
-829
-1270
-1741
-2132
-2303
-2157
-1715
-1080
-359
387
1132
1857
2541
3166
3723
4222
4693
5147
5532
5734
5658
5281
4645
3838
2979
2198
1580
1164
950
905
932
924
800
569
332
225
291
413
429
261
-46
-433
-841
-1209
-1487
-1707
-1956
-2318
-2813
-3404
-4036
-4639
-5136
-5462
-5603
-5586
-5444
-5208
-4924
-4605
-4195
-3579
-2665
-1477
-143
1144
2207
2914
3221
3185
2934
2585
2220
1909
1700
1569
1414
1130
638
-82
-967
-1845
-2526
-2920
-3042
-2938
-2655
-2253
-1790
-1288
-736
-144
448
1021
1599
2201
2774
3204
3407
3382
3189
2889
2521
2141
1826
1623
1533
1549
1674
1860
2019
2081
2053
1983
1905
1826
1746
1675
1624
1591
1541
1398
1130
753
301
-218
-784
-1337
-1843
-2311
-2779
-3243
-3659
-3990
-4238
-4417
-4513
-4450
-4154
-3595
-2795
-1837
-856
25
763
1345
1746
1956
2032
2059
2098
2171
2256
2300
2258
2092
1743
1147
327
-582
-1418
-2065
-2465
-2580
-2432
-2113
-1752
-1429
-1166
-946
-775
-617
-413
-108
272
654
954
1124
1166
1097
929
660
336
59
-67
-6
203
506
861
1226
1533
1756
1918
2070
2190
2221
2163
2079
2031
2024
2020
1943
1735
1380
904
324
-350
-1109
-1907
-2666
-3256
-3597
-3702
-3693
-3670
-3637
-3524
-3271
-2878
-2365
-1745
-1042
-304
411
1061
1606
2005
2243
2333
2293
2157
1961
1751
1557
1369
1137
817
413
-22
-425
-749
-972
-1115
-1214
-1290
-1310
-1230
-1053
-820
-579
-330
-57
246
519
690
729
651
479
235
-27
-260
-430
-518
-495
-354
-131
111
321
482
618
770
940
1103
1225
1313
1375
1397
1359
1263
1144
1037
919
708
347
-143
-704
-1291
-1849
-2277
-2512
-2598
-2637
-2685
-2738
-2767
-2728
-2541
-2141
-1529
-801
-78
570
1142
1624
1968
2128
2121
2009
1855
1713
1603
1506
1383
1203
954
622
217
-201
-534
-725
-775
-705
-528
-272
-5
211
350
453
589
812
1115
1434
1711
1891
1886
1628
1135
536
-8
-397
-599
-633
-558
-458
-387
-355
-342
-326
-269
-117
124
403
652
844
960
965
842
605
297
-28
-296
-476
-613
-808
-1116
-1511
-1904
-2218
-2422
-2534
-2580
-2564
-2473
-2286
-1984
-1570
-1105
-668
-300
10
287
543
798
1072
1343
1534
1570
1429
1168
848
507
185
-69
-212
-284
-320
-324
-276
-220
-242
-366
-511
-544
-393
-61
388
892
1377
1780
2032
2075
1893
1542
1144
811
616
560
574
557
439
211
-90
-410
-678
-828
-806
-604
-248
177
547
761
794
705
559
413
289
202
149
102
13
-180
-528
-1030
-1614
-2152
-2527
-2683
-2631
-2410
-2092
-1760
-1478
-1260
-1083
-901
-664
-325
123
649
1189
1672
2016
2152
2056
1752
1307
819
385
60
-145
-262
-326
-371
-442
-571
-756
-953
-1117
-1220
-1214
-1049
-720
-281
197
677
1120
1464
1662
1711
1663
1558
1452
1402
1442
1534
1581
1491
1246
889
477
78
-233
-377
-326
-125
149
427
674
859
938
879
711
507
324
177
69
-18
-129
-300
-517
-752
-1023
-1377
-1789
-2146
-2341
-2365
-2295
-2191
-2043
-1802
-1446
-999
-544
-143
185
471
728
937
1093
1183
1191
1098
925
711
472
196
-132
-512
-910
-1271
-1545
-1702
-1738
-1661
-1520
-1387
-1286
-1175
-997
-749
-465
-162
193
630
1121
1575
1878
1968
1867
1673
1483
1329
1191
1029
813
537
235
-28
-212
-298
-270
-113
154
483
812
1092
1289
1397
1425
1397
1334
1268
1243
1271
1310
1291
1163
902
516
28
-497
-976
-1323
-1505
-1530
-1464
-1380
-1310
-1233
-1122
-993
-873
-755
-614
-433
-214
32
262
425
462
345
86
-279
-696
-1109
-1475
-1792
-2067
-2279
-2389
-2396
-2349
-2301
-2248
-2153
-1990
-1748
-1416
-1007
-547
-77
383
825
1230
1551
1767
1891
1962
2005
2007
1937
1763
1495
1179
880
646
492
419
427
525
699
895
1062
1175
1256
1322
1392
1466
1560
1667
1774
1838
1813
1685
1468
1198
888
554
238
-7
-158
-232
-278
-336
-446
-598
-753
-833
-804
-681
-510
-328
-145
20
125
134
28
-169
-427
-721
-1054
-1404
-1697
-1884
-1985
-2066
-2147
-2215
-2263
-2302
-2321
-2293
-2214
-2094
-1910
-1623
-1254
-851
-451
-44
339
660
913
1110
1247
1290
1251
1161
1024
835
623
418
227
58
-60
-136
-189
-192
-94
119
393
690
991
1280
1534
1719
1804
1777
1664
1520
1394
1303
1238
1164
1065
924
719
443
118
-184
-403
-512
-551
-564
-546
-449
-262
-29
187
354
475
560
625
651
608
492
329
134
-97
-360
-635
-919
-1191
-1452
-1706
-1964
-2210
-2406
-2533
-2584
-2546
-2400
-2135
-1771
-1369
-986
-632
-252
183
628
1009
1290
1483
1590
1606
1535
1390
1168
862
526
228
-4
-196
-357
-467
-520
-543
-540
-474
-311
-53
265
604
924
1177
1314
1321
1254
1192
1181
1207
1238
1232
1156
993
769
521
258
-17
-271
-462
-579
-624
-575
-414
-176
60
229
311
335
342
356
387
431
482
537
565
526
379
124
-224
-649
-1107
-1524
-1832
-2013
-2116
-2194
-2266
-2295
-2222
-2035
-1759
-1426
-1055
-648
-208
256
704
1077
1334
1489
1572
1590
1532
1395
1188
932
653
384
165
-7
-150
-271
-366
-432
-468
-441
-310
-70
250
605
941
1176
1239
1140
980
862
822
824
807
758
683
598
470
233
-132
-575
-973
-1243
-1370
-1388
-1334
-1216
-1058
-890
-748
-634
-542
-433
-279
-64
181
419
610
715
700
548
274
-85
-466
-799
-1023
-1118
-1123
-1119
-1177
-1312
-1466
-1580
-1601
-1495
-1223
-777
-199
424
996
1434
1680
1735
1662
1569
1532
1553
1574
1545
1449
1289
1067
787
467
154
-112
-304
-408
-412
-313
-131
104
349
575
764
902
976
1001
1011
1015
988
921
850
782
674
500
281
35
-252
-572
-883
-1139
-1339
-1492
-1596
-1618
-1543
-1405
-1248
-1098
-964
-846
-717
-539
-293
-29
168
253
236
128
-67
-323
-555
-690
-732
-749
-786
-847
-944
-1114
-1343
-1530
-1554
-1370
-1010
-549
-60
427
903
1342
1659
1819
1863
1856
1829
1775
1713
1658
1588
1457
1238
956
654
354
55
-220
-409
-465
-414
-314
-203
-80
48
152
229
319
464
658
867
1067
1210
1239
1118
897
651
410
170
-74
-312
-538
-762
-995
-1253
-1532
-1781
-1931
-1932
-1809
-1630
-1443
-1254
-1054
-848
-668
-552
-512
-518
-522
-503
-497
-545
-633
-698
-711
-719
-778
-875
-954
-995
-1018
-1003
-899
-675
-364
-16
353
734
1111
1450
1723
1909
2007
2039
2018
1932
1778
1584
1408
1283
1180
1036
804
512
231
12
-132
-199
-173
-54
131
347
564
765
949
1109
1231
1300
1323
1315
1285
1254
1223
1158
1017
794
524
222
-126
-491
-800
-997
-1097
-1161
-1228
-1317
-1400
-1449
-1448
-1420
-1365
-1251
-1094
-956
-892
-866
-855
-863
-904
-962
-1018
-1077
-1140
-1229
-1355
-1510
-1640
-1707
-1713
-1675
-1603
-1493
-1327
-1066
-695
-264
146
481
733
904
1003
1069
1148
1258
1369
1437
1434
1358
1224
1047
835
590
329
95
-65
-122
-87
7
96
153
215
328
498
686
884
1088
1290
1467
1591
1641
1595
1464
1281
1062
822
588
415
320
277
227
125
-36
-230
-421
-591
-729
-816
-825
-758
-649
-527
-395
-265
-190
-213
-321
-446
-551
-631
-695
-757
-865
-1053
-1266
-1410
-1453
-1446
-1426
-1373
-1257
-1080
-848
-577
-273
51
373
659
879
1045
1177
1279
1326
1306
1241
1158
1083
1017
946
841
684
484
280
101
-42
-151
-208
-205
-144
-32
108
267
425
576
718
858
998
1121
1200
1208
1146
1030
885
719
514
279
66
-69
-132
-183
-276
-432
-632
-835
-999
-1096
-1121
-1065
-929
-749
-589
-493
-466
-497
-574
-668
-748
-801
-833
-837
-826
-850
-957
-1135
-1333
-1505
-1631
-1696
-1676
-1565
-1394
-1205
-1020
-822
-588
-329
-86
119
296
451
575
660
710
736
760
791
810
785
710
591
426
229
51
-44
-59
-36
21
141
325
526
695
834
983
1166
1369
1524
1589
1560
1475
1369
1260
1135
977
795
632
523
439
363
302
268
208
53
-181
-398
-496
-464
-339
-180
-29
74
112
91
33
-36
-111
-205
-328
-482
-636
-761
-849
-926
-1020
-1130
-1236
-1302
-1304
-1239
-1146
-1031
-858
-604
-321
-82
112
271
380
413
401
402
432
472
503
528
553
554
499
376
210
38
-140
-309
-445
-504
-477
-383
-276
-193
-129
-59
28
126
263
450
661
838
959
1016
989
886
750
635
553
500
464
446
429
390
316
223
129
49
-2
-24
-25
-14
27
105
168
152
55
-61
-162
-262
-370
-464
-535
-598
-662
-723
-776
-829
-882
-929
-957
-960
-925
-838
-688
-493
-303
-160
-90
-67
-57
-37
-22
-37
-66
-72
-33
4
-3
-72
-183
-312
-446
-582
-720
-844
-916
-896
-781
-621
-483
-392
-332
-258
-144
18
208
403
592
770
929
1062
1160
1207
1205
1173
1132
1085
1034
988
958
929
854
705
491
277
125
67
75
108
144
184
221
220
156
38
-96
-215
-306
-363
-376
-356
-329
-335
-379
-428
-440
-409
-346
-264
-166
-59
54
173
268
315
322
331
353
356
335
326
365
420
437
397
309
176
-3
-198
-371
-498
-588
-663
-718
-744
-740
-715
-659
-568
-461
-385
-330
-241
-82
109
287
441
589
720
797
794
717
624
567
562
568
547
485
392
289
206
151
99
26
-63
-151
-243
-327
-376
-384
-381
-399
-435
-482
-562
-700
-875
-1033
-1128
-1153
-1121
-1050
-959
-862
-761
-653
-544
-436
-321
-173
-10
134
239
323
394
435
449
455
478
509
528
539
561
608
652
637
545
406
274
175
87
-19
-154
-295
-412
-485
-505
-467
-369
-213
-10
211
405
545
633
677
665
611
555
542
583
652
716
738
713
657
594
530
452
351
238
151
111
97
75
20
-76
-177
-233
-223
-200
-251
-401
-606
-805
-975
-1101
-1157
-1130
-1038
-922
-819
-752
-713
-662
-571
-452
-339
-242
-141
-34
52
74
41
-27
-103
-164
-167
-99
-7
50
41
-3
-47
-73
-104
-163
-253
-345
-403
-406
-362
-280
-163
-15
134
276
418
554
654
701
744
822
926
1009
1059
1109
1179
1242
1264
1252
1222
1183
1110
983
825
684
615
609
621
596
518
420
336
278
220
146
55
-50
-187
-361
-548
-728
-907
-1094
-1246
-1315
-1304
-1262
-1235
-1227
-1222
-1204
-1181
-1156
-1115
-1020
-856
-657
-495
-420
-431
-471
-479
-451
-402
-355
-311
-274
-238
-205
-191
-240
-370
-536
-659
-690
-639
-543
-443
-357
-258
-106
98
301
466
592
701
808
920
1026
1100
1142
1167
1178
1180
1201
1269
1362
1429
1436
1384
1298
1202
1112
1026
946
871
816
802
824
837
790
677
545
432
345
270
197
103
-37
-229
-433
-598
-704
-772
-828
-885
-928
-933
-885
-810
-749
-730
-742
-750
-734
-687
-628
-599
-635
-735
-854
-936
-972
-989
-1019
-1067
-1120
-1169
-1203
-1232
-1286
-1373
-1442
-1436
-1340
-1188
-1006
-797
-570
-354
-160
9
146
238
300
378
494
630
755
851
910
930
922
917
951
1035
1130
1205
1238
1239
1220
1180
1142
1112
1092
1064
1021
985
972
990
1005
979
904
824
784
775
731
605
416
228
66
-82
-204
-270
-275
-271
-297
-344
-372
-372
-377
-416
-478
-529
-563
-600
-644
-682
-708
-729
-730
-715
-701
-729
-781
-816
-820
-829
-890
-987
-1077
-1117
-1107
-1066
-1010
-946
-864
-724
-516
-255
2
203
329
410
488
560
597
616
670
779
896
960
951
880
771
655
568
528
529
546
564
568
548
504
464
455
481
525
585
673
775
846
841
748
588
409
255
135
33
-54
-136
-246
-399
-548
-640
-674
-689
-712
-740
-761
-766
-738
-675
-605
-557
-535
-529
-520
-508
-505
-521
-538
-530
-507
-508
-580
-704
-825
-892
-906
-889
-849
-770
-651
-507
-370
-256
-176
-113
-31
112
323
554
733
838
891
933
983
1044
1121
1194
1221
1170
1066
951
845
745
673
648
654
628
546
447
357
285
228
209
238
299
358
394
397
375
342
297
206
56
-109
-229
-290
-335
-384
-427
-435
-391
-319
-254
-236
-251
-266
-260
-231
-184
-127
-100
-148
-287
-471
-626
-725
-793
-854
-903
-939
-980
-1039
-1096
-1133
-1138
-1101
-1009
-890
-772
-674
-593
-516
-438
-350
-234
-86
72
199
284
363
472
612
752
855
898
876
808
723
637
563
520
517
546
564
533
462
394
351
321
278
228
200
218
275
318
315
280
270
327
429
508
502
413
296
226
217
225
203
166
169
228
291
294
240
177
154
176
227
290
328
307
219
105
-5
-104
-207
-315
-432
-557
-682
-803
-915
-1007
-1067
-1087
-1085
-1070
-1038
-993
-938
-879
-802
-684
-535
-377
-256
-177
-113
-17
131
309
481
611
671
666
626
569
509
444
398
397
442
488
483
419
334
255
169
61
-41
-83
-43
48
133
198
260
302
281
186
64
-29
-65
-53
-2
67
122
131
77
-17
-109
-151
-127
-58
35
130
219
274
281
240
163
59
-57
-147
-193
-197
-199
-234
-327
-453
-579
-679
-763
-838
-875
-848
-773
-712
-693
-689
-653
-574
-480
-382
-267
-121
37
180
280
326
329
310
285
272
290
344
393
389
344
295
266
246
238
248
267
287
303
321
330
320
287
246
226
247
308
394
469
501
480
422
348
271
201
148
123
131
176
238
284
311
352
420
488
513
500
465
425
375
319
273
242
207
144
54
-52
-157
-266
-370
-466
-553
-640
-715
-768
-801
-823
-841
-850
-848
-821
-774
-701
-607
-495
-381
-288
-219
-149
-46
75
175
218
188
98
-12
-77
-67
-8
48
75
61
-1
-99
-191
-233
-225
-188
-151
-109
-59
-14
-3
-27
-60
-62
-25
30
69
92
123
177
242
285
294
286
299
342
392
430
463
509
560
585
561
480
362
247
171
128
73
-17
-97
-132
-158
-247
-404
-560
-648
-671
-685
-730
-787
-826
-845
-861
-878
-872
-837
-764
-657
-521
-388
-284
-194
-90
36
158
268
376
484
570
617
637
653
665
658
628
592
566
547
522
486
446
411
383
348
295
227
167
138
148
179
214
248
289
350
433
527
602
648
668
678
679
674
669
664
660
661
670
675
666
634
581
520
471
451
451
434
358
225
63
-83
-201
-307
-428
-572
-728
-869
-975
-1037
-1085
-1142
-1203
-1230
-1203
-1130
-1027
-915
-816
-754
-733
-725
-683
-579
-449
-343
-306
-318
-340
-336
-301
-273
-278
-314
-343
-339
-304
-256
-207
-161
-116
-92
-99
-141
-194
-235
-257
-260
-244
-203
-146
-79
-11
31
25
-15
-45
-35
8
81
186
307
399
440
450
450
423
374
354
404
498
572
592
576
558
549
547
541
511
441
347
269
222
184
112
-1
-133
-246
-319
-361
-394
-422
-414
-353
-237
-108
-11
14
-15
-35
-27
3
33
83
146
165
110
20
-45
-60
-64
-94
-146
-170
-121
-11
106
166
145
82
39
36
42
33
21
29
65
132
233
340
415
440
443
451
468
481
470
430
374
324
290
270
282
351
459
547
577
548
493
457
492
606
744
818
794
702
580
448
311
180
62
-34
-109
-172
-223
-273
-333
-432
-556
-672
-746
-784
-808
-823
-831
-825
-816
-819
-831
-831
-795
-737
-677
-635
-593
-528
-440
-344
-261
-215
-248
-351
-458
-503
-476
-417
-350
-284
-225
-192
-181
-186
-202
-226
-220
-151
-35
74
122
101
38
-30
-81
-99
-87
-67
-55
-44
-3
75
176
275
360
431
479
513
541
569
588
588
569
537
503
469
423
349
252
145
32
-84
-184
-251
-293
-347
-445
-570
-662
-663
-570
-448
-356
-302
-266
-220
-166
-95
-14
59
106
134
164
200
232
243
223
173
112
68
52
54
62
65
74
103
153
196
207
188
165
146
131
137
200
323
452
528
523
461
374
297
260
252
256
252
246
252
289
340
376
388
419
507
635
745
800
800
756
705
682
695
691
624
495
350
220
109
2
-110
-224
-317
-376
-403
-429
-478
-539
-600
-660
-719
-761
-765
-743
-724
-717
-691
-619
-512
-427
-402
-433
-491
-545
-586
-608
-620
-625
-623
-607
-572
-521
-471
-440
-421
-385
-323
-277
-290
-335
-341
-280
-174
-67
33
123
178
183
152
136
147
151
101
8
-88
-139
-125
-46
62
158
214
240
268
320
393
452
476
493
562
696
838
918
931
908
887
864
821
766
715
673
623
549
450
344
226
93
-50
-184
-296
-377
-433
-484
-552
-627
-647
-575
-456
-383
-396
-445
-466
-458
-470
-531
-603
-637
-613
-558
-499
-461
-457
-490
-526
-536
-500
-440
-385
-348
-316
-258
-178
-118
-102
-101
-51
48
149
203
200
152
74
-2
-38
-19
17
37
42
90
214
389
547
651
722
785
838
882
918
937
925
889
844
784
702
620
587
609
633
610
534
425
298
163
30
-93
-189
-252
-277
-288
-301
-313
-313
-301
-295
-288
-255
-185
-112
-74
-80
-102
-119
-143
-175
-197
-184
-162
-163
-186
-195
-184
-179
-204
-269
-351
-425
-462
-459
-427
-363
-268
-174
-137
-171
-237
-268
-233
-173
-159
-200
-229
-183
-92
-48
-104
-219
-300
-276
-138
46
188
234
221
212
238
276
288
253
176
98
94
206
386
518
511
391
263
230
309
452
588
662
657
609
552
482
361
188
-2
-151
-232
-268
-306
-385
-488
-558
-523
-385
-195
-42
-6
-189
-601
-1100
-1422
-1374
-988
-464
-108
-138
-578
-1160
-1498
-1307
-639
185
791
1022
1015
1032
1255
1653
2057
2308
2376
2323
2164
1843
1321
671
9
-610
-1191
-1726
-2176
-2502
-2699
-2775
-2745
-2600
-2315
-1878
-1328
-745
-189
332
817
1259
1649
1981
2217
2302
2224
2006
1673
1224
680
125
-342
-669
-892
-1083
-1283
-1480
-1608
-1609
-1458
-1174
-812
-431
-75
267
617
975
1287
1510
1649
1755
1877
2001
2056
1970
1733
1405
1090
882
791
685
306
-539
-1776
-3074
-4045
-4451
-4262
-3684
-3084
-2746
-2658
-2592
-2334
-1792
-928
234
1552
2817
3827
4405
4432
3939
3151
2337
1639
1008
274
-732
-2034
-3445
-4663
-5422
-5622
-5290
-4543
-3534
-2444
-1408
-472
422
1395
2516
3705
4759
5511
5963
6232
6415
6510
6450
6181
5682
4987
4167
3344
2676
2246
1841
917
-992
-3762
-6601
-8543
-9027
-8242
-6988
-6119
-5891
-5864
-5418
-4272
-2518
-371
2019
4519
6875
8590
9136
8394
6846
5202
3829
2618
1224
-609
-2930
-5494
-7886
-9700
-10647
-10562
-9410
-7409
-4990
-2612
-598
940
2111
3165
4273
5364
6234
6698
6626
5891
4491
2623
629
-1125
-2341
-2876
-2835
-2506
-2170
-1958
-1798
-1466
-694
603
2208
3715
4779
5301
5457
5608
6047
6685
7039
6635
5458
3796
1796
-613
-3340
-5894
-7612
-8042
-7360
-6475
-6466
-7550
-8719
-8611
-6660
-3386
184
3156
5139
6207
6596
6432
5863
5251
4879
4543
3637
1710
-1183
-4527
-7552
-9509
-9948
-8850
-6532
-3567
-739
1227
2091
2229
2301
2815
3865
5094
5898
5727
4340
1864
-1200
-4062
-5952
-6468
-5725
-4193
-2454
-1003
-77
417
856
1715
3326
5642
8125
9991
10655
10016
8381
6292
4295
2665
1159
-733
-3246
-6045
-8469
-9910
-10092
-9286
-8201
-7361
-6552
-5135
-2819
80
3023
5579
7497
8665
9036
8535
7179
5303
3401
1633
-295
-2682
-5442
-8131
-10190
-11124
-10674
-8890
-6052
-2623
750
3437
5162
6105
6630
6992
7227
7165
6513
5038
2737
-158
-3232
-5958
-7826
-8562
-8224
-7118
-5628
-4044
-2501
-989
552
2197
3974
5815
7497
8719
9216
8883
7820
6281
4525
2809
1371
256
-880
-2518
-4727
-6964
-8458
-8639
-7469
-5630
-4176
-3623
-3430
-2630
-814
1629
3986
5632
6263
5979
5135
4045
2921
1956
1169
228
-1292
-3476
-5953
-8111
-9294
-9039
-7313
-4574
-1522
1141
2930
3802
4180
4559
5088
5535
5531
4756
3081
691
-1954
-4310
-5902
-6437
-5946
-4802
-3471
-2252
-1201
-198
946
2343
3887
5307
6373
6985
7154
6941
6491
5936
5257
4293
2952
1425
57
-1011
-2057
-3442
-5138
-6591
-7099
-6315
-4670
-3183
-2680
-2962
-2948
-1704
708
3347
5173
5713
5173
4085
2889
1803
936
294
-352
-1441
-3258
-5573
-7665
-8759
-8469
-6890
-4410
-1540
1154
3165
4253
4585
4623
4760
4997
4932
4122
2434
118
-2349
-4445
-5727
-5998
-5376
-4196
-2828
-1576
-564
344
1442
2887
4496
5857
6582
6589
6162
5702
5353
4946
4279
3322
2178
1074
398
358
537
64
-1542
-3846
-5798
-6430
-5502
-3782
-2579
-2603
-3270
-3379
-2335
-550
1223
2613
3655
4383
4519
3762
2290
833
-13
-425
-1151
-2724
-4931
-6966
-8014
-7759
-6437
-4485
-2283
-168
1525
2643
3350
3919
4397
4512
3950
2685
1000
-776
-2459
-3871
-4707
-4693
-3887
-2695
-1623
-951
-587
-146
692
1899
3154
4126
4655
4747
4548
4233
3900
3593
3393
3332
3246
2996
2720
2595
2303
1169
-1079
-3797
-5795
-6121
-4747
-2779
-1746
-2343
-3710
-4241
-3039
-511
2252
4336
5347
5266
4239
2573
770
-595
-1300
-1743
-2617
-4186
-5964
-7093
-7010
-5709
-3523
-910
1540
3153
3558
3090
2641
2917
3800
4419
3858
1860
-1016
-3786
-5592
-6052
-5252
-3551
-1464
409
1505
1608
1068
641
965
2083
3418
4216
4101
3288
2369
1876
2017
2681
3598
4466
5026
5189
5089
4793
3954
2006
-1092
-4410
-6593
-6814
-5409
-3738
-3272
-4421
-6079
-6533
-4920
-1794
1573
4154
5552
5758
4874
3156
1204
-208
-703
-760
-1285
-2781
-4899
-6778
-7652
-7200
-5544
-3133
-575
1536
2845
3412
3632
3874
4113
3964
3114
1656
17
-1408
-2442
-3074
-3263
-2894
-1945
-689
341
774
775
921
1592
2612
3419
3550
2950
1994
1211
927
1134
1694
2495
3346
3893
3936
3699
3463
2987
1631
-818
-3650
-5644
-5922
-4671
-3225
-3075
-4454
-5972
-5953
-3968
-971
1769
3582
4458
4549
3823
2272
381
-994
-1438
-1498
-2080
-3474
-5153
-6358
-6669
-6026
-4527
-2354
125
2390
4033
5043
5701
6147
6136
5275
3553
1504
-227
-1427
-2326
-3108
-3613
-3571
-2980
-2148
-1403
-809
-110
954
2248
3244
3475
2908
1927
1089
884
1495
2642
3796
4495
4512
3877
2988
2545
2966
3761
3666
1673
-1971
-5701
-7649
-7025
-4824
-3077
-3127
-4502
-5438
-4510
-1768
1536
4103
5353
5311
4167
2218
108
-1270
-1437
-852
-654
-1673
-3736
-5866
-7022
-6658
-4838
-2108
692
2768
3760
3914
3876
4159
4687
4826
3977
2157
-66
-2085
-3597
-4521
-4822
-4477
-3548
-2314
-1219
-556
-178
382
1407
2691
3669
3852
3227
2348
1966
2420
3394
4257
4573
4269
3498
2505
1671
1447
1905
2307
1450
-1239
-4911
-7770
-8348
-6586
-3855
-1972
-1771
-2539
-2792
-1687
482
2872
4753
5600
5022
3051
416
-1715
-2534
-2257
-1950
-2600
-4312
-6333
-7703
-7832
-6639
-4372
-1434
1636
4195
5769
6393
6485
6372
6005
5185
3864
2184
339
-1501
-3148
-4360
-4883
-4658
-3928
-3058
-2172
-1139
137
1490
2546
2948
2616
1903
1406
1535
2266
3217
3938
4194
4048
3711
3286
2846
2684
3041
3472
2869
468
-3238
-6688
-8255
-7349
-4912
-2779
-2184
-2781
-3200
-2450
-601
1633
3561
4775
5041
4272
2656
760
-688
-1371
-1669
-2315
-3665
-5370
-6671
-6946
-6062
-4271
-1949
546
2810
4470
5415
5880
6133
6154
5641
4374
2440
182
-1984
-3690
-4690
-4948
-4654
-4117
-3543
-2921
-2076
-879
597
2049
3073
3408
3117
2563
2202
2344
2964
3700
4090
3935
3366
2641
1948
1509
1596
2132
2281
950
-2121
-5799
-8268
-8315
-6170
-3400
-1776
-1935
-2914
-3162
-1914
399
2859
4736
5609
5253
3727
1529
-499
-1650
-1881
-1898
-2531
-4008
-5870
-7387
-7981
-7326
-5412
-2558
611
3414
5409
6561
7120
7285
6975
5945
4155
1901
-351
-2229
-3567
-4340
-4628
-4555
-4213
-3588
-2580
-1165
474
1983
3029
3483
3474
3285
3189
3327
3642
3930
3982
3751
3416
3211
3186
3138
2938
2773
2794
2553
1180
-1621
-4927
-7137
-7156
-5194
-2696
-1390
-1937
-3350
-3866
-2540
105
2742
4297
4465
3560
2119
621
-588
-1285
-1530
-1733
-2400
-3735
-5472
-7034
-7757
-7133
-5069
-2028
1178
3799
5421
6014
5847
5277
4489
3401
1901
88
-1762
-3396
-4646
-5430
-5741
-5593
-4859
-3368
-1201
1172
3141
4311
4629
4308
3626
2800
1972
1315
1023
1102
1305
1378
1359
1512
1991
2610
3093
3408
3646
3486
2185
-577
-3951
-6340
-6554
-4690
-2121
-629
-1086
-2632
-3454
-2412
42
2585
4171
4525
3894
2659
1158
-258
-1194
-1462
-1412
-1847
-3324
-5569
-7538
-8109
-6749
-3766
-91
3247
5561
6696
6903
6583
6007
5174
3892
2038
-216
-2429
-4156
-5215
-5718
-5833
-5566
-4722
-3128
-925
1355
3023
3695
3546
3101
2769
2573
2317
1895
1453
1257
1431
1867
2371
2913
3560
4237
4662
4684
4436
3933
2695
211
-3190
-6179
-7337
-6219
-3816
-1998
-2142
-3899
-5371
-4831
-2236
984
3297
4134
3796
2844
1678
577
-167
-390
-409
-1021
-2835
-5523
-7883
-8672
-7471
-4819
-1726
945
2824
3991
4699
5108
5179
4752
3686
2049
199
-1414
-2575
-3424
-4134
-4583
-4405
-3347
-1584
365
1944
2837
3065
2880
2606
2401
2209
1871
1327
717
289
257
658
1431
2509
3775
4877
5283
4747
3752
3138
3134
2851
1089
-2255
-5752
-7453
-6460
-3766
-1612
-1686
-3591
-5228
-4810
-2411
495
2585
3535
3645
3142
2057
537
-927
-1801
-2067
-2343
-3284
-4832
-6153
-6312
-4963
-2498
319
2825
4726
5997
6594
6356
5233
3494
1657
161
-886
-1729
-2710
-3877
-4839
-5061
-4286
-2748
-966
590
1689
2282
2417
2214
1857
1525
1299
1146
978
754
543
500
786
1486
2556
3768
4695
4925
4345
3348
2609
2520
2663
2057
120
-2606
-4856
-5630
-4876
-3485
-2654
-3012
-4067
-4676
-4058
-2312
-21
2196
3777
4178
3198
1263
-730
-1998
-2406
-2537
-3098
-4171
-5134
-5245
-4253
-2408
-189
1952
3712
4949
5596
5618
5125
4317
3295
1991
404
-1260
-2744
-3934
-4734
-4943
-4406
-3268
-1959
-899
-205
316
913
1551
1972
2034
1894
1783
1711
1518
1146
761
642
954
1634
2427
3132
3709
4098
4055
3427
2619
2361
2794
2955
1574
-1578
-5203
-7362
-6939
-4640
-2552
-2407
-3967
-5312
-4744
-2252
847
3184
4145
3771
2405
473
-1529
-3009
-3451
-2866
-1969
-1661
-2229
-3134
-3519
-2846
-1157
1039
3104
4543
5103
4789
3892
2910
2177
1599
836
-250
-1487
-2619
-3477
-3932
-3897
-3390
-2512
-1378
-151
896
1560
1861
1995
2101
2212
2264
2118
1645
905
186
-215
-157
342
1212
2322
3465
4363
4793
4754
4564
4631
4923
4697
2995
-382
-4368
-7198
-7657
-5971
-3722
-2667
-3418
-4997
-5697
-4484
-1738
1225
3220
3794
3075
1434
-514
-1858
-1826
-464
1172
1733
600
-1677
-3830
-4739
-4026
-2119
140
1976
3044
3450
3504
3349
2877
1975
818
-204
-875
-1457
-2449
-3924
-5199
-5374
-4268
-2589
-1134
-27
1127
2487
3620
3865
3028
1654
625
355
469
330
-217
-760
-830
-268
854
2409
4212
5959
7200
7481
6652
5140
3818
3330
3399
2852
641
-3035
-6622
-8376
-7651
-5343
-3228
-2677
-3607
-4638
-4423
-2812
-687
1107
2384
3323
3929
3918
3061
1585
153
-673
-1000
-1475
-2609
-4230
-5633
-6073
-5226
-3358
-1136
786
2096
2791
2977
2748
2190
1378
379
-747
-1933
-3153
-4291
-5055
-5100
-4391
-3272
-2117
-1015
81
1028
1582
1680
1552
1478
1582
1772
1885
1897
1937
2086
2278
2463
2766
3294
3927
4444
4772
4988
5081
4913
4376
3686
3286
3316
3103
1581
-1578
-5306
-7832
-7977
-6004
-3458
-2099
-2555
-3835
-4265
-2949
-294
2647
4942
6033
5645
3827
1078
-1637
-3258
-3334
-2441
-1768
-2143
-3511
-5117
-6035
-5598
-3656
-679
2425
4664
5403
4648
3022
1375
294
-155
-334
-715
-1564
-2799
-4054
-4854
-4871
-4068
-2688
-1081
405
1477
1979
2044
2077
2481
3277
3995
4040
3213
1909
758
129
6
246
791
1610
2582
3526
4283
4750
4889
4728
4366
3949
3659
3579
3413
2444
121
-3173
-6108
-7288
-6239
-3828
-1809
-1662
-3359
-5292
-5698
-4146
-1602
673
1985
2280
1838
1020
131
-536
-671
-235
245
-56
-1531
-3722
-5640
-6368
-5510
-3337
-583
1969
3789
4583
4286
3166
1741
455
-549
-1380
-2301
-3540
-5002
-6146
-6331
-5338
-3477
-1316
625
2007
2726
2860
2596
2161
1806
1662
1596
1324
746
85
-304
-213
320
1072
1783
2323
2735
3194
3908
4974
6188
7057
7127
6404
5379
4662
4462
4347
3410
971
-2732
-6484
-8856
-9113
-7612
-5554
-4270
-4380
-5338
-5805
-4635
-1695
2083
5265
6649
5811
3272
235
-2046
-2824
-2178
-930
-219
-759
-2350
-4034
-4792
-4149
-2308
45
2084
3161
3026
1888
379
-711
-841
-79
953
1477
976
-566
-2612
-4277
-4881
-4421
-3511
-2732
-2156
-1440
-362
894
1958
2702
3324
3983
4448
4303
3459
2448
2059
2618
3635
4266
4119
3573
3307
3685
4519
5305
5556
5044
3863
2372
1134
700
1297
2518
3375
2732
91
-3836
-7346
-8836
-7902
-5529
-3479
-3212
-4963
-7421
-8588
-7258
-3810
311
3605
5171
4889
3376
1648
546
343
698
864
74
-1918
-4521
-6643
-7332
-6250
-3766
-798
1642
2983
3293
2978
2384
1631
721
-307
-1352
-2358
-3431
-4728
-6118
-7053
-6939
-5656
-3690
-1731
-156
1222
2839
4817
6715
7920
8192
7762
6996
6076
4966
3590
2042
605
-453
-1096
-1484
-1684
-1432
-266
1993
4876
7432
8795
8700
7526
5954
4535
3469
2698
1979
893
-1093
-4169
-7729
-10478
-11194
-9554
-6430
-3513
-2347
-3257
-4950
-5432
-3564
101
3820
5949
5907
4310
2272
656
-248
-492
-293
-89
-495
-1950
-4254
-6558
-7823
-7380
-5300
-2341
445
2325
3127
3064
2454
1655
1042
749
537
-42
-1289
-3103
-4883
-5764
-5143
-3146
-552
1798
3396
4128
4168
3924
3819
3942
4038
3811
3228
2432
1564
752
257
410
1288
2494
3377
3601
3460
3632
4544
5942
7072
7277
6454
4994
3427
2118
1135
334
-460
-1313
-2233
-3287
-4586
-6122
-7612
-8529
-8326
-6845
-4689
-3020
-2732
-3726
-4957
-5208
-3954
-1694
463
1658
1794
1305
646
96
-122
101
572
798
295
-1047
-2824
-4278
-4762
-4121
-2707
-977
746
2284
3433
3929
3556
2378
800
-681
-1795
-2562
-3132
-3596
-3857
-3672
-2861
-1550
-130
1065
2031
3000
4094
5115
5634
5334
4309
3125
2495
2766
3664
4556
4911
4592
3831
3017
2453
2215
2231
2380
2519
2444
2005
1322
838
1035
1963
3105
3694
3245
1827
1
-1527
-2376
-2778
-3423
-4886
-7102
-9294
-10393
-9753
-7655
-5217
-3620
-3292
-3692
-3820
-2901
-804
1946
4482
6045
6280
5292
3574
1896
957
933
1318
1314
398
-1342
-3320
-4766
-5163
-4480
-3090
-1421
224
1573
2303
2197
1382
366
-196
35
732
1069
440
-959
-2281
-2748
-2210
-1124
-125
447
729
1106
1796
2693
3549
4176
4467
4394
4120
3929
4010
4292
4507
4304
3393
1747
-269
-2035
-3010
-2984
-2144
-936
206
1094
1781
2367
2821
3016
2822
2177
1071
-415
-2103
-3726
-5035
-5977
-6768
-7670
-8574
-8870
-7890
-5506
-2396
256
1439
1015
-106
-595
306
2293
4339
5463
5248
3971
2392
1316
1136
1682
2394
2594
1759
-172
-2603
-4565
-5321
-4792
-3485
-2127
-1220
-840
-671
-379
174
932
1768
2453
2643
2071
822
-646
-1768
-2196
-1928
-1244
-491
90
448
686
1010
1612
2492
3394
3974
4065
3764
3324
2954
2714
2518
2255
1869
1340
648
-143
-848
-1249
-1251
-935
-512
-184
-37
71
341
771
1034
745
-166
-1327
-2147
-2226
-1627
-742
69
629
738
53
-1558
-3617
-5118
-5172
-3696
-1645
-436
-877
-2421
-3498
-2694
168
3892
6715
7441
6095
3748
1724
792
894
1412
1666
1173
-278
-2564
-5154
-7184
-7856
-6886
-4787
-2621
-1368
-1281
-1778
-2027
-1607
-702
263
1030
1639
2231
2728
2769
2084
937
24
-140
312
811
914
632
346
425
923
1553
2025
2328
2607
2871
2919
2595
1996
1407
1024
763
324
-507
-1586
-2471
-2763
-2425
-1782
-1216
-863
-559
-90
535
1102
1443
1599
1706
1806
1881
1951
2107
2395
2732
2880
2527
1437
-346
-2369
-3880
-4236
-3386
-1993
-1047
-1138
-1988
-2636
-2243
-785
971
2164
2503
2309
1999
1655
1131
474
28
81
410
364
-584
-2311
-4089
-5161
-5239
-4600
-3763
-3098
-2585
-1954
-1033
44
996
1672
2076
2239
2126
1719
1114
524
149
14
-72
-388
-1024
-1723
-2038
-1677
-732
394
1217
1452
1164
698
419
493
836
1243
1462
1250
484
-633
-1515
-1556
-597
894
2176
2700
2445
1841
1449
1578
2140
2784
3092
2826
2070
1212
696
719
1135
1602
1819
1707
1438
1307
1417
1477
1005
-169
-1621
-2616
-2677
-1987
-1316
-1419
-2367
-3412
-3605
-2595
-853
815
1890
2342
2385
2185
1780
1207
592
24
-629
-1628
-3010
-4396
-5239
-5251
-4611
-3853
-3504
-3731
-4256
-4576
-4294
-3280
-1741
-138
1006
1430
1261
909
796
1101
1642
1991
1788
1008
-47
-956
-1371
-1188
-599
7
312
236
-50
-238
-89
454
1178
1782
2085
2135
2113
2159
2298
2472
2594
2549
2274
1816
1339
969
708
473
264
259
681
1543
2561
3347
3720
3800
3824
3857
3773
3437
2902
2329
1815
1255
404
-893
-2422
-3592
-3832
-3084
-1946
-1268
-1577
-2709
-3904
-4298
-3476
-1764
-8
959
807
-215
-1488
-2288
-2106
-946
547
1408
948
-741
-2858
-4449
-5017
-4683
-3938
-3254
-2865
-2773
-2863
-2928
-2667
-1848
-564
690
1324
1127
433
-133
-93
595
1580
2347
2571
2312
1926
1712
1680
1603
1290
756
181
-238
-348
-47
661
1533
2143
2203
1843
1507
1553
1937
2342
2498
2382
2134
1869
1620
1423
1367
1498
1721
1817
1670
1404
1256
1276
1273
1061
677
328
154
133
158
181
273
582
1172
1869
2227
1740
264
-1711
-3297
-3877
-3565
-3106
-3263
-4306
-5804
-6880
-6750
-5282
-3127
-1231
-199
-39
-378
-704
-530
386
1797
3073
3594
3164
2004
452
-1233
-2839
-4113
-4852
-5056
-4960
-4851
-4795
-4520
-3629
-2059
-215
1320
2228
2609
2803
3044
3247
3113
2462
1427
376
-326
-485
-109
603
1358
1877
2021
1798
1374
1021
992
1308
1658
1663
1220
612
253
352
827
1463
2089
2575
2802
2752
2596
2597
2844
3180
3317
3072
2457
1645
887
387
209
318
635
1032
1291
1200
777
358
386
1042
2033
2730
2544
1288
-709
-2757
-4176
-4664
-4412
-3941
-3758
-4105
-4820
-5393
-5231
-4094
-2325
-663
246
244
-343
-1035
-1499
-1615
-1383
-933
-548
-538
-990
-1659
-2159
-2222
-1853
-1323
-1001
-1109
-1562
-2056
-2286
-2114
-1590
-891
-236
212
371
291
155
230
676
1373
1993
2279
2256
2122
1996
1829
1533
1160
892
897
1161
1522
1823
2003
2092
2128
2154
2202
2301
2434
2522
2456
2210
1913
1748
1799
1971
2098
2065
1848
1505
1153
930
922
1101
1299
1280
910
297
-234
-422
-290
-121
-224
-692
-1369
-1954
-2248
-2267
-2191
-2181
-2283
-2435
-2517
-2406
-2060
-1598
-1290
-1392
-1937
-2679
-3250
-3418
-3225
-2909
-2695
-2670
-2806
-3018
-3170
-3074
-2600
-1782
-878
-267
-226
-658
-1101
-1035
-322
686
1468
1739
1594
1315
1117
1053
1093
1202
1343
1420
1319
1026
676
466
519
819
1228
1568
1689
1546
1254
1077
1270
1876
2652
3258
3465
3244
2755
2309
2222
2592
3201
3628
3521
2833
1871
1073
692
665
735
651
336
-124
-543
-769
-756
-584
-424
-408
-534
-659
-651
-488
-220
107
441
653
543
-17
-1002
-2187
-3248
-3889
-3973
-3563
-2879
-2186
-1659
-1313
-1068
-853
-580
-122
550
1217
1501
1149
212
-967
-1909
-2291
-2132
-1786
-1642
-1878
-2399
-2945
-3223
-3029
-2332
-1316
-302
373
525
221
-276
-635
-644
-295
203
532
455
-53
-730
-1155
-1017
-347
507
1177
1497
1524
1394
1201
981
794
753
937
1268
1524
1550
1384
1205
1152
1211
1266
1238
1146
1014
767
305
-296
-771
-858
-529
-2
447
679
735
741
793
898
1011
1071
1033
876
637
381
176
85
195
520
941
1291
1492
1574
1560
1463
1332
1240
1203
1151
996
693
288
-100
-347
-401
-317
-192
-124
-186
-401
-740
-1162
-1664
-2213
-2695
-2952
-2936
-2732
-2483
-2278
-2110
-1887
-1533
-1072
-599
-190
84
135
-89
-467
-718
-645
-302
27
74
-234
-744
-1190
-1389
-1330
-1142
-973
-922
-1023
-1210
-1334
-1210
-735
14
789
1316
1466
1337
1147
1072
1156
1330
1495
1567
1506
1320
1084
921
957
1238
1698
2209
2650
2949
3104
3165
3158
3037
2737
2260
1687
1113
588
131
-274
-626
-881
-973
-862
-562
-125
334
660
730
532
178
-144
-278
-234
-223
-525
-1227
-2123
-2848
-3129
-2977
-2607
-2238
-1957
-1754
-1623
-1555
-1523
-1496
-1487
-1512
-1575
-1681
-1822
-1970
-2057
-2018
-1842
-1568
-1296
-1102
-1010
-959
-859
-650
-331
42
374
558
553
437
372
472
722
1008
1197
1227
1165
1163
1296
1469
1537
1482
1404
1382
1405
1429
1441
1451
1455
1429
1354
1259
1243
1389
1657
1883
1916
1757
1543
1426
1441
1505
1505
1412
1289
1187
1074
895
645
345
21
-279
-483
-572
-624
-744
-951
-1172
-1346
-1480
-1620
-1757
-1818
-1775
-1703
-1716
-1841
-1991
-2040
-1933
-1689
-1378
-1096
-924
-898
-991
-1150
-1326
-1505
-1687
-1853
-1958
-1945
-1772
-1402
-826
-101
622
1158
1408
1433
1399
1414
1393
1174
719
193
-188
-337
-321
-253
-193
-123
27
285
577
787
892
991
1173
1419
1653
1844
2007
2134
2208
2217
2147
1978
1717
1431
1170
909
594
246
-47
-219
-264
-196
2
353
778
1076
1050
693
214
-146
-312
-380
-486
-676
-904
-1109
-1263
-1381
-1465
-1496
-1435
-1294
-1172
-1180
-1374
-1654
-1825
-1737
-1418
-1060
-849
-825
-910
-1005
-1067
-1090
-1048
-905
-660
-415
-313
-389
-521
-529
-366
-144
-13
-2
-31
-36
4
112
333
670
1047
1355
1502
1452
1271
1133
1209
1496
1795
1865
1631
1253
977
916
986
988
785
391
-40
-339
-453
-459
-453
-439
-372
-229
-46
155
374
627
884
1064
1097
973
767
583
501
483
401
129
-319
-769
-1023
-1013
-833
-629
-466
-342
-250
-218
-255
-299
-277
-191
-157
-319
-713
-1223
-1628
-1754
-1578
-1236
-892
-630
-453
-349
-307
-274
-178
-26
42
-125
-519
-922
-1081
-904
-518
-135
122
259
355
476
628
757
786
681
488
263
20
-251
-502
-656
-652
-487
-203
142
479
759
940
1038
1110
1222
1355
1413
1343
1193
1062
981
915
808
637
421
188
-34
-228
-350
-326
-136
122
299
320
253
219
310
520
758
913
887
649
249
-195
-545
-717
-701
-570
-464
-509
-727
-1005
-1150
-1021
-623
-130
232
321
160
-124
-376
-488
-419
-230
-58
-48
-274
-687
-1117
-1364
-1317
-1061
-784
-634
-617
-663
-702
-701
-657
-577
-487
-406
-344
-264
-109
145
437
650
704
610
448
285
136
-2
-124
-227
-350
-534
-731
-809
-681
-406
-127
67
181
270
380
520
695
889
1074
1181
1171
1062
934
853
835
847
840
777
664
595
685
955
1258
1397
1286
1000
696
506
487
611
784
871
755
423
12
-281
-359
-283
-204
-245
-451
-776
-1102
-1317
-1379
-1326
-1210
-1084
-990
-944
-918
-857
-721
-527
-370
-364
-537
-765
-856
-696
-357
-35
107
30
-163
-337
-391
-300
-98
127
250
173
-77
-358
-499
-435
-242
-86
-100
-281
-529
-715
-768
-678
-501
-329
-215
-166
-172
-223
-280
-284
-197
-59
31
3
-84
-75
113
405
646
761
784
820
941
1092
1123
945
656
466
492
667
850
962
1011
1041
1069
1085
1092
1112
1151
1164
1095
909
620
314
105
56
102
163
221
337
508
643
645
512
335
191
83
-52
-239
-459
-655
-779
-822
-802
-763
-731
-694
-594
-424
-273
-253
-376
-555
-683
-713
-696
-738
-899
-1111
-1230
-1184
-1039
-904
-812
-700
-496
-215
62
257
368
413
381
255
37
-232
-491
-697
-831
-920
-1003
-1105
-1185
-1160
-996
-744
-475
-219
14
181
233
188
145
211
386
568
650
616
533
475
463
472
498
554
636
678
629
537
510
588
696
726
648
530
454
468
545
613
599
513
433
436
524
634
719
783
857
930
962
938
922
974
1061
1081
968
770
581
461
399
323
182
-38
-301
-575
-851
-1112
-1338
-1483
-1529
-1494
-1432
-1405
-1434
-1481
-1452
-1285
-1020
-802
-773
-940
-1172
-1304
-1294
-1215
-1148
-1104
-1085
-1111
-1185
-1250
-1212
-998
-605
-138
258
499
609
656
707
801
945
1085
1118
978
701
407
215
185
288
423
469
354
87
-261
-562
-653
-434
31
511
805
891
889
934
1068
1288
1557
1823
1983
1935
1650
1216
791
504
399
434
516
562
519
384
213
103
132
282
459
559
527
367
153
10
12
138
283
354
324
221
108
23
-54
-192
-426
-711
-957
-1094
-1131
-1118
-1124
-1170
-1221
-1222
-1165
-1084
-1004
-940
-909
-922
-979
-1050
-1067
-968
-787
-628
-572
-606
-676
-741
-761
-718
-639
-559
-489
-441
-417
-388
-287
-78
212
547
891
1186
1356
1367
1251
1078
911
790
708
627
522
378
200
7
-124
-130
-10
159
300
375
381
335
259
165
66
9
31
89
72
-86
-326
-525
-588
-500
-338
-214
-192
-231
-239
-169
-52
44
78
46
-32
-120
-202
-280
-337
-343
-277
-182
-128
-143
-170
-136
-43
34
29
-65
-190
-282
-313
-290
-223
-101
71
250
395
480
521
562
658
804
928
982
992
1002
981
850
603
332
165
151
227
282
261
198
154
157
199
271
389
571
789
956
990
889
737
650
670
743
763
661
440
170
-91
-301
-426
-439
-362
-252
-150
-100
-144
-298
-492
-628
-693
-729
-771
-813
-856
-935
-1074
-1260
-1428
-1503
-1457
-1329
-1196
-1128
-1145
-1194
-1191
-1085
-906
-726
-602
-545
-532
-540
-536
-481
-325
-52
277
542
674
677
622
566
531
506
465
410
351
295
250
211
207
267
421
641
850
956
934
848
802
837
913
954
944
910
874
821
717
564
406
298
256
252
248
232
218
207
181
112
-5
-150
-288
-405
-519
-650
-799
-927
-1000
-1007
-941
-828
-699
-601
-551
-553
-580
-595
-575
-533
-508
-502
-507
-502
-493
-472
-421
-340
-261
-239
-313
-469
-646
-763
-791
-779
-789
-817
-799
-695
-528
-343
-161
-9
103
170
230
311
406
489
557
632
727
809
839
813
780
811
953
1181
1389
1481
1461
1433
1466
1512
1492
1388
1261
1172
1133
1131
1151
1184
1220
1213
1123
970
841
827
927
1071
1167
1156
1028
810
547
299
133
70
60
-4
-190
-479
-784
-1022
-1179
-1303
-1451
-1641
-1840
-1999
-2064
-2045
-1994
-1967
-1984
-2025
-2056
-2024
-1887
-1663
-1437
-1295
-1278
-1351
-1447
-1470
-1354
-1113
-842
-651
-554
-488
-387
-249
-87
97
291
439
487
422
282
117
-6
-43
-3
57
70
33
-14
2
118
311
500
627
685
697
692
684
683
683
677
676
687
694
703
750
859
993
1099
1174
1249
1330
1409
1487
1563
1626
1654
1640
1585
1468
1280
1034
817
697
645
540
314
37
-156
-216
-197
-168
-154
-148
-163
-242
-422
-679
-936
-1128
-1240
-1287
-1296
-1296
-1320
-1384
-1450
-1460
-1376
-1228
-1051
-846
-625
-450
-384
-404
-421
-372
-271
-162
-86
-59
-70
-103
-168
-273
-373
-369
-217
15
198
271
268
263
300
377
454
468
377
173
-76
-280
-363
-318
-194
-61
32
81
109
127
117
91
97
167
279
367
390
372
361
395
471
561
616
610
538
432
332
282
304
374
457
506
513
495
470
435
358
237
115
51
35
-1
-121
-307
-484
-579
-564
-468
-356
-280
-235
-158
-14
190
417
612
726
723
630
511
400
302
228
188
168
139
106
98
116
124
86
2
-109
-228
-324
-383
-410
-428
-444
-459
-496
-569
-647
-677
-635
-533
-404
-279
-192
-158
-191
-285
-415
-520
-559
-574
-629
-764
-936
-1083
-1155
-1141
-1041
-870
-668
-476
-323
-205
-119
-67
-53
-68
-92
-94
-43
52
157
232
261
262
282
357
473
570
608
594
549
501
469
467
465
415
329
263
269
327
391
420
400
341
299
341
492
696
854
900
841
737
651
609
587
549
480
381
267
164
99
74
72
82
104
125
118
86
68
105
170
207
172
56
-108
-271
-392
-463
-488
-456
-375
-287
-271
-360
-507
-627
-670
-664
-667
-725
-833
-940
-983
-933
-830
-738
-691
-689
-697
-668
-563
-388
-191
-15
118
188
195
155
114
114
180
314
493
674
806
869
878
869
870
886
897
879
804
667
509
398
356
337
303
285
346
475
611
724
825
898
868
695
414
128
-70
-136
-106
-68
-91
-170
-242
-246
-169
-39
91
165
159
73
-58
-195
-309
-392
-452
-501
-548
-611
-677
-719
-727
-718
-702
-664
-603
-551
-547
-617
-749
-889
-967
-947
-869
-798
-781
-796
-812
-816
-810
-779
-709
-617
-551
-542
-594
-670
-720
-701
-591
-420
-248
-124
-42
16
49
56
73
128
205
269
298
286
226
122
12
-36
15
133
253
349
453
583
740
909
1074
1204
1251
1189
1065
967
951
991
1031
1033
973
865
762
753
858
1015
1135
1165
1106
978
819
670
588
581
605
607
574
520
436
342
281
262
239
144
-19
-194
-352
-497
-603
-638
-599
-538
-482
-435
-394
-369
-362
-378
-416
-460
-501
-555
-652
-779
-879
-923
-921
-894
-850
-807
-775
-734
-663
-576
-497
-429
-356
-272
-199
-142
-91
-28
35
65
50
15
-18
-40
-49
-33
2
17
-15
-80
-131
-136
-98
-44
-2
12
1
-14
-26
-16
39
156
320
468
571
635
684
716
707
657
583
505
400
235
33
-113
-133
-56
16
10
-51
-84
-33
88
210
278
289
268
217
120
-6
-110
-164
-195
-251
-336
-446
-587
-751
-887
-946
-931
-894
-870
-848
-807
-747
-666
-561
-431
-302
-203
-148
-135
-153
-186
-223
-231
-183
-79
52
181
301
395
441
436
408
395
412
457
503
530
545
572
619
662
673
632
533
393
259
175
137
124
118
94
31
-46
-74
-29
66
176
287
382
443
468
462
420
324
172
-6
-164
-265
-298
-277
-248
-262
-332
-420
-470
-452
-364
-229
-88
18
79
102
101
83
60
37
5
-29
-64
-88
-101
-90
-49
25
110
171
192
184
173
165
155
138
122
113
103
87
74
69
70
85
128
190
250
287
302
304
313
354
427
501
535
514
438
318
174
49
-31
-52
-42
-34
-56
-98
-121
-100
-64
-59
-109
-214
-343
-459
-530
-569
-596
-620
-652
-706
-776
-822
-808
-735
-635
-545
-480
-444
-424
-405
-374
-314
-242
-190
-199
-270
-378
-481
-525
-485
-374
-257
-187
-174
-188
-204
-203
-173
-114
-50
-6
28
86
172
283
418
575
699
733
671
581
528
527
548
542
480
374
278
246
278
345
436
545
662
754
802
812
809
785
720
606
457
305
191
151
173
217
232
212
184
168
148
81
-36
-164
-270
-368
-497
-634
-711
-688
-598
-506
-443
-432
-478
-554
-601
-578
-502
-409
-306
-193
-94
-41
-15
13
41
51
56
90
146
173
150
102
72
74
87
89
72
47
30
14
-21
-77
-126
-135
-107
-66
-30
4
37
54
53
52
75
123
176
220
251
264
246
164
18
-137
-227
-240
-210
-184
-175
-185
-192
-160
-76
44
174
292
363
366
327
303
296
264
175
59
-41
-111
-168
-212
-220
-162
-53
53
105
99
60
16
-38
-122
-238
-362
-456
-503
-514
-515
-508
-480
-428
-364
-304
-251
-208
-181
-167
-154
-143
-153
-189
-216
-202
-133
-27
97
215
302
342
347
336
322
305
281
243
182
113
68
68
109
156
187
196
211
263
360
466
543
577
581
563
506
417
315
230
155
82
20
-16
-35
-66
-115
-165
-182
-161
-115
-61
-16
12
22
27
32
35
20
-30
-117
-205
-271
-310
-359
-430
-487
-469
-381
-283
-235
-248
-298
-340
-323
-242
-144
-108
-163
-293
-454
-588
-640
-583
-456
-322
-246
-226
-231
-231
-210
-165
-90
11
113
185
226
263
306
338
325
261
188
156
201
302
410
465
451
406
395
447
513
521
444
348
293
289
293
288
284
305
345
373
366
332
303
319
381
434
442
410
398
412
413
358
255
149
64
-3
-61
-125
-197
-270
-316
-332
-333
-330
-333
-343
-371
-396
-382
-323
-280
-297
-345
-351
-301
-229
-187
-210
-301
-409
-454
-424
-372
-343
-312
-234
-136
-64
-51
-78
-107
-85
6
117
183
183
167
152
126
80
32
12
24
48
48
29
23
60
116
142
112
54
7
-15
-16
-14
-23
-67
-144
-229
-278
-265
-218
-176
-165
-161
-127
-58
9
31
16
12
41
90
127
146
152
156
158
150
125
91
55
17
-32
-66
-45
26
73
18
-135
-320
-460
-522
-526
-498
-466
-418
-341
-245
-154
-94
-64
-39
12
105
212
305
367
383
355
310
295
312
330
336
358
417
490
540
550
525
483
442
409
374
313
216
80
-67
-188
-257
-278
-267
-236
-190
-136
-92
-74
-86
-117
-137
-133
-123
-116
-100
-50
33
107
127
88
43
42
80
108
97
57
14
-29
-65
-59
-4
67
120
166
220
251
226
149
61
1
-24
-15
0
5
9
25
75
150
232
281
281
241
173
84
-20
-103
-144
-148
-127
-96
-60
-39
-42
-64
-94
-123
-143
-131
-97
-68
-87
-156
-252
-342
-406
-424
-384
-293
-178
-80
-28
-40
-103
-190
-251
-238
-155
-64
-40
-88
-156
-204
-236
-263
-288
-338
-440
-568
-655
-640
-523
-369
-256
-208
-192
-166
-126
-92
-67
-46
-11
35
100
180
257
303
311
304
293
291
313
361
402
398
350
303
294
314
317
265
188
154
203
283
323
292
225
165
153
196
282
365
403
371
277
168
96
102
172
269
336
329
249
163
132
148
155
123
67
13
-38
-94
-158
-229
-304
-376
-425
-426
-390
-348
-315
-283
-231
-155
-77
-20
4
-3
-17
-13
25
74
77
5
-127
-260
-345
-373
-384
-412
-447
-450
-417
-378
-356
-348
-335
-310
-281
-263
-277
-313
-350
-368
-366
-352
-313
-220
-70
95
219
275
290
289
278
264
279
344
421
455
422
346
274
243
257
297
325
331
319
312
347
449
597
731
796
792
732
632
508
378
276
220
212
210
180
111
34
-10
-10
14
31
31
23
-2
-52
-112
-135
-116
-88
-83
-96
-104
-104
-96
-105
-139
-183
-206
-200
-189
-200
-216
-210
-197
-205
-238
-279
-324
-384
-460
-538
-607
-649
-647
-608
-565
-541
-519
-468
-391
-308
-232
-157
-91
-60
-70
-90
-73
-27
14
35
44
45
45
57
97
158
223
268
288
284
260
220
167
107
54
29
36
62
85
90
84
87
104
124
137
162
214
275
311
295
229
132
47
8
17
58
88
87
49
4
-12
8
58
146
261
359
379
322
256
233
250
265
250
200
129
49
-31
-116
-182
-210
-200
-200
-241
-304
-358
