118
64
1
-40
-24
54
175
283
340
337
329
371
458
529
521
434
302
172
63
-23
-85
-125
-133
-128
-135
-181
-255
-306
-296
-244
-204
-192
-195
-186
-156
-98
-30
32
93
160
228
282
316
332
347
383
428
439
379
269
146
45
-13
-15
37
109
175
202
166
73
-28
-73
-58
-17
0
-24
-67
-109
-132
-153
-174
-168
-103
7
93
98
26
-78
-164
-216
-260
-321
-377
-387
-344
-299
-297
-337
-381
-396
-387
-381
-399
-420
-429
-415
-365
-286
-206
-160
-149
-154
-164
-174
-164
-113
-15
95
180
225
243
243
206
135
52
-15
-59
-93
-121
-147
-171
-187
-184
-126
-2
140
230
246
243
269
332
390
407
398
398
421
438
417
374
326
259
158
51
-16
-32
-13
7
1
-50
-118
-159
-168
-189
-253
-332
-358
-311
-224
-147
-83
-19
39
65
52
26
32
93
208
306
323
258
168
101
50
6
-53
-110
-157
-193
-236
-293
-346
-392
-422
-426
-381
-293
-188
-82
32
147
238
286
308
315
306
281
241
176
71
-42
-100
-67
23
121
190
209
179
134
114
139
190
231
234
193
117
24
-60
-87
-43
25
59
52
22
-26
-84
-111
-87
-38
-10
-28
-77
-131
-151
-118
-48
8
29
21
-12
-52
-79
-76
-78
-117
-176
-194
-166
-142
-161
-197
-210
-200
-179
-145
-96
-50
-26
-18
-11
-1
8
9
13
41
112
208
286
320
318
288
233
155
70
12
-11
-19
-33
-41
-21
20
63
92
107
108
109
118
136
142
126
99
67
35
8
-5
-20
-58
-109
-148
-161
-160
-153
-124
-88
-60
-51
-58
-80
-103
-111
-110
-127
-167
-207
-240
-267
-296
-300
-273
-227
-173
-113
-57
-27
-24
-2
49
90
104
126
184
221
190
106
35
1
-19
-43
-96
-176
-249
-266
-217
-139
-64
7
72
114
116
101
101
137
186
220
218
175
123
89
102
152
212
240
242
251
284
335
390
436
447
413
366
347
359
360
330
288
267
268
269
251
205
120
24
-34
-39
-28
-54
-122
-217
-314
-393
-446
-484
-514
-531
-524
-493
-448
-391
-335
-287
-243
-181
-109
-60
-52
-80
-130
-192
-241
-240
-194
-155
-177
-239
-264
-221
-137
-82
-88
-154
-237
-308
-348
-349
-285
-165
-49
-2
-20
-31
36
199
397
546
607
606
587
559
521
478
453
451
460
451
405
339
269
193
98
4
-59
-81
-86
-102
-135
-190
-244
-282
-278
-232
-153
-90
-83
-123
-159
-140
-84
-14
54
118
168
171
128
59
3
-31
-55
-80
-111
-138
-182
-257
-355
-427
-446
-423
-382
-329
-257
-196
-172
-190
-216
-222
-186
-107
0
106
196
264
313
339
350
355
355
334
281
227
202
213
237
257
260
229
185
165
169
147
93
61
109
216
316
359
336
276
213
181
176
192
210
251
306
331
258
81
-135
-304
-355
-272
-114
-55
-219
-554
-820
-851
-658
-395
-208
-176
-294
-484
-657
-763
-802
-781
-678
-487
-258
-113
-165
-403
-647
-680
-426
-28
282
329
119
-181
-364
-324
-111
122
235
183
38
-77
-76
34
185
307
368
388
383
351
287
232
251
379
541
630
600
511
442
426
436
445
439
423
403
381
345
297
279
328
427
488
449
326
205
161
191
248
299
327
333
301
256
220
210
211
185
94
-83
-293
-461
-536
-548
-558
-597
-663
-715
-728
-692
-627
-553
-483
-405
-286
-129
4
60
58
71
114
149
151
133
123
117
92
46
1
-18
-3
27
60
97
138
170
181
172
143
101
62
36
19
13
35
103
195
267
300
311
324
333
310
246
160
58
-77
-242
-396
-494
-540
-564
-596
-635
-654
-631
-581
-551
-544
-531
-478
-391
-305
-257
-248
-241
-190
-101
-15
20
11
-14
-32
-38
-27
20
103
166
156
81
-17
-118
-220
-290
-297
-262
-244
-277
-332
-375
-373
-296
-145
30
159
242
334
475
626
733
801
835
827
748
621
495
404
368
381
418
419
351
244
156
121
117
113
101
88
80
72
48
-16
-108
-161
-127
-25
66
116
123
94
58
60
117
172
180
133
59
-36
-137
-198
-184
-109
-30
20
51
81
95
71
24
-3
-16
-38
-65
-49
30
133
216
259
261
236
203
181
181
188
175
111
6
-103
-191
-246
-268
-263
-252
-258
-261
-251
-225
-221
-256
-317
-350
-330
-297
-308
-362
-403
-405
-372
-314
-238
-175
-143
-105
-29
81
179
239
257
245
215
156
67
-30
-96
-118
-98
-80
-96
-149
-201
-215
-200
-190
-206
-253
-319
-386
-432
-428
-358
-230
-82
38
117
172
237
331
430
473
432
363
332
334
300
203
74
-42
-122
-156
-147
-132
-142
-170
-177
-141
-92
-75
-90
-94
-72
-73
-132
-205
-226
-184
-125
-84
-68
-69
-89
-129
-153
-133
-74
-17
43
114
169
159
108
74
78
72
20
-67
-142
-170
-152
-103
-44
7
32
46
85
132
144
99
50
44
71
93
98
90
82
90
112
155
187
196
186
197
265
376
498
578
600
565
503
458
452
474
482
464
437
427
435
448
472
514
559
563
517
448
384
307
193
61
-46
-110
-148
-192
-256
-338
-407
-418
-358
-263
-198
-195
-233
-282
-326
-354
-353
-326
-302
-292
-300
-325
-356
-350
-276
-177
-112
-108
-125
-138
-146
-164
-190
-215
-237
-266
-317
-377
-418
-407
-333
-213
-110
-77
-106
-116
-54
54
146
193
193
162
113
61
-5
-86
-152
-179
-172
-150
-109
-69
-57
-78
-104
-101
-89
-94
-128
-166
-193
-211
-222
-208
-163
-116
-105
-133
-174
-201
-216
-212
-187
-133
-51
38
106
125
109
65
15
-8
30
110
162
123
-17
-202
-335
-346
-240
-71
76
140
120
92
118
186
250
290
316
312
260
180
113
90
110
161
227
274
281
248
202
172
158
158
159
151
134
121
115
100
68
52
98
191
263
262
231
226
253
283
296
308
324
328
298
234
162
102
54
23
-3
-26
-58
-100
-143
-177
-195
-192
-159
-89
7
85
110
89
68
58
38
-10
-59
-77
-43
32
107
118
42
-68
-128
-119
-96
-92
-100
-106
-122
-136
-116
-51
19
52
36
-14
-78
-137
-157
-107
11
139
211
212
178
149
139
131
120
103
78
26
-61
-166
-242
-246
-187
-121
-106
-157
-255
-361
-431
-443
-398
-320
-229
-150
-99
-78
-58
-38
-19
-16
-29
-52
-72
-69
-61
-77
-121
-152
-145
-136
-178
-277
-388
-458
-491
-512
-527
-506
-428
-318
-234
-196
-171
-116
-33
29
53
66
110
182
241
259
245
216
210
243
300
324
287
215
156
131
134
149
166
185
200
210
194
162
125
94
63
31
14
33
86
139
156
132
108
125
196
277
319
316
295
281
269
249
203
126
37
-27
-32
15
88
151
192
206
180
102
-20
-152
-256
-303
-309
-302
-306
-309
-293
-272
-254
-230
-186
-136
-96
-67
-32
-3
2
-25
-71
-124
-150
-123
-37
66
135
149
127
95
79
100
163
232
255
220
161
121
106
110
122
145
167
194
228
271
319
363
390
383
348
295
242
203
195
231
295
347
346
301
234
161
87
36
33
54
62
33
-1
-16
-3
22
34
6
-78
-194
-305
-396
-471
-527
-550
-547
-538
-524
-495
-444
-393
-375
-391
-405
-373
-300
-252
-269
-335
-407
-478
-547
-582
-558
-496
-453
-444
-444
-434
-417
-396
-340
-254
-185
-186
-231
-245
-196
-136
-119
-130
-126
-93
-50
-7
48
127
228
337
423
467
461
403
309
213
151
147
187
262
340
397
418
415
402
381
362
371
414
453
438
359
271
221
212
215
213
230
271
310
300
235
143
58
30
76
175
257
284
259
200
101
-23
-106
-86
21
130
164
119
56
41
89
149
180
175
164
155
139
90
14
-73
-139
-181
-229
-300
-362
-358
-297
-252
-288
-376
-430
-400
-329
-291
-335
-450
-567
-572
-401
-123
117
200
102
-112
-314
-355
-183
122
398
520
465
283
101
36
139
338
528
674
780
823
744
525
243
42
34
224
472
621
573
366
110
-69
-92
28
195
299
284
168
18
-112
-199
-242
-219
-115
25
94
11
-206
-452
-618
-661
-615
-539
-476
-463
-552
-726
-886
-928
-832
-663
-492
-353
-265
-234
-268
-347
-445
-515
-522
-451
-338
-261
-255
-299
-326
-312
-250
-139
9
145
209
194
143
90
51
15
17
84
205
307
331
288
227
200
236
361
536
664
659
540
404
327
324
352
348
275
146
33
-10
14
39
15
-60
-140
-174
-165
-153
-175
-225
-289
-341
-346
-276
-150
-10
103
164
168
137
107
102
122
163
228
306
350
320
216
101
31
16
30
52
70
61
18
-39
-80
-92
-84
-52
6
74
133
170
182
151
82
18
12
81
177
263
314
340
344
343
359
375
368
320
260
219
199
174
125
57
-7
-58
-83
-80
-83
-109
-150
-159
-139
-140
-204
-304
-367
-365
-333
-311
-309
-298
-253
-176
-98
-59
-67
-101
-129
-139
-139
-125
-97
-47
16
57
55
-1
-78
-135
-150
-122
-94
-91
-99
-91
-55
-24
-36
-99
-193
-267
-268
-185
-74
-8
-10
-29
-4
82
182
261
290
281
249
226
220
200
149
99
97
125
150
149
139
104
25
-82
-168
-211
-222
-212
-175
-118
-73
-71
-113
-159
-163
-100
4
101
167
205
199
122
-7
-121
-150
-106
-46
-27
-72
-157
-243
-277
-260
-254
-324
-441
-523
-513
-436
-335
-255
-231
-250
-264
-224
-137
-25
90
182
238
265
293
318
332
348
382
439
497
536
554
555
533
495
467
485
541
586
583
546
510
477
417
336
266
244
269
298
289
206
64
-78
-147
-127
-67
-32
-48
-88
-107
-92
-76
-85
-128
-182
-222
-232
-215
-189
-192
-242
-348
-465
-535
-524
-463
-422
-440
-495
-543
-567
-597
-665
-740
-776
-743
-678
-612
-545
-453
-314
-129
78
242
293
222
103
19
0
30
85
134
143
118
84
60
50
63
113
193
258
280
273
266
247
205
168
175
219
273
314
340
340
307
263
221
199
188
190
210
251
297
294
195
21
-125
-158
-101
-29
3
20
49
89
135
179
214
247
294
351
364
290
165
71
36
21
-23
-98
-176
-222
-213
-166
-134
-162
-230
-268
-229
-112
33
142
161
91
-8
-67
-59
-3
77
142
166
143
109
104
113
92
15
-66
-91
-35
28
26
-51
-112
-90
-13
26
-21
-130
-231
-258
-212
-149
-149
-219
-308
-340
-293
-220
-202
-282
-424
-550
-608
-588
-516
-437
-396
-398
-430
-467
-498
-505
-478
-425
-368
-322
-279
-215
-100
63
232
353
420
471
547
661
774
821
780
675
561
483
469
509
563
604
643
729
894
1121
1354
1512
1563
1539
1487
1422
1343
1260
1196
1110
906
496
-83
-706
-1240
-1652
-1984
-2300
-2635
-2953
-3194
-3328
-3386
-3375
-3263
-3008
-2613
-2134
-1680
-1341
-1142
-999
-815
-554
-285
-85
19
54
56
55
87
171
297
464
681
923
1120
1245
1341
1472
1668
1911
2166
2389
2538
2623
2692
2797
2959
3160
3396
3666
3960
4227
4397
4420
4292
4067
3835
3672
3595
3510
3266
2713
1852
814
-190
-1022
-1675
-2272
-2962
-3747
-4502
-5073
-5427
-5582
-5588
-5487
-5297
-5005
-4611
-4201
-3886
-3699
-3565
-3375
-3064
-2677
-2332
-2151
-2147
-2228
-2263
-2189
-1997
-1724
-1410
-1101
-834
-599
-372
-146
37
171
294
475
717
965
1138
1204
1196
1194
1275
1457
1704
1951
2181
2410
2642
2866
3081
3322
3614
3950
4298
4623
4883
5049
5127
5153
5169
5180
5147
5000
4682
4212
3698
3249
2875
2457
1857
1020
2
-1083
-2144
-3149
-4108
-5029
-5878
-6566
-7006
-7189
-7172
-7011
-6722
-6278
-5658
-4898
-4116
-3442
-2909
-2464
-2026
-1560
-1063
-571
-159
104
216
230
199
155
105
77
81
106
114
60
-40
-149
-223
-261
-253
-175
-30
154
323
469
604
778
1027
1356
1736
2114
2456
2761
3043
3300
3556
3860
4257
4723
5175
5540
5787
5925
5979
5992
5972
5880
5643
5259
4825
4465
4196
3904
3433
2693
1672
449
-827
-1991
-2996
-3907
-4817
-5708
-6499
-7084
-7413
-7486
-7368
-7130
-6791
-6315
-5698
-5015
-4377
-3836
-3351
-2861
-2341
-1799
-1288
-875
-623
-520
-492
-459
-369
-240
-105
-4
40
3
-99
-247
-426
-610
-740
-771
-738
-718
-740
-778
-768
-688
-553
-405
-235
2
343
768
1223
1689
2165
2669
3216
3801
4395
4953
5448
5882
6261
6584
6835
6995
7047
6960
6695
6242
5669
5098
4605
4129
3508
2621
1461
144
-1195
-2459
-3623
-4704
-5711
-6621
-7371
-7895
-8178
-8262
-8211
-8016
-7627
-7010
-6216
-5358
-4567
-3906
-3339
-2763
-2130
-1483
-902
-425
-37
288
569
801
956
1030
1079
1157
1259
1323
1304
1174
927
594
271
53
-27
-1
72
135
148
127
143
278
555
934
1355
1785
2222
2674
3128
3578
4026
4494
4988
5492
5971
6379
6680
6862
6931
6904
6793
6575
6209
5688
5090
4513
3990
3408
2623
1563
298
-1026
-2272
-3368
-4339
-5276
-6223
-7106
-7788
-8206
-8387
-8376
-8175
-7773
-7191
-6479
-5710
-4943
-4223
-3577
-3003
-2468
-1947
-1436
-967
-580
-308
-140
-27
91
222
323
363
376
408
471
518
473
285
-10
-281
-423
-435
-390
-339
-277
-174
-7
220
502
828
1192
1586
2017
2483
2956
3426
3902
4397
4880
5325
5752
6185
6585
6863
6967
6933
6829
6669
6383
5903
5254
4551
3916
3365
2800
2073
1108
-55
-1302
-2510
-3615
-4604
-5493
-6298
-7005
-7578
-7968
-8148
-8130
-7929
-7539
-6963
-6258
-5543
-4917
-4419
-4009
-3630
-3237
-2837
-2457
-2119
-1812
-1511
-1215
-953
-760
-630
-507
-323
-63
234
518
743
863
843
713
589
573
698
893
1076
1206
1300
1416
1598
1854
2166
2500
2845
3193
3549
3924
4322
4729
5117
5473
5804
6121
6412
6637
6753
6757
6699
6622
6497
6236
5773
5149
4488
3901
3413
2932
2322
1452
313
-981
-2249
-3370
-4347
-5236
-6058
-6783
-7371
-7795
-8050
-8115
-8001
-7720
-7300
-6751
-6110
-5450
-4864
-4410
-4082
-3814
-3507
-3118
-2687
-2298
-1982
-1700
-1429
-1182
-981
-826
-686
-515
-259
60
341
480
483
436
416
447
546
717
946
1183
1387
1552
1703
1870
2073
2307
2585
2933
3382
3912
4447
4927
5346
5743
6132
6511
6870
7186
7416
7519
7492
7372
7170
6857
6357
5651
4826
4032
3372
2807
2191
1380
320
-943
-2296
-3580
-4678
-5568
-6340
-7067
-7730
-8250
-8585
-8756
-8787
-8667
-8379
-7943
-7396
-6781
-6153
-5594
-5159
-4828
-4527
-4197
-3828
-3441
-3037
-2627
-2222
-1876
-1622
-1463
-1346
-1183
-887
-444
70
533
858
1047
1172
1312
1504
1742
2019
2337
2686
3053
3402
3707
3962
4188
4424
4693
4990
5313
5658
6016
6344
6613
6823
6993
7131
7231
7280
7267
7190
7075
6924
6703
6336
5769
5027
4220
3479
2851
2273
1626
810
-224
-1426
-2663
-3797
-4777
-5650
-6480
-7264
-7927
-8377
-8601
-8670
-8665
-8602
-8432
-8097
-7574
-6908
-6205
-5588
-5129
-4801
-4507
-4153
-3730
-3281
-2809
-2296
-1736
-1198
-733
-362
-50
259
589
938
1257
1503
1629
1668
1717
1870
2094
2266
2312
2307
2363
2493
2599
2633
2680
2888
3288
3754
4135
4412
4693
5089
5606
6179
6744
7234
7551
7622
7512
7385
7338
7321
7201
6856
6167
5045
3564
2010
731
-148
-798
-1558
-2624
-3981
-5430
-6792
-7897
-8649
-9006
-9039
-8848
-8520
-8092
-7561
-6954
-6293
-5612
-4895
-4148
-3396
-2749
-2354
-2328
-2613
-2980
-3203
-3226
-3160
-3116
-3106
-3078
-2997
-2856
-2643
-2322
-1836
-1161
-319
575
1401
2103
2723
3284
3762
4151
4506
4822
4976
4845
4483
4088
3781
3532
3246
2931
2685
2604
2746
3074
3523
4014
4552
5175
5850
6486
7011
7461
7871
8230
8463
8489
8175
7371
6031
4314
2513
834
-644
-1981
-3266
-4630
-6081
-7502
-8695
-9575
-10154
-10450
-10409
-9960
-9125
-8007
-6741
-5426
-4126
-2875
-1688
-598
342
1046
1434
1435
1050
398
-310
-898
-1357
-1797
-2306
-2831
-3289
-3647
-3913
-4023
-3878
-3435
-2707
-1758
-699
318
1188
1908
2510
3026
3493
3986
4495
4895
5047
4939
4667
4314
3917
3517
3193
3041
3108
3353
3696
4101
4599
5208
5850
6406
6830
7194
7582
7968
8225
8180
7692
6697
5266
3549
1758
53
-1437
-2754
-4040
-5452
-6943
-8326
-9443
-10287
-10909
-11249
-11199
-10674
-9744
-8533
-7195
-5818
-4431
-3037
-1663
-409
650
1406
1755
1621
1117
476
-120
-632
-1100
-1519
-1916
-2314
-2745
-3151
-3466
-3599
-3466
-2966
-2100
-1018
72
991
1689
2189
2573
2902
3221
3568
3952
4343
4639
4789
4806
4753
4629
4453
4291
4253
4399
4717
5174
5709
6266
6793
7269
7674
8001
8253
8462
8608
8624
8391
7758
6595
4922
2949
941
-893
-2461
-3793
-5034
-6330
-7692
-8990
-10121
-10999
-11541
-11618
-11233
-10466
-9426
-8175
-6819
-5474
-4147
-2790
-1426
-223
703
1294
1518
1347
859
220
-447
-1042
-1495
-1780
-2015
-2309
-2675
-3014
-3238
-3258
-2988
-2414
-1623
-719
231
1135
1876
2388
2703
2895
3064
3306
3652
4022
4306
4457
4471
4350
4127
3918
3810
3848
4044
4441
5042
5791
6585
7309
7859
8178
8337
8419
8473
8486
8412
8124
7411
6162
4423
2419
342
-1584
-3276
-4696
-5965
-7123
-8220
-9240
-10135
-10807
-11145
-11136
-10765
-10111
-9211
-8151
-6886
-5418
-3798
-2205
-815
262
975
1307
1226
771
66
-663
-1250
-1637
-1859
-1950
-1987
-2107
-2358
-2666
-2861
-2844
-2533
-1918
-1068
-97
936
1998
2928
3566
3863
3954
3940
3887
3824
3776
3720
3643
3585
3557
3527
3470
3474
3627
3966
4462
5094
5810
6531
7177
7704
8090
8298
8344
8287
8193
8015
7585
6721
5374
3670
1811
-36
-1779
-3359
-4768
-6035
-7180
-8191
-9039
-9701
-10100
-10167
-9906
-9410
-8738
-7891
-6851
-5648
-4326
-2948
-1602
-403
546
1136
1262
914
201
-689
-1603
-2394
-2972
-3282
-3359
-3273
-3129
-3010
-2908
-2749
-2460
-2054
-1533
-887
-89
796
1689
2518
3213
3692
3876
3781
3479
3108
2765
2494
2272
2076
1939
1923
2058
2322
2680
3106
3646
4357
5236
6159
6977
7597
8019
8265
8363
8350
8257
8043
7590
6765
5550
4023
2320
564
-1122
-2666
-4071
-5402
-6662
-7794
-8724
-9393
-9745
-9750
-9464
-8978
-8345
-7555
-6606
-5475
-4183
-2804
-1491
-345
565
1163
1338
1038
326
-634
-1629
-2496
-3164
-3641
-3919
-3979
-3847
-3604
-3279
-2873
-2368
-1773
-1097
-360
425
1262
2121
2885
3418
3711
3852
3926
3941
3911
3848
3772
3668
3526
3339
3143
3001
2977
3100
3392
3883
4566
5369
6185
6924
7527
7938
8136
8143
8020
7803
7483
6968
6159
5017
3605
2038
396
-1256
-2862
-4375
-5798
-7108
-8258
-9193
-9883
-10287
-10336
-10030
-9452
-8717
-7865
-6877
-5716
-4422
-3090
-1851
-777
88
705
998
900
411
-367
-1257
-2104
-2816
-3373
-3702
-3783
-3632
-3356
-3009
-2595
-2069
-1380
-546
353
1223
2057
2828
3477
3906
4116
4145
4062
3920
3785
3665
3532
3363
3180
2999
2818
2622
2441
2345
2423
2742
3307
4067
4944
5841
6653
7270
7638
7773
7752
7650
7452
7056
6315
5232
3901
2472
985
-494
-1980
-3447
-4923
-6358
-7706
-8879
-9756
-10232
-10257
-9943
-9382
-8707
-7910
-7004
-5900
-4645
-3277
-1898
-547
664
1609
2174
2273
1905
1136
182
-792
-1653
-2323
-2692
-2748
-2593
-2348
-2061
-1703
-1288
-807
-273
332
973
1632
2241
2759
3186
3555
3854
4000
3976
3806
3572
3317
3110
2919
2709
2454
2228
2081
2030
2086
2306
2720
3284
3952
4693
5488
6240
6845
7234
7421
7454
7351
7077
6519
5620
4379
2885
1235
-434
-1999
-3419
-4738
-6042
-7312
-8496
-9472
-10148
-10420
-10297
-9860
-9219
-8398
-7375
-6169
-4849
-3513
-2214
-1020
21
838
1357
1512
1307
806
105
-675
-1388
-1907
-2200
-2317
-2311
-2196
-1954
-1576
-1098
-569
-43
504
1080
1688
2286
2816
3214
3441
3521
3491
3377
3183
2932
2660
2408
2189
2025
1902
1812
1749
1743
1828
2020
2335
2795
3428
4195
4999
5736
6365
6889
7323
7655
7868
7882
7563
6814
5653
4173
2494
769
-865
-2365
-3811
-5262
-6651
-7867
-8821
-9481
-9796
-9776
-9439
-8849
-8041
-7073
-5961
-4736
-3475
-2278
-1194
-193
684
1315
1571
1444
985
278
-567
-1401
-2103
-2633
-2969
-3121
-3107
-2963
-2682
-2255
-1688
-1006
-222
640
1498
2264
2867
3285
3511
3583
3536
3415
3237
3052
2903
2806
2722
2609
2436
2215
1987
1804
1711
1738
1924
2278
2783
3405
4138
4957
5794
6539
7136
7575
7898
8051
7937
7430
6527
5282
3797
2159
458
-1229
-2891
-4524
-6110
-7523
-8661
-9440
-9885
-10003
-9854
-9448
-8854
-8086
-7182
-6144
-5005
-3812
-2639
-1566
-644
68
549
753
674
311
-260
-910
-1468
-1861
-2108
-2254
-2317
-2287
-2146
-1846
-1394
-835
-232
431
1166
1921
2603
3131
3468
3593
3537
3326
3026
2727
2524
2403
2286
2159
2093
2123
2173
2176
2135
2119
2180
2337
2590
2949
3453
4103
4847
5585
6266
6860
7351
7683
7796
7585
6981
5991
4710
3244
1656
-4
-1712
-3425
-5105
-6655
-7989
-9008
-9661
-9895
-9749
-9328
-8741
-8022
-7147
-6137
-5029
-3903
-2801
-1793
-891
-99
569
1041
1255
1204
926
488
-22
-503
-900
-1219
-1478
-1691
-1836
-1866
-1718
-1395
-954
-438
138
772
1401
1950
2331
2507
2514
2433
2310
2146
1946
1755
1595
1457
1355
1355
1515
1792
2089
2333
2544
2767
3013
3264
3508
3781
4129
4593
5164
5799
6425
6989
7436
7688
7633
7178
6319
5116
3651
1975
182
-1640
-3420
-5140
-6724
-8068
-9042
-9568
-9660
-9421
-8986
-8405
-7668
-6784
-5824
-4848
-3883
-2969
-2129
-1367
-666
-66
382
631
687
569
349
97
-124
-326
-514
-715
-948
-1188
-1385
-1450
-1387
-1166
-803
-265
364
993
1506
1838
1976
1941
1819
1646
1445
1184
903
665
550
596
786
1094
1469
1902
2349
2791
3179
3484
3690
3834
4000
4258
4648
5154
5733
6314
6855
7327
7669
7769
7512
6877
5879
4544
2883
999
-957
-2844
-4590
-6153
-7460
-8439
-9033
-9260
-9143
-8738
-8091
-7287
-6395
-5493
-4627
-3849
-3172
-2583
-2035
-1494
-977
-531
-214
-31
59
108
126
93
-4
-173
-427
-763
-1142
-1495
-1746
-1809
-1621
-1180
-572
92
700
1178
1461
1559
1501
1366
1197
1017
812
595
413
332
392
582
897
1326
1856
2432
2998
3500
3918
4255
4524
4732
4889
5018
5185
5470
5903
6428
6937
7333
7522
7421
6976
6165
4979
3447
1689
-168
-2065
-3975
-5798
-7362
-8542
-9280
-9567
-9423
-8941
-8217
-7352
-6407
-5463
-4567
-3754
-3036
-2430
-1932
-1521
-1178
-898
-676
-485
-285
-55
185
380
494
507
421
232
-31
-319
-566
-707
-710
-569
-325
-15
292
558
747
888
994
1074
1098
1064
975
845
699
590
580
715
982
1342
1779
2298
2869
3397
3807
4115
4394
4675
4939
5168
5374
5576
5799
6064
6351
6605
6755
6719
6388
5659
4509
3025
1351
-397
-2171
-3948
-5651
-7156
-8321
-9092
-9458
-9458
-9126
-8539
-7751
-6855
-5910
-4982
-4067
-3180
-2352
-1655
-1113
-726
-444
-208
27
254
434
556
642
687
656
538
355
129
-140
-417
-633
-739
-750
-677
-549
-371
-164
93
378
650
860
1024
1168
1288
1349
1347
1307
1278
1309
1419
1600
1846
2167
2564
2986
3376
3720
4049
4388
4716
4994
5214
5412
5627
5858
6096
6339
6550
6610
6400
5851
4950
3700
2165
485
-1215
-2894
-4562
-6167
-7596
-8724
-9481
-9845
-9838
-9475
-8828
-7972
-7024
-6051
-5113
-4222
-3375
-2571
-1812
-1134
-555
-93
274
544
732
850
915
913
832
690
506
301
68
-161
-378
-546
-652
-658
-563
-382
-140
136
433
750
1078
1389
1673
1941
2199
2420
2610
2795
2981
3095
3110
3056
3024
3047
3137
3283
3484
3725
3992
4299
4653
5036
5422
5783
6111
6390
6620
6785
6841
6694
6258
5480
4365
2971
1404
-239
-1903
-3584
-5246
-6794
-8113
-9124
-9782
-10066
-9997
-9610
-8962
-8120
-7192
-6250
-5341
-4486
-3708
-2981
-2256
-1517
-823
-236
221
550
744
805
761
660
527
376
182
-88
-433
-781
-1029
-1153
-1169
-1093
-913
-664
-391
-131
135
439
804
1228
1666
2072
2423
2728
2963
3091
3099
3040
2970
2921
2888
2873
2888
2953
3084
3286
3558
3903
4304
4744
5178
5586
5963
6314
6634
6876
6948
6727
6148
5209
3939
2382
636
-1159
-2905
-4590
-6216
-7720
-8962
-9829
-10283
-10356
-10095
-9551
-8796
-7928
-7013
-6072
-5098
-4100
-3083
-2056
-1045
-92
753
1440
1912
2170
2263
2244
2125
1897
1566
1147
664
172
-267
-606
-819
-881
-789
-565
-255
81
380
625
856
1129
1442
1775
2135
2528
2899
3167
3304
3346
3339
3290
3205
3096
2988
2896
2837
2798
2767
2790
2943
3255
3678
4136
4600
5085
5595
6100
6528
6783
6782
6447
5743
4670
3275
1643
-114
-1904
-3673
-5383
-6956
-8304
-9337
-9993
-10221
-10088
-9716
-9201
-8537
-7725
-6811
-5841
-4830
-3790
-2748
-1705
-669
326
1220
1977
2554
2904
3026
2974
2781
2422
1879
1198
464
-256
-894
-1387
-1694
-1815
-1758
-1544
-1240
-921
-610
-267
113
510
899
1280
1653
2012
2343
2633
2860
3030
3139
3159
3062
2887
2719
2603
2535
2490
2473
2505
2636
2893
3292
3823
4445
5079
5634
6086
6435
6652
6639
6288
5545
4427
2995
1329
-447
-2235
-3947
-5568
-7051
-8351
-9374
-10076
-10424
-10433
-10141
-9618
-8934
-8131
-7238
-6238
-5130
-3910
-2648
-1391
-193
950
2008
2921
3589
3956
4031
3862
3496
2933
2202
1373
545
-226
-892
-1378
-1633
-1682
-1594
-1387
-1052
-615
-147
311
757
1210
1679
2166
2663
3139
3552
3861
4048
4117
4075
3924
3681
3388
3101
2841
2624
2455
2359
2336
2421
2680
3147
3759
4397
4979
5481
5889
6182
6319
6247
5881
5153
4060
2654
1035
-686
-2382
-3999
-5518
-6930
-8175
-9206
-9990
-10490
-10672
-10540
-10134
-9474
-8591
-7535
-6361
-5082
-3708
-2280
-868
481
1744
2878
3807
4436
4712
4643
4296
3741
3026
2208
1355
536
-221
-888
-1408
-1748
-1930
-2006
-1978
-1838
-1562
-1178
-704
-206
311
877
1540
2243
2896
3453
3898
4208
4345
4333
4206
3990
3691
3333
2941
2535
2153
1869
1779
1941
2343
2900
3496
4052
4540
4965
5307
5521
5563
5408
5037
4406
3473
2241
772
-822
-2399
-3864
-5223
-6541
-7810
-8941
-9847
-10485
-10813
-10803
-10487
-9894
-9026
-7888
-6594
-5251
-3859
-2382
-853
647
2067
3338
4337
4961
5214
5137
4769
4180
3473
2724
1933
1115
303
-471
-1167
-1687
-1953
-2021
-1991
-1896
-1678
-1331
-895
-381
236
969
1782
2614
3377
4000
4451
4735
4843
4748
4476
4090
3659
3213
2799
2457
2187
1969
1833
1862
2094
2482
2948
3445
3948
4428
4835
5109
5188
5066
4789
4378
3765
2880
1749
443
-1012
-2602
-4226
-5779
-7208
-8496
-9548
-10274
-10650
-10705
-10435
-9864
-9050
-8060
-6900
-5590
-4185
-2737
-1242
243
1602
2766
3764
4594
5155
5363
5258
4920
4363
3571
2592
1529
477
-522
-1420
-2161
-2697
-2992
-3043
-2853
-2475
-1935
-1268
-513
242
955
1630
2305
2969
3595
4155
4616
4945
5114
5113
4935
4597
4138
3616
3070
2547
2108
1812
1669
1657
1790
2092
2543
3062
3549
3957
4235
4369
4348
4198
3920
3500
2867
1964
778
-613
-2117
-3672
-5203
-6604
-7814
-8840
-9686
-10289
-10594
-10606
-10351
-9850
-9116
-8183
-7064
-5783
-4379
-2905
-1374
193
1717
3097
4274
5195
5758
5864
5538
4887
4020
3004
1940
943
74
-683
-1338
-1834
-2113
-2199
-2164
-2064
-1895
-1639
-1285
-837
-295
338
1079
1931
2855
3765
4595
5296
5791
6003
5923
5638
5248
4800
4295
3760
3263
2872
2613
2494
2521
2687
2938
3194
3398
3531
3602
3630
3612
3540
3400
3184
2873
2425
1746
770
-470
-1856
-3278
-4678
-5989
-7136
-8089
-8875
-9482
-9842
-9926
-9786
-9468
-8947
-8207
-7274
-6186
-4935
-3527
-2004
-427
1130
2577
3822
4791
5414
5632
5436
4906
4161
3288
2357
1462
696
97
-376
-779
-1154
-1512
-1844
-2104
-2254
-2282
-2194
-1966
-1562
-957
-159
789
1834
2891
3854
4624
5163
5509
5711
5769
5631
5289
4828
4378
3999
3654
3296
2904
2513
2152
1878
1739
1758
1897
2068
2191
2206
2087
1826
1455
1040
642
231
-303
-1039
-1941
-2888
-3788
-4603
-5344
-6051
-6790
-7566
-8279
-8780
-9001
-8970
-8750
-8342
-7690
-6762
-5607
-4326
-3004
-1692
-411
820
1968
2982
3812
4390
4655
4583
4239
3771
3317
2949
2647
2355
2001
1548
1004
419
-164
-719
-1206
-1572
-1757
-1729
-1503
-1120
-609
41
855
1824
2867
3851
4641
5126
5308
5279
5163
4993
4725
4328
3832
3305
2765
2217
1675
1205
857
620
452
311
179
-22
-360
-829
-1274
-1537
-1578
-1489
-1371
-1271
-1188
-1107
-1010
-914
-896
-1052
-1442
-2044
-2758
-3451
-4022
-4439
-4683
-4736
-4577
-4239
-3788
-3292
-2783
-2253
-1707
-1170
-678
-224
234
711
1167
1556
1880
2178
2467
2750
3004
3184
3242
3151
2927
2577
2113
1546
890
165
-567
-1208
-1693
-2004
-2131
-2030
-1692
-1170
-562
48
585
1008
1292
1432
1448
1397
1350
1342
1376
1452
1573
1713
1821
1864
1816
1657
1365
960
500
33
-419
-854
-1224
-1463
-1533
-1481
-1391
-1309
-1241
-1168
-1090
-1023
-977
-945
-934
-982
-1133
-1396
-1738
-2112
-2459
-2721
-2855
-2842
-2701
-2454
-2136
-1782
-1414
-1066
-765
-531
-329
-93
228
637
1099
1589
2091
2580
3031
3397
3617
3647
3495
3210
2813
2325
1795
1289
836
420
37
-271
-460
-512
-435
-262
-44
185
421
657
863
992
1007
916
757
609
522
504
515
521
514
478
371
153
-166
-541
-916
-1232
-1452
-1585
-1666
-1699
-1654
-1530
-1358
-1185
-1029
-910
-828
-765
-696
-624
-574
-576
-661
-855
-1144
-1473
-1790
-2077
-2325
-2510
-2593
-2553
-2383
-2100
-1738
-1358
-1023
-750
-504
-210
195
707
1281
1884
2509
3140
3719
4174
4448
4516
4389
4095
3678
3182
2658
2155
1705
1308
970
706
510
357
227
150
177
332
602
936
1246
1419
1398
1222
981
726
440
109
-226
-491
-665
-784
-928
-1141
-1417
-1732
-2062
-2393
-2670
-2829
-2823
-2686
-2494
-2301
-2113
-1933
-1797
-1735
-1723
-1714
-1677
-1604
-1486
-1318
-1141
-1043
-1094
-1297
-1579
-1871
-2128
-2332
-2467
-2517
-2471
-2311
-2032
-1638
-1162
-646
-136
356
830
1298
1766
2233
2699
3152
3567
3910
4152
4269
4239
4051
3707
3238
2700
2158
1690
1344
1130
1019
995
1057
1200
1382
1574
1769
1987
2224
2454
2638
2730
2694
2522
2245
1902
1507
1068
593
110
-365
-819
-1230
-1590
-1911
-2229
-2532
-2775
-2909
-2936
-2885
-2815
-2778
-2778
-2754
-2639
-2443
-2232
-2052
-1904
-1784
-1711
-1692
-1707
-1752
-1830
-1946
-2081
-2233
-2425
-2645
-2846
-2967
-2988
-2908
-2726
-2445
-2079
-1638
-1144
-612
-77
444
941
1424
1900
2367
2802
3178
3474
3674
3730
3593
3263
2790
2239
1643
1060
583
326
329
528
820
1137
1467
1788
2058
2253
2399
2547
2696
2824
2898
2917
2871
2739
2498
2152
1723
1230
697
167
-321
-748
-1112
-1404
-1635
-1829
-2016
-2181
-2319
-2442
-2570
-2685
-2751
-2735
-2616
-2387
-2076
-1738
-1436
-1192
-1022
-942
-979
-1112
-1278
-1435
-1569
-1683
-1762
-1801
-1812
-1800
-1749
-1669
-1577
-1454
-1251
-939
-526
-51
451
935
1367
1732
2048
2335
2601
2830
2980
3010
2904
2679
2353
1935
1434
905
428
66
-150
-183
3
371
823
1258
1646
1972
2205
2313
2313
2257
2184
2111
2038
1955
1841
1680
1472
1220
912
547
128
-305
-703
-1029
-1298
-1542
-1767
-1972
-2152
-2309
-2425
-2481
-2466
-2378
-2233
-2055
-1867
-1689
-1543
-1458
-1431
-1450
-1509
-1625
-1797
-1995
-2170
-2288
-2341
-2347
-2322
-2277
-2216
-2137
-2041
-1899
-1679
-1356
-946
-510
-80
357
825
1299
1704
2002
2206
2347
2420
2399
2259
1993
1607
1133
631
183
-140
-303
-302
-141
148
520
931
1353
1761
2110
2355
2475
2491
2459
2447
2470
2485
2439
2317
2133
1900
1620
1296
940
558
152
-255
-630
-941
-1177
-1349
-1462
-1520
-1531
-1520
-1500
-1446
-1308
-1072
-774
-479
-234
-63
19
7
-93
-280
-542
-845
-1136
-1372
-1540
-1639
-1667
-1633
-1580
-1549
-1561
-1577
-1542
-1433
-1257
-1013
-672
-231
261
749
1202
1615
1944
2135
2160
2044
1821
1506
1110
656
176
-281
-667
-936
-1070
-1076
-973
-767
-457
-60
378
805
1177
1483
1726
1904
2008
2045
2046
2048
2069
2083
2037
1895
1650
1330
944
496
-10
-547
-1062
-1499
-1805
-1972
-2030
-2018
-1962
-1860
-1702
-1503
-1264
-1011
-764
-543
-345
-173
-45
26
33
-29
-170
-385
-655
-966
-1288
-1586
-1829
-1996
-2084
-2089
-2030
-1925
-1786
-1603
-1366
-1068
-721
-351
22
428
907
1444
1962
2357
2583
2627
2501
2230
1854
1398
893
395
-34
-373
-625
-778
-798
-675
-439
-131
222
585
931
1235
1475
1620
1677
1691
1693
1685
1650
1592
1510
1388
1190
907
546
127
-335
-829
-1329
-1797
-2177
-2422
-2512
-2444
-2251
-1982
-1703
-1460
-1255
-1052
-816
-551
-290
-50
183
410
592
697
744
748
691
545
318
41
-272
-600
-889
-1091
-1196
-1218
-1159
-1013
-806
-569
-335
-106
137
445
845
1311
1768
2150
2414
2527
2454
2195
1795
1338
899
523
218
-41
-266
-433
-514
-505
-430
-299
-101
164
472
779
1054
1277
1440
1543
1608
1665
1715
1718
1621
1428
1177
885
533
125
-317
-779
-1262
-1743
-2176
-2529
-2766
-2873
-2848
-2754
-2653
-2575
-2501
-2380
-2173
-1872
-1502
-1096
-694
-328
-40
128
164
108
20
-75
-190
-338
-503
-661
-778
-836
-837
-795
-718
-607
-480
-366
-284
-199
-38
252
658
1109
1549
1940
2232
2379
2373
2249
2042
1780
1487
1206
951
729
535
373
262
232
291
416
571
737
900
1045
1169
1284
1404
1532
1654
1748
1788
1764
1668
1504
1278
984
616
168
-322
-785
-1186
-1537
-1873
-2181
-2403
-2500
-2497
-2448
-2385
-2304
-2204
-2091
-1962
-1803
-1607
-1386
-1156
-932
-721
-522
-340
-181
-80
-80
-211
-446
-715
-968
-1172
-1309
-1349
-1296
-1187
-1058
-929
-801
-687
-572
-431
-234
29
347
691
1018
1292
1494
1637
1724
1764
1750
1669
1522
1344
1181
1066
1010
1019
1094
1216
1361
1508
1643
1747
1802
1818
1815
1827
1874
1945
2005
2008
1941
1824
1698
1568
1399
1148
818
443
45
-372
-786
-1159
-1452
-1663
-1811
-1908
-1963
-1983
-1992
-2010
-2050
-2109
-2147
-2134
-2050
-1900
-1683
-1420
-1157
-953
-839
-803
-825
-881
-964
-1057
-1142
-1196
-1211
-1202
-1179
-1124
-1022
-874
-705
-513
-284
-21
241
474
662
809
908
957
957
904
820
751
719
706
668
596
526
488
487
524
610
746
903
1053
1194
1331
1446
1535
1628
1763
1917
2027
2064
2055
2041
2018
1964
1853
1667
1391
1040
661
304
-7
-268
-485
-675
-868
-1072
-1273
-1435
-1545
-1612
-1653
-1678
-1690
-1709
-1732
-1732
-1676
-1590
-1511
-1456
-1415
-1386
-1370
-1363
-1375
-1432
-1537
-1663
-1766
-1818
-1807
-1739
-1624
-1463
-1264
-1044
-806
-549
-283
-47
125
242
340
450
570
679
750
784
802
838
920
1065
1255
1449
1595
1672
1702
1722
1758
1790
1802
1784
1761
1772
1822
1870
1867
1817
1761
1733
1724
1694
1614
1473
1295
1101
906
701
483
250
13
-206
-379
-504
-608
-709
-794
-861
-940
-1061
-1192
-1280
-1311
-1319
-1335
-1342
-1319
-1263
-1188
-1111
-1039
-975
-930
-918
-947
-1014
-1113
-1220
-1301
-1338
-1333
-1294
-1214
-1104
-983
-867
-744
-607
-458
-301
-147
-1
131
237
293
283
226
176
194
297
445
582
664
705
722
721
699
657
623
626
673
725
750
767
841
1009
1243
1471
1621
1666
1620
1514
1376
1218
1048
864
675
484
291
83
-119
-271
-364
-426
-487
-534
-570
-629
-724
-831
-925
-1013
-1093
-1144
-1141
-1093
-1018
-945
-891
-848
-790
-704
-626
-596
-634
-720
-839
-966
-1064
-1105
-1106
-1082
-1041
-984
-926
-863
-758
-583
-327
-2
360
680
878
933
912
890
915
985
1069
1114
1116
1117
1156
1228
1306
1374
1420
1430
1401
1343
1277
1226
1192
1171
1177
1242
1364
1480
1529
1497
1410
1296
1153
977
786
598
430
271
120
-40
-215
-405
-595
-781
-976
-1191
-1428
-1666
-1866
-1990
-2018
-1974
-1890
-1793
-1695
-1593
-1483
-1369
-1259
-1151
-1041
-937
-848
-779
-738
-746
-808
-886
-952
-998
-1035
-1061
-1067
-1050
-1006
-957
-904
-831
-707
-541
-365
-201
-57
65
175
297
460
653
840
1004
1138
1262
1380
1510
1630
1710
1731
1693
1601
1458
1309
1196
1136
1109
1105
1121
1140
1142
1142
1163
1186
1170
1083
933
751
577
441
336
241
155
82
23
-62
-199
-385
-597
-822
-1055
-1273
-1430
-1502
-1491
-1430
-1352
-1268
-1179
-1066
-934
-790
-658
-570
-544
-576
-639
-710
-781
-851
-914
-969
-1013
-1042
-1042
-998
-921
-836
-747
-652
-537
-420
-315
-224
-110
56
251
434
564
678
833
1034
1222
1335
1391
1440
1508
1559
1539
1444
1311
1190
1098
1040
1025
1070
1157
1241
1278
1260
1220
1202
1219
1228
1182
1079
959
834
691
509
313
128
-42
-211
-379
-552
-739
-950
-1157
-1326
-1435
-1497
-1534
-1553
-1561
-1550
-1504
-1414
-1292
-1174
-1073
-974
-853
-719
-601
-512
-455
-442
-501
-620
-759
-881
-972
-1012
-990
-923
-842
-770
-709
-653
-582
-492
-381
-244
-73
126
329
501
634
750
888
1057
1218
1333
1384
1385
1340
1252
1154
1069
996
908
798
707
668
684
739
820
923
1042
1157
1237
1263
1249
1205
1127
1008
870
730
587
442
294
138
-47
-259
-456
-619
-772
-940
-1104
-1237
-1315
-1322
-1265
-1164
-1068
-996
-957
-938
-915
-866
-795
-720
-649
-596
-575
-609
-692
-796
-906
-1024
-1159
-1285
-1378
-1414
-1391
-1327
-1247
-1166
-1066
-937
-775
-599
-419
-233
-43
144
320
484
629
754
873
1002
1130
1232
1301
1365
1434
1481
1467
1396
1305
1223
1153
1090
1053
1045
1055
1086
1156
1277
1414
1518
1555
1532
1474
1406
1334
1242
1097
885
631
375
135
-102
-346
-596
-828
-1022
-1178
-1317
-1430
-1486
-1471
-1422
-1375
-1329
-1256
-1146
-1015
-888
-775
-685
-640
-650
-695
-734
-768
-813
-881
-961
-1042
-1113
-1160
-1187
-1195
-1180
-1137
-1076
-998
-882
-712
-503
-296
-116
24
145
291
487
706
894
1049
1207
1364
1485
1546
1571
1571
1536
1472
1397
1321
1217
1062
876
707
611
611
677
746
784
808
854
937
1041
1131
1166
1130
1047
959
890
826
729
571
349
111
-105
-287
-452
-621
-780
-904
-987
-1037
-1072
-1089
-1087
-1060
-1010
-945
-875
-807
-755
-740
-781
-880
-1010
-1134
-1225
-1285
-1342
-1416
-1514
-1603
-1642
-1627
-1594
-1583
-1576
-1527
-1427
-1310
-1190
-1036
-811
-524
-210
89
357
595
799
958
1062
1139
1206
1269
1312
1338
1356
1366
1355
1317
1271
1226
1184
1136
1074
1004
951
952
1012
1108
1204
1273
1294
1265
1192
1081
943
801
684
595
507
406
302
210
121
28
-75
-196
-351
-542
-732
-886
-979
-1011
-998
-973
-963
-959
-942
-897
-843
-805
-791
-800
-813
-834
-875
-948
-1058
-1191
-1318
-1407
-1428
-1393
-1341
-1323
-1336
-1336
-1298
-1226
-1128
-989
-801
-571
-325
-97
83
226
366
527
693
829
924
986
1044
1117
1204
1283
1335
1339
1295
1226
1156
1115
1105
1131
1182
1229
1241
1215
1195
1220
1287
1360
1414
1445
1447
1411
1346
1279
1228
1192
1148
1070
949
788
601
408
233
88
-35
-149
-257
-354
-459
-576
-702
-806
-891
-958
-1018
-1080
-1152
-1239
-1334
-1428
-1523
-1616
-1691
-1733
-1742
-1730
-1707
-1662
-1590
-1509
-1457
-1459
-1493
-1520
-1507
-1444
-1347
-1234
-1109
-952
-732
-461
-169
107
342
531
681
810
925
1019
1086
1119
1129
1117
1076
984
849
702
579
499
463
460
481
528
595
666
726
773
801
801
782
759
741
725
727
772
861
951
1001
993
938
854
757
671
583
482
358
227
101
-15
-119
-218
-322
-437
-559
-673
-762
-810
-834
-876
-950
-1036
-1107
-1163
-1205
-1221
-1197
-1148
-1095
-1060
-1032
-999
-954
-906
-870
-846
-834
-811
-759
-656
-512
-342
-174
-36
63
139
226
333
442
534
614
696
781
840
852
821
773
732
686
629
562
507
485
508
560
606
610
579
548
566
634
719
788
820
821
788
763
764
789
803
794
755
683
589
503
425
321
170
-16
-204
-384
-529
-627
-683
-720
-737
-733
-719
-721
-737
-735
-717
-725
-794
-895
-983
-1046
-1098
-1124
-1112
-1073
-1034
-982
-889
-764
-649
-570
-508
-439
-360
-299
-260
-217
-136
-17
129
283
443
598
744
859
933
982
1029
1076
1094
1063
983
880
774
675
586
500
425
368
341
341
355
386
454
569
688
755
754
715
679
651
620
585
558
536
489
383
208
14
-162
-304
-428
-547
-667
-786
-895
-979
-1021
-1009
-953
-877
-812
-770
-744
-728
-744
-808
-903
-978
-1009
-1002
-991
-1000
-1025
-1039
-1028
-1009
-1005
-1015
-1003
-956
-895
-838
-778
-709
-624
-514
-386
-246
-87
115
353
583
759
881
971
1041
1089
1106
1097
1079
1081
1094
1098
1061
975
848
708
607
577
608
637
618
566
539
562
608
632
636
660
720
790
827
826
813
797
762
676
554
424
298
162
13
-128
-250
-343
-387
-355
-251
-130
-64
-76
-139
-207
-262
-321
-382
-432
-457
-466
-479
-506
-533
-556
-591
-650
-709
-732
-724
-718
-731
-756
-794
-850
-899
-899
-844
-761
-673
-561
-395
-180
44
243
406
542
643
703
720
708
674
616
532
435
351
295
270
257
237
186
127
100
125
182
240
282
308
319
337
379
426
434
386
316
273
272
286
279
222
124
19
-70
-156
-256
-348
-389
-380
-368
-397
-459
-519
-562
-590
-602
-592
-572
-549
-527
-515
-527
-556
-566
-547
-522
-516
-521
-512
-494
-476
-454
-422
-403
-414
-454
-488
-492
-462
-397
-305
-193
-67
52
152
218
247
254
260
291
334
363
373
395
461
540
596
624
652
692
731
766
800
829
838
822
786
751
737
741
755
759
760
769
781
791
775
737
683
639
597
534
450
379
321
247
139
22
-70
-145
-201
-252
-315
-409
-509
-603
-698
-796
-856
-853
-828
-824
-830
-810
-771
-746
-751
-761
-757
-732
-702
-681
-679
-695
-726
-758
-776
-777
-757
-711
-617
-489
-354
-252
-188
-130
-57
37
142
251
353
436
510
577
639
675
696
722
761
788
768
694
605
564
582
618
627
613
597
586
573
572
578
586
581
569
534
463
369
303
279
259
212
163
169
244
344
368
266
69
-117
-213
-227
-225
-283
-427
-616
-775
-869
-914
-955
-988
-1007
-1008
-982
-926
-860
-817
-801
-789
-761
-717
-677
-662
-680
-702
-704
-690
-665
-617
-529
-405
-275
-160
-61
18
71
98
104
91
58
36
65
172
315
416
440
413
416
482
587
672
704
695
675
663
676
712
768
828
882
921
945
960
956
925
877
833
795
742
669
603
549
487
370
200
30
-85
-137
-163
-198
-253
-325
-395
-443
-463
-467
-481
-502
-529
-546
-557
-577
-618
-667
-692
-680
-636
-589
-550
-519
-502
-512
-565
-635
-692
-709
-689
-655
-637
-649
-678
-685
-640
-531
-394
-269
-177
-91
16
139
241
313
378
456
550
638
716
768
786
766
731
711
714
719
697
653
616
622
671
743
795
810
791
750
699
645
602
582
577
553
494
413
336
281
252
258
291
329
333
288
208
109
-1
-111
-202
-261
-307
-369
-443
-496
-509
-511
-537
-590
-645
-676
-687
-694
-730
-803
-891
-949
-957
-944
-955
-1011
-1084
-1124
-1103
-1018
-914
-811
-726
-656
-581
-490
-365
-235
-137
-93
-77
-36
41
135
209
275
363
472
555
575
557
564
623
716
808
865
880
859
831
814
815
824
822
796
735
662
596
546
502
453
408
361
301
219
129
52
2
-15
-11
-10
-32
-82
-144
-200
-242
-274
-306
-361
-433
-496
-526
-538
-565
-625
-675
-683
-645
-601
-586
-604
-648
-707
-778
-848
-893
-889
-826
-720
-614
-553
-549
-562
-543
-484
-416
-343
-239
-95
65
194
282
339
395
466
538
586
624
663
687
666
613
567
539
496
441
412
430
474
512
552
627
748
883
976
998
961
898
838
789
730
670
632
630
626
579
505
426
353
289
251
238
221
178
117
49
-29
-104
-152
-166
-179
-239
-348
-467
-539
-548
-519
-486
-468
-454
-450
-486
-571
-675
-735
-734
-705
-715
-792
-891
-946
-924
-881
-874
-890
-864
-777
-678
-613
-581
-532
-433
-280
-109
11
43
13
-29
-45
-24
34
106
171
227
289
369
442
486
509
530
562
606
646
657
624
568
513
461
414
383
378
382
374
351
315
265
219
204
235
284
303
274
195
91
-20
-114
-186
-239
-276
-292
-291
-273
-247
-226
-224
-244
-273
-323
-417
-542
-655
-723
-760
-790
-811
-805
-765
-711
-670
-654
-659
-668
-654
-600
-504
-401
-320
-272
-244
-198
-109
27
164
263
313
360
432
501
528
511
517
581
671
719
704
660
633
651
725
825
898
906
863
816
799
822
864
905
914
882
828
788
785
802
801
768
738
727
712
658
572
463
328
164
10
-96
-153
-176
-175
-163
-148
-120
-79
-59
-94
-177
-268
-341
-395
-435
-470
-524
-596
-669
-736
-810
-888
-945
-974
-997
-1028
-1051
-1063
-1086
-1133
-1172
-1175
-1130
-1066
-999
-915
-786
-618
-454
-332
-245
-177
-108
-48
-13
-16
-47
-78
-93
-79
-34
45
162
299
432
524
569
570
547
521
500
478
448
429
430
432
409
375
359
354
341
325
324
320
289
246
227
245
289
341
377
374
339
306
304
323
344
352
328
257
145
22
-82
-161
-230
-314
-413
-497
-555
-600
-652
-709
-761
-821
-894
-963
-988
-950
-870
-786
-701
-585
-416
-221
-28
139
269
359
423
480
525
543
529
516
527
566
605
616
608
594
587
582
551
498
445
416
405
393
376
358
330
277
201
127
68
21
-19
-54
-85
-109
-117
-104
-75
-42
-16
-13
-42
-82
-106
-95
-49
43
172
299
378
399
375
325
267
219
167
98
21
-37
-79
-146
-264
-416
-555
-649
-696
-717
-712
-689
-657
-649
-655
-643
-580
-481
-402
-388
-441
-497
-502
-431
-311
-174
-62
0
8
-15
-30
-18
16
50
72
95
125
156
159
148
162
215
280
308
284
230
188
190
240
310
364
383
362
303
217
152
159
254
402
549
656
704
697
655
590
512
423
338
265
203
169
168
186
211
233
247
230
185
134
91
42
-24
-105
-197
-299
-396
-469
-528
-583
-639
-679
-712
-745
-778
-783
-732
-626
-499
-396
-338
-319
-327
-341
-344
-335
-317
-280
-202
-89
25
111
155
172
179
204
234
218
148
81
80
134
194
226
224
197
170
184
240
294
292
234
164
118
106
109
118
131
160
216
287
349
359
303
195
81
10
-1
34
69
76
42
-10
-62
-103
-131
-165
-214
-272
-314
-340
-367
-401
-423
-426
-406
-388
-374
-369
-363
-352
-336
-318
-284
-211
-104
-1
50
29
-33
-86
-89
-49
10
69
115
145
160
167
187
228
278
308
314
316
340
411
519
630
693
714
740
803
879
912
882
800
696
581
477
401
345
292
226
158
87
-1
-97
-177
-215
-208
-166
-116
-79
-57
-35
-1
24
23
1
-25
-47
-64
-86
-124
-180
-228
-262
-314
-388
-467
-516
-539
-551
-565
-596
-662
-761
-845
-863
-821
-766
-736
-726
-709
-679
-658
-683
-755
-829
-826
-732
-611
-540
-537
-540
-494
-386
-262
-161
-97
-47
22
118
242
373
490
566
604
616
620
614
586
538
500
509
555
585
554
471
388
361
405
481
537
544
515
487
480
496
517
534
552
566
565
537
492
439
383
337
304
270
205
126
40
-61
-173
-260
-287
-277
-285
-323
-364
-377
-370
-359
-351
-335
-306
-274
-254
-266
-307
-358
-382
-370
-348
-332
-306
-241
-153
-83
-56
-56
-63
-60
-54
-55
-79
-113
-129
-94
3
122
207
232
227
223
217
183
122
82
97
151
193
188
136
67
9
-20
-14
-5
-18
-36
-12
73
172
235
258
279
295
286
248
207
165
117
85
101
165
238
288
309
323
339
346
329
298
273
244
184
87
-27
-135
-237
-327
-397
-446
-485
-521
-537
-520
-491
-484
-499
-502
-479
-438
-401
-364
-331
-309
-320
-366
-435
-516
-581
-605
-573
-511
-447
-392
-341
-299
-268
-247
-224
-198
-169
-124
-46
58
159
225
246
245
252
297
367
431
475
519
584
649
684
672
616
545
489
478
504
537
553
545
519
483
450
427
426
432
420
373
300
216
135
82
87
152
235
263
184
22
-141
-236
-269
-284
-310
-330
-336
-332
-324
-311
-301
-301
-317
-347
-387
-443
-513
-581
-620
-626
-610
-587
-551
-482
-384
-289
-217
-160
-97
-35
8
32
48
59
58
41
11
-17
-14
31
96
137
142
121
86
57
57
80
93
71
30
4
3
20
53
108
159
192
212
237
268
282
282
295
351
437
517
561
549
492
414
359
332
313
286
262
239
207
158
115
96
97
82
16
-96
-220
-328
-421
-494
-539
-557
-569
-588
-611
-639
-671
-691
-668
-603
-504
-395
-299
-236
-196
-132
-32
80
164
202
207
198
182
138
84
56
93
173
243
272
223
114
-35
-156
-219
-217
-166
-91
-23
6
-21
-116
-219
-205
52
508
979
1304
1473
1591
1727
1875
2008
2097
2119
2037
1833
1515
1100
611
94
-409
-879
-1331
-1778
-2187
-2490
-2629
-2614
-2488
-2282
-1983
-1585
-1130
-695
-356
-136
17
167
339
503
628
696
670
509
210
-146
-441
-627
-759
-900
-1052
-1170
-1217
-1183
-1069
-906
-739
-583
-424
-237
-13
244
525
803
1053
1249
1373
1412
1368
1276
1166
1046
875
631
351
114
-28
-109
-199
-337
-514
-696
-853
-973
-1098
-1289
-1544
-1755
-1799
-1647
-1366
-1064
-830
-694
-600
-429
-86
407
910
1268
1429
1481
1528
1594
1605
1485
1251
966
673
336
-81
-536
-896
-1044
-945
-620
-106
547
1276
1998
2663
3254
3760
4129
4292
4265
4147
4052
3996
3932
3699
2980
1372
-1223
-4304
-6937
-8296
-8081
-6695
-5067
-4152
-4216
-4655
-4550
-3406
-1346
1174
3664
5727
7105
7621
7171
5868
4174
2713
1842
1412
881
-360
-2598
-5529
-8330
-10100
-10309
-8968
-6522
-3663
-1075
747
1647
1831
1849
2306
3450
4976
6247
6663
5888
3980
1406
-1134
-3004
-3832
-3549
-2414
-953
288
1013
1229
1170
1252
1912
3277
5007
6504
7289
7201
6361
5054
3653
2437
1382
49
-2039
-4869
-7730
-9647
-10009
-8974
-7452
-6519
-6544
-6768
-5945
-3468
109
3567
5847
6626
6350
5746
5208
4630
3799
2749
1662
558
-790
-2700
-5257
-7999
-9913
-10022
-8123
-4968
-1757
590
1854
2448
2962
3719
4673
5553
6032
5826
4779
2902
365
-2436
-4829
-6091
-5929
-4704
-3158
-1877
-963
-129
977
2419
3933
5214
6198
6992
7595
7763
7229
6022
4560
3404
2844
2715
2621
2244
1331
-409
-3033
-5970
-8101
-8493
-7016
-4526
-2526
-2322
-3924
-5756
-5836
-3415
494
4021
5736
5427
3994
2649
2040
2050
2295
2498
2434
1752
92
-2612
-5813
-8354
-9006
-7325
-4048
-661
1541
2151
1779
1511
2079
3394
4764
5496
5262
4063
2051
-540
-3294
-5544
-6543
-6019
-4493
-2938
-2017
-1646
-1201
-73
1834
4006
5760
6768
7147
7087
6569
5516
4096
2791
2073
2006
2216
2268
1955
1093
-655
-3355
-6286
-8126
-7879
-5603
-2618
-921
-1791
-4489
-6578
-5930
-2444
2012
5118
5618
4007
1931
812
906
1533
2004
2027
1496
218
-2006
-5003
-7921
-9443
-8620
-5693
-2056
642
1557
1107
584
1083
2649
4347
5152
4676
3179
1159
-1007
-3075
-4769
-5711
-5665
-4842
-3780
-2859
-2018
-896
761
2825
4799
6154
6726
6767
6602
6293
5669
4626
3425
2570
2417
2777
3103
3059
2695
1977
535
-1828
-4502
-6224
-5985
-3862
-1312
-386
-2106
-5244
-7090
-5680
-1455
3166
5686
5274
3127
1282
983
1970
3143
3633
3222
2012
13
-2788
-5940
-8278
-8518
-6369
-2948
-5
1287
1025
395
782
2635
5027
6454
6092
4240
1761
-629
-2581
-3933
-4595
-4629
-4329
-4103
-4140
-4173
-3558
-1780
1005
3913
5861
6318
5660
4860
4675
5086
5473
5267
4453
3490
2910
2871
3084
3174
2885
1943
-48
-3074
-6192
-7841
-7050
-4353
-1720
-1274
-3591
-6903
-8281
-6048
-1187
3502
5590
4592
2016
19
-204
969
2352
3076
2892
1755
-463
-3669
-7140
-9499
-9499
-7026
-3372
-338
1050
1066
848
1442
3040
4856
5849
5562
4273
2427
262
-2023
-4050
-5434
-6102
-6281
-6220
-5922
-5054
-3232
-474
2520
4752
5625
5350
4771
4718
5390
6225
6413
5559
3960
2372
1516
1640
2491
3570
4309
3981
1919
-1714
-5519
-7532
-6652
-3569
-565
-22
-2460
-5792
-6939
-4418
470
4826
6393
5030
2524
978
1218
2506
3582
3716
2869
1163
-1417
-4732
-7977
-9734
-8897
-5718
-1831
922
1789
1449
1303
2347
4381
6210
6749
5828
3982
1687
-842
-3372
-5477
-6722
-6970
-6484
-5738
-4988
-4030
-2433
-92
2545
4713
5836
5930
5542
5335
5487
5596
5067
3734
2117
1061
1078
1921
2897
3368
2931
1244
-1737
-5290
-7917
-8236
-6008
-2633
-490
-1244
-4261
-6813
-6241
-2185
3101
6565
6582
3959
1024
-274
416
2072
3380
3520
2267
-244
-3620
-7102
-9518
-9724
-7430
-3631
-62
1968
2329
1939
1955
2958
4591
5952
6317
5463
3545
905
-1898
-4167
-5401
-5598
-5231
-4841
-4571
-4038
-2741
-648
1664
3437
4306
4456
4385
4507
4959
5495
5598
4787
3072
1126
-30
257
1756
3490
4267
3176
13
-4310
-7907
-8913
-6815
-2932
223
503
-2311
-6030
-7491
-4962
432
5568
7639
6038
2489
-441
-1136
291
2531
4140
4189
2402
-900
-4822
-8041
-9223
-7708
-4079
-19
2703
3383
2727
2122
2556
4003
5564
6200
5382
3258
405
-2436
-4493
-5297
-5023
-4423
-4180
-4274
-4030
-2789
-579
1833
3543
4192
4086
3742
3470
3343
3359
3413
3211
2416
1039
-300
-670
419
2482
4350
4860
3393
102
-3947
-7082
-7939
-6358
-3509
-1289
-1249
-3516
-6425
-7506
-5288
-510
4387
6939
6279
3503
765
-200
945
3191
4985
5077
2997
-784
-5014
-8135
-8969
-7272
-3911
-452
1748
2360
2159
2275
3317
4934
6112
5961
4327
1787
-881
-3075
-4472
-5036
-5057
-4991
-5035
-4893
-4001
-2068
570
3110
4832
5519
5417
4920
4359
3954
3740
3504
2925
1846
507
-474
-448
697
2377
3756
4172
3123
356
-3516
-6822
-7778
-5907
-2550
-123
-494
-3528
-6867
-7598
-4543
776
5330
6774
4921
1604
-800
-963
791
3067
4403
3896
1409
-2431
-6383
-8998
-9225
-6976
-3289
215
2321
2931
2890
3170
4132
5336
5941
5336
3535
1055
-1488
-3600
-4944
-5452
-5490
-5605
-5901
-5752
-4313
-1382
2234
5157
6366
5844
4480
3348
3039
3452
4015
4030
3081
1332
-437
-1238
-544
1301
3342
4628
4509
2619
-855
-4768
-7263
-7022
-4337
-1115
323
-1165
-4547
-7147
-6557
-2587
2511
5725
5483
2667
-314
-1401
-238
1992
3770
4226
3205
852
-2427
-5743
-7805
-7609
-5143
-1559
1531
3114
3365
3236
3522
4272
4904
4720
3421
1323
-888
-2637
-3721
-4241
-4462
-4678
-4977
-4988
-4081
-1966
874
3380
4647
4521
3655
2924
2779
3102
3519
3716
3470
2622
1238
-202
-886
-178
1824
4166
5550
4982
2202
-2052
-6024
-7711
-6276
-2865
82
429
-2218
-6091
-8209
-6477
-1438
3950
6512
5126
1334
-2005
-2769
-831
2231
4483
4782
3006
-293
-4163
-7361
-8673
-7492
-4314
-619
1994
2885
2708
2674
3478
4856
5886
5675
3984
1406
-1131
-3043
-4279
-4988
-5327
-5504
-5628
-5414
-4299
-1981
1173
4184
5960
6012
4868
3663
3266
3732
4429
4529
3540
1646
-347
-1462
-1094
695
3137
5166
5922
5020
2438
-1333
-5015
-6896
-6001
-3024
-88
540
-1969
-6097
-8695
-7325
-2344
3253
6145
5040
1390
-1862
-2428
-174
3124
5328
5297
3071
-621
-4714
-7915
-9004
-7465
-3984
-253
2070
2527
2102
2230
3527
5352
6408
5749
3435
419
-2179
-3822
-4636
-4952
-4982
-4882
-4735
-4371
-3355
-1353
1458
4273
6019
6090
4860
3382
2555
2560
2950
3062
2494
1354
181
-428
-112
1155
2991
4722
5549
4740
1896
-2425
-6450
-8035
-6317
-2557
511
521
-2742
-6892
-8548
-5930
-320
4914
6828
4860
939
-2122
-2530
-418
2607
4663
4568
2174
-1789
-5980
-8841
-9226
-7016
-3267
337
2531
3219
3331
3815
4791
5615
5557
4358
2278
-127
-2329
-4047
-5190
-5676
-5478
-4847
-4190
-3596
-2598
-613
2307
5188
6744
6421
4888
3434
2899
3211
3701
3725
3011
1701
242
-785
-841
291
2245
4176
5153
4522
2064
-1706
-5319
-6916
-5559
-2171
855
1176
-1762
-6073
-8560
-7079
-2271
2883
5292
3986
622
-1985
-2011
369
3514
5639
5666
3419
-512
-4903
-8187
-9081
-7326
-3940
-627
1328
1903
2104
2898
4329
5586
5785
4639
2606
486
-1170
-2328
-3211
-3942
-4498
-4824
-4776
-4066
-2452
-47
2529
4360
4804
4051
3026
2609
2957
3578
3849
3422
2339
928
-342
-1044
-878
264
2126
4069
5226
4800
2382
-1578
-5527
-7426
-6195
-2766
344
690
-2279
-6627
-9112
-7584
-2703
2499
4947
3753
599
-1830
-1896
119
2677
4248
4089
2219
-905
-4480
-7331
-8231
-6633
-3215
457
2982
4035
4315
4701
5435
5976
5535
3796
1263
-1081
-2538
-3130
-3345
-3623
-4091
-4585
-4707
-3942
-1985
882
3699
5304
5097
3558
1925
1268
1763
2746
3327
2987
1808
331
-755
-919
41
1920
4066
5651
6071
5105
2732
-781
-4459
-6690
-6250
-3477
-350
677
-1506
-5562
-8367
-7376
-2784
2539
5305
4301
1073
-1528
-1610
577
3266
4730
4303
2266
-760
-4059
-6702
-7658
-6376
-3350
41
2437
3427
3633
3934
4592
5102
4749
3313
1285
-553
-1766
-2497
-3118
-3796
-4418
-4752
-4569
-3619
-1746
814
3289
4678
4436
2987
1492
969
1565
2625
3302
3070
1878
119
-1499
-2190
-1448
642
3299
5407
6117
5165
2695
-762
-4059
-5652
-4665
-1831
795
1118
-1543
-5720
-8482
-7567
-3275
1622
4069
3010
-49
-2448
-2425
-179
2624
4231
3819
1615
-1585
-4826
-7119
-7647
-6139
-3178
31
2359
3435
3707
3870
4236
4543
4234
2957
923
-1170
-2639
-3273
-3309
-3150
-3101
-3250
-3316
-2732
-1052
1513
3964
5076
4308
2348
654
323
1331
2763
3573
3225
1861
139
-1169
-1514
-682
1184
3562
5646
6773
6663
5243
2462
-1256
-4620
-6054
-5010
-2542
-660
-1040
-3810
-7204
-8602
-6538
-1969
2416
4277
3269
1036
-303
253
2107
3803
4152
2785
91
-3137
-5895
-7216
-6602
-4380
-1552
867
2398
3182
3637
4022
4244
3976
2977
1359
-393
-1726
-2397
-2591
-2707
-3009
-3410
-3501
-2800
-1130
1118
3072
3878
3302
2001
1070
1201
2223
3385
3953
3544
2221
497
-854
-1264
-669
590
2153
3772
5252
6280
6348
4841
1569
-2525
-5539
-5937
-3936
-1396
-496
-2208
-5599
-8288
-8086
-4706
-100
3116
3716
2516
1250
989
1553
2110
2068
1396
265
-1355
-3500
-5663
-6778
-5981
-3382
-66
2617
3835
3612
2635
1728
1306
1186
901
201
-736
-1566
-2180
-2748
-3381
-3808
-3539
-2314
-379
1576
2745
2677
1641
520
209
989
2394
3607
3986
3355
1980
407
-759
-1113
-629
415
1687
3004
4309
5533
6455
6578
5226
2119
-1947
-5248
-6325
-5152
-3145
-2216
-3459
-6293
-8638
-8378
-5059
-303
3517
4996
4375
2880
1609
931
647
471
216
-372
-1614
-3484
-5301
-6051
-5089
-2652
242
2382
3057
2419
1274
493
460
935
1368
1388
1015
381
-539
-1771
-2938
-3314
-2480
-799
782
1429
992
98
-340
205
1556
3133
4388
5024
4961
4215
2886
1228
-287
-1105
-883
293
1968
3619
5003
6166
7206
7905
7560
5294
981
-4076
-7679
-8284
-6166
-3295
-2095
-3711
-6935
-8892
-7330
-2487
3142
6801
7302
5366
2606
352
-850
-1062
-663
-251
-477
-1635
-3351
-4731
-4950
-3808
-1909
-311
231
-163
-624
-305
949
2530
3564
3526
2484
870
-861
-2278
-2957
-2742
-2025
-1572
-1900
-2809
-3496
-3149
-1539
882
3311
5029
5606
4993
3532
1803
353
-556
-972
-1111
-1149
-1074
-618
605
2786
5550
7972
9088
8390
5830
1688
-3226
-7416
-9309
-8349
-5506
-2820
-2171
-3968
-6582
-7341
-4626
751
6120
8855
7951
4331
99
-2718
-3238
-1956
-99
1251
1508
576
-1191
-3080
-4320
-4490
-3749
-2668
-1760
-1113
-453
485
1718
2994
3855
3826
2804
1235
-153
-916
-1219
-1658
-2701
-4175
-5273
-5142
-3586
-1134
1447
3606
5043
5575
5178
4071
2693
1481
647
117
-317
-729
-954
-699
237
1853
3949
6184
8124
9219
9000
7307
4349
467
-3818
-7551
-9479
-8852
-6179
-3112
-1522
-2230
-4244
-5231
-3347
1084
5627
7678
6368
2913
-584
-2518
-2371
-559
1931
3842
4002
1860
-2063
-6316
-9233
-9759
-7864
-4478
-955
1635
2994
3520
3818
4197
4494
4314
3411
1868
-135
-2507
-5100
-7360
-8385
-7575
-5198
-2237
344
2174
3461
4504
5249
5282
4307
2553
703
-602
-1141
-1105
-787
-346
172
784
1555
2511
3531
4387
4952
5268
5333
4979
4059
2635
769
-1707
-4780
-7617
-8764
-7362
-4028
-653
750
-607
-3470
-5192
-3848
34
3928
5537
4519
2366
878
820
1691
2383
2026
377
-2238
-5118
-7375
-8225
-7345
-5075
-2227
348
2156
3267
4109
4982
5676
5586
4169
1467
-1734
-4290
-5502
-5541
-5039
-4394
-3591
-2537
-1327
-179
768
1510
2133
2675
3061
3139
2797
2161
1605
1506
1850
2175
1924
898
-534
-1651
-1868
-1100
353
2158
4133
6051
7438
7695
6622
4764
2973
1496
-278
-2900
-5889
-7868
-7719
-5581
-2985
-1865
-2949
-4813
-4911
-1911
2910
6662
7142
4322
83
-3237
-4241
-2963
-425
2063
3355
2712
164
-3290
-6048
-6753
-5075
-1910
1079
2447
1881
383
-556
-49
1626
3355
3991
3088
1050
-1308
-3332
-4723
-5398
-5369
-4707
-3554
-2090
-537
922
2266
3625
4953
5788
5474
3810
1414
-628
-1606
-1707
-1708
-2081
-2430
-1891
-60
2492
4689
5814
5931
5619
5417
5493
5631
5443
4692
3471
2033
390
-1758
-4417
-6771
-7497
-5927
-2876
-416
-495
-3382
-7185
-9101
-7482
-2960
2189
5677
6507
5234
3300
2053
1999
2686
3082
2179
-439
-4265
-7924
-9862
-9220
-6319
-2367
1259
3627
4518
4318
3630
2909
2248
1411
72
-1779
-3605
-4666
-4656
-3917
-3021
-2227
-1464
-688
-64
245
363
640
1283
2037
2361
1949
1148
739
1248
2463
3592
3822
2848
1067
-600
-1230
-438
1472
3716
5453
6144
5809
4958
4225
3944
3978
3906
3380
2297
682
-1549
-4418
-7460
-9539
-9462
-6983
-3411
-977
-1190
-3420
-5257
-4472
-900
3481
6176
5950
3413
300
-1728
-1901
-555
1261
2377
2031
141
-2664
-5309
-6803
-6721
-5357
-3464
-1810
-721
91
1208
2851
4548
5444
5015
3409
1196
-1128
-3369
-5425
-7019
-7716
-7206
-5567
-3216
-684
1610
3455
4815
5735
6177
6017
5217
4010
2843
2123
2018
2385
2856
3069
2897
2467
1932
1268
374
-598
-1103
-543
1145
3359
5289
6421
6587
5819
4334
2681
1567
1231
939
-561
-3812
-7830
-10654
-10820
-8489
-5373
-3438
-3408
-4273
-4252
-2300
1137
4615
6775
7040
5605
3125
423
-1755
-3022
-3418
-3339
-3335
-3861
-4919
-5958
-6194
-5141
-2954
-363
1715
2766
2975
2941
3050
3201
3036
2299
946
-926
-3064
-5021
-6277
-6507
-5723
-4179
-2193
-68
1994
4003
6118
8317
10110
10683
9418
6444
2710
-585
-2756
-3969
-4777
-5352
-5208
-3750
-1032
2119
4755
6440
7261
7409
6967
6034
4913
4016
3526
3180
2437
1000
-874
-2506
-3277
-3172
-2956
-3682
-5725
-8229
-9641
-8907
-6314
-3338
-1653
-1870
-3027
-3369
-1880
872
3353
4354
3743
2232
648
-551
-1333
-1797
-1958
-1852
-1737
-1995
-2739
-3572
-3847
-3140
-1553
365
1997
2969
3261
3029
2421
1536
543
-259
-641
-691
-788
-1242
-1956
-2515
-2542
-1922
-806
538
1831
2932
3834
4506
4793
4514
3692
2598
1604
949
624
443
234
30
106
830
2317
4187
5677
6100
5278
3637
1854
483
-281
-504
-358
-6
416
753
873
770
646
772
1197
1467
706
-1769
-5654
-9501
-11503
-10683
-7612
-4106
-2040
-2013
-2952
-3020
-1098
2363
5761
7515
7036
4817
1925
-577
-1958
-1988
-979
362
1230
1077
-115
-1790
-3073
-3329
-2588
-1496
-767
-682
-1006
-1316
-1332
-1006
-426
314
1049
1481
1283
424
-727
-1665
-2100
-2049
-1695
-1154
-348
905
2578
4270
5432
5792
5485
4864
4220
3637
3024
2233
1191
-7
-1115
-1840
-1981
-1517
-608
440
1287
1739
1882
1986
2257
2673
3042
3169
2966
2396
1406
-35
-1773
-3393
-4384
-4475
-3921
-3543
-4225
-6106
-8142
-8619
-6431
-2118
2195
4194
3069
145
-2200
-2330
-405
2056
3454
3169
1670
-96
-1266
-1312
-127
1826
3607
4154
2902
205
-2763
-4768
-5364
-5048
-4639
-4464
-4143
-3071
-1101
1251
3191
4202
4272
3668
2621
1264
-160
-1289
-1897
-2144
-2353
-2601
-2584
-1849
-140
2378
5069
7097
7847
7237
5661
3713
1872
380
-676
-1230
-1250
-934
-694
-829
-1128
-979
21
1589
2870
3102
2175
680
-577
-1156
-1223
-1247
-1438
-1487
-932
216
1342
1749
1345
727
668
1421
2341
2172
-20
-3821
-7436
-8811
-7141
-3502
-205
820
-585
-2702
-3331
-1512
1868
4896
6150
5553
4049
2591
1571
905
421
54
-215
-542
-1250
-2544
-4176
-5472
-5784
-4939
-3360
-1735
-606
-111
2
181
764
1704
2599
2970
2529
1341
-137
-1239
-1518
-1082
-442
-72
-65
-181
-146
147
675
1431
2376
3306
3893
3878
3272
2374
1619
1283
1238
951
-161
-2211
-4551
-6041
-5805
-3870
-1124
1277
2614
2899
2676
2542
2746
3105
3209
2745
1742
570
-303
-612
-420
18
470
850
1183
1453
1422
650
-1060
-3198
-4635
-4445
-2672
-444
678
-204
-2572
-4702
-4940
-2892
337
3066
4197
3836
2874
2150
1942
2042
2054
1610
477
-1368
-3685
-5950
-7432
-7582
-6391
-4483
-2647
-1309
-337
600
1609
2461
2852
2657
2000
1166
395
-188
-601
-942
-1386
-2030
-2707
-2986
-2520
-1343
165
1542
2495
2959
3075
3058
3048
3036
2854
2286
1204
-268
-1732
-2650
-2676
-1850
-552
815
1949
2657
2822
2494
1975
1698
1964
2632
3161
2968
1973
704
-46
188
1239
2413
2987
2730
2006
1446
1488
2164
3041
3311
2180
-446
-3583
-5682
-5768
-4185
-2350
-1665
-2509
-4009
-4716
-3662
-1010
2082
4266
4829
3892
2038
-137
-2071
-3187
-3104
-2065
-1006
-968
-2280
-4245
-5694
-5893
-5047
-3974
-3328
-3076
-2720
-1922
-813
254
1076
1670
2102
2317
2158
1526
562
-431
-1203
-1682
-1879
-1822
-1546
-1118
-594
10
737
1623
2608
3490
4011
4029
3579
2845
2059
1419
1033
884
876
861
694
304
-185
-477
-282
448
1446
2305
2722
2671
2371
2113
2085
2268
2488
2592
2603
2664
2856
3035
2925
2330
1321
255
-427
-513
-166
177
-7
-1059
-2764
-4268
-4572
-3379
-1483
-325
-982
-3301
-5843
-6870
-5644
-2966
-470
631
237
-893
-1877
-2136
-1523
-258
1059
1655
1004
-740
-2756
-4083
-4267
-3621
-2856
-2521
-2645
-2853
-2762
-2265
-1530
-798
-219
159
415
706
1209
1974
2901
3743
4184
3946
2986
1571
193
-709
-984
-796
-464
-197
-22
171
534
1205
2208
3362
4256
4459
3868
2903
2221
2154
2390
2287
1479
262
-643
-656
187
1305
2057
2213
1985
1732
1680
1824
2019
2118
2090
1997
1934
1934
1910
1695
1218
616
118
-169
-305
-460
-878
-1799
-3227
-4760
-5781
-5883
-5168
-4177
-3559
-3612
-4041
-4134
-3393
-1976
-565
233
376
336
579
1114
1565
1618
1268
668
-156
-1324
-2858
-4463
-5598
-5844
-5210
-4122
-3034
-2104
-1202
-222
704
1307
1436
1202
883
690
623
559
463
436
605
1031
1689
2444
3053
3257
2966
2330
1669
1244
1050
851
447
-40
-309
-166
269
757
1174
1542
1944
2461
3103
3712
4008
3809
3197
2445
1770
1192
593
-67
-637
-850
-514
321
1353
2204
2613
2543
2131
1596
1124
771
475
113
-335
-735
-883
-736
-571
-853
-1884
-3439
-4789
-5170
-4409
-3116
-2266
-2511
-3681
-4866
-5049
-3874
-1858
21
1025
1035
427
-336
-964
-1259
-1025
-278
550
797
86
-1336
-2729
-3378
-3058
-2130
-1217
-768
-795
-989
-1063
-978
-821
-590
-211
294
763
1040
1124
1182
1405
1816
2229
2473
2547
2558
2525
2358
2015
1605
1334
1302
1400
1367
1030
451
-49
-127
349
1229
2213
3039
3592
3910
4088
4170
4097
3771
3138
2211
1092
-32
-948
-1496
-1682
-1652
-1584
-1546
-1448
-1166
-662
-28
578
982
1077
865
456
-49
-580
-1034
-1232
-1057
-594
-162
-165
-874
-2150
-3345
-3716
-3040
-1886
-1225
-1750
-3376
-5243
-6298
-6007
-4686
-3175
-2211
-2004
-2187
-2153
-1469
-122
1582
3190
4221
4311
3424
1979
648
-94
-290
-380
-774
-1525
-2328
-2824
-2873
-2594
-2147
-1523
-613
545
1679
2441
2657
2494
2374
2653
3287
3859
3934
3421
2617
1918
1547
1453
1476
1514
1565
1644
1725
1738
1598
1278
834
381
22
-190
-264
-289
-358
-461
-444
-150
427
1136
1746
2098
2159
2025
1799
1492
991
144
-1031
-2225
-2980
-3046
-2611
-2157
-2025
-2138
-2130
-1741
-1057
-355
185
575
862
1031
1015
794
454
168
70
85
-54
-635
-1811
-3452
-5098
-6102
-6075
-5185
-4016
-3115
-2624
-2278
-1693
-709
494
1593
2353
2639
2348
1486
322
-623
-874
-353
560
1296
1501
1236
841
617
604
655
634
499
282
57
-53
24
231
417
469
383
259
284
617
1242
1912
2336
2377
2143
1857
1684
1650
1703
1798
1884
1861
1625
1184
658
189
-146
-350
-479
-592
-688
-707
-576
-280
110
511
891
1256
1607
1888
2023
1945
1635
1123
447
-316
-1031
-1468
-1448
-1014
-462
-153
-235
-565
-874
-1038
-1131
-1263
-1420
-1500
-1451
-1373
-1442
-1733
-2091
-2236
-2002
-1485
-964
-691
-708
-899
-1153
-1448
-1728
-1846
-1724
-1487
-1389
-1548
-1856
-2012
-1721
-909
146
957
1173
817
210
-281
-452
-317
-13
341
705
1048
1288
1322
1158
971
1011
1385
1911
2200
1936
1137
149
-570
-753
-424
210
929
1569
2020
2301
2545
2877
3222
3336
3069
2540
2019
1639
1293
802
119
-624
-1196
-1380
-1103
-501
155
655
941
1069
1096
1031
860
590
246
-198
-813
-1622
-2471
-3071
-3209
-2917
-2463
-2122
-1995
-1985
-1883
-1532
-946
-343
16
-5
-341
-828
-1333
-1800
-2176
-2383
-2381
-2245
-2122
-2044
-1868
-1416
-675
160
838
1196
1264
1216
1243
1351
1355
1058
447
-264
-781
-888
-573
-16
525
886
1057
1131
1246
1512
1947
2402
2609
2365
1710
930
354
131
139
155
61
-67
-94
70
460
1098
1947
2797
3305
3215
2623
1936
1559
1567
1697
1601
1121
365
-406
-972
-1279
-1423
-1530
-1659
-1758
-1742
-1611
-1501
-1532
-1651
-1646
-1364
-866
-384
-127
-150
-358
-603
-820
-1040
-1334
-1707
-2058
-2246
-2180
-1872
-1411
-926
-550
-367
-385
-506
-544
-298
272
940
1349
1266
756
104
-401
-617
-551
-312
-47
75
-47
-333
-538
-412
81
728
1246
1456
1377
1161
1031
1149
1506
1913
2134
2063
1744
1328
992
860
914
980
825
302
-514
-1329
-1794
-1749
-1319
-810
-494
-442
-530
-583
-529
-412
-317
-275
-280
-342
-508
-778
-1044
-1113
-883
-434
25
310
361
243
79
-38
-76
-91
-203
-531
-1067
-1598
-1823
-1567
-931
-211
296
493
503
566
810
1177
1483
1577
1418
1047
517
-100
-649
-941
-847
-414
153
607
800
767
675
701
906
1231
1573
1863
2053
2121
2063
1897
1649
1345
1015
689
381
66
-310
-771
-1267
-1661
-1796
-1587
-1099
-519
-60
165
187
128
56
-58
-268
-526
-709
-748
-687
-617
-570
-521
-447
-376
-356
-383
-402
-403
-472
-653
-850
-905
-767
-544
-402
-428
-576
-718
-776
-762
-731
-698
-650
-595
-536
-453
-302
-78
159
310
312
180
19
-67
-54
12
78
125
168
235
375
612
928
1266
1558
1737
1717
1449
981
454
-12
-421
-852
-1346
-1835
-2161
-2163
-1805
-1204
-551
17
463
802
1042
1152
1090
864
584
400
418
627
903
1082
1057
838
547
329
238
179
-11
-410
-917
-1300
-1351
-992
-320
466
1138
1549
1661
1552
1346
1133
903
573
105
-392
-695
-660
-378
-96
28
51
133
364
670
876
837
532
57
-445
-814
-941
-825
-587
-350
-158
-8
64
28
-68
-121
-92
-73
-210
-567
-1062
-1514
-1744
-1666
-1330
-887
-480
-176
18
100
61
-102
-333
-539
-656
-703
-739
-797
-868
-891
-773
-466
-68
232
299
167
15
20
209
438
516
376
111
-85
-82
97
334
551
744
901
983
1008
1074
1258
1523
1747
1807
1655
1365
1076
892
811
730
595
476
495
672
897
1027
1021
926
817
737
650
485
179
-230
-618
-869
-952
-922
-847
-785
-765
-765
-705
-508
-209
10
-56
-475
-1113
-1698
-1997
-1943
-1663
-1370
-1193
-1103
-967
-689
-285
119
368
371
109
-342
-835
-1181
-1277
-1178
-1040
-1001
-1083
-1193
-1158
-858
-359
89
220
-11
-425
-759
-845
-691
-421
-192
-94
-115
-178
-193
-113
77
335
572
678
629
506
438
490
619
731
766
742
738
809
952
1107
1220
1279
1287
1245
1161
1080
1064
1146
1271
1343
1303
1184
1087
1076
1117
1096
924
623
321
163
227
472
771
976
1009
872
635
372
140
-54
-231
-401
-539
-596
-543
-358
-75
212
387
382
207
-88
-458
-863
-1259
-1578
-1749
-1731
-1557
-1324
-1127
-981
-847
-685
-521
-407
-380
-418
-462
-468
-474
-568
-795
-1072
-1259
-1304
-1277
-1292
-1360
-1400
-1330
-1165
-974
-816
-695
-580
-427
-208
55
309
506
648
754
818
813
712
525
292
55
-181
-402
-533
-459
-154
292
755
1151
1428
1563
1581
1549
1513
1470
1385
1219
966
676
415
270
311
586
1038
1501
1769
1740
1489
1214
1097
1187
1405
1617
1714
1650
1441
1108
708
322
65
-20
-12
-63
-259
-535
-770
-881
-901
-900
-944
-1066
-1247
-1440
-1578
-1619
-1571
-1474
-1390
-1358
-1390
-1459
-1529
-1564
-1540
-1456
-1353
-1330
-1461
-1706
-1914
-1933
-1727
-1387
-1060
-844
-731
-642
-525
-394
-287
-214
-183
-212
-280
-324
-283
-125
146
489
788
923
833
559
244
37
10
85
122
66
19
127
451
911
1384
1782
2050
2188
2209
2126
1927
1628
1323
1125
1087
1160
1249
1235
1065
792
569
526
665
866
967
880
619
296
69
56
259
542
714
671
428
117
-94
-111
4
54
-130
-558
-1073
-1473
-1637
-1580
-1396
-1185
-998
-846
-732
-656
-611
-574
-559
-608
-757
-978
-1192
-1319
-1330
-1255
-1159
-1066
-939
-739
-515
-369
-352
-427
-509
-534
-471
-328
-127
90
279
396
442
468
521
604
709
839
1001
1163
1267
1243
1071
809
568
423
349
283
184
71
-10
12
205
552
927
1177
1216
1062
796
529
351
276
230
115
-103
-354
-548
-643
-672
-686
-714
-766
-825
-858
-832
-744
-621
-502
-415
-363
-309
-222
-102
29
134
194
196
144
75
53
128
261
325
214
-66
-400
-668
-810
-822
-719
-525
-281
-50
96
161
239
442
749
1019
1117
1020
825
634
494
374
229
37
-171
-344
-430
-419
-343
-254
-178
-96
31
204
378
482
485
400
282
173
90
49
43
42
-18
-160
-343
-466
-470
-358
-188
-32
58
64
20
-37
-81
-100
-117
-190
-382
-659
-897
-973
-863
-648
-429
-276
-186
-123
-71
-39
-37
-63
-144
-309
-546
-775
-912
-919
-812
-646
-483
-338
-183
22
277
535
762
931
1043
1094
1105
1092
1070
1035
970
852
668
450
281
253
396
657
921
1097
1155
1127
1066
1028
1039
1075
1083
1019
867
646
389
154
4
-24
71
249
439
545
496
300
72
-61
-69
-53
-148
-397
-735
-1048
-1260
-1357
-1376
-1363
-1354
-1376
-1437
-1503
-1523
-1469
-1363
-1238
-1103
-956
-797
-653
-555
-525
-545
-583
-639
-741
-900
-1071
-1191
-1214
-1140
-985
-779
-557
-345
-162
17
187
317
331
208
-1
-197
-294
-289
-227
-155
-75
17
100
161
216
325
519
755
927
946
830
691
662
773
958
1125
1222
1257
1279
1354
1523
1754
1956
2034
1940
1682
1324
974
741
691
801
990
1151
1215
1171
1073
992
953
918
837
670
409
82
-217
-422
-535
-626
-743
-885
-1015
-1093
-1123
-1128
-1134
-1130
-1130
-1162
-1256
-1395
-1524
-1601
-1619
-1611
-1622
-1646
-1641
-1571
-1455
-1334
-1211
-1053
-849
-645
-474
-319
-135
91
311
448
450
340
195
75
3
-13
23
107
225
359
467
522
532
558
621
702
741
681
517
305
123
3
-74
-140
-196
-233
-231
-183
-93
27
186
389
601
765
841
849
838
858
901
916
844
682
492
347
294
349
488
647
758
789
766
739
710
628
440
152
-146
-352
-411
-359
-295
-308
-442
-661
-861
-928
-818
-579
-332
-207
-272
-476
-666
-709
-570
-325
-78
96
168
175
177
216
255
235
131
-51
-291
-565
-809
-943
-904
-700
-422
-187
-60
-8
50
164
326
459
489
404
264
150
100
104
144
207
271
276
185
27
-104
-150
-124
-99
-138
-239
-375
-500
-563
-532
-425
-311
-271
-354
-536
-701
-728
-588
-373
-213
-169
-193
-190
-114
11
141
258
350
382
317
176
24
-91
-163
-212
-248
-258
-217
-103
67
255
430
574
671
715
721
711
688
636
516
333
150
62
115
258
404
491
510
481
452
476
564
653
676
605
459
267
52
-137
-249
-263
-205
-139
-117
-175
-288
-395
-427
-358
-226
-118
-108
-209
-378
-551
-688
-769
-795
-788
-786
-801
-820
-808
-733
-575
-361
-157
-15
47
71
87
102
98
61
-6
-97
-194
-261
-241
-108
102
310
442
482
462
448
489
580
680
751
777
763
729
698
687
684
665
604
494
372
291
272
289
327
382
432
435
395
373
405
465
503
509
483
432
360
286
238
234
273
325
370
402
429
433
384
277
140
-10
-178
-364
-531
-643
-698
-731
-767
-818
-876
-935
-982
-1007
-1017
-1040
-1101
-1181
-1239
-1236
-1170
-1061
-948
-863
-821
-817
-838
-883
-944
-1005
-1065
-1138
-1225
-1299
-1332
-1304
-1217
-1094
-963
-837
-701
-534
-335
-111
117
297
359
281
141
50
87
236
434
610
727
776
770
740
742
824
991
1187
1323
1345
1267
1160
1071
1012
968
941
938
942
937
934
985
1118
1284
1407
1461
1488
1518
1531
1487
1362
1144
841
493
182
-34
-144
-165
-105
35
206
360
474
578
667
682
584
397
186
-32
-243
-435
-573
-636
-641
-621
-619
-637
-652
-650
-659
-712
-818
-945
-1067
-1182
-1304
-1399
-1399
-1271
-1083
-934
-858
-816
-781
-758
-752
-737
-709
-708
-790
-958
-1120
-1164
-1044
-830
-630
-530
-530
-549
-501
-356
-156
33
187
310
403
462
506
580
706
855
960
982
932
860
805
789
790
783
763
748
743
748
758
791
859
955
1041
1047
945
772
632
594
645
682
605
402
165
-20
-136
-224
-306
-384
-478
-609
-758
-858
-850
-726
-549
-425
-421
-508
-607
-670
-697
-691
-657
-628
-645
-712
-790
-827
-780
-635
-438
-271
-197
-206
-219
-160
-19
118
172
126
47
-9
-22
10
58
105
144
192
248
294
317
326
311
248
138
37
-9
8
63
132
186
199
156
91
81
185
362
508
548
508
465
472
539
638
708
694
573
377
184
66
48
86
109
72
-8
-80
-83
6
152
284
361
378
341
274
189
100
-5
-113
-191
-222
-231
-277
-386
-526
-624
-634
-564
-471
-413
-410
-431
-416
-340
-249
-218
-265
-330
-358
-341
-305
-264
-231
-207
-171
-92
15
102
153
198
259
321
359
381
403
427
433
399
318
202
85
14
17
92
202
320
411
437
352
160
-85
-305
-434
-470
-458
-447
-439
-414
-369
-312
-241
-127
17
128
120
-17
-226
-427
-560
-610
-600
-571
-548
-523
-488
-458
-441
-417
-357
-266
-175
-131
-120
-97
-23
93
208
296
352
391
438
516
609
671
680
668
682
732
778
773
704
605
512
419
318
221
167
156
155
138
103
67
27
2
20
108
261
449
618
713
707
618
516
439
390
338
274
197
103
0
-82
-117
-123
-149
-212
-283
-321
-325
-323
-337
-359
-373
-396
-471
-600
-732
-814
-848
-857
-859
-850
-822
-762
-675
-590
-526
-489
-449
-390
-328
-316
-381
-492
-594
-653
-668
-655
-619
-556
-455
-310
-134
48
186
245
234
197
185
214
279
364
469
594
707
754
720
642
581
544
513
471
428
397
380
388
425
490
574
659
745
834
913
944
890
753
565
390
295
299
363
416
425
394
360
363
404
445
430
343
202
22
-188
-399
-569
-665
-690
-663
-620
-585
-552
-509
-447
-396
-382
-424
-522
-637
-706
-688
-600
-502
-435
-396
-356
-289
-197
-101
-39
-53
-147
-273
-365
-388
-357
-292
-205
-114
-45
-5
14
17
6
-15
-34
-66
-133
-238
-341
-393
-365
-265
-133
-9
74
116
122
86
16
-70
-154
-219
-247
-222
-153
-71
-1
58
112
161
215
288
384
476
538
567
579
577
539
457
374
331
334
345
323
244
132
36
-10
-17
-8
14
56
108
145
151
102
12
-89
-167
-221
-264
-290
-298
-302
-322
-345
-341
-283
-179
-64
33
99
130
140
141
142
141
137
152
192
237
249
218
163
110
82
72
55
0
-81
-145
-159
-130
-69
41
212
400
536
583
551
473
391
344
329
301
219
112
58
94
179
251
275
253
179
53
-115
-282
-395
-442
-448
-462
-498
-519
-486
-394
-281
-191
-146
-152
-203
-280
-348
-382
-378
-360
-345
-338
-324
-281
-190
-58
61
113
95
46
22
23
19
-35
-134
-241
-310
-328
-310
-263
-199
-122
-46
1
-4
-34
-37
6
54
59
14
-52
-99
-106
-81
-56
-39
-24
-8
-6
-15
-10
34
113
185
221
205
165
133
134
176
239
303
353
391
423
451
474
490
516
558
620
684
724
728
705
669
607
529
464
431
391
300
174
58
-32
-123
-219
-318
-419
-530
-613
-627
-584
-529
-486
-460
-459
-486
-511
-513
-485
-447
-422
-427
-449
-451
-408
-326
-228
-136
-84
-99
-171
-227
-215
-143
-66
-35
-79
-195
-321
-386
-353
-256
-143
-59
-31
-38
-23
47
150
245
304
307
244
141
49
-5
-11
37
131
219
240
196
150
148
206
297
395
456
456
407
356
335
334
338
342
326
269
172
79
44
89
189
297
369
398
408
429
471
514
513
446
322
175
23
-132
-290
-447
-574
-640
-638
-608
-588
-567
-520
-439
-349
-277
-245
-243
-252
-263
-266
-250
-206
-158
-125
-113
-112
-107
-82
-18
70
140
171
161
120
36
-101
-266
-404
-464
-442
-376
-322
-312
-329
-333
-284
-174
-26
120
211
234
220
218
246
286
313
309
275
228
190
178
203
253
275
217
77
-84
-208
-264
-248
-165
-37
91
179
209
214
236
281
336
387
420
399
305
169
56
-1
-12
-13
-41
-107
-193
-243
-228
-150
-56
-1
3
-26
-66
-118
-153
-123
-26
91
170
209
223
227
224
227
257
327
409
446
402
285
144
3
-128
-246
-334
-391
-427
-440
-416
-343
-247
-166
-133
-140
-148
-128
-75
-6
56
87
64
-2
-74
-118
-129
-139
-180
-270
-383
-469
-480
-412
-306
-211
-159
-142
-135
-122
-117
-126
-129
-107
-64
-25
3
39
111
232
367
446
424
321
218
165
172
209
237
226
171
89
0
-76
-96
-15
161
357
490
523
474
402
349
311
251
164
75
10
-13
6
64
130
176
195
206
223
247
291
345
376
347
277
212
188
200
221
210
128
-23
-207
-365
-446
-423
-321
-193
-85
3
81
133
146
127
104
85
47
-27
-138
-256
-350
-402
-420
-435
-467
-525
-601
-679
-746
-789
-795
-768
-727
-714
-755
-836
-900
-885
-776
-622
-490
-432
-432
-444
-425
-366
-260
-92
127
334
482
574
632
665
676
673
667
642
567
427
263
163
189
326
485
603
657
667
633
551
431
296
149
-11
-155
-234
-233
-187
-123
-55
24
104
174
235
283
337
403
469
498
463
364
229
97
-3
-55
-74
-82
-109
-153
-188
-204
-201
-204
-224
-260
-285
-270
-230
-192
-176
-164
-145
-116
-77
-27
23
53
44
-4
-76
-133
-145
-113
-64
-34
-41
-84
-146
-205
-250
-258
-208
-117
-32
20
53
99
162
244
335
436
512
532
483
385
273
175
114
87
92
114
152
210
305
419
503
517
465
389
330
293
272
244
201
146
90
32
-21
-67
-104
-135
-150
-144
-137
-148
-162
-146
-109
-84
-98
-127
-154
-186
-227
-279
-340
-412
-476
-527
-564
-587
-594
-588
-596
-625
-652
-634
-565
-475
-418
-416
-448
-456
-401
-299
-206
-149
-114
-67
-11
22
13
-32
-92
-155
-211
-239
-231
-201
-158
-110
-54
-1
47
89
121
145
155
157
152
138
118
89
81
121
227
382
546
685
765
783
750
693
645
621
613
584
507
392
269
151
38
-37
-38
46
156
237
251
212
153
103
71
44
11
-20
-33
-22
3
13
-4
-45
-74
-56
-1
47
43
-15
-95
-164
-182
-142
-87
-77
-126
-206
-289
-348
-352
-293
-205
-147
-133
-149
-162
-153
-125
-99
-99
-122
-155
-196
-254
-308
-326
-299
-248
-199
-162
-145
-146
-150
-124
-61
15
85
154
228
290
318
329
345
368
395
442
516
589
629
626
596
536
437
315
204
132
84
34
-24
-89
-155
-214
-243
-222
-163
-99
-53
-23
12
42
36
-24
-116
-194
-243
-266
-275
-268
-260
-252
-230
-176
-110
-50
-19
-27
-82
-155
-201
-213
-217
-240
-276
-317
-350
-360
-342
-303
-254
-205
-167
-152
-143
-117
-77
-57
-63
-75
-73
-71
-87
-117
-143
-143
-111
-35
93
242
350
368
301
202
120
68
36
34
75
158
235
268
261
263
305
364
397
403
411
427
423
379
322
277
254
221
152
54
-53
-135
-201
-271
-364
-463
-532
-543
-494
-396
-269
-144
-58
-23
-27
-45
-58
-57
-53
-78
-140
-212
-254
-259
-237
-192
-115
-18
75
133
131
75
4
-35
-36
-37
-67
-117
-146
-129
-66
12
101
194
277
324
332
340
382
446
493
499
471
433
394
357
328
316
298
257
192
134
114
132
155
150
123
113
139
183
202
171
77
-84
-280
-443
-508
-469
-374
-273
-194
-141
-108
-86
-65
-42
-33
-60
-128
-204
-257
-282
-298
-312
-318
-292
-236
-173
-139
-138
-154
-168
-173
-165
-134
-87
-39
2
15
-14
-68
-92
-49
39
122
178
219
255
284
300
300
271
223
167
136
117
121
109
100
27
-63
-230
-402
-590
-700
-689
-655
-627
-611
-325
145
601
537
92
-365
-264
271
803
870
553
98
-181
-199
116
541
749
460
-125
-636
-686
-396
5
190
141
-96
-318
-351
-146
165
362
327
86
-153
-198
-25
177
289
303
205
-76
-407
-515
-243
166
376
233
-95
-359
-382
-185
114
319
319
135
-82
-192
-149
-54
-84
-328
-616
-715
-545
-223
123
379
457
375
246
180
197
257
303
291
225
160
