-109
-118
-102
-94
-90
-83
-96
-153
-214
-237
-228
-223
-199
-110
32
159
230
264
268
221
123
15
-58
-92
-89
-51
20
100
151
153
131
149
236
356
415
368
251
141
76
51
57
87
138
191
231
245
219
161
112
110
136
140
98
31
-56
-165
-271
-323
-318
-288
-246
-166
-50
42
71
49
42
73
117
108
34
-71
-177
-271
-341
-372
-376
-385
-415
-449
-476
-489
-491
-478
-453
-411
-356
-311
-300
-328
-367
-397
-406
-384
-330
-269
-228
-196
-137
-55
22
72
124
193
253
258
208
132
49
-39
-102
-96
-14
98
189
228
209
164
141
169
238
320
387
426
437
444
475
524
551
539
507
457
363
198
25
-81
-95
-74
-71
-88
-113
-147
-193
-248
-289
-296
-263
-200
-141
-97
-68
-36
7
54
104
161
228
291
319
287
196
74
-45
-138
-212
-281
-343
-390
-401
-381
-335
-274
-196
-105
-16
57
112
152
178
192
193
180
152
109
49
-20
-89
-135
-149
-121
-63
-16
-10
-43
-88
-117
-120
-102
-75
-55
-29
16
86
149
177
171
144
109
57
11
-15
-22
-26
-21
14
67
106
107
106
133
202
277
325
337
311
241
112
-45
-166
-197
-158
-99
-70
-76
-103
-132
-148
-160
-167
-161
-128
-78
-22
32
62
25
-75
-181
-215
-178
-127
-116
-155
-209
-274
-344
-398
-394
-321
-230
-169
-129
-79
-15
42
98
162
227
252
244
234
235
221
194
187
223
278
309
303
271
250
235
214
167
109
58
47
77
124
145
138
134
147
163
173
204
273
363
420
410
339
243
166
112
63
-12
-118
-230
-326
-392
-433
-437
-416
-394
-394
-406
-401
-354
-257
-135
-33
3
-28
-97
-154
-175
-174
-167
-164
-174
-196
-216
-214
-189
-176
-183
-207
-235
-260
-266
-250
-252
-305
-402
-480
-482
-392
-269
-171
-114
-65
7
95
169
197
177
161
198
278
352
395
423
454
473
451
399
338
301
290
313
366
426
448
411
345
278
211
131
66
59
106
167
183
159
134
150
204
243
240
219
224
238
195
87
-38
-121
-161
-191
-227
-267
-294
-308
-329
-353
-347
-290
-192
-84
-5
12
-30
-84
-113
-114
-105
-100
-97
-97
-85
-58
-20
27
93
174
233
229
156
65
8
5
30
48
34
-19
-89
-146
-185
-252
-344
-412
-400
-287
-102
102
232
250
196
148
139
144
148
138
106
46
-19
-57
-44
11
68
115
157
199
198
135
49
7
21
52
72
66
44
13
-19
-76
-162
-224
-193
-78
43
88
36
-90
-230
-327
-358
-360
-388
-451
-509
-519
-489
-466
-480
-511
-516
-455
-345
-224
-145
-114
-104
-87
-51
-9
19
8
-31
-57
-49
-18
25
71
108
127
135
135
119
80
47
42
80
148
217
259
275
285
294
295
278
257
252
298
398
522
613
641
610
554
506
475
462
464
459
406
296
163
45
-49
-119
-144
-114
-57
-28
-51
-107
-161
-188
-176
-138
-99
-57
16
109
169
146
63
-27
-90
-98
-61
-9
9
-17
-72
-130
-186
-239
-276
-287
-266
-251
-267
-321
-382
-414
-400
-361
-326
-293
-244
-183
-139
-111
-61
33
135
204
241
276
328
376
401
388
338
282
248
258
302
345
349
292
212
149
125
118
107
90
70
45
4
-55
-111
-137
-130
-127
-160
-208
-250
-264
-266
-261
-250
-246
-247
-265
-299
-337
-360
-367
-381
-407
-419
-407
-384
-359
-317
-253
-198
-159
-123
-71
-14
39
110
201
272
285
246
180
94
6
-43
-36
5
43
55
58
56
66
72
74
72
82
114
143
153
134
101
65
43
46
91
163
230
262
238
166
57
-51
-121
-127
-87
-45
-23
3
58
120
157
152
119
72
12
-66
-158
-249
-311
-305
-235
-153
-112
-116
-126
-124
-116
-112
-114
-115
-104
-73
-24
15
19
-5
-17
27
118
215
275
261
182
79
30
56
126
203
279
351
389
384
357
332
304
270
233
206
196
196
215
247
272
253
194
140
135
178
228
241
194
124
73
66
68
34
-30
-80
-88
-70
-56
-54
-57
-50
-19
29
59
28
-63
-159
-203
-189
-153
-121
-100
-90
-114
-162
-196
-174
-105
-29
23
34
16
-19
-72
-150
-239
-306
-334
-336
-328
-312
-290
-279
-272
-255
-215
-166
-117
-78
-66
-89
-135
-188
-229
-236
-198
-144
-129
-163
-207
-214
-183
-139
-99
-68
-38
-14
-11
-34
-65
-95
-123
-166
-234
-320
-393
-395
-333
-271
-272
-307
-332
-324
-273
-173
-56
31
77
118
173
232
287
334
367
379
384
395
420
449
470
470
455
441
419
363
267
162
84
43
34
37
47
43
7
-70
-164
-243
-296
-312
-281
-201
-102
-5
59
85
62
15
-8
25
122
240
343
405
436
468
511
561
604
642
685
716
707
650
566
469
351
227
137
93
64
14
-56
-112
-136
-127
-114
-113
-127
-148
-167
-174
-158
-131
-124
-150
-202
-239
-234
-174
-77
11
52
35
-14
-77
-146
-213
-260
-283
-296
-315
-344
-386
-413
-401
-347
-285
-249
-234
-240
-249
-236
-165
-70
-30
-80
-179
-251
-265
-245
-214
-162
-70
49
134
141
91
24
-46
-122
-178
-176
-142
-148
-231
-343
-415
-416
-363
-283
-200
-133
-93
-71
-32
40
129
191
220
218
180
96
-13
-92
-112
-86
-43
31
132
238
301
315
319
361
432
479
453
359
249
177
169
201
228
218
173
123
100
120
177
232
260
241
183
108
42
6
-15
-38
-68
-88
-80
-61
-50
-56
-50
-8
67
128
145
122
96
83
86
97
90
49
-28
-96
-130
-136
-139
-157
-186
-218
-244
-263
-291
-315
-315
-294
-283
-307
-316
-274
-188
-99
-24
51
137
216
258
241
180
111
55
13
-5
4
16
-1
-30
-14
60
141
176
172
177
216
268
302
286
216
128
83
105
164
212
217
192
168
187
243
293
299
270
235
208
173
114
32
-44
-90
-115
-141
-181
-221
-260
-298
-324
-342
-355
-366
-358
-329
-293
-239
-156
-57
-3
-19
-102
-215
-343
-457
-499
-447
-327
-205
-113
-51
-6
23
44
49
43
20
-18
-58
-84
-88
-73
-35
14
57
74
73
71
84
111
142
156
144
121
124
153
182
181
150
104
30
-58
-138
-163
-139
-85
-17
61
136
174
167
132
98
88
94
89
51
-8
-66
-101
-103
-75
-36
-9
-9
-36
-67
-84
-90
-105
-144
-179
-173
-122
-76
-90
-163
-240
-265
-241
-192
-135
-85
-36
10
42
55
63
107
185
248
256
228
194
174
157
152
159
172
183
200
223
231
187
95
-6
-64
-71
-50
-20
12
43
62
62
60
85
136
181
211
233
256
255
211
152
107
89
77
81
98
97
56
-19
-77
-97
-91
-77
-42
14
41
-3
-91
-150
-140
-68
30
108
147
159
171
181
164
130
95
81
65
33
-18
-83
-152
-233
-308
-361
-373
-346
-307
-277
-252
-209
-155
-130
-146
-165
-151
-102
-44
11
60
89
85
66
52
47
46
58
62
26
-67
-178
-264
-285
-240
-165
-113
-102
-86
-27
55
120
135
103
58
40
68
98
106
100
99
111
131
153
149
107
60
41
40
22
-20
-61
-85
-73
-34
2
4
-14
-28
-59
-118
-192
-247
-252
-211
-142
-99
-110
-171
-247
-300
-314
-288
-246
-203
-187
-211
-259
-272
-201
-84
34
127
199
239
240
219
193
151
94
44
21
5
-31
-99
-176
-219
-190
-99
10
110
195
243
217
134
60
61
123
203
270
315
318
290
254
228
211
189
169
148
134
113
94
66
37
7
-8
-4
7
15
15
17
22
37
68
111
147
157
157
173
219
293
396
498
542
500
415
349
301
252
206
176
141
63
-45
-148
-213
-251
-275
-290
-288
-250
-181
-92
-9
50
79
90
96
90
71
48
11
-56
-138
-177
-145
-75
-12
25
39
36
9
-30
-76
-105
-110
-103
-95
-89
-79
-74
-91
-142
-222
-306
-357
-346
-290
-240
-220
-223
-243
-284
-340
-380
-383
-365
-355
-378
-426
-461
-447
-386
-312
-248
-190
-123
-55
-8
12
21
33
48
63
72
68
59
69
93
67
-52
-222
-342
-375
-373
-387
-399
-343
-217
-88
-48
-130
-275
-345
-231
38
309
428
379
296
328
488
646
688
623
552
553
618
678
646
512
353
253
235
257
263
222
145
66
17
8
33
76
96
85
73
101
164
219
229
200
158
156
219
307
346
310
240
190
176
201
255
283
238
126
8
-94
-180
-228
-221
-188
-190
-255
-345
-410
-437
-453
-485
-526
-555
-566
-555
-518
-462
-403
-338
-243
-124
-30
-7
-46
-84
-65
12
87
87
17
-70
-117
-111
-72
-19
23
78
178
329
467
539
541
503
441
349
244
175
175
227
268
245
168
84
37
22
7
-34
-90
-121
-114
-81
-70
-104
-176
-259
-331
-377
-372
-308
-211
-125
-89
-114
-164
-174
-113
-24
28
27
19
18
-18
-108
-213
-272
-273
-238
-202
-178
-168
-172
-208
-287
-360
-377
-323
-256
-222
-244
-308
-372
-390
-333
-249
-189
-139
-29
145
308
380
339
234
140
122
184
271
343
403
462
497
485
462
479
553
629
630
526
363
223
160
163
172
148
87
18
-35
-60
-64
-40
12
94
175
211
193
126
27
-76
-127
-93
0
76
83
15
-80
-150
-178
-167
-123
-73
-59
-99
-145
-161
-164
-187
-233
-270
-278
-257
-220
-174
-112
-40
11
18
-8
-38
-58
-73
-90
-121
-164
-210
-248
-259
-228
-164
-127
-137
-143
-101
-48
-46
-91
-133
-141
-104
-18
95
182
201
166
133
138
188
275
383
478
532
555
569
582
583
553
495
407
314
245
203
152
64
-20
-35
32
96
79
-24
-149
-236
-270
-259
-226
-189
-158
-146
-158
-197
-238
-263
-270
-258
-208
-114
-28
-18
-113
-274
-432
-527
-535
-482
-414
-356
-307
-255
-200
-157
-121
-84
-43
-26
-43
-90
-137
-162
-156
-118
-85
-68
-63
-51
-5
71
146
185
184
185
215
270
340
422
509
565
568
530
485
459
453
446
418
361
283
197
113
28
-60
-107
-86
-30
-23
-96
-190
-230
-212
-196
-231
-307
-373
-408
-413
-401
-357
-281
-199
-153
-155
-190
-222
-229
-226
-262
-375
-527
-624
-597
-493
-422
-438
-459
-376
-169
68
242
364
501
693
912
1086
1164
1146
1062
948
824
712
619
529
435
336
246
166
120
110
101
43
-55
-129
-133
-81
-47
-80
-193
-340
-464
-543
-606
-694
-791
-812
-689
-472
-303
-254
-289
-324
-350
-389
-443
-480
-486
-467
-410
-308
-199
-149
-175
-240
-289
-294
-250
-166
-65
23
81
96
81
56
64
133
257
384
444
422
336
230
134
90
128
244
387
488
530
541
566
611
666
726
791
857
910
948
965
941
880
798
730
682
629
518
343
161
27
-71
-180
-293
-394
-475
-551
-607
-643
-673
-700
-713
-712
-718
-741
-775
-812
-854
-876
-847
-758
-646
-560
-530
-544
-535
-451
-298
-151
-52
-3
20
29
23
0
-22
-17
29
83
95
55
-7
-45
-33
5
30
35
66
148
246
308
330
356
413
486
521
504
473
479
519
536
491
400
313
254
248
311
407
474
473
439
395
336
242
130
12
-92
-179
-264
-392
-571
-748
-859
-902
-915
-918
-919
-906
-878
-829
-775
-735
-700
-655
-611
-579
-552
-505
-459
-447
-445
-397
-281
-164
-97
-78
-55
3
92
170
213
246
324
461
599
678
697
687
678
698
755
830
887
922
977
1068
1164
1216
1221
1212
1203
1194
1190
1181
1140
1062
997
980
957
830
606
382
230
135
44
-49
-139
-223
-308
-395
-495
-608
-710
-794
-870
-951
-1028
-1085
-1117
-1104
-1053
-1003
-1000
-1032
-1056
-1067
-1106
-1183
-1260
-1305
-1322
-1332
-1341
-1345
-1338
-1310
-1251
-1147
-998
-812
-616
-409
-183
59
284
469
640
822
1014
1169
1247
1248
1235
1290
1435
1602
1704
1727
1731
1765
1823
1875
1906
1918
1936
1962
1976
1924
1745
1438
1078
790
617
497
349
162
-27
-211
-406
-615
-825
-1031
-1244
-1466
-1672
-1817
-1894
-1956
-2066
-2237
-2416
-2562
-2655
-2698
-2702
-2677
-2646
-2611
-2567
-2499
-2412
-2325
-2227
-2101
-1943
-1776
-1627
-1476
-1302
-1091
-840
-556
-255
40
321
593
858
1112
1352
1584
1818
2037
2215
2353
2490
2650
2802
2905
2957
2999
3063
3126
3156
3145
3142
3197
3309
3397
3386
3284
3165
3104
3095
3054
2904
2674
2457
2292
2085
1725
1199
617
129
-221
-543
-1026
-1715
-2470
-3103
-3556
-3920
-4294
-4719
-5112
-5333
-5302
-5072
-4776
-4481
-4171
-3804
-3387
-2966
-2575
-2226
-1915
-1648
-1419
-1187
-921
-632
-394
-272
-254
-248
-166
8
188
309
386
504
704
934
1117
1212
1249
1282
1339
1406
1458
1516
1614
1762
1933
2096
2251
2411
2595
2794
2981
3150
3319
3498
3658
3748
3747
3702
3684
3715
3743
3703
3584
3417
3227
3014
2775
2518
2216
1819
1300
709
153
-307
-712
-1207
-1893
-2711
-3484
-4086
-4558
-5008
-5479
-5896
-6140
-6145
-5943
-5639
-5328
-5018
-4653
-4182
-3630
-3070
-2563
-2136
-1766
-1420
-1059
-674
-306
-16
156
219
209
174
146
128
108
69
15
-41
-75
-69
-47
-57
-115
-180
-196
-169
-107
13
238
563
927
1304
1724
2226
2775
3280
3668
3962
4261
4635
5036
5341
5482
5513
5523
5546
5535
5457
5330
5147
4854
4414
3925
3541
3269
2902
2201
1166
35
-955
-1795
-2643
-3605
-4608
-5492
-6164
-6650
-7012
-7247
-7313
-7213
-7001
-6669
-6117
-5272
-4218
-3167
-2266
-1483
-703
94
749
1117
1193
1135
1104
1146
1209
1196
1083
877
576
150
-366
-856
-1231
-1496
-1691
-1795
-1731
-1469
-1109
-780
-537
-285
67
508
929
1245
1466
1672
1917
2198
2485
2765
3038
3305
3555
3772
3945
4104
4284
4480
4666
4847
5056
5294
5497
5610
5626
5562
5412
5151
4778
4318
3757
2981
1857
394
-1223
-2765
-4125
-5331
-6443
-7468
-8340
-8975
-9332
-9423
-9286
-8934
-8364
-7595
-6645
-5536
-4246
-2784
-1229
266
1582
2696
3599
4224
4460
4287
3804
3192
2604
2096
1625
1099
464
-243
-919
-1493
-1995
-2474
-2908
-3182
-3200
-2947
-2473
-1856
-1187
-549
16
499
893
1208
1454
1625
1721
1794
1953
2244
2611
2927
3126
3250
3383
3552
3702
3804
3911
4121
4447
4828
5201
5555
5865
6076
6106
5909
5499
4960
4369
3706
2813
1546
-43
-1721
-3262
-4633
-5932
-7215
-8407
-9385
-10056
-10388
-10370
-10005
-9320
-8383
-7273
-6033
-4629
-3022
-1274
424
1912
3165
4257
5216
5934
6238
6054
5493
4779
4066
3381
2667
1889
1049
185
-636
-1359
-1974
-2530
-3033
-3395
-3490
-3246
-2712
-1992
-1189
-392
337
998
1624
2197
2622
2828
2856
2848
2919
3072
3236
3341
3382
3389
3413
3482
3594
3724
3871
4086
4408
4824
5260
5641
5927
6079
6037
5761
5287
4687
3966
3036
1820
324
-1350
-3071
-4730
-6286
-7738
-9068
-10201
-11049
-11558
-11708
-11480
-10875
-9941
-8761
-7395
-5866
-4191
-2425
-660
1016
2553
3924
5096
6015
6599
6766
6489
5850
5012
4131
3260
2387
1497
606
-241
-1011
-1680
-2244
-2725
-3116
-3369
-3404
-3181
-2715
-2068
-1315
-501
352
1218
2029
2686
3116
3305
3306
3185
3017
2858
2740
2664
2625
2671
2849
3159
3520
3840
4102
4373
4730
5175
5640
6037
6312
6424
6326
5983
5437
4766
3985
3006
1709
75
-1765
-3610
-5309
-6821
-8184
-9437
-10538
-11381
-11847
-11905
-11571
-10883
-9883
-8630
-7187
-5574
-3800
-1896
25
1827
3403
4747
5881
6787
7360
7496
7190
6561
5764
4907
4027
3106
2133
1151
236
-547
-1206
-1760
-2199
-2490
-2606
-2532
-2252
-1772
-1146
-425
375
1236
2102
2869
3436
3736
3771
3622
3392
3141
2893
2650
2430
2266
2216
2326
2593
2951
3323
3681
4046
4431
4821
5198
5553
5850
5995
5910
5579
5048
4354
3497
2437
1131
-424
-2161
-3953
-5667
-7225
-8627
-9926
-11104
-12042
-12581
-12650
-12274
-11511
-10428
-9091
-7572
-5873
-3977
-1933
122
2044
3741
5192
6418
7432
8154
8436
8199
7558
6732
5875
4995
4008
2855
1600
407
-592
-1391
-2049
-2578
-2964
-3188
-3238
-3080
-2702
-2148
-1479
-754
-21
710
1444
2139
2657
2883
2845
2670
2445
2174
1856
1565
1392
1413
1652
2078
2613
3170
3720
4257
4769
5238
5665
6063
6408
6632
6664
6475
6075
5480
4664
3576
2197
570
-1219
-3083
-4937
-6681
-8242
-9612
-10820
-11835
-12558
-12871
-12706
-12059
-10996
-9614
-7995
-6161
-4134
-1975
192
2232
4034
5554
6801
7803
8505
8807
8657
8125
7349
6469
5544
4561
3444
2158
789
-496
-1571
-2406
-3006
-3368
-3496
-3422
-3157
-2716
-2118
-1397
-577
291
1145
1930
2625
3166
3470
3512
3370
3106
2736
2296
1882
1569
1394
1386
1593
2013
2558
3130
3686
4235
4758
5231
5633
5944
6123
6122
5932
5564
5049
4402
3598
2587
1317
-207
-1935
-3791
-5687
-7508
-9145
-10545
-11713
-12623
-13176
-13244
-12784
-11829
-10476
-8826
-6975
-4976
-2851
-640
1553
3570
5290
6686
7822
8732
9345
9516
9179
8412
7394
6269
5078
3791
2399
939
-506
-1846
-3003
-3904
-4505
-4811
-4865
-4714
-4361
-3806
-3063
-2187
-1241
-287
654
1571
2414
3063
3396
3377
3082
2649
2217
1866
1616
1470
1445
1569
1859
2314
2905
3555
4166
4696
5180
5666
6143
6527
6739
6741
6539
6151
5595
4875
3987
2900
1588
45
-1689
-3542
-5421
-7229
-8883
-10338
-11572
-12523
-13089
-13152
-12633
-11544
-10006
-8191
-6212
-4092
-1849
437
2617
4587
6289
7705
8804
9551
9895
9796
9264
8375
7236
5947
4564
3100
1541
-61
-1572
-2869
-3917
-4738
-5339
-5707
-5817
-5653
-5183
-4436
-3499
-2497
-1491
-499
483
1436
2296
2923
3181
3057
2710
2327
2025
1819
1676
1571
1545
1686
2041
2553
3108
3619
4074
4516
4971
5419
5802
6075
6216
6220
6071
5750
5251
4583
3728
2674
1409
-42
-1661
-3427
-5300
-7169
-8875
-10292
-11381
-12171
-12664
-12783
-12400
-11443
-9961
-8118
-6080
-3931
-1680
640
2908
4960
6678
8030
9031
9684
9952
9790
9235
8375
7291
6009
4550
2975
1360
-223
-1712
-3045
-4180
-5085
-5720
-6062
-6133
-5965
-5551
-4863
-3936
-2869
-1783
-730
292
1275
2126
2712
2965
2924
2691
2389
2119
1922
1769
1647
1626
1798
2180
2690
3236
3741
4193
4610
5023
5440
5835
6152
6334
6354
6227
5980
5576
4948
4080
3035
1889
632
-793
-2413
-4188
-6017
-7771
-9312
-10572
-11555
-12263
-12613
-12470
-11726
-10394
-8596
-6514
-4310
-2072
157
2311
4285
5985
7366
8431
9180
9608
9699
9425
8761
7716
6353
4763
3058
1346
-288
-1796
-3152
-4333
-5289
-5962
-6331
-6429
-6323
-6032
-5530
-4784
-3826
-2706
-1489
-256
884
1806
2428
2744
2815
2721
2531
2286
2029
1819
1712
1739
1898
2148
2442
2766
3139
3548
3950
4307
4620
4904
5139
5302
5393
5425
5378
5160
4687
3947
3035
2047
1003
-161
-1520
-3096
-4834
-6610
-8270
-9675
-10771
-11564
-12055
-12177
-11815
-10901
-9452
-7576
-5416
-3125
-826
1418
3555
5483
7056
8204
9008
9579
9919
9901
9418
8473
7162
5619
3984
2376
864
-541
-1833
-3003
-4011
-4792
-5285
-5501
-5513
-5373
-5059
-4511
-3705
-2681
-1536
-371
744
1768
2632
3249
3569
3621
3488
3246
2949
2653
2386
2169
2013
1942
1956
2044
2187
2404
2722
3134
3593
4032
4397
4655
4807
4855
4794
4607
4282
3799
3148
2349
1433
416
-729
-2029
-3487
-5071
-6713
-8303
-9707
-10827
-11615
-12046
-12080
-11652
-10695
-9181
-7201
-4961
-2708
-577
1442
3382
5205
6795
8046
8926
9458
9682
9586
9119
8232
6981
5479
3858
2193
554
-1008
-2418
-3617
-4561
-5251
-5702
-5948
-6013
-5905
-5583
-4979
-4094
-3028
-1915
-835
180
1102
1892
2516
2925
3108
3097
2971
2779
2551
2301
2062
1856
1705
1630
1676
1885
2258
2723
3149
3466
3704
3933
4151
4315
4399
4415
4361
4215
3936
3486
2856
2081
1216
280
-788
-2074
-3620
-5354
-7131
-8759
-10074
-11002
-11538
-11689
-11399
-10601
-9251
-7419
-5282
-3063
-912
1127
3058
4841
6405
7690
8671
9320
9638
9631
9313
8651
7644
6335
4820
3196
1567
35
-1338
-2542
-3584
-4455
-5136
-5628
-5917
-5957
-5716
-5205
-4453
-3464
-2297
-1055
133
1196
2092
2799
3299
3584
3662
3582
3415
3202
2926
2584
2207
1858
1590
1443
1437
1543
1702
1900
2142
2406
2637
2823
2974
3090
3153
3161
3111
2969
2680
2209
1557
768
-102
-1049
-2127
-3387
-4820
-6368
-7928
-9332
-10376
-10940
-11032
-10717
-10024
-8961
-7548
-5821
-3862
-1814
168
2016
3780
5474
7013
8243
9086
9559
9735
9641
9236
8448
7272
5793
4155
2495
908
-556
-1881
-3069
-4131
-5058
-5827
-6369
-6595
-6463
-6016
-5327
-4427
-3331
-2126
-963
64
959
1752
2418
2913
3222
3357
3345
3227
3036
2792
2514
2253
2059
1925
1813
1721
1689
1724
1776
1792
1793
1852
2012
2227
2411
2527
2605
2659
2633
2418
1974
1329
550
-346
-1367
-2517
-3768
-5074
-6377
-7605
-8637
-9349
-9675
-9634
-9290
-8665
-7759
-6539
-4992
-3155
-1184
755
2565
4263
5836
7230
8336
9104
9535
9699
9616
9248
8525
7434
6031
4408
2685
992
-583
-2037
-3384
-4606
-5639
-6437
-6927
-7050
-6804
-6294
-5600
-4739
-3700
-2575
-1488
-526
325
1095
1794
2391
2841
3107
3197
3165
3052
2878
2645
2378
2097
1810
1541
1327
1184
1068
939
816
773
876
1122
1447
1752
1997
2189
2336
2399
2320
2060
1601
961
201
-626
-1517
-2498
-3568
-4687
-5779
-6736
-7471
-7960
-8217
-8229
-7955
-7351
-6380
-5015
-3298
-1377
549
2356
4042
5638
7105
8328
9192
9685
9872
9819
9505
8840
7753
6268
4522
2653
750
-1154
-3015
-4761
-6283
-7482
-8293
-8692
-8678
-8293
-7624
-6763
-5750
-4615
-3421
-2262
-1171
-124
891
1834
2657
3326
3831
4159
4310
4270
4026
3601
3074
2527
1987
1442
901
437
123
-16
-34
16
143
398
782
1238
1686
2086
2419
2646
2702
2544
2190
1712
1167
545
-210
-1139
-2226
-3422
-4676
-5911
-7027
-7911
-8486
-8711
-8566
-8028
-7083
-5735
-4033
-2066
-23
1929
3712
5372
6912
8242
9243
9883
10194
10194
9866
9146
7981
6390
4494
2458
390
-1658
-3622
-5405
-6912
-8083
-8874
-9256
-9229
-8824
-8093
-7093
-5899
-4585
-3225
-1881
-587
645
1835
2961
3952
4719
5214
5444
5414
5146
4662
3992
3179
2304
1463
705
46
-486
-827
-951
-873
-634
-240
286
909
1571
2215
2815
3359
3801
4061
4072
3837
3398
2813
2119
1315
333
-905
-2390
-3975
-5449
-6670
-7596
-8252
-8606
-8569
-8055
-7082
-5750
-4144
-2301
-282
1763
3651
5295
6699
7880
8794
9362
9534
9331
8801
7939
6656
4892
2756
490
-1713
-3795
-5731
-7434
-8789
-9721
-10204
-10254
-9917
-9263
-8334
-7179
-5885
-4535
-3147
-1704
-244
1158
2439
3578
4565
5337
5815
5937
5708
5189
4471
3606
2644
1661
792
131
-307
-564
-650
-545
-234
247
827
1427
2011
2587
3175
3765
4290
4689
4912
4918
4668
4174
3493
2677
1673
386
-1216
-3009
-4777
-6311
-7498
-8315
-8772
-8850
-8509
-7753
-6665
-5324
-3739
-1915
37
1933
3661
5236
6693
7968
8921
9445
9538
9271
8673
7677
6182
4197
1914
-410
-2587
-4550
-6257
-7643
-8631
-9217
-9468
-9439
-9126
-8528
-7706
-6716
-5563
-4206
-2654
-993
630
2100
3400
4548
5492
6089
6225
5919
5315
4580
3801
2974
2093
1241
573
167
-30
-130
-194
-190
-49
269
756
1379
2127
2960
3795
4521
5068
5401
5481
5252
4697
3874
2881
1784
568
-825
-2397
-4027
-5530
-6783
-7736
-8386
-8711
-8698
-8326
-7607
-6554
-5211
-3622
-1857
-13
1797
3482
4991
6285
7327
8050
8402
8340
7890
7070
5873
4264
2319
218
-1816
-3653
-5251
-6618
-7751
-8608
-9121
-9261
-9084
-8670
-8022
-7095
-5884
-4481
-2974
-1400
214
1778
3173
4327
5232
5901
6304
6390
6152
5665
5045
4384
3707
2980
2212
1477
879
443
134
-68
-104
128
640
1335
2074
2782
3456
4062
4514
4736
4726
4524
4120
3476
2617
1656
666
-425
-1708
-3157
-4588
-5825
-6801
-7547
-8106
-8440
-8429
-7977
-7112
-5945
-4574
-3026
-1338
372
1969
3416
4772
6023
7030
7630
7775
7525
6938
6016
4713
3026
1086
-871
-2627
-4129
-5413
-6511
-7375
-7974
-8344
-8553
-8590
-8347
-7733
-6773
-5551
-4112
-2467
-700
1011
2513
3763
4788
5614
6218
6550
6586
6388
6045
5600
5020
4296
3487
2692
1976
1355
824
398
117
39
207
612
1185
1839
2489
3048
3439
3603
3557
3366
3081
2694
2171
1539
844
48
-948
-2174
-3478
-4643
-5575
-6330
-6976
-7479
-7708
-7553
-6996
-6107
-4966
-3631
-2148
-615
859
2216
3496
4740
5887
6772
7244
7286
6944
6251
5174
3741
2080
405
-1116
-2426
-3556
-4552
-5428
-6195
-6870
-7456
-7876
-8012
-7767
-7120
-6104
-4767
-3197
-1521
101
1532
2702
3626
4364
4964
5433
5762
5946
5986
5863
5540
5005
4291
3482
2634
1791
1005
376
-5
-97
63
396
823
1245
1542
1592
1368
963
544
233
30
-150
-410
-768
-1171
-1569
-1980
-2458
-3001
-3518
-3893
-4072
-4086
-3973
-3710
-3252
-2598
-1855
-1137
-485
172
878
1578
2171
2640
3072
3508
3864
3980
3773
3274
2553
1664
658
-383
-1340
-2115
-2693
-3141
-3534
-3873
-4124
-4302
-4479
-4674
-4774
-4607
-4081
-3269
-2323
-1344
-377
527
1276
1817
2191
2482
2762
3069
3392
3671
3845
3880
3759
3445
2926
2261
1575
980
524
200
1
-63
8
171
362
553
727
853
899
855
752
613
459
299
138
-27
-215
-425
-635
-814
-963
-1085
-1151
-1139
-1052
-915
-732
-512
-264
6
312
679
1109
1569
2013
2401
2697
2887
2990
3011
2880
2492
1829
1006
162
-640
-1397
-2093
-2688
-3155
-3501
-3744
-3909
-4020
-4099
-4142
-4116
-3995
-3752
-3359
-2789
-2057
-1239
-420
322
921
1328
1548
1638
1670
1699
1745
1802
1828
1772
1610
1347
992
552
67
-395
-766
-999
-1068
-958
-687
-301
123
528
888
1227
1535
1756
1824
1730
1544
1350
1183
992
726
394
76
-188
-404
-597
-756
-871
-921
-904
-826
-716
-605
-495
-361
-148
184
634
1133
1575
1895
2093
2203
2246
2196
2012
1654
1127
494
-186
-868
-1514
-2062
-2469
-2753
-2970
-3158
-3298
-3346
-3295
-3177
-2998
-2717
-2275
-1673
-980
-301
277
743
1110
1387
1550
1595
1567
1527
1511
1494
1437
1327
1160
922
605
217
-205
-609
-933
-1132
-1191
-1103
-856
-462
27
529
1000
1423
1778
2042
2208
2293
2287
2162
1919
1599
1248
890
549
239
-52
-347
-618
-825
-978
-1113
-1221
-1238
-1118
-877
-564
-209
169
541
887
1197
1459
1670
1841
1974
2013
1877
1532
1023
423
-208
-834
-1431
-1972
-2416
-2732
-2938
-3079
-3171
-3176
-3071
-2883
-2652
-2366
-1982
-1482
-899
-281
325
875
1329
1645
1802
1811
1728
1620
1515
1406
1262
1081
871
624
309
-91
-542
-976
-1335
-1577
-1693
-1657
-1442
-1054
-554
-37
438
856
1237
1595
1902
2104
2180
2152
2059
1907
1686
1370
978
544
109
-308
-678
-970
-1167
-1278
-1329
-1326
-1278
-1198
-1102
-981
-812
-585
-299
35
396
740
1031
1258
1389
1379
1199
866
444
-22
-517
-1042
-1543
-1949
-2239
-2454
-2635
-2764
-2819
-2806
-2735
-2565
-2212
-1648
-937
-198
487
1086
1589
1995
2298
2499
2617
2698
2772
2834
2840
2745
2521
2160
1675
1098
476
-134
-670
-1089
-1386
-1564
-1603
-1479
-1198
-815
-401
-7
363
746
1189
1666
2109
2448
2663
2750
2698
2497
2142
1653
1088
509
-45
-548
-984
-1333
-1592
-1793
-1976
-2150
-2287
-2353
-2329
-2200
-1961
-1617
-1179
-668
-146
292
591
741
774
691
481
176
-152
-426
-653
-892
-1197
-1561
-1940
-2305
-2640
-2918
-3078
-3043
-2774
-2291
-1659
-953
-243
407
951
1360
1641
1838
2016
2217
2421
2598
2726
2807
2820
2721
2471
2063
1545
980
427
-74
-483
-777
-946
-1018
-1008
-932
-800
-618
-389
-97
267
695
1151
1588
1954
2208
2320
2295
2138
1844
1430
963
529
179
-115
-406
-736
-1099
-1473
-1830
-2144
-2395
-2546
-2568
-2450
-2211
-1907
-1596
-1308
-1050
-808
-579
-380
-234
-151
-105
-68
-18
31
29
-92
-366
-766
-1213
-1625
-1949
-2177
-2283
-2218
-1950
-1517
-992
-424
156
702
1157
1490
1742
1982
2259
2556
2823
3029
3171
3241
3222
3107
2894
2585
2188
1761
1351
951
526
90
-304
-612
-825
-950
-973
-868
-635
-317
48
440
836
1167
1361
1415
1390
1351
1311
1235
1099
907
684
420
88
-329
-815
-1321
-1809
-2248
-2616
-2895
-3056
-3096
-3050
-2960
-2852
-2716
-2550
-2368
-2192
-2033
-1851
-1603
-1286
-942
-620
-338
-115
-2
-41
-239
-562
-949
-1322
-1599
-1749
-1785
-1724
-1574
-1336
-1038
-705
-363
-11
365
768
1174
1551
1902
2251
2608
2952
3239
3433
3533
3560
3529
3418
3216
2941
2640
2348
2066
1784
1507
1253
1023
809
625
511
506
605
767
942
1092
1186
1216
1184
1102
975
825
672
518
338
101
-207
-574
-968
-1358
-1729
-2081
-2403
-2665
-2859
-2991
-3056
-3037
-2947
-2841
-2756
-2678
-2556
-2368
-2112
-1806
-1469
-1126
-788
-461
-165
50
135
77
-105
-370
-660
-913
-1073
-1120
-1057
-905
-698
-471
-256
-69
86
221
370
586
889
1256
1625
1942
2186
2375
2526
2625
2661
2627
2556
2477
2396
2300
2178
2045
1899
1723
1504
1256
1002
740
472
229
51
-56
-92
-56
36
139
183
146
42
-71
-157
-221
-288
-377
-501
-672
-878
-1098
-1324
-1569
-1822
-2057
-2248
-2392
-2478
-2489
-2438
-2366
-2312
-2280
-2259
-2231
-2167
-2042
-1841
-1573
-1267
-976
-755
-630
-584
-576
-572
-551
-517
-472
-413
-330
-235
-149
-82
-31
11
50
93
151
236
376
599
879
1170
1450
1733
2015
2268
2480
2654
2799
2898
2941
2939
2926
2932
2940
2906
2783
2554
2237
1874
1531
1249
1022
832
674
573
540
554
571
550
490
414
341
261
180
107
52
-9
-119
-304
-537
-782
-1017
-1230
-1399
-1510
-1590
-1693
-1862
-2086
-2318
-2502
-2614
-2650
-2624
-2539
-2412
-2262
-2116
-1974
-1846
-1727
-1604
-1458
-1296
-1144
-1009
-876
-721
-548
-369
-212
-95
-34
-30
-83
-177
-272
-309
-248
-94
135
396
646
839
976
1118
1301
1512
1677
1746
1749
1756
1821
1922
2015
2063
2053
1996
1885
1724
1506
1242
948
659
418
252
166
132
121
125
150
181
187
164
145
164
197
192
127
16
-134
-321
-512
-664
-772
-865
-965
-1070
-1185
-1311
-1439
-1563
-1698
-1834
-1939
-1997
-2015
-1997
-1931
-1810
-1647
-1482
-1329
-1172
-987
-795
-625
-460
-250
15
284
499
638
725
777
793
763
703
644
609
612
658
748
848
932
987
1017
1036
1078
1159
1261
1345
1389
1400
1402
1405
1429
1476
1538
1590
1612
1595
1529
1415
1243
1020
783
566
395
272
196
145
95
44
-2
-44
-109
-206
-322
-430
-523
-621
-750
-920
-1095
-1222
-1281
-1290
-1280
-1267
-1283
-1355
-1472
-1593
-1692
-1769
-1840
-1910
-1971
-2003
-1979
-1888
-1738
-1560
-1378
-1202
-1016
-805
-581
-363
-157
63
314
577
806
965
1052
1090
1109
1122
1122
1117
1107
1082
1024
942
871
828
804
777
742
715
699
689
662
624
590
566
556
571
636
748
871
965
1010
1001
948
863
766
656
542
446
387
363
345
316
265
200
137
94
69
31
-57
-206
-403
-613
-815
-987
-1104
-1160
-1171
-1168
-1159
-1149
-1156
-1210
-1326
-1476
-1609
-1704
-1770
-1813
-1808
-1713
-1531
-1297
-1065
-890
-805
-801
-818
-788
-693
-548
-366
-136
152
463
754
988
1160
1264
1299
1285
1263
1263
1291
1327
1344
1322
1258
1180
1118
1067
1019
959
880
783
695
649
646
644
610
570
577
667
811
961
1082
1155
1175
1142
1069
981
890
800
706
617
531
445
344
208
48
-119
-277
-447
-663
-915
-1156
-1324
-1405
-1420
-1415
-1413
-1416
-1411
-1397
-1396
-1454
-1585
-1753
-1889
-1941
-1921
-1854
-1760
-1639
-1496
-1341
-1179
-1033
-919
-830
-732
-604
-470
-353
-235
-57
212
544
868
1133
1315
1412
1460
1501
1565
1643
1709
1734
1693
1591
1463
1344
1257
1213
1212
1229
1213
1146
1041
926
806
700
627
599
611
653
723
790
803
717
556
387
247
126
-12
-159
-289
-388
-472
-565
-655
-720
-755
-808
-905
-1038
-1169
-1286
-1401
-1507
-1594
-1633
-1619
-1563
-1510
-1512
-1573
-1668
-1758
-1821
-1852
-1855
-1833
-1793
-1733
-1652
-1549
-1423
-1272
-1112
-963
-830
-682
-502
-298
-86
144
418
721
1012
1265
1490
1693
1861
1973
2048
2103
2166
2255
2361
2428
2411
2320
2214
2121
2020
1887
1727
1561
1397
1238
1089
947
790
625
494
429
419
425
415
386
339
274
209
159
137
120
88
40
-19
-87
-162
-236
-305
-370
-424
-472
-534
-623
-733
-854
-992
-1153
-1304
-1414
-1488
-1570
-1691
-1821
-1914
-1954
-1970
-1986
-2000
-2010
-2025
-2037
-2034
-2003
-1951
-1859
-1715
-1538
-1354
-1160
-933
-673
-400
-126
166
466
741
968
1145
1301
1459
1626
1793
1936
2031
2061
2036
2007
2018
2058
2069
2024
1949
1886
1861
1860
1826
1697
1485
1262
1083
950
842
752
705
703
708
663
563
460
391
329
217
54
-117
-259
-376
-475
-550
-619
-707
-828
-966
-1110
-1249
-1356
-1401
-1397
-1388
-1411
-1464
-1539
-1636
-1758
-1894
-2031
-2149
-2247
-2328
-2404
-2464
-2470
-2401
-2272
-2110
-1900
-1635
-1344
-1070
-825
-592
-356
-114
123
325
482
603
705
776
820
889
1043
1288
1571
1817
1990
2088
2138
2160
2174
2178
2185
2203
2237
2278
2297
2268
2189
2087
1971
1859
1746
1637
1516
1388
1264
1141
986
790
571
355
146
-57
-233
-370
-472
-556
-611
-611
-565
-537
-578
-668
-746
-787
-815
-844
-875
-906
-955
-1036
-1156
-1307
-1468
-1607
-1709
-1784
-1861
-1962
-2085
-2205
-2289
-2324
-2303
-2242
-2146
-2019
-1869
-1714
-1565
-1413
-1224
-974
-681
-388
-135
82
282
472
641
783
904
1014
1108
1174
1223
1288
1370
1439
1469
1491
1542
1632
1725
1792
1824
1839
1853
1871
1883
1881
1866
1824
1758
1682
1619
1557
1470
1354
1214
1038
804
538
298
107
-60
-226
-384
-538
-680
-789
-831
-817
-797
-802
-824
-839
-859
-905
-985
-1070
-1127
-1144
-1122
-1078
-1029
-1001
-1021
-1096
-1195
-1281
-1353
-1435
-1525
-1597
-1632
-1648
-1656
-1636
-1578
-1489
-1377
-1229
-1046
-861
-697
-560
-449
-361
-275
-161
-5
174
351
520
683
830
941
1017
1086
1172
1269
1357
1438
1523
1587
1597
1551
1507
1518
1569
1613
1609
1563
1494
1432
1394
1380
1366
1327
1248
1133
984
800
579
334
93
-117
-277
-370
-408
-429
-484
-588
-705
-794
-847
-876
-878
-853
-819
-808
-825
-853
-876
-903
-945
-994
-1034
-1048
-1022
-966
-913
-910
-968
-1066
-1169
-1245
-1289
-1312
-1327
-1317
-1253
-1107
-898
-685
-528
-442
-385
-316
-228
-142
-47
75
214
353
479
613
758
890
999
1092
1190
1304
1435
1568
1678
1752
1807
1839
1824
1740
1614
1513
1465
1448
1414
1351
1272
1179
1065
939
819
711
598
492
390
284
157
33
-66
-148
-243
-358
-480
-592
-696
-794
-882
-950
-988
-1010
-1056
-1151
-1258
-1314
-1304
-1267
-1256
-1269
-1265
-1221
-1161
-1135
-1150
-1180
-1188
-1166
-1117
-1047
-964
-876
-795
-725
-666
-625
-621
-647
-669
-645
-567
-449
-325
-216
-125
-42
56
187
357
529
657
737
805
896
1008
1132
1260
1378
1468
1531
1586
1635
1651
1619
1567
1527
1505
1477
1433
1357
1244
1086
900
719
571
475
430
420
411
361
255
116
-17
-107
-143
-158
-204
-297
-416
-518
-601
-692
-805
-938
-1077
-1207
-1312
-1370
-1384
-1378
-1389
-1429
-1462
-1435
-1329
-1180
-1035
-926
-851
-801
-751
-698
-659
-652
-666
-668
-631
-567
-503
-450
-412
-369
-339
-337
-381
-420
-389
-273
-106
68
235
370
464
545
670
837
991
1102
1187
1279
1390
1518
1640
1729
1749
1708
1641
1583
1537
1494
1447
1389
1296
1182
1085
1031
996
924
815
694
583
469
345
215
88
-39
-159
-268
-381
-514
-655
-786
-899
-995
-1077
-1156
-1247
-1347
-1436
-1482
-1482
-1460
-1455
-1472
-1487
-1469
-1422
-1364
-1294
-1197
-1071
-939
-805
-653
-474
-300
-154
-42
37
71
77
82
95
81
42
11
21
67
116
141
134
124
136
176
223
282
366
484
612
729
828
931
1050
1173
1267
1324
1358
1395
1444
1485
1499
1455
1352
1211
1067
927
782
624
477
366
304
260
206
147
94
53
-5
-94
-205
-322
-443
-580
-727
-858
-945
-976
-962
-951
-987
-1080
-1189
-1278
-1355
-1448
-1553
-1625
-1621
-1557
-1480
-1425
-1386
-1348
-1303
-1223
-1071
-852
-608
-383
-181
9
201
394
549
622
606
543
465
380
285
199
149
147
152
123
66
23
13
30
96
236
438
629
770
868
959
1051
1129
1187
1252
1347
1467
1577
1645
1658
1612
1545
1489
1436
1330
1134
882
634
445
310
201
92
-18
-107
-173
-229
-294
-366
-431
-479
-511
-519
-504
-481
-484
-524
-603
-704
-820
-932
-1038
-1150
-1273
-1374
-1410
-1375
-1292
-1185
-1065
-958
-876
-793
-654
-447
-225
-56
46
118
190
259
320
378
437
462
437
375
314
282
268
250
195
94
-37
-158
-238
-276
-279
-255
-202
-122
-36
46
129
235
357
480
601
735
870
971
1025
1052
1081
1095
1073
1007
916
812
709
615
536
464
398
330
235
86
-105
-291
-443
-568
-662
-722
-745
-753
-755
-750
-757
-792
-859
-941
-1011
-1053
-1068
-1083
-1117
-1161
-1172
-1122
-1018
-904
-814
-748
-694
-640
-577
-479
-334
-167
-22
89
183
275
355
406
449
505
571
619
633
625
598
559
532
529
521
469
378
299
276
293
328
376
435
482
507
551
652
780
886
981
1107
1252
1349
1375
1352
1316
1275
1238
1200
1141
1039
898
739
558
349
120
-97
-277
-418
-531
-622
-704
-786
-883
-987
-1079
-1132
-1134
-1111
-1094
-1105
-1133
-1167
-1187
-1180
-1148
-1113
-1082
-1046
-996
-937
-877
-810
-752
-708
-680
-648
-605
-548
-475
-399
-333
-287
-239
-170
-74
27
126
231
353
465
524
521
484
458
450
468
504
565
637
697
736
764
786
787
765
736
729
759
829
920
992
1019
997
940
879
849
871
911
922
898
855
786
668
497
309
131
-21
-133
-188
-200
-236
-342
-515
-679
-790
-858
-914
-970
-1019
-1074
-1136
-1196
-1229
-1227
-1196
-1158
-1142
-1142
-1126
-1071
-996
-924
-864
-823
-798
-765
-704
-619
-529
-434
-340
-260
-199
-142
-74
12
106
202
281
329
347
350
341
326
320
335
368
394
418
467
552
643
704
738
775
833
891
923
937
961
1000
1017
971
878
792
748
747
757
763
767
779
794
793
755
675
565
431
270
90
-83
-230
-339
-413
-473
-533
-593
-644
-691
-722
-721
-694
-682
-725
-820
-929
-1014
-1060
-1056
-1000
-926
-889
-899
-911
-879
-815
-771
-748
-702
-609
-503
-429
-391
-342
-248
-123
-14
54
103
181
305
442
548
608
659
737
832
904
920
881
794
679
582
560
625
738
826
847
811
763
736
736
754
773
767
724
658
594
531
466
424
428
471
509
514
492
456
409
341
242
130
20
-71
-155
-242
-329
-403
-469
-538
-602
-650
-674
-690
-705
-750
-852
-995
-1105
-1133
-1104
-1076
-1077
-1097
-1130
-1169
-1193
-1168
-1100
-1024
-967
-937
-930
-928
-884
-772
-601
-415
-236
-81
43
138
213
272
312
334
353
384
434
496
564
629
664
646
572
481
428
430
466
508
558
634
742
843
882
826
703
565
464
424
451
536
637
722
762
755
719
666
597
508
417
345
298
259
214
152
68
-38
-151
-252
-338
-418
-506
-599
-680
-719
-715
-705
-738
-813
-898
-968
-1030
-1092
-1134
-1142
-1113
-1067
-1017
-969
-924
-866
-776
-653
-535
-450
-379
-286
-157
-22
108
230
330
380
379
366
379
426
496
586
683
759
776
734
677
658
672
675
637
578
535
538
582
642
715
794
864
907
915
900
863
803
731
660
611
585
583
588
581
553
487
390
281
186
119
82
65
54
24
-43
-142
-259
-382
-502
-602
-661
-684
-680
-660
-605
-522
-458
-470
-554
-640
-690
-713
-742
-792
-875
-991
-1096
-1137
-1086
-979
-861
-774
-736
-725
-703
-636
-537
-412
-270
-110
44
149
193
197
213
261
323
378
433
497
535
526
484
444
423
409
396
373
356
344
325
273
204
153
141
170
230
292
339
380
431
490
520
500
431
342
266
213
180
162
156
145
130
109
77
21
-53
-119
-165
-214
-279
-340
-379
-392
-399
-409
-426
-454
-487
-524
-554
-589
-631
-687
-729
-735
-731
-735
-751
-741
-707
-672
-662
-659
-619
-517
-375
-249
-156
-75
14
107
207
327
461
576
645
676
704
734
753
758
784
854
932
969
954
914
886
890
921
936
898
805
695
598
525
488
480
482
475
459
447
436
410
375
343
324
315
298
267
224
190
169
151
126
98
84
80
75
34
-67
-209
-332
-397
-416
-418
-435
-476
-535
-578
-588
-587
-606
-660
-738
-826
-923
-1034
-1153
-1258
-1309
-1288
-1206
-1094
-986
-909
-867
-830
-763
-649
-504
-349
-203
-81
20
95
138
146
137
150
202
277
353
411
438
424
386
362
370
387
379
337
276
214
159
101
42
-1
1
59
146
215
239
223
180
122
69
43
53
90
129
160
180
193
202
212
236
259
276
300
348
398
406
372
334
322
329
332
314
271
193
91
-17
-110
-191
-268
-341
-401
-439
-473
-508
-551
-591
-622
-638
-634
-605
-559
-513
-480
-448
-420
-380
-313
-200
-58
74
183
261
322
365
400
443
502
575
650
705
704
635
523
404
287
182
113
96
99
73
29
-1
7
38
77
115
144
153
157
180
233
288
321
333
353
395
435
443
417
375
321
247
154
81
47
33
8
-38
-82
-117
-158
-216
-273
-292
-278
-257
-254
-271
-302
-332
-355
-378
-407
-450
-494
-543
-583
-584
-529
-436
-352
-319
-346
-417
-472
-461
-390
-312
-262
-214
-134
-23
72
125
146
143
125
119
170
295
447
561
627
658
667
651
618
584
550
508
450
376
308
248
189
121
48
-5
-39
-53
-52
-31
3
31
48
62
85
95
73
33
0
-27
-69
-134
-188
-208
-210
-224
-252
-267
-263
-257
-283
-348
-428
-492
-523
-528
-534
-556
-601
-656
-706
-736
-738
-704
-645
-576
-508
-461
-459
-493
-534
-551
-542
-509
-444
-339
-215
-111
-48
-27
-30
-17
45
166
325
491
624
697
713
732
805
905
953
918
865
849
862
858
838
819
808
789
768
754
769
808
838
830
785
739
705
674
627
564
497
436
398
391
405
407
373
296
178
39
-90
-174
-207
-214
-222
-258
-320
-394
-449
-483
-511
-544
-585
-637
-722
-822
-892
-895
-841
-760
-680
-630
-621
-645
-672
-691
-705
-717
-713
-686
-654
-641
-651
-640
-598
-537
-480
-416
-352
-296
-257
-222
-184
-158
-133
-97
-41
2
15
15
34
90
174
268
340
374
364
320
262
202
144
63
-29
-71
12
192
335
319
160
39
115
389
635
646
414
165
116
278
499
605
487
135
-306
-577
-461
-39
316
224
-277
-726
-635
-20
662
963
854
655
672
951
1285
1451
1412
1297
1209
1119
931
618
196
-309
-812
-1173
-1302
-1269
-1210
-1235
-1318
-1347
-1199
-864
-451
-75
221
447
624
755
856
947
1008
972
781
484
207
44
-38
-131
-284
-473
-640
-748
-776
-740
-672
-588
-485
-372
-288
-238
-178
-68
53
119
119
127
210
359
508
605
647
641
592
516
452
431
454
490
506
499
495
514
531
495
369
164
-81
-323
-550
-792
-1095
-1455
-1814
-2101
-2272
-2334
-2331
-2307
-2242
-2071
-1761
-1375
-997
-673
-384
-94
201
457
603
617
532
416
332
281
193
5
-255
-446
-442
-238
57
345
624
962
1373
1802
2189
2560
2988
3515
4071
4473
4546
4258
3760
3281
2963
2821
2778
2630
1957
243
-2633
-5967
-8462
-9129
-8055
-6305
-5077
-4813
-4990
-4645
-3155
-597
2457
5379
7691
9071
9351
8581
7035
5104
3156
1396
-235
-2028
-4253
-6870
-9386
-11028
-11104
-9434
-6483
-3099
-80
2129
3442
4039
4212
4241
4289
4375
4312
3741
2356
262
-1966
-3669
-4477
-4341
-3356
-1688
366
2409
4062
5138
5740
6168
6671
7249
7679
7718
7141
5611
2697
-1641
-6529
-10356
-11777
-10742
-8581
-6991
-6759
-7290
-7207
-5467
-2008
2336
6445
9433
10851
10718
9410
7482
5408
3444
1600
-337
-2712
-5716
-9097
-12047
-13464
-12530
-9251
-4574
120
3723
5820
6625
6667
6496
6466
6587
6459
5437
3058
-529
-4485
-7704
-9374
-9292
-7788
-5452
-2927
-738
866
2021
3123
4498
6114
7578
8398
8262
7176
5411
3402
1616
439
26
207
416
-197
-2239
-5383
-8231
-9173
-7668
-4766
-2387
-1894
-3149
-4650
-4690
-2531
1194
5036
7642
8345
7362
5528
3763
2531
1716
872
-441
-2474
-5155
-7977
-10039
-10335
-8270
-4146
786
4927
7165
7393
6379
5213
4666
4812
5031
4451
2502
-693
-4291
-7095
-8159
-7350
-5389
-3273
-1575
-218
1146
2711
4406
6024
7325
8078
8037
7061
5290
3261
1660
899
905
1217
1301
769
-599
-2843
-5570
-7795
-8390
-7065
-4896
-3664
-4385
-6404
-7813
-6862
-3227
1809
6205
8426
8149
6232
4098
2905
2888
3275
2878
890
-2612
-6692
-10003
-11400
-10439
-7524
-3666
-2
2705
4308
5105
5510
5809
6084
6146
5533
3739
665
-3071
-6336
-8102
-8052
-6692
-4971
-3689
-3034
-2398
-848
2028
5499
8028
8362
6499
3766
1847
1564
2430
3273
3257
2402
1335
712
813
1569
2600
3117
2072
-944
-4872
-7557
-7463
-5068
-2545
-1965
-3584
-5713
-6116
-3723
749
5413
8453
9005
7394
4798
2538
1346
1035
784
-266
-2441
-5355
-8058
-9488
-8963
-6509
-2892
760
3528
5078
5557
5310
4711
4087
3541
2811
1434
-804
-3538
-5871
-6892
-6313
-4718
-3111
-2092
-1416
-336
1565
3890
5711
6349
5894
5045
4445
4176
3875
3244
2399
1740
1580
1903
2412
2778
2765
2086
282
-2818
-6414
-8767
-8402
-5539
-2228
-858
-2163
-4591
-5530
-3432
1097
5883
8782
8900
6784
3867
1601
718
901
1095
166
-2336
-5839
-9025
-10591
-9877
-7124
-3341
166
2529
3709
4198
4441
4600
4606
4269
3370
1801
-386
-2962
-5442
-7172
-7661
-6940
-5561
-4182
-2994
-1551
746
3793
6480
7451
6260
3865
2009
1974
3670
5787
6772
5848
3315
221
-2204
-3098
-2265
-221
1955
2842
1399
-2097
-5784
-7385
-6007
-2929
-629
-810
-3061
-5194
-5027
-2083
2152
5465
6473
5343
3491
2492
2932
4043
4419
3099
169
-3394
-6305
-7688
-7388
-5811
-3629
-1548
33
1283
2640
4207
5513
5872
4831
2492
-445
-2950
-4278
-4388
-3848
-3359
-3284
-3462
-3370
-2592
-1143
667
2574
4419
5934
6662
6187
4480
2134
178
-488
222
1495
2259
1983
996
128
40
861
2266
3569
3713
1749
-2149
-6216
-8188
-7216
-4689
-3044
-3598
-5349
-5930
-3753
633
5110
7708
7827
6259
4397
3294
3081
3086
2473
768
-1993
-5330
-8407
-10294
-10313
-8370
-5038
-1296
2032
4635
6544
7715
7905
6927
4891
2299
-131
-1906
-3115
-4212
-5381
-6347
-6709
-6242
-4885
-2670
190
3170
5454
6303
5638
4228
3087
2698
2871
3142
3136
2675
1793
675
-374
-907
-418
1259
3635
5804
6789
5758
2401
-2393
-6504
-7864
-6187
-3396
-2118
-3566
-6505
-8284
-7000
-2926
1914
5346
6318
5149
3101
1557
1223
1865
2635
2518
757
-2617
-6542
-9465
-10235
-8597
-5178
-1237
1958
3806
4460
4369
3931
3470
3125
2674
1735
112
-2020
-4145
-5525
-5658
-4640
-2944
-932
1128
2745
3410
3156
2707
2921
4047
5368
5685
4398
2152
289
-342
-7
316
-45
-801
-918
357
2713
5055
6377
6195
4312
845
-3324
-6479
-7059
-5076
-2479
-1849
-4242
-8061
-10133
-8226
-2837
3259
7120
7543
5486
3102
2194
3129
4828
5597
4155
327
-4767
-9211
-11322
-10503
-7377
-3339
124
2099
2639
2585
2972
4367
6427
7960
7679
5226
1516
-1901
-3844
-4125
-3434
-2634
-2117
-1780
-1511
-1307
-970
-38
1753
3946
5462
5332
3502
1053
-558
-563
654
2024
2597
2154
1269
844
1420
2784
4158
4809
4454
3121
802
-2421
-5834
-8083
-8115
-6283
-4311
-4008
-5692
-7833
-8230
-5738
-1100
3717
6913
7829
6948
5321
3870
2901
2065
827
-1043
-3353
-5666
-7458
-8262
-7860
-6290
-3760
-609
2632
5383
7238
8120
8214
7682
6380
4025
767
-2558
-4999
-6235
-6621
-6638
-6405
-5694
-4281
-2279
-49
2107
4068
5656
6461
6089
4592
2584
943
248
428
908
1132
927
452
9
-28
740
2403
4459
5952
6107
4706
1962
-1650
-5291
-7777
-8148
-6555
-4492
-3882
-5451
-7869
-8659
-6239
-1266
3873
6850
6920
5098
3174
2425
2948
3921
4301
3320
728
-3083
-7074
-9887
-10388
-8225
-4143
275
3532
5166
5747
6107
6603
6991
6687
5201
2553
-627
-3490
-5493
-6537
-6756
-6255
-5073
-3347
-1425
273
1510
2368
3069
3721
4225
4370
4014
3231
2361
1785
1626
1681
1641
1388
1140
1316
2123
3254
4035
4033
3436
2739
1944
303
-2774
-6502
-8772
-7929
-4579
-1496
-1324
-4161
-7392
-7975
-5007
-219
3709
5260
4827
3927
3764
4395
4977
4613
2906
-34
-3677
-7151
-9472
-9878
-8103
-4565
-373
3162
5298
6136
6227
6047
5795
5337
4283
2299
-609
-4020
-7239
-9447
-9968
-8626
-5950
-2975
-728
357
687
1142
2287
3939
5463
6329
6374
5612
4097
1971
-326
-2003
-2295
-1100
712
1934
2035
1553
1433
2137
3378
4568
5303
5294
4050
1117
-3035
-6617
-7675
-5902
-3197
-2207
-4096
-7535
-9689
-8428
-3855
1975
6674
8912
8761
7242
5564
4391
3598
2570
740
-2026
-5236
-7895
-9023
-8220
-5788
-2458
946
3790
5816
7058
7517
7009
5305
2417
-1196
-4640
-6976
-7863
-7709
-7152
-6463
-5508
-4121
-2346
-393
1588
3567
5380
6556
6580
5370
3355
1150
-689
-1759
-1884
-1133
223
1661
2468
2217
1262
666
1389
3476
5903
7314
7041
5434
3189
593
-2286
-4896
-6187
-5633
-4135
-3558
-5077
-7848
-9422
-7716
-2780
3174
7410
8490
6827
4041
1852
1192
1862
2842
2961
1494
-1412
-4686
-6840
-6920
-5024
-2085
720
2517
3102
2895
2463
2111
1826
1377
432
-1099
-2795
-3984
-4398
-4318
-4188
-4159
-3982
-3208
-1644
326
1951
2646
2320
1328
297
-179
139
1035
2033
2636
2608
2187
1968
2339
3085
3584
3349
2471
1587
1481
2484
4276
6115
7216
7085
5576
2778
-985
-4850
-7422
-7635
-5863
-3916
-3715
-5726
-8466
-9508
-7349
-2632
2344
5433
6089
5372
4830
5257
6166
6329
4836
1690
-2360
-6277
-9032
-9936
-8899
-6458
-3483
-800
1187
2660
4028
5387
6324
6240
4771
2097
-1001
-3561
-5108
-5871
-6318
-6607
-6487
-5536
-3587
-1043
1257
2671
3275
3644
4194
4817
5084
4704
3731
2411
927
-590
-1766
-1972
-882
980
2461
2714
1953
1294
1824
3659
5861
7190
7057
5790
4061
2048
-641
-4107
-7412
-8991
-8135
-5913
-4484
-5209
-7329
-8435
-6447
-1421
4410
8286
8760
6315
2785
171
-497
413
1616
1793
300
-2511
-5408
-7015
-6689
-4797
-2271
18
1710
2983
4142
5132
5573
5184
3937
1886
-810
-3610
-5649
-6299
-5701
-4637
-3863
-3491
-2912
-1410
1050
3626
5220
5252
3991
2328
1215
1038
1421
1650
1283
405
-467
-742
-224
736
1626
2227
2610
2851
2994
3137
3406
3830
4315
4670
4710
4379
3686
2436
241
-2934
-6275
-8374
-8262
-6334
-4231
-3641
-4918
-6706
-6945
-4496
-107
4176
6568
6723
5699
4937
5081
5492
4888
2487
-1403
-5686
-9125
-10810
-10365
-7961
-4240
-189
3135
5095
5789
5822
5677
5252
3949
1288
-2423
-6034
-8329
-8882
-8091
-6565
-4646
-2477
-287
1571
2873
3684
4193
4381
3960
2723
875
-980
-2197
-2480
-2034
-1270
-360
823
2358
4018
5338
5893
5567
4690
3815
3340
3298
3430
3316
2680
1733
1119
1359
2265
2900
2158
-342
-3665
-6072
-6456
-5419
-4705
-5526
-7427
-8615
-7369
-3358
2053
6729
9087
8748
6422
3424
1018
-261
-827
-1578
-3150
-5436
-7633
-8764
-8285
-6275
-3225
223
3337
5456
6199
5607
4122
2412
1054
229
-277
-849
-1797
-3194
-4762
-5979
-6355
-5732
-4346
-2682
-1167
81
1232
2461
3682
4616
5060
5050
4761
4282
3596
2700
1696
805
302
386
1008
1840
2457
2604
2347
2013
1963
2389
3254
4395
5558
6403
6574
5923
4582
2725
275
-2892
-6411
-9236
-10240
-9198
-7125
-5595
-5430
-6002
-5802
-3846
-529
2787
4895
5479
5033
4332
3834
3404
2542
857
-1731
-4929
-8030
-10059
-10283
-8582
-5410
-1564
2057
4781
6382
6935
6561
5419
3770
1818
-392
-2801
-5158
-7053
-8054
-7868
-6592
-4705
-2694
-806
822
2035
2793
3255
3735
4500
5501
6229
6136
5254
4206
3578
3437
3419
3046
2014
414
-1301
-2581
-2952
-2095
11
2858
5492
6958
6815
5429
3767
2829
2971
3697
4023
3250
1447
-836
-3325
-6173
-9286
-11712
-12152
-10177
-6858
-4052
-2919
-3054
-2984
-1544
1198
4080
5814
5789
4307
2260
569
-331
-656
-958
-1647
-2661
-3627
-4245
-4551
-4707
-4614
-3849
-2103
325
2593
3911
4089
3575
2969
2447
1699
433
-1186
-2733
-3971
-4858
-5182
-4507
-2540
438
3527
5696
6491
6338
6026
5929
5790
5117
3716
1845
-2
-1445
-2369
-2720
-2319
-1029
920
2936
4452
5242
5425
5235
4801
4095
3083
1883
740
-110
-512
-447
-132
-10
-396
-1056
-1235
-390
960
1279
-753
-4789
-8700
-10189
-8755
-6075
-4455
-4845
-6158
-6342
-4171
-126
4204
7346
8625
8089
6232
3750
1319
-659
-2202
-3704
-5506
-7379
-8520
-8127
-5976
-2503
1410
4771
6885
7606
7177
5944
4237
2374
544
-1238
-3012
-4707
-6088
-6784
-6432
-4988
-2835
-571
1362
2774
3702
4279
4587
4519
3950
3051
2271
2044
2473
3234
3729
3519
2727
1986
1864
2353
2869
2704
1563
-172
-1636
-2055
-1245
364
2060
3227
3653
3627
3598
3672
3467
2496
596
-1856
-4051
-5276
-5626
-6090
-7588
-9888
-11554
-11163
-8584
-5168
-2626
-1614
-1340
-438
1757
4712
7199
8223
7602
5911
4005
2524
1605
962
137
-1179
-2935
-4740
-6061
-6523
-6025
-4717
-2853
-734
1320
2967
3924
4110
3734
3150
2512
1654
312
-1490
-3306
-4484
-4607
-3778
-2510
-1266
-112
1138
2539
3851
4780
5247
5401
5386
5177
4663
3921
3281
3050
3087
2816
1787
154
-1410
-2294
-2411
-2136
-1818
-1406
-594
719
2150
3057
3046
2233
1059
-91
-1015
-1635
-2008
-2401
-3214
-4658
-6345
-7179
-5943
-2465
1690
4024
3096
-108
-2851
-3035
-1073
588
-159
-3166
-6220
-6897
-4389
86
4419
7089
7755
6936
5496
4261
3644
3427
2893
1332
-1432
-4820
-7745
-9234
-8905
-7090
-4550
-2065
-43
1556
2911
4009
4580
4298
3066
1231
-528
-1632
-1945
-1701
-1236
-813
-502
-185
258
845
1602
2595
3677
4361
4181
3146
1823
997
1076
1731
2184
1961
1236
402
-388
-1235
-2164
-2955
-3257
-2908
-2146
-1357
-680
-33
473
493
-144
-1129
-1874
-1895
-1119
149
1521
2756
3662
3911
3286
2041
941
674
1141
1284
-89
-3007
-5950
-6976
-5458
-2657
-583
-235
-927
-1112
170
2649
5231
6872
7041
5725
3353
692
-1406
-2427
-2534
-2451
-2957
-4306
-6000
-7104
-6895
-5431
-3528
-2135
-1633
-1587
-1181
96
2050
3930
5006
4964
3985
2482
890
-452
-1347
-1773
-1924
-2130
-2594
-3124
-3153
-2121
-24
2396
4055
4313
3395
2125
1247
983
985
649
-406
-2019
-3565
-4330
-3935
-2579
-919
407
1224
1779
2309
2766
2971
2934
2915
3104
3366
3391
3096
2728
2593
2659
2600
2172
1521
1030
922
1065
1132
984
757
559
128
-853
-2114
-2767
-2184
-836
-43
-793
-2748
-4456
-4567
-2967
-705
1034
1788
1831
1714
1859
2330
2799
2728
1650
-571
-3498
-6127
-7467
-7263
-6117
-4927
-4214
-3900
-3472
-2467
-840
1049
2783
4049
4529
3952
2321
119
-1858
-2907
-2869
-2177
-1471
-1117
-1110
-1244
-1235
-776
263
1655
2879
3407
3051
2123
1262
982
1340
1975
2459
2555
2303
1853
1334
826
445
362
633
1120
1574
1843
1905
1824
1694
1600
1596
1686
1787
1749
1420
817
158
-258
-235
222
932
1595
1944
1891
1551
1018
156
-1287
-3163
-4681
-4887
-3710
-2305
-2166
-3712
-5860
-6902
-5854
-3115
-61
1991
2524
1841
743
105
418
1353
1898
1064
-1330
-4492
-7137
-8311
-7849
-6275
-4328
-2593
-1363
-613
-62
668
1794
3195
4386
4819
4265
3061
1836
1072
870
1035
1270
1278
839
-74
-1161
-1900
-1883
-1140
-47
1033
1986
2882
3747
4389
4501
3995
3183
2494
2057
1623
921
-7
-782
-975
-476
446
1403
2186
2775
3184
3397
3403
3241
2977
2635
2112
1277
173
-879
-1482
-1472
-1044
-619
-516
-691
-769
-377
509
1510
2040
1552
-129
-2528
-4615
-5493
-5174
-4642
-5016
-6476
-7989
-8089
-6107
-2784
273
1837
1837
1119
667
1003
2013
3085
3503
2841
1164
-1000
-2938
-4166
-4692
-4877
-5077
-5374
-5520
-5108
-3859
-1851
503
2669
4207
4903
4814
4224
3516
2982
2664
2309
1610
505
-689
-1482
-1557
-955
-61
714
1143
1228
1064
826
836
1433
2634
3913
4494
3944
2628
1503
1351
2132
3057
3270
2491
1165
19
-495
-440
-154
58
51
-146
-355
-334
89
914
1909
2659
2800
2293
1448
682
252
171
280
358
262
-44
-469
-845
-1093
-1433
-2312
-3894
-5688
-6750
-6475
-5189
-3883
-3311
-3338
-3206
-2318
-776
717
1432
1119
116
-1005
-1786
-1998
-1618
-845
-48
419
419
108
-172
-146
166
400
116
-845
-2172
-3272
-3670
-3305
-2426
-1301
-74
1161
2300
3274
4066
4660
4982
4912
4337
3267
1869
430
-782
-1606
-2022
-2114
-1972
-1620
-1008
-126
927
1946
2751
3287
3558
3549
3245
2733
2173
1718
1443
1300
1147
905
665
598
758
1028
1212
1211
1114
1110
1280
1480
1463
1053
283
-602
-1268
-1545
-1491
-1294
-1146
-1173
-1370
-1594
-1692
-1609
-1340
-865
-269
134
-54
-920
-1998
-2576
-2380
-1917
-2034
-3050
-4427
-5261
-5046
-4020
-2896
-2237
-2062
-2018
-1774
-1155
-96
1237
2374
2781
2254
1102
-28
-598
-573
-361
-336
-556
-895
-1243
-1520
-1579
-1251
-502
435
1137
1320
1129
1036
1416
2222
3059
3560
3648
3457
3076
2545
2057
1939
2308
2786
2742
1885
637
-136
129
1201
2288
2710
2376
1726
1323
1433
1907
2352
2445
2094
1441
754
290
164
269
358
197
-282
-931
-1470
-1655
-1459
-1069
-736
-649
-887
-1409
-2021
-2494
-2718
-2733
-2631
-2468
-2218
-1770
-1047
-199
445
642
375
-291
-1274
-2328
-2999
-2978
-2495
-2302
-3035
-4569
-5969
-6260
-5234
-3562
-2148
-1476
-1439
-1550
-1248
-196
1503
3307
4511
4672
3854
2581
1483
909
790
760
464
-237
-1202
-2093
-2553
-2391
-1724
-896
-215
275
752
1401
2236
3107
3843
4342
4587
4544
4189
3586
2930
2421
2121
1902
1548
970
309
-167
-324
-262
-196
-245
-397
-544
-576
-381
140
967
1826
2263
1979
1125
218
-286
-337
-255
-342
-602
-771
-619
-168
320
556
403
-62
-658
-1226
-1644
-1801
-1627
-1219
-835
-701
-807
-882
-657
-120
467
784
710
371
25
-170
-268
-423
-720
-1101
-1446
-1618
-1502
-1086
-560
-258
-447
-1090
-1842
-2315
-2366
-2120
-1792
-1567
-1541
-1663
-1718
-1450
-750
217
1072
1498
1491
1371
1467
1831
2210
2298
2000
1489
976
534
161
-99
-213
-288
-505
-918
-1334
-1438
-1038
-268
514
988
1076
916
721
670
820
1064
1203
1078
742
452
473
830
1321
1716
1937
2049
2165
2313
2368
2148
1583
788
-72
-873
-1536
-1919
-1891
-1452
-790
-173
215
379
449
534
623
582
240
-480
-1483
-2510
-3254
-3532
-3358
-2914
-2420
-1997
-1616
-1173
-639
-122
200
234
-3
-411
-872
-1228
-1330
-1159
-835
-538
-376
-346
-343
-224
78
485
833
960
783
382
-10
-121
165
710
1158
1172
715
130
-116
197
865
1390
1361
752
-78
-640
-614
19
951
1716
1998
1826
1537
1538
2059
2935
3661
3752
3136
2179
1384
1050
1087
1149
904
290
-510
-1240
-1720
-1840
-1559
-979
-387
-108
-213
-449
-447
-64
475
727
379
-470
-1422
-2111
-2409
-2378
-2135
-1831
-1620
-1616
-1804
-2033
-2085
-1831
-1351
-904
-708
-784
-972
-1079
-1023
-862
-734
-712
-751
-732
-557
-198
268
656
797
658
386
187
167
271
335
268
136
96
230
447
611
691
816
1081
1380
1503
1385
1216
1281
1669
2195
2547
2519
2143
1611
1118
732
409
109
-151
-352
-526
-695
-794
-722
-455
-158
-94
-404
-899
-1187
-1021
-532
-119
-60
-284
-454
-348
-31
236
270
42
-364
-838
-1305
-1734
-2097
-2365
-2540
-2645
-2660
-2493
-2038
-1275
-340
505
1017
1129
948
626
273
-72
-407
-742
-1054
-1289
-1406
-1380
-1172
-722
-20
843
1672
2275
2573
2617
2504
2296
2054
1872
1833
1876
1818
1510
975
435
162
275
622
913
970
843
715
726
905
1166
1422
1640
1815
1905
1832
1581
1221
862
573
347
138
-83
-298
-491
-663
-799
-855
-773
-544
-270
-147
-338
-802
-1309
-1642
-1760
-1743
-1629
-1380
-999
-624
-469
-650
-1044
-1344
-1327
-1095
-976
-1240
-1839
-2476
-2848
-2883
-2725
-2534
-2361
-2144
-1825
-1371
-824
-267
198
505
655
684
649
566
463
384
326
153
-238
-718
-953
-716
-134
413
606
440
198
210
562
1049
1372
1401
1256
1162
1274
1611
2104
2628
3016
3099
2830
2363
1977
1829
1791
1569
1005
263
-337
-601
-587
-461
-338
-244
-190
-182
-177
-55
301
876
1455
1744
1595
1149
696
442
352
249
4
-357
-715
-980
-1106
-1078
-884
-553
-203
-8
-113
-514
-1061
-1559
-1879
-1953
-1767
-1375
-947
-672
-591
-557
-379
-61
191
136
-278
-894
-1473
-1870
-2071
-2140
-2112
-1977
-1745
-1461
-1167
-823
-358
212
749
1114
1274
1287
1177
908
446
-147
-704
-1048
-1109
-986
-828
-711
-590
-404
-136
174
470
700
839
888
866
797
721
694
751
868
994
1096
1162
1162
1051
867
732
775
984
1211
1296
1205
1047
984
1143
1509
1910
2100
1935
1456
836
272
-96
-237
-219
-165
-185
-275
-321
-198
89
400
581
570
417
222
45
-135
-361
-624
-844
-971
-1007
-993
-943
-826
-603
-272
80
300
253
-65
-511
-884
-1109
-1274
-1504
-1809
-2076
-2162
-2007
-1680
-1312
-968
-609
-204
164
372
387
275
120
-48
-242
-473
-695
-818
-793
-675
-593
-646
-793
-866
-725
-415
-127
-32
-137
-307
-419
-452
-504
-647
-839
-960
-905
-641
-210
305
820
1282
1652
1869
1907
1824
1718
1644
1598
1584
1628
1737
1878
2010
2109
2175
2192
2160
2059
1819
1348
651
-97
-639
-833
-751
-604
-549
-575
-568
-452
-266
-113
-94
-226
-420
-560
-584
-530
-461
-409
-371
-363
-411
-504
-559
-489
-317
-153
-86
-97
-100
-38
79
213
301
279
97
-249
-702
-1144
-1434
-1487
-1364
-1239
-1257
-1385
-1443
-1283
-922
-524
-276
-251
-385
-515
-517
-378
-190
-56
-33
-100
-173
-147
5
183
243
105
-164
-392
-404
-154
242
568
679
622
595
741
1032
1307
1406
1268
916
449
2
-294
-378
-299
-190
-146
-102
116
623
1323
1975
2372
2461
2317
2039
1687
1284
864
472
128
-187
-453
-551
-385
18
512
937
1189
1241
1144
1001
892
819
704
435
-10
-539
-997
-1272
-1335
-1247
-1139
-1166
-1366
-1609
-1684
-1498
-1147
-837
-729
-822
-996
-1116
-1127
-1048
-917
-818
-875
-1148
-1545
-1840
-1818
-1454
-956
-617
-563
-671
-706
-556
-295
-89
-34
-89
-162
-240
-391
-599
-727
-667
-495
-390
-400
-376
-154
234
569
651
477
227
119
245
523
779
863
730
464
236
187
326
585
873
1096
1159
1046
871
809
963
1282
1590
1710
1626
1505
1524
1739
2028
2229
2242
2086
1852
1622
1427
1257
1100
958
826
680
472
161
-243
-646
-916
-970
-832
-611
-423
-327
-343
-454
-622
-773
-833
-819
-831
-1010
-1379
-1829
-2182
-2323
-2236
-1984
-1659
-1341
-1077
-862
-699
-599
-554
-507
-419
-328
-327
-442
-597
-673
-611
-446
-262
-117
-12
69
124
154
140
66
-74
-224
-289
-221
-65
72
127
124
164
333
640
996
1268
1359
1255
1038
847
773
798
815
717
458
81
-287
-497
-489
-344
-249
-323
-566
-832
-928
-742
-316
160
491
610
630
717
941
1187
1283
1157
869
541
257
58
-75
-177
-247
-234
-118
41
164
207
190
130
33
-120
-324
-499
-524
-349
-83
95
95
-7
-71
-18
95
152
49
-223
-561
-825
-934
-903
-789
-642
-495
-359
-216
-26
238
554
849
1033
1068
1010
943
910
879
788
598
354
138
13
-25
9
87
168
170
51
-159
-391
-586
-731
-821
-868
-882
-862
-796
-702
-601
-507
-402
-274
-116
69
256
398
433
344
136
-151
-497
-881
-1260
-1585
-1810
-1921
-1907
-1778
-1554
-1267
-944
-596
-246
81
324
421
349
160
-50
-193
-209
-68
228
596
875
932
783
611
629
910
1346
1736
1931
1886
1675
1435
1308
1353
1485
1546
1421
1128
801
604
630
824
1020
1067
930
688
457
305
227
181
137
72
-5
-76
-109
-99
-79
-93
-185
-352
-550
-698
-728
-615
-419
-242
-165
-182
-231
-274
-311
-379
-508
-736
-1062
-1413
-1677
-1784
-1747
-1670
-1631
-1635
-1603
-1443
-1137
-739
-379
-188
-220
-417
-630
-747
-740
-671
-623
-635
-676
-667
-548
-313
1
319
536
581
456
245
59
-19
23
102
114
22
-88
-84
95
403
739
1010
1176
1245
1274
1327
1435
1577
1701
1760
1728
1618
1496
1465
1562
1689
1685
1475
1118
758
530
481
542
563
449
233
44
-17
70
238
376
399
281
42
-278
-635
-973
-1248
-1455
-1625
-1787
-1932
-2005
-1948
-1770
-1567
-1437
-1390
-1344
-1213
-990
-740
-533
-405
-368
-445
-632
-870
-1046
-1082
-1000
-905
-875
-872
-805
-628
-384
-159
-16
48
75
96
99
58
-21
-93
-123
-122
-133
-150
-114
32
292
607
883
1049
1108
1142
1231
1385
1514
1528
1402
1197
980
774
586
449
398
415
443
440
423
421
452
528
656
808
929
987
1003
1033
1119
1251
1378
1445
1435
1360
1241
1085
910
738
576
406
206
1
-153
-227
-266
-350
-524
-767
-1015
-1188
-1237
-1183
-1078
-991
-975
-1059
-1220
-1365
-1396
-1276
-1054
-840
-739
-783
-897
-925
-753
-405
-39
164
126
-81
-307
-423
-380
-245
-150
-192
-360
-541
-629
-606
-533
-470
-424
-377
-333
-312
-294
-236
-141
-87
-144
-295
-454
-540
-558
-556
-563
-555
-490
-363
-195
-2
211
454
711
929
1039
1044
1003
967
914
787
571
310
72
-100
-199
-252
-278
-275
-216
-91
86
280
466
623
711
692
563
363
176
88
137
256
321
254
100
-38
-86
-25
117
301
484
612
656
653
655
668
660
612
551
494
437
388
359
326
222
33
-187
-357
-435
-432
-368
-276
-190
-140
-131
-136
-135
-112
-86
-110
-228
-426
-616
-713
-708
-655
-619
-624
-660
-682
-651
-548
-404
-258
-135
-59
-64
-175
-354
-515
-582
-546
-471
-421
-414
-422
-401
-318
-153
79
340
573
738
809
781
698
630
631
675
683
599
446
310
271
352
505
643
706
700
680
685
692
669
590
445
257
76
-61
-169
-294
-432
-526
-520
-407
-203
82
437
812
1137
1348
1393
1232
877
440
68
-175
-339
-503
-664
-751
-710
-565
-380
-194
-22
116
182
141
-13
-252
-518
-743
-914
-1070
-1255
-1452
-1599
-1640
-1554
-1381
-1175
-981
-808
-635
-458
-322
-264
-275
-310
-351
-420
-527
-637
-702
-714
-695
-660
-595
-494
-365
-230
-108
-22
22
62
143
246
308
298
262
255
284
329
374
407
422
433
490
595
727
845
936
981
962
900
823
756
709
691
684
649
553
423
307
250
256
310
368
407
438
492
570
636
655
625
580
561
584
609
582
492
394
368
425
503
522
472
402
352
334
332
336
324
269
151
-34
-261
-484
-652
-742
-763
-747
-735
-738
-751
-755
-753
-735
-701
-676
-692
-746
-794
-828
-868
-916
-948
-943
-908
-855
-791
-742
-737
-787
-845
-854
-797
-704
-597
-472
-335
-227
-178
-154
-94
37
227
426
584
656
629
537
442
379
358
368
409
447
448
388
317
316
427
621
839
1028
1158
1199
1176
1142
1156
1207
1239
1211
1121
1001
865
710
530
344
185
67
-22
-107
-208
-332
-447
-497
-458
-354
-233
-131
-75
-83
-136
-194
-233
-265
-303
-334
-354
-365
-375
-388
-394
-400
-409
-409
-380
-344
-339
-385
-447
-494
-498
-490
-507
-613
-765
-909
-924
-850
-764
-736
-756
-668
-602
-565
-668
-534
-152
308
291
-213
-815
-912
-452
99
180
-256
-785
-952
-673
-163
317
616
737
757
737
720
696
718
811
826
645
297
193
474
1028
1421
1512
1343
1144
993
897
844
914
1085
1131
795
205
-170
27
566
875
606
-52
-624
-812
-655
-399
-256
-357
-683
-1041
-1163
-974
-656
-466
-485
-581
-573
-440
-306
-266
-294
-351
-429
-504
-494
-367
-165
25
126
110
43
25
114
268
386
391
272
122
45
71
131
163
137
63
-15
-29
38
145
241
320
382
398
347
236
110
-17
-150
-262
-313
-278
-220
-197
-238
-294
-307
-239
-117
-3
93
196
291
304
218
128
137
231
291
207
4
-222
-384
-461
-457
-387
-279
-168
-78
-12
43
85
94
63
-6
-97
-204
-318
-419
-482
-506
-522
-541
-530
-435
-253
-58
67
92
75
98
204
364
489
512
430
295
155
50
31
133
309
456
505
466
387
297
211
147
125
147
200
253
309
381
482
585
680
766
834
840
753
608
455
338
266
239
218
181
119
50
-8
-25
0
14
-69
-254
-453
-554
-537
-487
-483
-522
-552
-577
-650
-777
-874
-846
-715
-587
-570
-635
-700
-681
-600
-509
-449
-428
-421
-436
-451
-438
-347
-199
-85
-81
-156
-208
-185
-114
-36
40
117
192
262
344
430
506
543
542
513
487
491
530
599
670
716
704
627
525
438
373
317
259
212
183
167
149
127
118
107
78
41
22
-1
-91
-268
-457
-560
-553
-485
-408
-339
-283
-253
-248
-233
-199
-161
-155
-180
-208
-222
-237
-291
-388
-463
-449
-357
-273
-240
-222
-164
-95
-74
-100
-95
-3
151
270
270
140
-55
-226
-309
-299
-219
-109
-11
44
55
58
68
74
53
1
-54
-79
-59
3
76
125
132
109
93
136
259
424
564
635
648
646
665
717
777
809
805
794
805
841
863
854
821
787
760
712
629
527
442
390
357
301
175
17
-76
-56
-29
-112
-289
-430
-476
-493
-541
-619
-677
-715
-756
-813
-843
-827
-775
-697
-579
-447
-378
-391
-431
-442
-441
-454
-442
-367
-255
-196
-209
-244
-241
-225
-252
-343
-426
-443
-399
-349
-323
-309
-285
-212
-97
15
68
74
69
84
111
166
213
191
82
-37
-73
-37
-5
-31
-89
-117
-69
56
223
384
482
492
459
460
511
558
526
388
181
-26
-167
-224
-202
-119
4
128
193
178
121
70
36
-14
-68
-112
-152
-249
-399
-503
-465
-301
-114
41
176
320
454
537
548
493
372
179
-54
-262
-390
-433
-414
-359
-282
-177
-50
70
166
246
308
312
254
186
136
70
-26
-110
-140
-126
-93
-33
74
229
398
541
643
688
658
536
364
250
255
355
455
485
432
349
314
350
387
352
243
120
22
-55
-134
-218
-285
-315
-325
-346
-389
-418
-392
-292
-166
-84
-83
-136
-193
-246
-327
-456
-595
-678
-686
-662
-670
-722
-770
-759
-666
-526
-395
-295
-223
-181
-180
-214
-237
-236
-228
-247
-276
-284
-264
-230
-207
-202
-216
-233
-235
-228
-217
-192
-133
-49
22
47
29
-13
-36
-5
96
254
437
593
678
694
682
697
740
781
777
731
665
594
543
537
591
649
644
560
455
413
461
574
703
814
868
831
706
556
460
437
436
391
289
166
60
-24
-87
-141
-185
-213
-198
-135
-53
2
21
26
16
-29
-143
-308
-470
-582
-640
-675
-693
-687
-632
-535
-447
-417
-448
-485
-478
-432
-386
-383
-407
-430
-454
-517
-603
-630
-555
-432
-358
-356
-397
-446
-488
-495
-433
-318
-203
-145
-130
-116
-83
-70
-110
-179
-226
-235
-230
-213
-154
-49
50
92
100
144
250
386
495
546
552
565
604
642
631
563
452
299
125
-10
-53
2
116
242
347
402
402
359
317
284
239
148
31
-77
-153
-195
-212
-202
-159
-90
-24
9
22
47
94
128
114
56
8
0
1
-49
-164
-303
-423
-503
-531
-510
-437
-330
-212
-130
-96
-75
-40
-6
7
2
0
-7
-31
-64
-90
