16
-89
-218
-348
-448
-493
-462
-369
-265
-188
-155
-140
-112
-54
3
27
28
51
104
142
140
122
131
174
217
231
210
187
186
191
177
149
137
145
130
60
-58
-178
-272
-349
-406
-439
-444
-432
-401
-337
-242
-144
-55
18
72
89
70
50
57
85
107
114
115
105
68
10
-49
-83
-96
-97
-89
-68
-42
-38
-80
-153
-218
-251
-258
-262
-281
-310
-304
-227
-98
12
69
115
195
300
374
381
341
288
232
170
114
87
85
85
86
93
106
105
84
54
33
17
-11
-43
-51
-14
49
111
157
168
128
56
-9
-36
-28
-5
8
3
-29
-80
-132
-170
-205
-253
-278
-236
-130
-47
-49
-122
-203
-251
-249
-198
-110
-25
23
40
34
16
-26
-67
-80
-42
16
58
56
15
-25
-35
-12
4
-10
-61
-125
-184
-235
-263
-251
-193
-115
-67
-86
-161
-258
-315
-288
-166
8
154
222
213
177
162
180
209
229
250
284
304
295
265
245
249
274
315
360
393
380
323
261
254
317
397
437
424
408
423
467
501
499
456
385
305
202
91
-8
-63
-80
-88
-120
-179
-234
-275
-292
-303
-320
-356
-401
-412
-366
-291
-241
-224
-220
-213
-203
-182
-149
-123
-128
-162
-185
-164
-126
-126
-173
-218
-223
-211
-220
-267
-323
-366
-397
-412
-395
-315
-197
-91
-23
32
85
104
61
-25
-89
-107
-95
-86
-65
0
113
253
386
481
512
498
464
433
422
427
425
379
306
242
198
143
70
13
0
20
29
-1
-70
-152
-226
-271
-274
-232
-150
-48
53
127
169
198
244
295
324
299
247
202
164
108
22
-60
-101
-89
-41
13
36
-9
-137
-318
-494
-623
-671
-643
-583
-538
-524
-502
-459
-407
-358
-303
-242
-204
-190
-194
-196
-203
-205
-180
-128
-87
-90
-135
-186
-222
-244
-266
-285
-278
-240
-177
-99
-5
71
91
39
-25
-43
-9
37
65
86
108
137
176
233
299
352
382
393
393
372
328
276
232
204
189
204
261
356
462
548
591
586
538
457
374
328
352
443
551
617
599
505
377
265
191
133
62
-27
-113
-184
-231
-237
-191
-131
-109
-144
-194
-199
-154
-105
-89
-76
-3
135
257
274
194
111
111
182
225
162
25
-100
-168
-181
-149
-71
30
119
179
206
197
166
129
86
34
-14
-33
-15
37
99
128
88
-10
-126
-220
-269
-267
-236
-215
-212
-195
-160
-132
-128
-147
-177
-236
-314
-375
-379
-326
-253
-172
-80
15
74
72
30
-19
-59
-106
-151
-178
-202
-248
-318
-389
-439
-475
-509
-541
-567
-564
-520
-444
-376
-356
-389
-434
-449
-422
-370
-320
-304
-311
-284
-190
-50
76
174
248
289
262
175
82
28
21
19
17
22
51
99
158
220
261
239
149
29
-70
-113
-100
-44
30
117
222
335
419
438
394
301
192
108
69
69
82
99
125
165
213
256
278
274
253
202
114
4
-86
-124
-132
-133
-135
-106
-40
57
170
281
350
356
325
296
275
252
234
233
259
299
329
333
326
344
392
448
465
432
365
306
289
315
378
438
464
428
347
266
234
248
247
181
58
-49
-83
-38
34
87
92
55
-9
-82
-129
-123
-72
-24
9
35
65
67
0
-129
-268
-358
-393
-395
-391
-381
-351
-295
-235
-199
-210
-251
-299
-333
-362
-396
-430
-459
-472
-472
-453
-416
-374
-355
-379
-425
-450
-447
-453
-490
-534
-540
-497
-424
-352
-301
-282
-285
-286
-269
-246
-257
-309
-379
-413
-378
-277
-157
-57
4
15
-2
0
48
97
76
-29
-158
-239
-245
-186
-97
-23
17
38
56
57
17
-52
-110
-128
-91
8
162
327
462
556
640
734
792
770
657
512
398
348
360
402
450
480
493
487
473
465
477
500
523
528
500
431
335
239
164
125
118
157
253
387
485
495
435
356
292
257
258
285
303
289
256
228
182
101
-16
-123
-196
-231
-231
-189
-109
-31
5
2
1
14
11
-37
-116
-211
-309
-397
-449
-456
-436
-411
-392
-380
-388
-414
-445
-476
-499
-503
-467
-395
-325
-278
-255
-228
-184
-142
-133
-169
-230
-278
-289
-269
-247
-253
-280
-295
-299
-299
-280
-228
-158
-120
-112
-98
-60
-13
10
19
28
70
137
210
242
222
159
78
31
52
141
246
324
358
351
310
246
167
70
-25
-76
-64
-27
-19
-45
-55
-12
83
198
292
332
295
194
67
-50
-130
-157
-120
-31
73
145
176
164
115
24
-110
-256
-395
-497
-554
-556
-497
-375
-217
-74
21
97
170
220
210
162
150
194
252
285
308
347
393
399
362
321
312
312
282
206
94
-12
-84
-96
-47
40
130
177
150
51
-85
-204
-272
-283
-258
-197
-86
53
166
214
204
162
111
54
-30
-154
-283
-357
-335
-248
-145
-73
-26
2
27
32
4
-57
-131
-181
-186
-141
-43
97
227
278
224
130
60
35
2
-80
-190
-263
-238
-122
16
108
139
129
111
97
78
46
11
4
45
99
123
111
99
113
125
112
66
18
-16
-28
-20
-15
-23
-49
-72
-83
-86
-106
-154
-213
-275
-325
-357
-347
-291
-230
-204
-214
-226
-198
-141
-80
-44
-24
-2
17
34
58
106
181
268
356
408
394
299
155
21
-74
-108
-93
-48
-3
31
62
104
140
163
167
161
141
113
109
142
210
284
352
405
428
401
349
319
323
342
365
401
427
401
311
186
69
-34
-104
-146
-168
-189
-205
-207
-187
-148
-119
-108
-106
-78
-54
-87
-203
-352
-462
-501
-471
-392
-289
-187
-99
-52
-74
-167
-299
-434
-558
-650
-703
-709
-676
-637
-650
-761
-918
-994
-891
-648
-412
-351
-506
-751
-878
-754
-418
-29
265
394
431
510
716
964
1095
1064
973
968
1057
1121
999
653
235
-16
29
282
539
646
575
390
183
33
-32
-26
0
7
1
10
51
97
106
76
50
80
178
293
344
285
127
-59
-191
-207
-107
50
206
322
373
359
293
220
172
169
215
301
394
458
459
376
202
-44
-277
-417
-440
-394
-321
-249
-191
-175
-219
-307
-390
-429
-416
-367
-306
-266
-266
-283
-258
-165
-45
46
102
158
218
252
219
129
22
-44
-51
-40
-69
-142
-203
-218
-210
-230
-283
-316
-288
-222
-192
-235
-317
-391
-440
-467
-446
-349
-202
-61
23
33
-25
-114
-174
-169
-113
-48
4
27
27
5
-48
-141
-257
-340
-360
-317
-256
-212
-212
-236
-248
-229
-200
-209
-246
-270
-247
-188
-107
-22
57
105
114
114
152
247
351
394
358
301
295
360
452
525
572
620
679
726
739
708
644
561
478
422
420
489
605
708
738
664
518
376
325
387
495
562
547
466
356
236
112
-3
-83
-99
-67
-39
-74
-169
-277
-356
-383
-370
-327
-271
-196
-100
-17
-12
-118
-298
-490
-631
-693
-655
-543
-408
-302
-243
-202
-149
-64
27
88
100
80
44
-23
-143
-310
-458
-530
-499
-396
-305
-287
-354
-439
-487
-476
-428
-360
-281
-194
-116
-79
-104
-195
-303
-361
-323
-208
-84
-11
-15
-85
-177
-239
-238
-170
-48
73
126
97
52
53
91
92
49
20
59
141
196
204
173
131
89
48
8
-32
-53
-64
-87
-135
-197
-252
-285
-272
-174
11
220
366
401
365
340
377
462
555
640
715
761
752
693
637
617
610
573
508
466
454
428
350
258
194
165
140
129
164
243
309
314
246
142
51
3
-16
-51
-138
-264
-371
-422
-390
-292
-179
-109
-118
-173
-230
-267
-272
-229
-138
-53
-21
-35
-54
-54
-49
-60
-86
-93
-62
-19
-21
-84
-160
-180
-127
-43
19
24
-57
-227
-420
-522
-462
-299
-182
-247
-517
-857
-1063
-1030
-842
-662
-582
-552
-456
-221
111
408
574
643
721
859
998
988
728
277
-137
-304
-223
-46
63
40
-98
-312
-553
-796
-976
-1008
-848
-584
-388
-364
-447
-503
-468
-366
-243
-101
62
231
342
354
274
189
195
351
616
883
1059
1101
1043
944
871
846
852
872
883
851
741
574
392
226
76
-37
-83
-74
-54
-76
-165
-304
-448
-536
-539
-479
-406
-370
-373
-369
-323
-248
-188
-130
-32
107
224
273
296
352
450
540
587
579
506
371
179
-19
-161
-210
-194
-181
-217
-314
-441
-551
-601
-586
-554
-543
-549
-551
-542
-537
-569
-619
-623
-518
-322
-125
13
98
192
317
438
493
483
461
459
455
412
334
256
219
224
231
213
171
137
104
45
-46
-124
-146
-129
-140
-214
-326
-414
-461
-481
-501
-545
-610
-664
-643
-527
-348
-190
-105
-91
-88
-51
3
15
-45
-126
-158
-116
-38
32
83
134
200
289
397
500
550
516
414
320
303
370
466
520
518
488
478
483
463
386
274
182
154
193
280
376
470
564
657
746
821
877
890
882
871
855
791
665
522
399
292
177
44
-121
-368
-724
-1141
-1520
-1795
-1966
-2090
-2218
-2361
-2451
-2416
-2245
-2024
-1823
-1633
-1409
-1139
-868
-636
-464
-331
-187
0
226
438
595
689
747
797
847
913
1026
1204
1395
1530
1585
1593
1612
1669
1765
1868
1967
2080
2225
2374
2479
2506
2461
2393
2359
2386
2442
2454
2335
2056
1713
1455
1369
1339
1153
670
-59
-858
-1564
-2124
-2609
-3139
-3758
-4386
-4868
-5108
-5145
-5075
-4944
-4699
-4268
-3668
-3018
-2476
-2131
-1945
-1805
-1608
-1328
-990
-644
-381
-271
-306
-381
-381
-274
-98
95
270
412
527
630
724
787
796
779
787
861
994
1121
1184
1177
1151
1174
1295
1540
1870
2202
2465
2656
2825
3018
3255
3508
3737
3913
4049
4168
4249
4245
4143
3996
3871
3774
3652
3450
3169
2853
2531
2182
1725
1085
258
-664
-1572
-2390
-3129
-3844
-4591
-5333
-5952
-6345
-6511
-6514
-6389
-6123
-5693
-5123
-4470
-3812
-3227
-2752
-2340
-1896
-1369
-800
-283
125
398
550
621
677
764
855
901
881
828
754
635
410
75
-270
-449
-356
-69
206
298
193
26
-39
73
328
648
980
1309
1644
2002
2389
2777
3124
3429
3736
4069
4402
4655
4769
4736
4624
4526
4507
4569
4648
4646
4491
4189
3792
3354
2895
2412
1879
1268
552
-286
-1236
-2238
-3189
-4039
-4804
-5534
-6200
-6721
-7020
-7108
-7039
-6852
-6524
-6017
-5349
-4604
-3897
-3277
-2713
-2119
-1462
-794
-221
194
462
645
799
927
1000
999
931
832
729
627
484
265
-23
-325
-563
-698
-728
-724
-759
-864
-994
-1051
-970
-753
-460
-131
247
691
1190
1694
2182
2673
3196
3736
4249
4685
5011
5235
5422
5644
5888
6042
6016
5827
5571
5302
4998
4607
4114
3565
3012
2469
1868
1096
97
-1070
-2255
-3333
-4261
-5059
-5784
-6462
-7046
-7436
-7577
-7485
-7232
-6875
-6420
-5838
-5109
-4281
-3460
-2734
-2103
-1495
-853
-194
392
822
1077
1217
1310
1406
1501
1537
1489
1369
1235
1106
956
738
426
75
-222
-402
-485
-512
-512
-519
-555
-600
-571
-399
-99
260
632
1038
1512
2053
2591
3047
3417
3779
4202
4677
5131
5482
5708
5834
5887
5857
5745
5596
5435
5222
4882
4409
3872
3331
2766
2109
1292
308
-803
-1945
-3017
-3967
-4819
-5617
-6363
-6987
-7391
-7549
-7525
-7411
-7214
-6865
-6323
-5634
-4890
-4158
-3459
-2798
-2167
-1547
-934
-343
184
627
981
1246
1412
1475
1469
1436
1403
1363
1291
1164
954
684
403
184
64
22
-4
-90
-246
-422
-555
-614
-582
-437
-184
135
480
849
1256
1684
2104
2513
2933
3377
3837
4285
4673
4962
5125
5158
5091
4999
4959
4974
4980
4888
4654
4266
3762
3193
2583
1898
1073
86
-997
-2072
-3063
-3966
-4806
-5601
-6331
-6935
-7333
-7502
-7503
-7432
-7304
-7043
-6564
-5882
-5099
-4332
-3622
-2939
-2253
-1570
-929
-330
255
820
1333
1740
2020
2166
2220
2247
2306
2368
2347
2198
1964
1740
1551
1379
1215
1104
1081
1105
1086
957
731
487
337
360
572
925
1354
1814
2265
2684
3046
3343
3592
3859
4205
4620
5023
5324
5483
5512
5448
5335
5207
5046
4805
4430
3921
3339
2764
2224
1643
915
-14
-1092
-2215
-3293
-4280
-5176
-6009
-6791
-7475
-7988
-8282
-8385
-8348
-8197
-7895
-7391
-6692
-5885
-5087
-4376
-3759
-3189
-2589
-1903
-1150
-409
224
691
934
932
765
655
821
1310
1936
2429
2653
2643
2511
2366
2309
2436
2762
3188
3554
3687
3507
3082
2624
2344
2298
2349
2301
2073
1748
1477
1374
1494
1831
2336
2917
3498
4091
4749
5466
6125
6576
6784
6829
6802
6655
6235
5429
4300
3043
1814
643
-535
-1795
-3196
-4755
-6391
-7890
-9027
-9694
-9949
-9937
-9785
-9564
-9243
-8744
-8006
-7047
-5940
-4771
-3632
-2623
-1814
-1176
-634
-121
346
723
975
1101
1138
1133
1126
1103
1064
1054
1163
1429
1796
2145
2401
2580
2733
2892
3086
3367
3773
4265
4723
5015
5038
4764
4267
3668
3076
2542
2093
1760
1558
1461
1416
1402
1426
1496
1616
1858
2316
3025
3907
4821
5612
6185
6514
6671
6733
6650
6242
5333
3939
2237
451
-1235
-2693
-3951
-5209
-6650
-8207
-9608
-10631
-11205
-11361
-11154
-10661
-9892
-8815
-7435
-5897
-4365
-2938
-1633
-434
669
1670
2475
2981
3155
3091
2898
2634
2297
1880
1383
826
285
-151
-436
-594
-652
-636
-555
-384
-44
484
1104
1695
2217
2717
3191
3605
3899
4025
3971
3799
3592
3386
3176
2963
2757
2549
2361
2247
2250
2340
2485
2732
3159
3810
4645
5559
6393
7018
7376
7471
7330
6978
6425
5583
4334
2652
734
-1152
-2822
-4261
-5596
-6992
-8497
-9946
-11107
-11839
-12138
-12005
-11462
-10546
-9339
-7903
-6324
-4709
-3121
-1580
-111
1208
2351
3309
4037
4434
4483
4268
3888
3410
2855
2218
1447
587
-239
-906
-1434
-1829
-2039
-2014
-1807
-1495
-1081
-572
-29
476
940
1399
1898
2452
3031
3525
3819
3878
3749
3531
3334
3254
3275
3304
3278
3259
3328
3516
3822
4268
4862
5551
6261
6905
7398
7682
7717
7503
7050
6401
5538
4394
2911
1136
-788
-2689
-4424
-5962
-7385
-8773
-10050
-11082
-11776
-12126
-12086
-11648
-10828
-9667
-8172
-6445
-4632
-2838
-1085
578
2043
3275
4274
4994
5319
5256
4925
4447
3876
3252
2576
1822
1001
180
-581
-1288
-1869
-2219
-2287
-2146
-1853
-1450
-996
-584
-222
138
553
1049
1639
2264
2795
3142
3317
3395
3415
3390
3320
3219
3120
3081
3128
3259
3466
3774
4213
4761
5379
6009
6595
7054
7310
7320
7091
6674
6138
5474
4565
3289
1631
-266
-2224
-4089
-5813
-7399
-8877
-10211
-11315
-12072
-12448
-12458
-12155
-11561
-10663
-9455
-7970
-6278
-4446
-2529
-599
1234
2861
4186
5148
5706
5839
5576
5043
4438
3905
3436
2944
2369
1689
913
101
-622
-1143
-1410
-1445
-1279
-942
-476
28
465
767
967
1168
1460
1864
2319
2742
3056
3261
3361
3344
3165
2861
2555
2375
2352
2464
2724
3143
3669
4197
4685
5155
5683
6281
6876
7336
7561
7546
7294
6802
6046
5027
3718
2112
242
-1762
-3780
-5691
-7440
-9012
-10414
-11589
-12408
-12789
-12731
-12297
-11565
-10633
-9521
-8203
-6630
-4818
-2768
-531
1739
3791
5457
6663
7339
7414
6910
6012
4943
3943
3171
2655
2263
1849
1338
701
-59
-875
-1619
-2216
-2608
-2720
-2460
-1848
-981
-32
823
1425
1754
1898
1942
1912
1867
1887
1980
2091
2199
2317
2397
2344
2134
1861
1673
1696
1981
2501
3186
3988
4915
5909
6843
7557
7961
8019
7720
7101
6247
5229
4011
2533
776
-1143
-3079
-4878
-6511
-8027
-9521
-10961
-12177
-12964
-13211
-12911
-12125
-10976
-9572
-7975
-6191
-4298
-2380
-486
1377
3149
4729
6070
7130
7802
7965
7623
6899
5976
5027
4151
3312
2453
1609
875
263
-293
-820
-1294
-1662
-1869
-1864
-1662
-1327
-907
-428
74
568
1065
1552
1953
2196
2288
2284
2236
2161
2057
1892
1686
1523
1509
1662
1965
2406
3000
3717
4489
5256
5989
6653
7187
7540
7682
7584
7233
6635
5789
4651
3161
1323
-754
-2880
-4884
-6691
-8324
-9807
-11101
-12128
-12860
-13252
-13230
-12735
-11848
-10693
-9335
-7742
-5913
-3897
-1761
398
2444
4261
5805
7010
7779
8014
7738
7059
6175
5273
4468
3758
3112
2519
1925
1257
493
-269
-968
-1581
-2099
-2419
-2450
-2163
-1612
-910
-184
487
1092
1614
2012
2247
2345
2321
2211
2086
2041
2069
2098
2085
2073
2147
2354
2693
3108
3552
4037
4631
5374
6216
7024
7658
8015
8054
7749
7128
6217
5039
3568
1795
-181
-2177
-4061
-5804
-7436
-8968
-10389
-11645
-12653
-13305
-13521
-13275
-12598
-11553
-10189
-8548
-6647
-4540
-2326
-149
1879
3716
5361
6772
7857
8530
8749
8518
7880
6955
5910
4878
3877
2888
1928
1048
272
-387
-932
-1395
-1824
-2212
-2464
-2480
-2217
-1728
-1074
-343
409
1133
1797
2361
2768
2967
2930
2676
2263
1792
1368
1080
974
1088
1439
1990
2651
3329
3959
4517
5038
5579
6160
6745
7262
7626
7735
7530
7010
6180
4988
3376
1383
-836
-3090
-5208
-7072
-8661
-10040
-11276
-12340
-13137
-13561
-13564
-13151
-12389
-11326
-9931
-8165
-6073
-3782
-1405
955
3176
5139
6772
8012
8784
9048
8832
8244
7413
6470
5496
4496
3452
2374
1308
297
-626
-1429
-2107
-2672
-3119
-3375
-3377
-3119
-2652
-2014
-1250
-415
401
1132
1746
2244
2638
2904
2990
2870
2578
2194
1807
1490
1283
1226
1392
1843
2552
3397
4263
5101
5895
6600
7158
7520
7673
7631
7434
7086
6568
5848
4857
3503
1736
-343
-2551
-4710
-6712
-8508
-10087
-11455
-12566
-13319
-13628
-13467
-12868
-11906
-10659
-9166
-7419
-5411
-3192
-845
1515
3734
5666
7229
8382
9072
9260
8964
8268
7288
6160
5019
3923
2863
1819
802
-163
-1044
-1821
-2503
-3093
-3545
-3783
-3761
-3484
-2968
-2230
-1334
-373
583
1463
2188
2693
2997
3150
3176
3100
2966
2775
2481
2092
1741
1583
1674
2007
2560
3295
4127
4985
5822
6607
7275
7756
7979
7897
7505
6849
6002
5002
3824
2416
758
-1122
-3147
-5188
-7090
-8778
-10274
-11616
-12748
-13548
-13889
-13708
-13012
-11905
-10497
-8834
-6896
-4705
-2358
2
2203
4085
5591
6800
7784
8481
8750
8535
7914
7036
6037
4992
3906
2776
1626
521
-496
-1393
-2157
-2789
-3280
-3585
-3638
-3406
-2937
-2320
-1634
-921
-175
619
1446
2233
2895
3384
3708
3858
3822
3580
3147
2591
2042
1650
1528
1713
2183
2875
3691
4547
5378
6123
6719
7113
7278
7221
6963
6531
5952
5262
4486
3581
2441
978
-815
-2857
-5009
-7072
-8897
-10437
-11710
-12700
-13344
-13597
-13434
-12844
-11857
-10539
-8933
-7047
-4912
-2615
-264
2018
4088
5824
7197
8225
8904
9161
8950
8300
7344
6250
5144
4065
3018
2004
1013
11
-1009
-1984
-2817
-3422
-3751
-3796
-3587
-3158
-2550
-1801
-949
-33
907
1793
2546
3122
3525
3763
3851
3818
3682
3428
3045
2594
2191
1915
1797
1851
2122
2631
3342
4183
5045
5801
6351
6658
6733
6591
6226
5631
4864
4024
3162
2191
989
-497
-2213
-4072
-5963
-7762
-9382
-10803
-12013
-12940
-13488
-13560
-13092
-12089
-10676
-9008
-7166
-5153
-2999
-794
1343
3296
4963
6298
7339
8122
8594
8658
8286
7557
6591
5504
4367
3196
1995
782
-390
-1452
-2339
-3007
-3450
-3678
-3704
-3533
-3169
-2628
-1927
-1096
-173
805
1803
2791
3697
4402
4820
4936
4808
4485
4022
3470
2898
2381
1972
1722
1649
1776
2127
2683
3348
3997
4535
4936
5190
5279
5181
4898
4471
3954
3382
2742
1956
922
-414
-2031
-3847
-5750
-7590
-9256
-10692
-11895
-12807
-13335
-13400
-12974
-12100
-10851
-9314
-7539
-5543
-3357
-1065
1192
3273
5083
6590
7815
8776
9436
9701
9512
8913
8041
7026
5935
4783
3584
2358
1128
-68
-1169
-2093
-2779
-3213
-3434
-3460
-3270
-2824
-2159
-1325
-367
680
1736
2722
3593
4318
4828
5062
5022
4771
4355
3808
3188
2583
2054
1605
1249
1043
1062
1325
1770
2290
2796
3220
3535
3724
3794
3732
3533
3218
2831
2402
1914
1288
422
-742
-2181
-3826
-5593
-7359
-9024
-10522
-11814
-12778
-13278
-13224
-12642
-11618
-10251
-8631
-6815
-4825
-2698
-513
1630
3634
5414
6921
8146
9075
9615
9687
9317
8624
7701
6576
5284
3874
2407
925
-478
-1682
-2593
-3204
-3567
-3758
-3818
-3726
-3433
-2912
-2176
-1218
-70
1179
2412
3566
4587
5366
5773
5769
5422
4836
4106
3305
2483
1696
1031
568
324
280
434
770
1217
1666
2067
2442
2829
3213
3521
3682
3681
3556
3339
3026
2563
1837
740
-739
-2490
-4357
-6209
-7945
-9502
-10858
-11978
-12774
-13150
-13036
-12442
-11392
-9961
-8219
-6232
-4027
-1648
797
3160
5303
7136
8607
9700
10385
10622
10372
9675
8649
7426
6096
4706
3286
1866
487
-799
-1923
-2848
-3541
-3983
-4147
-4034
-3641
-2973
-2070
-983
217
1479
2737
3931
4998
5852
6380
6495
6203
5579
4719
3717
2677
1700
875
281
-50
-155
-113
31
283
621
995
1352
1683
1999
2309
2585
2775
2820
2722
2506
2170
1600
654
-699
-2352
-4161
-6011
-7787
-9392
-10769
-11899
-12710
-13123
-13094
-12641
-11765
-10494
-8889
-7017
-4904
-2594
-194
2186
4450
6517
8273
9638
10547
10932
10730
9987
8859
7529
6116
4674
3225
1790
422
-802
-1826
-2669
-3359
-3864
-4115
-4092
-3804
-3239
-2385
-1279
9
1407
2805
4079
5146
5947
6395
6399
5976
5244
4329
3322
2317
1388
590
-29
-437
-650
-735
-716
-538
-211
189
593
1027
1530
2079
2614
3060
3322
3360
3209
2917
2402
1523
222
-1397
-3185
-5022
-6797
-8433
-9893
-11159
-12126
-12711
-12857
-12577
-11840
-10648
-9056
-7162
-5025
-2688
-219
2297
4734
6973
8851
10285
11228
11641
11461
10702
9486
7979
6327
4645
3042
1559
232
-919
-1848
-2565
-3094
-3473
-3709
-3796
-3692
-3328
-2679
-1752
-587
775
2205
3543
4660
5477
5920
5916
5472
4665
3615
2443
1299
305
-466
-991
-1247
-1243
-1049
-792
-550
-317
-42
295
700
1211
1859
2611
3355
3948
4271
4283
4009
3456
2532
1161
-582
-2492
-4396
-6182
-7780
-9164
-10389
-11468
-12297
-12749
-12778
-12401
-11582
-10306
-8588
-6485
-4040
-1346
1443
4142
6574
8588
10080
11015
11369
11107
10245
8943
7432
5893
4405
3021
1748
543
-622
-1701
-2632
-3410
-4012
-4364
-4384
-4080
-3486
-2642
-1570
-329
1015
2358
3578
4566
5260
5652
5721
5474
4954
4240
3396
2490
1610
815
92
-553
-1058
-1340
-1399
-1278
-995
-564
-26
576
1230
1915
2573
3135
3550
3757
3714
3442
3011
2406
1514
249
-1325
-3076
-4895
-6675
-8310
-9739
-10974
-11959
-12545
-12607
-12168
-11299
-10046
-8440
-6547
-4411
-2055
457
2981
5370
7489
9211
10404
11017
11043
10488
9389
7894
6226
4568
3030
1675
516
-492
-1384
-2144
-2761
-3263
-3643
-3841
-3801
-3495
-2870
-1874
-580
823
2174
3413
4470
5195
5485
5385
4997
4401
3643
2789
1918
1097
381
-216
-715
-1125
-1424
-1594
-1658
-1620
-1434
-1049
-473
257
1101
1976
2756
3318
3605
3613
3368
2935
2387
1747
922
-221
-1703
-3400
-5143
-6806
-8306
-9598
-10691
-11560
-12074
-12067
-11505
-10469
-9045
-7272
-5177
-2824
-307
2221
4568
6614
8322
9660
10533
10861
10650
9961
8874
7491
5946
4389
2931
1641
518
-473
-1365
-2156
-2820
-3339
-3676
-3790
-3623
-3141
-2337
-1290
-129
1013
2093
3103
3987
4639
4949
4895
4535
3973
3288
2535
1747
980
304
-227
-617
-918
-1173
-1377
-1489
-1470
-1305
-1016
-610
-80
572
1279
1929
2415
2675
2702
2514
2139
1599
910
42
-1072
-2469
-4080
-5752
-7324
-8672
-9731
-10510
-11052
-11348
-11290
-10792
-9880
-8650
-7149
-5342
-3204
-806
1684
4066
6154
7841
9077
9846
10126
9908
9222
8159
6867
5529
4301
3254
2348
1496
645
-208
-1047
-1857
-2597
-3170
-3465
-3421
-3039
-2340
-1379
-263
864
1904
2816
3559
4080
4346
4378
4237
3969
3598
3143
2632
2106
1585
1091
621
168
-272
-662
-941
-1062
-1024
-856
-603
-320
-63
140
299
426
520
540
463
282
53
-168
-416
-860
-1705
-2997
-4541
-6027
-7222
-8065
-8639
-9042
-9322
-9413
-9202
-8614
-7678
-6496
-5122
-3514
-1610
531
2705
4692
6350
7600
8406
8801
8875
8695
8250
7549
6673
5759
4918
4173
3481
2754
1913
940
-111
-1124
-1965
-2548
-2845
-2864
-2628
-2183
-1610
-1007
-466
-40
278
549
842
1184
1531
1818
1993
2052
2018
1940
1836
1680
1438
1123
814
589
475
435
394
290
111
-120
-378
-663
-972
-1293
-1600
-1873
-2121
-2366
-2609
-2813
-2949
-3035
-3134
-3317
-3642
-4103
-4630
-5113
-5440
-5506
-5261
-4763
-4167
-3609
-3098
-2517
-1743
-743
400
1538
2533
3305
3838
4180
4407
4583
4725
4834
4896
4891
4779
4535
4171
3752
3369
3095
2922
2756
2494
2101
1604
1041
464
-44
-409
-620
-717
-732
-683
-604
-559
-589
-664
-721
-738
-738
-737
-706
-606
-433
-229
-38
126
279
428
550
641
730
825
895
867
686
338
-146
-708
-1314
-1965
-2644
-3258
-3700
-3936
-4024
-4044
-4037
-3982
-3879
-3761
-3693
-3686
-3688
-3599
-3341
-2886
-2260
-1526
-763
-18
704
1410
2077
2660
3144
3537
3842
4018
4032
3906
3719
3517
3310
3082
2839
2635
2526
2547
2656
2788
2879
2908
2866
2752
2550
2243
1841
1400
983
608
267
-52
-346
-618
-882
-1161
-1468
-1795
-2112
-2405
-2675
-2903
-3048
-3057
-2914
-2649
-2313
-1956
-1601
-1243
-870
-494
-152
103
247
270
174
-49
-390
-809
-1249
-1649
-1973
-2211
-2373
-2484
-2559
-2612
-2631
-2620
-2599
-2569
-2500
-2357
-2144
-1868
-1513
-1055
-514
75
684
1287
1856
2374
2832
3211
3462
3572
3577
3526
3435
3293
3109
2899
2687
2496
2349
2267
2252
2322
2475
2679
2878
3050
3189
3258
3196
2969
2597
2111
1545
935
346
-137
-454
-629
-754
-928
-1201
-1618
-2201
-2906
-3608
-4158
-4471
-4532
-4355
-3988
-3494
-2935
-2349
-1778
-1294
-962
-785
-707
-673
-646
-617
-586
-578
-627
-750
-956
-1265
-1672
-2107
-2461
-2661
-2703
-2594
-2361
-2048
-1732
-1463
-1239
-1029
-814
-598
-378
-122
218
664
1213
1843
2501
3109
3569
3828
3880
3771
3551
3257
2939
2668
2515
2485
2539
2632
2748
2878
2997
3088
3144
3171
3185
3184
3129
2984
2761
2493
2174
1765
1260
707
170
-326
-779
-1202
-1610
-2005
-2381
-2759
-3186
-3678
-4150
-4478
-4579
-4436
-4092
-3618
-3089
-2578
-2136
-1783
-1519
-1335
-1228
-1183
-1167
-1146
-1120
-1137
-1240
-1432
-1676
-1908
-2079
-2170
-2190
-2179
-2134
-2010
-1768
-1448
-1141
-919
-773
-665
-537
-329
-9
410
872
1362
1881
2401
2830
3082
3156
3111
3034
2964
2909
2838
2729
2598
2482
2428
2452
2540
2663
2797
2934
3054
3150
3223
3271
3241
3056
2693
2210
1707
1236
811
425
88
-211
-505
-831
-1198
-1584
-1973
-2355
-2731
-3073
-3329
-3454
-3435
-3286
-3023
-2674
-2286
-1931
-1653
-1462
-1340
-1273
-1256
-1287
-1331
-1346
-1309
-1269
-1301
-1449
-1707
-2034
-2381
-2656
-2754
-2617
-2281
-1834
-1341
-860
-457
-203
-107
-103
-96
-37
88
295
600
1011
1500
2030
2521
2870
2998
2901
2630
2275
1936
1670
1503
1439
1490
1655
1892
2153
2395
2593
2736
2836
2911
2960
2986
2975
2905
2747
2490
2131
1654
1061
413
-179
-650
-1028
-1367
-1692
-2003
-2301
-2580
-2818
-3019
-3179
-3256
-3183
-2936
-2577
-2181
-1795
-1438
-1147
-954
-856
-809
-758
-677
-579
-513
-533
-664
-900
-1224
-1600
-1972
-2288
-2518
-2637
-2612
-2421
-2097
-1695
-1262
-838
-479
-213
-11
192
449
753
1082
1412
1743
2095
2483
2882
3203
3346
3259
2976
2575
2146
1740
1391
1126
971
940
1028
1204
1424
1653
1880
2091
2265
2382
2450
2467
2413
2293
2151
2025
1869
1624
1276
865
420
-51
-551
-1075
-1602
-2107
-2559
-2919
-3150
-3247
-3250
-3201
-3095
-2923
-2694
-2444
-2184
-1918
-1643
-1368
-1089
-828
-616
-469
-397
-426
-601
-899
-1238
-1545
-1825
-2092
-2313
-2421
-2409
-2311
-2150
-1930
-1656
-1353
-1046
-758
-508
-293
-63
247
662
1154
1652
2117
2531
2885
3149
3282
3268
3109
2828
2453
2033
1629
1294
1040
868
798
863
1041
1248
1424
1572
1717
1858
1982
2105
2239
2352
2383
2306
2127
1861
1490
1027
533
78
-313
-676
-1053
-1458
-1879
-2285
-2621
-2844
-2952
-2987
-2981
-2939
-2842
-2667
-2400
-2054
-1682
-1359
-1133
-978
-820
-603
-335
-58
186
340
360
226
-26
-340
-673
-1004
-1308
-1522
-1589
-1491
-1282
-1027
-786
-599
-467
-350
-189
32
310
634
1019
1471
1968
2464
2898
3205
3309
3152
2759
2232
1693
1229
889
707
678
735
802
835
829
798
752
710
703
763
914
1123
1323
1443
1453
1351
1139
807
380
-79
-485
-790
-1002
-1175
-1344
-1523
-1717
-1933
-2188
-2480
-2777
-3015
-3118
-3043
-2803
-2447
-2049
-1671
-1340
-1061
-823
-627
-466
-331
-226
-147
-90
-36
16
28
-41
-200
-397
-577
-720
-850
-971
-1061
-1093
-1058
-971
-855
-713
-522
-256
77
446
823
1205
1588
1944
2234
2431
2523
2520
2449
2331
2176
1989
1798
1642
1544
1487
1457
1451
1469
1492
1486
1447
1398
1352
1309
1287
1303
1340
1344
1261
1058
733
316
-110
-448
-661
-797
-929
-1103
-1318
-1537
-1743
-1937
-2132
-2321
-2487
-2627
-2729
-2784
-2780
-2731
-2642
-2508
-2327
-2114
-1889
-1669
-1458
-1248
-1041
-835
-627
-417
-221
-76
18
71
95
90
71
75
115
172
225
269
315
364
412
483
617
831
1088
1324
1507
1653
1804
1977
2162
2318
2412
2430
2377
2269
2131
1985
1861
1796
1808
1872
1933
1960
1951
1894
1770
1573
1335
1089
840
584
311
41
-215
-451
-671
-883
-1086
-1263
-1401
-1503
-1590
-1673
-1743
-1809
-1905
-2041
-2188
-2308
-2393
-2455
-2501
-2536
-2559
-2557
-2530
-2482
-2421
-2347
-2244
-2102
-1900
-1636
-1333
-1043
-803
-609
-459
-353
-296
-258
-210
-134
-36
103
314
572
825
1016
1136
1195
1229
1268
1314
1331
1313
1309
1371
1497
1651
1814
1969
2098
2188
2246
2284
2305
2296
2258
2219
2201
2220
2260
2310
2348
2356
2316
2192
1944
1562
1099
645
258
-43
-278
-476
-669
-878
-1093
-1282
-1418
-1489
-1523
-1550
-1582
-1632
-1708
-1816
-1938
-2073
-2195
-2279
-2309
-2321
-2362
-2437
-2516
-2567
-2581
-2572
-2542
-2470
-2336
-2150
-1944
-1745
-1552
-1358
-1170
-1006
-863
-701
-494
-252
-14
211
428
630
809
974
1146
1320
1468
1551
1554
1502
1429
1370
1325
1294
1276
1298
1391
1550
1736
1887
1982
2035
2072
2131
2225
2346
2462
2562
2671
2792
2893
2911
2820
2617
2317
1938
1523
1111
738
421
161
-58
-267
-466
-640
-794
-960
-1143
-1321
-1476
-1602
-1706
-1791
-1873
-1946
-2011
-2081
-2184
-2309
-2418
-2506
-2600
-2714
-2823
-2897
-2924
-2898
-2807
-2654
-2478
-2321
-2174
-1996
-1769
-1521
-1282
-1045
-819
-605
-368
-57
328
714
1033
1252
1384
1443
1457
1443
1413
1370
1328
1306
1316
1347
1389
1446
1518
1583
1616
1624
1633
1671
1728
1787
1854
1967
2137
2319
2441
2478
2455
2417
2374
2293
2118
1799
1357
870
422
44
-283
-576
-848
-1101
-1334
-1556
-1778
-1990
-2142
-2183
-2125
-2023
-1928
-1854
-1802
-1781
-1786
-1800
-1815
-1848
-1927
-2043
-2164
-2250
-2284
-2274
-2237
-2170
-2060
-1909
-1755
-1619
-1498
-1378
-1244
-1082
-866
-582
-249
93
432
772
1135
1496
1803
2016
2134
2171
2130
2039
1947
1887
1851
1832
1851
1907
1959
1952
1883
1790
1703
1651
1653
1724
1845
1983
2123
2260
2392
2497
2549
2530
2438
2269
2020
1707
1364
1011
642
271
-73
-364
-613
-855
-1113
-1377
-1617
-1820
-1976
-2089
-2158
-2197
-2232
-2253
-2239
-2176
-2094
-2019
-1969
-1965
-2018
-2110
-2190
-2227
-2218
-2199
-2201
-2234
-2266
-2262
-2211
-2124
-2021
-1921
-1819
-1678
-1481
-1236
-956
-645
-309
33
385
756
1123
1435
1650
1771
1818
1792
1709
1607
1524
1470
1428
1389
1359
1338
1311
1253
1178
1103
1047
1018
1043
1135
1287
1454
1605
1734
1849
1942
1985
1957
1873
1783
1716
1647
1538
1362
1107
781
435
118
-172
-462
-753
-1015
-1239
-1427
-1565
-1631
-1609
-1522
-1416
-1347
-1350
-1420
-1515
-1598
-1658
-1702
-1732
-1728
-1677
-1587
-1480
-1378
-1288
-1201
-1130
-1100
-1116
-1144
-1129
-1033
-863
-642
-405
-176
21
179
318
460
613
754
873
978
1093
1224
1339
1407
1427
1417
1394
1352
1306
1276
1273
1269
1230
1159
1086
1061
1097
1177
1271
1365
1475
1598
1714
1776
1769
1697
1593
1481
1355
1208
1039
850
631
357
24
-344
-703
-1008
-1247
-1427
-1562
-1654
-1716
-1754
-1768
-1759
-1746
-1757
-1798
-1856
-1927
-2004
-2060
-2071
-2034
-1977
-1934
-1928
-1942
-1944
-1916
-1868
-1809
-1745
-1681
-1625
-1555
-1429
-1212
-945
-685
-446
-198
84
388
697
988
1244
1447
1607
1739
1844
1911
1939
1935
1907
1841
1746
1638
1530
1423
1326
1264
1237
1230
1241
1280
1338
1401
1458
1523
1604
1701
1797
1880
1943
1963
1911
1765
1546
1301
1063
844
621
358
43
-291
-588
-840
-1080
-1344
-1610
-1816
-1931
-1970
-1951
-1893
-1822
-1767
-1729
-1686
-1629
-1576
-1538
-1502
-1475
-1480
-1524
-1575
-1597
-1597
-1603
-1615
-1616
-1608
-1613
-1637
-1646
-1585
-1424
-1168
-870
-582
-319
-41
280
629
962
1237
1432
1543
1609
1676
1740
1759
1714
1639
1564
1485
1387
1264
1123
969
820
718
695
750
832
896
935
986
1079
1214
1380
1561
1745
1893
1992
2027
1989
1873
1688
1461
1210
941
642
295
-103
-521
-906
-1224
-1474
-1676
-1845
-1993
-2132
-2246
-2313
-2313
-2252
-2149
-2018
-1883
-1758
-1650
-1557
-1469
-1396
-1365
-1380
-1426
-1478
-1522
-1541
-1516
-1431
-1305
-1176
-1085
-1043
-1015
-949
-802
-575
-279
63
433
805
1151
1456
1727
1984
2210
2366
2418
2372
2269
2157
2057
1959
1841
1701
1553
1405
1265
1138
1031
937
846
767
722
736
816
940
1072
1176
1230
1249
1258
1274
1277
1242
1146
977
747
481
197
-110
-419
-694
-904
-1057
-1196
-1350
-1527
-1701
-1851
-1963
-2045
-2095
-2095
-2020
-1892
-1751
-1636
-1566
-1537
-1552
-1586
-1627
-1663
-1693
-1710
-1701
-1661
-1598
-1529
-1459
-1380
-1289
-1198
-1112
-1032
-944
-821
-619
-316
67
462
824
1144
1435
1680
1842
1900
1868
1780
1683
1616
1604
1630
1643
1604
1500
1356
1193
1049
950
895
870
879
920
983
1063
1163
1281
1394
1503
1604
1693
1722
1654
1508
1355
1256
1190
1110
977
789
544
236
-119
-492
-854
-1178
-1429
-1599
-1700
-1752
-1761
-1728
-1661
-1572
-1489
-1437
-1432
-1470
-1548
-1664
-1791
-1880
-1906
-1891
-1856
-1814
-1763
-1717
-1666
-1607
-1566
-1557
-1539
-1452
-1291
-1089
-870
-629
-361
-73
232
538
824
1084
1315
1517
1675
1797
1901
1991
2068
2116
2117
2064
1971
1867
1770
1678
1584
1493
1397
1300
1198
1115
1077
1096
1152
1212
1254
1260
1225
1177
1150
1154
1163
1128
1032
868
669
463
249
9
-258
-514
-731
-907
-1055
-1195
-1353
-1534
-1708
-1835
-1904
-1942
-1961
-1961
-1939
-1908
-1889
-1887
-1892
-1901
-1912
-1935
-1966
-1995
-2006
-1973
-1889
-1761
-1614
-1478
-1380
-1326
-1300
-1277
-1237
-1148
-985
-732
-422
-88
250
576
861
1098
1290
1441
1535
1578
1607
1654
1724
1807
1899
1984
2036
2029
1962
1841
1687
1523
1376
1258
1183
1155
1192
1301
1453
1576
1583
1472
1313
1174
1072
995
948
917
879
821
752
672
567
424
249
52
-156
-350
-492
-573
-631
-723
-861
-1029
-1193
-1328
-1413
-1447
-1459
-1482
-1541
-1639
-1766
-1902
-2017
-2071
-2047
-1973
-1885
-1802
-1716
-1625
-1533
-1446
-1362
-1272
-1176
-1066
-942
-806
-658
-496
-322
-127
107
383
693
986
1212
1351
1423
1475
1501
1498
1483
1490
1517
1537
1539
1521
1475
1395
1303
1244
1229
1228
1217
1206
1213
1247
1298
1347
1369
1331
1231
1110
1016
956
893
813
722
650
597
541
446
290
75
-180
-457
-738
-1010
-1242
-1416
-1525
-1577
-1588
-1573
-1548
-1537
-1550
-1581
-1613
-1641
-1693
-1780
-1883
-1964
-2006
-2022
-2015
-1986
-1949
-1913
-1870
-1797
-1715
-1646
-1578
-1455
-1238
-957
-661
-384
-138
78
278
491
739
994
1201
1326
1412
1503
1596
1663
1687
1694
1710
1733
1741
1701
1615
1525
1475
1466
1453
1406
1342
1317
1349
1413
1460
1471
1434
1346
1217
1072
953
872
817
762
704
653
615
573
504
396
246
74
-98
-249
-377
-479
-557
-631
-726
-846
-969
-1073
-1166
-1275
-1412
-1560
-1677
-1738
-1758
-1758
-1753
-1738
-1715
-1699
-1692
-1689
-1679
-1650
-1596
-1520
-1427
-1302
-1131
-924
-707
-485
-252
5
255
451
585
717
903
1114
1282
1366
1379
1360
1325
1286
1230
1137
1016
894
806
758
742
754
784
822
849
849
813
751
703
706
762
834
870
843
758
661
587
530
464
390
335
316
297
220
74
-89
-207
-289
-385
-524
-667
-771
-832
-884
-944
-1006
-1048
-1061
-1050
-1043
-1063
-1103
-1136
-1147
-1160
-1197
-1252
-1305
-1354
-1405
-1445
-1450
-1411
-1343
-1261
-1159
-1011
-826
-640
-495
-370
-212
8
262
497
688
840
955
1050
1139
1230
1321
1399
1457
1502
1542
1575
1590
1587
1576
1565
1543
1498
1424
1340
1273
1213
1113
950
780
668
613
566
496
425
383
385
428
494
541
524
426
274
127
9
-100
-248
-444
-650
-830
-970
-1064
-1102
-1103
-1115
-1152
-1183
-1173
-1144
-1144
-1215
-1347
-1487
-1581
-1612
-1615
-1627
-1666
-1708
-1719
-1677
-1593
-1487
-1370
-1246
-1119
-1004
-914
-850
-793
-713
-576
-369
-113
154
408
637
834
991
1109
1200
1276
1333
1361
1347
1303
1270
1272
1304
1328
1325
1297
1261
1234
1220
1224
1238
1246
1222
1175
1137
1120
1120
1115
1090
1038
965
889
828
777
719
630
508
374
258
181
126
49
-69
-203
-318
-410
-503
-615
-741
-869
-998
-1121
-1227
-1295
-1325
-1333
-1334
-1333
-1325
-1319
-1318
-1343
-1394
-1443
-1435
-1352
-1229
-1126
-1066
-1027
-977
-905
-834
-772
-694
-588
-461
-318
-143
72
297
496
641
745
830
911
964
983
993
1027
1082
1130
1162
1178
1201
1241
1297
1340
1348
1306
1201
1020
799
612
498
456
450
458
453
430
399
378
360
339
344
393
460
493
488
461
418
341
225
88
-42
-165
-282
-406
-539
-684
-823
-926
-980
-1009
-1050
-1117
-1203
-1318
-1464
-1616
-1728
-1784
-1798
-1773
-1712
-1620
-1517
-1400
-1265
-1123
-1000
-910
-840
-764
-667
-549
-413
-258
-85
92
252
366
428
462
502
564
639
712
780
844
891
898
851
759
668
637
679
750
802
833
867
919
991
1082
1152
1157
1092
1017
978
960
928
878
843
835
845
859
866
845
781
650
471
290
169
128
126
122
101
81
54
-18
-144
-295
-433
-554
-677
-807
-937
-1054
-1148
-1212
-1256
-1320
-1430
-1562
-1669
-1728
-1750
-1727
-1622
-1425
-1182
-969
-820
-730
-669
-608
-521
-401
-269
-161
-66
70
279
538
790
999
1135
1180
1145
1059
941
804
697
668
716
794
861
899
894
859
830
844
874
876
849
854
917
993
1024
1001
970
947
919
850
742
631
540
474
420
384
363
340
279
159
1
-168
-326
-469
-571
-614
-613
-618
-670
-785
-961
-1170
-1351
-1452
-1484
-1500
-1516
-1518
-1505
-1513
-1556
-1610
-1642
-1655
-1652
-1608
-1482
-1290
-1114
-1013
-953
-869
-744
-620
-536
-472
-390
-266
-111
62
246
424
589
716
809
879
924
947
943
946
965
995
1010
1009
1019
1043
1070
1068
1036
964
863
775
760
836
938
1017
1050
1061
1049
1012
959
916
895
885
870
858
864
894
919
896
804
655
486
320
156
-5
-168
-323
-457
-568
-656
-735
-823
-943
-1094
-1255
-1393
-1481
-1502
-1460
-1386
-1306
-1233
-1164
-1130
-1166
-1270
-1370
-1404
-1360
-1265
-1141
-987
-802
-587
-357
-145
4
80
125
174
240
307
362
405
439
478
525
597
695
809
891
919
894
832
743
645
575
551
581
673
818
971
1075
1098
1042
921
759
612
540
541
583
626
666
701
719
704
649
562
459
355
254
151
55
-20
-64
-91
-141
-224
-318
-395
-478
-600
-752
-885
-971
-1002
-990
-950
-914
-900
-908
-939
-1013
-1138
-1290
-1423
-1486
-1456
-1341
-1171
-971
-760
-582
-493
-510
-594
-673
-698
-640
-494
-260
27
333
603
786
844
800
708
608
525
488
527
625
730
786
768
688
606
564
549
514
449
406
436
539
662
765
831
865
866
835
763
662
560
493
472
485
512
534
528
463
336
182
31
-131
-321
-502
-607
-621
-603
-607
-628
-655
-685
-737
-813
-893
-963
-1026
-1093
-1139
-1124
-1039
-918
-823
-790
-815
-863
-907
-950
-994
-1030
-1032
-976
-859
-688
-502
-331
-200
-92
20
149
282
385
463
541
639
761
903
1046
1155
1215
1231
1238
1244
1237
1198
1135
1086
1081
1119
1169
1195
1178
1126
1073
1047
1043
1017
949
864
809
823
879
924
913
839
723
579
439
332
286
290
291
250
166
74
-25
-152
-324
-516
-689
-827
-939
-1045
-1146
-1227
-1276
-1289
-1300
-1343
-1432
-1543
-1620
-1638
-1595
-1515
-1428
-1351
-1264
-1161
-1068
-1039
-1063
-1080
-1028
-907
-771
-655
-561
-457
-299
-73
190
407
492
439
345
339
454
615
708
692
618
579
638
770
892
899
754
529
361
329
407
517
610
675
728
777
793
728
560
347
185
129
188
314
440
503
511
526
577
627
605
505
359
219
106
14
-87
-209
-336
-437
-506
-561
-641
-765
-894
-960
-935
-859
-791
-778
-823
-910
-1027
-1172
-1320
-1373
-1247
-982
-752
-721
-908
-1152
-1229
-1017
-591
-153
138
260
333
475
720
998
1243
1436
1576
1647
1636
1535
1355
1092
766
429
157
-10
-110
-213
-365
-525
-619
-590
-434
-174
157
518
855
1128
1342
1538
1735
1904
1990
1946
1751
1434
1067
716
401
103
-168
-380
-525
-640
-751
-840
-885
-886
-855
-760
-575
-308
-16
240
425
542
616
653
629
500
274
20
-171
-265
-318
-409
-566
-769
-969
-1128
-1226
-1282
-1328
-1346
-1279
-1107
-886
-697
-557
-445
-347
-274
-231
-211
-221
-272
-371
-505
-632
-692
-680
-675
-772
-955
-1106
-1119
-978
-749
-526
-354
-207
-55
91
208
310
415
518
590
614
590
549
525
542
599
679
745
755
715
691
774
1005
1356
1757
2160
2555
2923
3178
3212
2984
2572
2127
1787
1605
1547
1515
1464
1341
975
13
-1763
-4041
-5993
-6794
-6199
-4721
-3362
-2927
-3419
-4045
-3934
-2803
-986
998
2782
4164
4955
4937
4015
2478
981
108
-115
-249
-949
-2436
-4387
-6192
-7266
-7256
-6078
-3892
-1136
1522
3349
3959
3602
3014
2907
3467
4277
4661
4182
2908
1245
-409
-1797
-2670
-2777
-2036
-669
884
2168
2947
3303
3511
3817
4310
4949
5588
5997
5946
5337
4246
2916
1606
325
-1236
-3312
-5576
-7159
-7355
-6209
-4584
-3556
-3643
-4383
-4702
-3842
-1905
395
2408
3857
4702
4859
4212
2851
1216
-124
-892
-1360
-2125
-3583
-5525
-7265
-8093
-7666
-6096
-3759
-1106
1389
3226
4028
3808
3026
2316
2094
2356
2665
2412
1234
-737
-2919
-4599
-5216
-4609
-3068
-1174
504
1675
2396
2965
3620
4349
4941
5250
5290
5127
4753
4102
3148
1991
899
179
-16
197
477
369
-455
-1902
-3383
-4169
-3885
-2751
-1485
-877
-1244
-2146
-2744
-2446
-1260
359
1858
2823
3062
2608
1676
623
-173
-483
-382
-250
-586
-1675
-3340
-4976
-5872
-5574
-4108
-1945
247
1902
2743
2805
2387
1899
1671
1794
2068
2097
1490
118
-1743
-3506
-4504
-4303
-2993
-1193
321
1127
1320
1326
1535
2085
2871
3719
4525
5127
5238
4634
3452
2184
1347
1155
1384
1449
681
-1159
-3566
-5482
-5975
-4815
-2686
-880
-463
-1446
-2721
-2997
-1779
434
2694
4237
4764
4368
3321
1955
667
-129
-267
-46
-163
-1212
-3200
-5439
-6937
-6945
-5326
-2570
438
2813
3999
3960
3119
2115
1456
1258
1258
1056
396
-754
-2198
-3604
-4612
-4972
-4600
-3586
-2149
-598
769
1779
2453
2951
3428
3887
4182
4158
3807
3270
2691
2104
1505
957
617
574
647
324
-876
-2825
-4617
-5162
-4083
-2094
-573
-519
-1762
-3090
-3249
-1894
320
2411
3760
4270
4061
3228
1969
733
36
-1
169
-181
-1495
-3584
-5703
-6957
-6733
-4959
-2115
933
3254
4300
4186
3565
3112
3085
3235
3096
2365
1083
-495
-2100
-3529
-4553
-4859
-4215
-2688
-743
965
1947
2181
2110
2313
3050
4049
4698
4520
3537
2239
1196
692
664
897
1185
1418
1525
1303
383
-1412
-3608
-5213
-5406
-4175
-2388
-1319
-1727
-3155
-4209
-3746
-1732
909
3074
4112
4019
3207
2150
1254
838
1005
1366
1167
-188
-2604
-5261
-7074
-7295
-5827
-3121
41
2755
4243
4219
3101
1798
1185
1558
2449
2952
2388
747
-1392
-3231
-4166
-4012
-2987
-1520
-2
1262
2101
2482
2488
2287
2089
2079
2260
2459
2469
2171
1581
860
258
-58
-53
248
822
1415
1445
315
-1948
-4445
-5901
-5600
-3940
-2270
-1861
-2862
-4136
-4273
-2769
-234
2226
3839
4459
4328
3669
2641
1556
836
588
348
-550
-2354
-4609
-6441
-7041
-6092
-3846
-984
1668
3418
4002
3723
3262
3209
3646
4153
4129
3203
1435
-735
-2699
-3896
-3981
-2979
-1308
404
1597
2003
1783
1442
1542
2288
3402
4292
4470
3837
2714
1593
856
610
723
991
1257
1474
1592
1376
364
-1685
-4259
-6160
-6349
-4778
-2546
-1230
-1701
-3367
-4629
-4263
-2293
276
2369
3424
3470
2790
1689
507
-307
-464
-244
-416
-1647
-3915
-6394
-7890
-7556
-5336
-1934
1583
4162
5148
4593
3230
2056
1761
2355
3188
3351
2274
91
-2471
-4420
-4960
-3907
-1772
579
2416
3313
3258
2675
2280
2613
3651
4808
5275
4566
2879
992
-270
-540
-31
754
1431
1906
2267
2523
2421
1542
-287
-2598
-4437
-5026
-4366
-3316
-3046
-4067
-5625
-6227
-4934
-2164
767
2715
3381
3188
2638
1948
1201
628
406
260
-454
-2142
-4511
-6675
-7673
-7036
-4998
-2281
332
2264
3240
3389
3215
3271
3782
4498
4834
4179
2357
-181
-2608
-4217
-4665
-3985
-2524
-799
661
1446
1434
1025
990
1892
3516
5014
5536
4858
3493
2269
1730
1878
2343
2744
2875
2706
2317
1703
662
-1044
-3205
-4995
-5464
-4351
-2412
-1053
-1274
-2811
-4175
-3878
-1668
1315
3560
4312
3849
2885
1868
906
74
-465
-773
-1299
-2557
-4544
-6542
-7544
-6959
-4977
-2339
158
2009
3049
3390
3358
3346
3571
3877
3773
2770
818
-1545
-3510
-4535
-4581
-3957
-3027
-2040
-1140
-450
-68
99
388
1161
2457
3859
4691
4443
3195
1605
460
117
401
942
1490
1980
2392
2672
2650
1987
406
-1837
-3850
-4666
-4001
-2507
-1439
-1794
-3410
-4866
-4577
-2205
1102
3708
4747
4448
3570
2670
1903
1296
910
684
252
-851
-2752
-4965
-6612
-6925
-5689
-3320
-634
1550
2791
3196
3248
3380
3674
3896
3701
2850
1345
-516
-2222
-3275
-3425
-2830
-1937
-1160
-647
-346
-166
3
339
995
1927
2810
3168
2728
1761
940
795
1318
2075
2637
2837
2751
2492
2162
1798
1215
-32
-2192
-4747
-6510
-6492
-4798
-2805
-2175
-3338
-4925
-4979
-2741
770
3786
5207
5154
4404
3469
2371
1139
102
-471
-837
-1593
-3094
-5036
-6554
-6788
-5456
-3038
-393
1752
3110
3829
4254
4609
4840
4754
4185
3075
1524
-189
-1669
-2595
-2830
-2473
-1832
-1256
-909
-726
-475
95
1110
2392
3474
3872
3404
2384
1482
1252
1655
2149
2250
1927
1485
1194
1131
1218
1279
972
-146
-2156
-4383
-5667
-5276
-3619
-2147
-2200
-3736
-5207
-4960
-2678
490
3029
4160
4111
3531
2787
1897
933
134
-468
-1198
-2401
-4041
-5633
-6513
-6193
-4668
-2414
-90
1792
3028
3720
4143
4514
4793
4738
4107
2851
1151
-628
-2092
-2991
-3272
-3051
-2555
-2003
-1514
-1060
-526
213
1216
2378
3408
3906
3576
2540
1425
928
1201
1775
2075
1928
1596
1430
1555
1833
1971
1561
195
-2122
-4628
-6118
-5806
-4034
-2187
-1701
-2805
-4207
-4281
-2527
158
2463
3693
3961
3683
3028
1971
694
-326
-841
-1177
-1899
-3224
-4774
-5859
-5887
-4730
-2762
-543
1473
3029
3989
4359
4306
4032
3618
2997
2054
806
-521
-1604
-2295
-2660
-2788
-2621
-2036
-1094
-103
620
1095
1677
2618
3676
4211
3721
2405
1123
718
1223
1896
1976
1388
707
544
1030
1826
2543
2880
2428
744
-1996
-4660
-5805
-4850
-2660
-1014
-1247
-3088
-4825
-4789
-2727
207
2559
3603
3475
2661
1545
447
-222
-180
304
438
-471
-2398
-4580
-6018
-6063
-4714
-2483
-44
2039
3426
4076
4242
4243
4173
3849
3062
1777
190
-1357
-2545
-3234
-3448
-3250
-2700
-1897
-998
-99
801
1757
2746
3588
3983
3679
2756
1681
1001
921
1163
1222
791
62
-407
-163
799
2095
3287
4005
3854
2425
-281
-3395
-5473
-5525
-3853
-1946
-1426
-2800
-4974
-6091
-4980
-1964
1492
3789
4143
2887
1020
-512
-1191
-984
-333
37
-490
-2075
-4336
-6452
-7458
-6792
-4591
-1576
1344
3432
4443
4689
4642
4478
4076
3300
2123
598
-1089
-2642
-3778
-4345
-4285
-3645
-2607
-1363
11
1488
2932
4112
4789
4814
4224
3296
2456
2024
2043
2247
2219
1719
979
602
1080
2367
3869
4865
4991
4279
2835
698
-1844
-4052
-5089
-4677
-3423
-2549
-3006
-4509
-5559
-4695
-1842
1571
3720
3758
2292
676
-197
-324
-141
18
-89
-735
-2131
-4141
-6120
-7147
-6561
-4424
-1487
1289
3234
4173
4334
4113
3817
3493
2963
1995
526
-1220
-2802
-3832
-4205
-4090
-3646
-2842
-1554
158
1920
3216
3730
3605
3283
3070
2882
2460
1764
1073
731
787
920
773
418
430
1305
2841
4198
4631
4123
3250
2459
1488
-271
-2863
-5315
-6301
-5328
-3290
-1891
-2208
-3728
-4840
-4330
-2344
-43
1468
1906
1762
1612
1578
1423
999
321
-628
-1934
-3512
-4981
-5843
-5733
-4571
-2552
-96
2281
4084
4999
5011
4405
3555
2658
1681
497
-923
-2429
-3739
-4610
-4912
-4593
-3628
-2107
-336
1245
2249
2591
2499
2329
2290
2358
2376
2172
1653
861
32
-498
-455
198
1236
2253
2925
3230
3385
3601
3864
3999
3744
2803
1000
-1416
-3654
-4787
-4403
-3010
-1810
-1927
-3497
-5421
-6118
-4758
-1800
1416
3632
4369
3933
2907
1691
540
-322
-793
-1051
-1446
-2219
-3258
-4083
-4107
-3040
-1083
1214
3218
4462
4847
4637
4199
3647
2777
1342
-605
-2605
-4032
-4506
-4174
-3500
-2872
-2326
-1715
-964
-136
693
1519
2313
2935
3190
2970
2317
1428
629
242
361
787
1163
1216
918
532
432
845
1676
2613
3342
3727
3826
3719
3251
2012
-244
-3099
-5520
-6568
-6095
-4910
-4195
-4489
-5110
-4749
-2797
27
2305
3107
2599
1729
1301
1382
1539
1467
1160
604
-342
-1743
-3341
-4564
-4775
-3747
-1852
183
1781
2727
3083
3033
2744
2284
1665
957
228
-563
-1553
-2724
-3803
-4383
-4203
-3353
-2220
-1194
-358
456
1368
2221
2726
2706
2273
1740
1361
1169
1025
859
710
635
650
799
1171
1844
2806
3905
4854
5331
5137
4329
3193
2037
884
-595
-2665
-4943
-6464
-6419
-4898
-2980
-2038
-2635
-3963
-4518
-3460
-1222
1077
2602
3243
3421
3503
3426
2917
1960
899
24
-703
-1531
-2616
-3817
-4701
-4750
-3763
-1974
100
1938
3161
3630
3454
2799
1764
476
-827
-1957
-2862
-3536
-3923
-3967
-3653
-2994
-2065
-991
116
1158
1987
2468
2590
2489
2325
2182
2035
1813
1555
1452
1664
2050
2274
2146
1850
1775
2156
2862
3469
3583
3133
2422
1912
1906
2309
2552
1820
-338
-3441
-6199
-7362
-6596
-4700
-3087
-2708
-3273
-3547
-2525
-291
2162
3762
4096
3548
2771
2066
1334
492
-332
-1061
-1838
-2943
-4492
-6172
-7190
-6726
-4603
-1522
1411
3366
4162
4147
3748
3104
2131
878
-411
-1513
-2411
-3195
-3871
-4236
-3963
-2876
-1228
401
1504
1980
2134
2386
2922
3530
3799
3492
2714
1791
1033
578
412
463
679
949
1088
1008
863
969
1492
2307
3068
3460
3363
2872
2174
1506
1090
925
591
-505
-2432
-4445
-5500
-5130
-3854
-2901
-3295
-4913
-6410
-6298
-4137
-693
2735
5074
5871
5256
3694
1796
231
-563
-749
-976
-1788
-3197
-4763
-5851
-5877
-4585
-2232
520
2873
4144
4055
2930
1488
359
-212
-307
-258
-506
-1276
-2352
-3215
-3382
-2648
-1250
207
1164
1530
1682
2036
2676
3298
3479
3052
2258
1519
1129
1134
1379
1570
1473
1139
851
815
985
1232
1543
1961
2458
2885
3083
3030
2944
3088
3466
3750
3567
2750
1268
-870
-3513
-6141
-7932
-8206
-6950
-4999
-3566
-3307
-3775
-3805
-2554
-188
2246
3675
3783
3079
2249
1608
1128
696
204
-527
-1686
-3306
-5094
-6475
-6865
-6044
-4273
-2080
66
1940
3468
4559
5014
4678
3644
2273
889
-467
-1925
-3447
-4680
-5176
-4756
-3638
-2227
-814
507
1712
2776
3687
4478
5155
5646
5799
5492
4786
3938
3214
2638
2048
1319
499
-276
-918
-1363
-1434
-890
353
1956
3291
3814
3443
2606
1919
1756
2032
2390
2488
2157
1277
-364
-2896
-5966
-8608
-9753
-8994
-6925
-4786
-3599
-3406
-3294
-2249
-60
2522
4396
4910
4176
2799
1330
49
-944
-1596
-1967
-2279
-2789
-3602
-4560
-5294
-5354
-4440
-2588
-207
2105
3805
4591
4439
3613
2493
1435
564
-289
-1443
-2972
-4402
-4954
-4109
-2047
504
2748
4293
5202
5765
6116
6161
5740
4822
3469
1743
-244
-2157
-3372
-3282
-1802
365
2165
2973
3008
2938
3251
3889
4358
4189
3332
2143
1014
95
-660
-1297
-1722
-1748
-1259
-436
280
505
224
-259
-707
-1317
-2575
-4618
-6758
-7810
-7061
-4937
-2832
-2033
-2634
-3376
-2726
-270
2879
4992
5105
3590
1636
205
-498
-779
-921
-989
-1077
-1446
-2302
-3433
-4135
-3656
-1864
482
2221
2728
2321
1858
1953
2501
2902
2621
1623
229
-1196
-2387
-3127
-3223
-2624
-1528
-384
361
606
718
1204
2278
3699
4997
5767
5826
5219
4169
2980
1938
1227
885
735
487
-56
-821
-1525
-1892
-1753
-1092
-22
1232
2413
3261
3583
3286
2476
1453
582
64
-228
-650
-1518
-2848
-4281
-5258
-5429
-5019
-4703
-4963
-5553
-5667
-4695
-2882
-1275
-850
-1535
-2170
-1528
570
3174
5035
5537
4934
3920
3027
2389
1870
1248
281
-1195
-3034
-4766
-5840
-5914
-5011
-3485
-1824
-327
997
2205
3176
3669
3563
2981
2196
1397
525
-601
-1920
-2979
-3267
-2667
-1535
-381
504
1152
1762
2464
3223
3934
4498
4803
4705
4120
3133
1985
1012
449
235
24
-489
-1271
-1995
-2312
-2055
-1322
-423
310
729
874
812
516
-90
-1004
-2064
-2948
-3293
-2910
-1902
-575
718
1703
2227
2333
2237
2203
2281
2066
882
-1523
-4388
-6306
-6287
-4580
-2492
-1377
-1498
-1883
-1309
524
2848
4640
5397
5263
4575
3460
1899
105
-1374
-2144
-2372
-2634
-3319
-4269
-4877
-4585
-3374
-1814
-615
-64
47
136
521
1259
2179
2990
3453
3428
2854
1812
542
-638
-1530
-2129
-2528
-2773
-2798
-2449
-1608
-306
1229
2639
3593
3923
3712
3261
2868
2577
2089
1018
-701
-2582
-3839
-3957
-3059
-1722
-486
452
1177
1779
2256
2595
2892
3239
3507
3366
2584
1373
332
33
547
1396
1961
1945
1471
877
438
302
493
810
752
-168
-1826
-3345
-3754
-2860
-1505
-959
-1838
-3483
-4455
-3788
-1731
634
2348
3128
3241
3009
2534
1827
1006
187
-794
-2243
-4179
-6102
-7272
-7166
-5849
-3982
-2391
-1450
-912
-298
650
1817
2827
3279
2990
2034
597
-1088
-2674
-3712
-3902
-3268
-2168
-1139
-602
-583
-711
-556
50
941
1760
2206
2231
2060
1974
2129
2453
2702
2588
2022
1225
531
61
-328
-713
-835
-254
1156
2883
4044
4060
3186
2322
2261
2996
3768
3738
2706
1238
141
-181
100
604
1144
1699
2134
2136
1554
717
237
316
316
-713
-2936
-5286
-6266
-5252
-3118
-1580
-1719
-3004
-3808
-2952
-745
1382
2161
1496
359
-218
26
666
1123
1013
188
-1237
-2919
-4446
-5464
-5777
-5411
-4613
-3678
-2763
-1877
-912
255
1630
2962
3875
4114
3651
2649
1394
216
-697
-1358
-1859
-2220
-2357
-2144
-1484
-442
788
2000
3079
3910
4307
4191
3698
3107
2603
2235
1962
1723
1477
1190
809
261
-386
-846
-781
-161
636
1080
898
318
-78
220
1259
2622
3698
3986
3334
2019
588
-427
-719
-307
448
1020
1054
570
-131
-685
-808
-403
345
900
562
-1051
-3479
-5541
-6176
-5313
-3925
-3265
-3884
-5187
-5936
-5344
-3676
-1851
-541
229
779
1280
1619
1688
1623
1640
1640
1170
-114
-2012
-3857
-4969
-5067
-4401
-3516
-2784
-2157
-1381
-366
770
1855
2789
3532
4050
4239
3948
3167
2147
1212
504
-49
-549
-969
-1194
-1097
-663
15
795
1590
2369
3096
3688
4016
3977
3579
3022
2584
2395
2317
2089
1551
739
-94
-601
-581
-161
299
528
507
403
427
716
1269
1955
2565
2863
2643
1876
790
-205
-758
-782
-493
-221
-180
-368
-702
-1108
-1488
-1664
-1476
-1031
-816
-1351
-2551
-3555
-3443
-2182
-789
-470
-1600
-3372
-4523
-4415
-3471
-2581
-2204
-2125
-1923
-1480
-924
-235
793
2090
3019
2791
1206
-1052
-2895
-3641
-3435
-2944
-2716
-2802
-2930
-2840
-2398
-1532
-170
1627
3545
5081
5837
5753
5076
4145
3191
2305
1446
566
-319
-1093
-1582
-1610
-1103
-230
610
1041
1012
798
777
1162
1908
2759
3444
3802
3797
3450
2838
2138
1555
1161
798
197
-707
-1560
-1786
-1131
25
939
1094
605
48
-76
217
501
396
-126
-785
-1312
-1572
-1583
-1427
-1216
-1081
-1098
-1237
-1330
-1212
-822
-262
249
371
-210
-1446
-2741
-3308
-2865
-1956
-1575
-2365
-4065
-5611
-5955
-4892
-3185
-1844
-1300
-1241
-1023
-210
1242
3024
4581
5286
4743
3109
1050
-712
-1841
-2447
-2823
-3213
-3669
-4043
-4062
-3475
-2185
-355
1581
3161
4190
4800
5198
5416
5321
4787
3906
2923
2021
1178
317
-465
-905
-827
-336
248
644
823
982
1330
1910
2567
3075
3268
3129
2769
2311
1790
1169
487
-65
-295
-218
-72
-101
-313
-447
-176
587
1535
2132
2015
1271
370
-266
-643
-1114
-1925
-2865
-3436
-3356
-2809
-2250
-1961
-1864
-1667
-1154
-352
510
1142
1354
1051
207
-1148
-2750
-4089
-4675
-4468
-3982
-3875
-4415
-5198
-5425
-4523
-2628
-491
1064
1663
1536
1280
1397
2010
2843
3458
3446
2624
1200
-310
-1380
-1778
-1571
-995
-324
208
492
582
650
845
1132
1308
1235
1008
840
811
844
876
986
1295
1785
2283
2603
2698
2668
2596
2441
2084
1464
674
-102
-682
-972
-973
-738
-383
-37
217
407
615
818
854
571
-1
-609
-929
-763
-209
382
672
578
308
134
160
240
137
-228
-702
-1070
-1271
-1386
-1498
-1572
-1528
-1347
-1100
-889
-752
-645
-531
-436
-394
-354
-226
6
260
459
552
482
203
-178
-426
-365
-122
-125
-783
-2082
-3440
-4105
-3771
-2828
-1991
-1665
-1631
-1368
-628
342
1156
1702
2107
2371
2276
1721
1004
639
838
1287
1456
1133
534
21
-221
-198
9
310
578
694
624
458
356
395
503
506
304
-16
-241
-218
32
364
670
964
1287
1585
1755
1772
1697
1551
1305
967
605
285
30
-147
-208
-124
98
395
680
889
1012
1060
1005
779
317
-359
-1090
-1602
-1705
-1470
-1176
-1046
-1039
-925
-504
171
796
1047
811
259
-339
-784
-1048
-1252
-1538
-1934
-2320
-2525
-2451
-2107
-1579
-978
-403
101
523
870
1143
1359
1541
1664
1630
1327
766
87
-537
-1034
-1445
-1809
-2091
-2207
-2118
-1879
-1605
-1423
-1380
-1419
-1435
-1361
-1213
-1017
-767
-446
-65
364
868
1485
2213
2921
3423
3609
3539
3349
3109
2795
2345
1693
820
-192
-1147
-1767
-1822
-1295
-452
326
812
1032
1144
1255
1328
1239
895
312
-420
-1165
-1745
-1978
-1805
-1347
-835
-463
-287
-193
-37
189
323
197
-167
-584
-856
-927
-853
-705
-514
-282
-31
253
583
925
1160
1170
944
559
105
-358
-753
-997
-1034
-918
-782
-751
-856
-992
-987
-728
-253
268
635
744
665
596
688
957
1331
1742
2111
2306
2197
1782
1253
878
776
789
641
217
-344
-791
-964
-848
-562
-280
-132
-129
-205
-296
-395
-537
-714
-823
-781
-664
-635
-802
-1102
-1387
-1502
-1397
-1179
-1038
-1053
-1086
-934
-542
-47
361
561
557
420
253
130
71
-2
-201
-572
-1046
-1466
-1689
-1653
-1416
-1118
-879
-726
-589
-347
89
676
1231
1535
1506
1264
1025
913
919
976
1041
1060
991
872
849
1030
1343
1613
1692
1591
1406
1249
1176
1168
1164
1076
838
443
-13
-401
-626
-648
-440
-54
366
651
748
714
599
402
139
-96
-196
-157
-106
-182
-363
-498
-461
-313
-204
-203
-210
-103
60
86
-167
-599
-980
-1177
-1265
-1421
-1723
-2090
-2374
-2487
-2441
-2306
-2131
-1925
-1688
-1463
-1310
-1230
-1169
-1089
-1014
-971
-936
-852
-667
-383
-42
279
510
604
573
452
264
44
-108
-84
103
306
384
319
188
85
60
93
162
279
477
743
1042
1368
1718
2064
2352
2561
2662
2612
2392
2052
1714
1477
1350
1256
1133
990
867
799
828
1009
1337
1730
2056
2215
2164
1893
1422
820
243
-118
-168
13
221
267
89
-206
-447
-546
-553
-582
-712
-969
-1318
-1669
-1893
-1906
-1745
-1571
-1571
-1788
-2074
-2164
-1886
-1282
-581
-39
209
184
29
-130
-244
-375
-623
-1047
-1632
-2274
-2794
-3004
-2806
-2272
-1601
-1006
-613
-395
-251
-91
73
183
196
116
-32
-221
-408
-535
-570
-555
-551
-556
-490
-311
-81
94
183
241
329
438
515
534
546
639
835
1040
1120
1044
936
973
1192
1407
1392
1126
848
821
1103
1515
1835
1956
1919
1789
1577
1278
981
844
941
1153
1244
1064
665
234
-64
-185
-179
-92
67
298
520
606
477
207
-2
-14
93
86
-176
-603
-976
-1146
-1122
-1017
-927
-883
-857
-817
-729
-562
-301
10
278
426
439
362
233
58
-166
-428
-702
-986
-1285
-1552
-1665
-1499
-1072
-579
-287
-294
-454
-526
-402
-181
-37
-71
-251
-474
-652
-746
-775
-799
-896
-1124
-1469
-1820
-2030
-1985
-1649
-1083
-431
146
544
770
907
1046
1196
1254
1116
778
362
41
-51
92
370
648
860
1017
1160
1336
1574
1874
2165
2328
2248
1907
1408
913
529
269
82
-54
-94
23
294
654
1020
1327
1490
1410
1051
514
-33
-440
-662
-741
-788
-900
-1085
-1255
-1313
-1253
-1151
-1069
-1020
-980
-936
-893
-832
-713
-527
-323
-168
-99
-113
-185
-278
-371
-449
-500
-522
-535
-558
-574
-532
-388
-157
91
238
231
121
20
-22
-20
-14
-39
-101
-169
-206
-208
-199
-192
-184
-196
-263
-351
-359
-197
93
371
535
583
569
522
452
364
274
193
96
-55
-271
-462
-495
-309
15
307
477
552
608
665
715
772
840
886
866
775
639
525
526
681
902
1052
1067
1001
949
976
1081
1198
1224
1068
716
278
-102
-343
-474
-536
-535
-498
-493
-556
-639
-681
-670
-649
-665
-746
-876
-1000
-1079
-1118
-1130
-1118
-1094
-1088
-1097
-1088
-1020
-879
-683
-502
-428
-480
-552
-503
-289
-7
200
257
199
99
-11
-124
-191
-128
90
359
514
491
362
231
102
-112
-456
-879
-1225
-1336
-1155
-752
-262
212
606
878
1003
990
874
703
493
231
-91
-413
-646
-738
-703
-595
-464
-330
-149
130
502
872
1117
1174
1085
958
889
903
978
1068
1105
1003
755
457
275
305
525
805
994
1020
908
768
712
783
934
1089
1163
1088
861
570
342
215
115
-80
-423
-841
-1195
-1361
-1332
-1203
-1053
-878
-653
-432
-318
-337
-416
-477
-551
-710
-984
-1281
-1446
-1359
-1051
-680
-387
-175
12
187
305
368
419
445
352
75
-309
-645
-802
-763
-592
-382
-218
-152
-184
-252
-241
-78
173
337
278
36
-199
-243
-77
151
266
188
-51
-354
-622
-767
-746
-561
-310
-130
-108
-192
-236
-134
116
412
640
739
698
550
348
168
47
-45
-144
-262
-350
-364
-289
-161
-45
12
0
-55
-123
-171
-146
-2
269
597
868
1006
1038
1068
1160
1272
1279
1121
863
607
392
210
84
39
45
37
-12
-84
-154
-196
-173
-89
2
32
17
64
264
610
966
1167
1116
863
550
310
174
106
81
104
165
224
246
235
206
142
-16
-309
-685
-1021
-1208
-1226
-1129
-985
-845
-703
-530
-305
-58
166
346
451
448
281
-48
-472
-887
-1221
-1480
-1710
-1930
-2086
-2090
-1887
-1496
-1022
-596
-304
-151
-85
-56
-55
-87
-136
-146
-71
59
155
159
151
261
505
736
802
689
510
403
444
627
842
974
991
963
962
988
987
943
901
922
1022
1166
1286
1322
1260
1122
944
737
522
342
231
199
226
268
250
112
-138
-418
-664
-881
-1089
-1251
-1298
-1196
-1014
-857
-788
-765
-684
-506
-296
-162
-122
-111
-105
-154
-309
-540
-749
-862
-899
-929
-1001
-1085
-1110
-1026
-840
-617
-400
-217
-64
60
140
183
182
113
-15
-152
-216
-174
-59
69
162
212
226
205
170
183
298
480
611
604
480
342
287
332
434
540
627
673
673
679
750
870
952
952
912
902
963
1066
1151
1174
1158
1157
1168
1141
1052
936
814
662
453
216
28
-57
-45
4
47
54
41
31
55
96
113
77
-26
-206
-488
-871
-1284
-1607
-1763
-1766
-1692
-1601
-1509
-1400
-1284
-1184
-1110
-1041
-973
-940
-956
-989
-974
-881
-729
-556
-397
-257
-140
-36
56
138
195
211
175
85
-39
-149
-199
-183
-164
-215
-337
-431
-415
-307
-197
-150
-172
-229
-272
-240
-100
108
276
319
264
230
337
588
868
1047
1089
1065
1040
1004
911
745
556
414
342
317
311
364
561
936
1411
1807
1976
1895
1653
1365
1070
777
493
246
42
-135
-288
-398
-439
-420
-391
-396
-440
-462
-398
-251
-86
10
6
-84
-206
-301
-359
-416
-502
-603
-677
-730
-791
-845
-831
-717
-575
-506
-558
-668
-761
-807
-826
-848
-858
-848
-817
-789
-757
-698
-578
-407
-220
-87
-54
-86
-79
40
225
349
322
181
19
-123
-254
-404
-556
-663
-684
-629
-552
-481
-384
-203
37
265
407
478
542
646
784
898
968
1008
1051
1113
1182
1229
1204
1099
920
705
511
423
491
689
918
1077
1120
1044
900
747
628
519
382
199
-3
-173
-258
-207
-20
263
522
629
543
362
232
215
261
295
277
212
131
63
17
-52
-193
-412
-631
-771
-815
-804
-754
-646
-502
-382
-348
-423
-595
-799
-946
-998
-1000
-1023
-1092
-1176
-1222
-1191
-1097
-1006
-983
-1032
-1106
-1125
-1026
-790
-465
-132
138
298
332
278
218
212
232
191
57
-127
-289
-384
-408
-360
-248
-95
51
141
184
233
332
468
587
639
607
533
488
509
564
591
564
511
479
482
494
488
461
448
466
486
461
363
226
107
50
47
68
87
101
125
177
271
410
580
742
836
801
631
395
196
95
65
46
3
-43
-66
-61
-53
-67
-106
-156
-185
-189
-167
-95
45
213
318
280
111
-111
-319
-488
-630
-740
-814
-841
-839
-827
-825
-830
-827
-808
-772
-720
-641
-542
-451
-407
-408
-417
-403
-385
-401
-482
-589
-647
-589
-424
-223
-26
176
396
571
640
602
535
503
518
566
644
734
770
693
533
404
401
528
711
867
934
912
849
815
865
985
1108
1160
1104
944
688
383
121
-10
-21
-23
-116
-295
-459
-509
-406
-182
75
255
290
187
15
-160
-282
-333
-331
-318
-316
-322
-316
-285
-240
-209
-228
-310
-424
-525
-589
-619
-612
-560
-477
-396
-352
-357
-402
-450
-465
-439
-415
-447
-537
-639
-692
-688
-643
-589
-528
-446
-325
-179
-39
57
103
104
48
-102
-358
-649
-867
-937
-873
-732
-560
-366
-141
112
364
569
683
687
581
407
244
178
230
340
413
383
243
74
-11
37
166
324
514
763
1020
1205
1295
1329
1350
1342
1272
1107
869
613
413
291
219
156
82
10
-51
-101
-139
-166
-183
-190
-183
-159
-134
-124
-139
-181
-250
-333
-395
-408
-357
-260
-150
-61
-2
49
109
164
196
200
197
171
103
4
-69
-78
-31
41
87
61
-74
-286
-484
-582
-556
-446
-328
-254
-251
-298
-377
-454
-514
-558
-586
-596
-579
-558
-552
-558
-546
-497
-434
-422
-470
-505
-424
-215
35
231
347
397
401
355
257
138
70
121
257
368
378
344
366
481
620
706
687
570
427
353
392
509
642
735
743
656
509
364
252
161
70
-22
-82
-95
-73
-71
-128
-251
-414
-579
-701
-741
-682
-541
-370
-225
-146
-152
-226
-337
-452
-554
-618
-606
-485
-271
-31
162
276
327
328
277
163
33
-41
-8
104
231
324
378
409
403
334
182
-28
-253
-424
-476
-383
-185
29
204
332
412
410
307
160
72
98
204
316
387
401
372
306
212
94
-15
-75
-76
-48
-41
-62
-82
-72
-47
-53
-116
-225
-355
-466
-528
-530
-482
-397
-288
-205
-209
-316
-480
-624
-685
-633
-470
-256
-82
-7
-2
0
14
0
-52
-105
-111
-62
20
108
184
243
310
389
467
522
548
547
515
450
