-101
-153
-182
-208
-257
-321
-370
-376
-336
-278
-236
-238
-276
-322
-346
-347
-346
-345
-326
-257
-157
-66
-12
15
45
73
89
82
78
95
140
185
196
146
48
-51
-86
-39
31
39
-6
-38
-31
-28
-68
-115
-144
-147
-129
-89
-37
7
31
41
49
69
103
110
67
2
-18
46
160
257
280
220
136
76
56
44
33
28
29
21
-12
-84
-166
-205
-180
-108
-28
49
125
201
264
287
269
249
265
295
287
244
207
204
214
213
209
211
213
172
77
-33
-103
-100
-37
58
164
256
303
305
289
291
301
291
237
143
23
-79
-114
-68
21
102
161
191
191
144
55
-42
-114
-150
-160
-148
-135
-148
-188
-238
-277
-299
-296
-268
-224
-167
-88
6
74
79
41
-2
-29
-61
-105
-154
-198
-240
-276
-280
-239
-164
-99
-73
-88
-106
-105
-97
-115
-163
-203
-212
-200
-189
-178
-154
-110
-65
-45
-59
-82
-85
-74
-72
-97
-136
-168
-187
-190
-168
-125
-75
-42
-28
-26
-35
-41
-7
96
228
314
341
349
377
417
451
465
442
395
340
314
309
297
258
207
173
159
157
147
132
107
85
84
85
59
-10
-68
-72
-20
36
46
-14
-114
-173
-150
-79
-29
-22
-38
-64
-89
-94
-61
-5
23
-15
-93
-151
-152
-119
-99
-105
-141
-200
-274
-333
-370
-398
-402
-356
-260
-169
-124
-130
-159
-183
-173
-133
-99
-112
-152
-174
-158
-121
-101
-114
-153
-200
-224
-211
-159
-88
-16
50
94
101
83
79
127
209
286
318
312
287
261
236
210
182
142
89
34
-5
-23
-23
-17
-7
4
14
13
3
-6
-7
10
52
130
209
249
234
197
164
143
150
195
279
359
401
396
371
354
352
358
365
367
356
324
277
228
185
161
133
92
38
-1
-15
-28
-57
-106
-140
-145
-139
-157
-200
-221
-204
-178
-172
-199
-241
-284
-315
-327
-325
-301
-259
-213
-171
-126
-66
-6
32
14
-64
-175
-255
-267
-245
-216
-186
-136
-88
-67
-65
-61
-53
-50
-43
-33
-28
-47
-74
-93
-94
-93
-98
-98
-85
-65
-41
1
69
127
138
109
95
144
236
314
335
316
278
239
208
210
245
261
203
92
-2
-46
-73
-106
-128
-132
-142
-176
-223
-264
-269
-234
-182
-161
-193
-243
-266
-241
-189
-137
-90
-44
-3
0
-47
-127
-190
-216
-222
-258
-335
-418
-471
-477
-443
-372
-277
-172
-82
-25
3
39
106
184
242
287
349
430
503
529
508
447
377
320
289
277
259
228
187
139
94
87
111
142
149
150
176
227
293
356
407
428
405
345
275
224
204
200
193
165
117
61
18
-12
-23
-9
25
58
71
68
61
69
89
106
91
42
-6
-28
-20
-2
6
-12
-68
-161
-275
-377
-425
-412
-354
-286
-240
-244
-307
-405
-502
-567
-594
-576
-513
-407
-286
-189
-148
-159
-189
-207
-199
-178
-136
-66
32
103
119
91
53
13
-32
-53
-20
78
206
315
364
343
276
179
62
-61
-153
-168
-99
-6
25
-32
-129
-190
-172
-99
-19
36
79
125
160
144
74
-30
-141
-233
-297
-337
-370
-385
-354
-273
-172
-78
-19
0
9
47
121
196
271
356
443
491
473
414
370
382
428
459
446
420
404
390
342
271
211
189
187
170
138
102
65
22
-29
-64
-80
-81
-76
-82
-112
-156
-182
-161
-110
-60
-25
3
16
-6
-72
-156
-216
-227
-194
-143
-109
-115
-162
-224
-249
-210
-132
-77
-85
-154
-249
-318
-300
-200
-87
-22
-2
16
36
43
32
16
23
43
59
27
-59
-176
-268
-314
-313
-287
-246
-188
-126
-76
-55
-27
49
197
374
522
595
595
539
470
416
391
383
369
349
316
283
244
207
169
138
121
131
166
207
219
183
85
-51
-172
-228
-216
-183
-162
-165
-169
-159
-141
-121
-93
-41
35
107
147
143
118
102
88
54
-10
-72
-112
-157
-223
-287
-318
-323
-323
-313
-295
-288
-322
-363
-380
-371
-378
-393
-358
-270
-194
-188
-208
-188
-114
-35
18
49
55
31
-18
-54
-77
-103
-142
-159
-141
-129
-162
-219
-259
-278
-312
-365
-372
-300
-181
-88
-52
-53
-54
-17
82
226
352
396
366
326
324
357
384
384
370
351
332
318
321
319
276
191
114
79
82
111
160
208
225
207
192
193
202
213
253
322
385
398
353
299
281
304
334
322
262
192
161
163
150
82
-30
-129
-191
-230
-270
-294
-282
-255
-244
-241
-220
-184
-170
-183
-195
-179
-124
-39
54
100
74
-5
-76
-104
-116
-136
-174
-207
-226
-237
-250
-273
-283
-276
-270
-289
-300
-267
-206
-158
-124
-67
9
74
103
137
192
253
283
270
246
233
221
205
186
187
223
278
328
339
317
272
238
228
228
218
193
171
159
133
90
53
42
39
26
12
10
16
3
-41
-109
-181
-257
-343
-436
-522
-590
-631
-622
-554
-468
-415
-408
-423
-431
-440
-450
-441
-390
-315
-265
-263
-281
-285
-265
-233
-179
-103
-9
82
155
174
113
13
-50
-39
8
37
38
36
52
85
111
108
86
82
115
167
209
247
289
319
336
356
392
422
411
371
324
292
277
290
311
303
252
186
155
154
156
145
139
145
115
11
-130
-227
-240
-199
-150
-104
-64
-46
-61
-104
-152
-198
-221
-200
-151
-125
-164
-229
-254
-221
-165
-119
-71
2
93
173
208
182
119
58
34
50
60
32
-28
-62
-32
51
132
168
155
121
101
110
124
127
136
199
317
447
512
485
386
258
156
120
159
224
245
204
137
83
60
59
75
90
85
64
35
-4
-60
-107
-116
-97
-85
-83
-76
-74
-97
-137
-172
-194
-189
-128
-28
37
12
-72
-153
-197
-228
-257
-281
-299
-308
-313
-307
-298
-284
-264
-231
-182
-125
-63
-15
4
-1
-5
0
8
-1
-23
-82
-179
-284
-321
-271
-166
-75
-32
-35
-67
-122
-198
-276
-325
-321
-291
-255
-228
-198
-167
-140
-105
-52
16
76
145
226
302
325
297
281
307
339
320
254
190
157
146
130
100
56
10
-24
-31
6
56
59
-26
-142
-208
-182
-110
-43
15
66
107
109
70
6
-48
-71
-74
-56
-7
70
145
181
164
104
30
-18
-17
31
89
103
45
-46
-99
-84
-39
2
48
116
187
237
275
315
335
295
210
133
109
115
117
109
110
106
75
18
-24
-32
-21
-2
13
30
24
8
12
41
69
66
46
30
32
43
49
47
47
53
46
29
28
57
87
74
27
-17
-34
-34
-38
-56
-93
-133
-153
-128
-61
26
82
80
24
-38
-77
-96
-107
-121
-132
-134
-110
-49
26
72
68
34
10
21
44
41
-14
-93
-133
-104
-36
-2
-49
-121
-150
-116
-80
-78
-96
-101
-74
-40
-26
-63
-128
-188
-213
-221
-251
-317
-399
-441
-418
-344
-254
-167
-87
-28
-6
-24
-53
-76
-87
-65
2
75
84
17
-57
-76
-56
-30
-4
31
57
58
37
15
1
1
35
89
133
142
111
53
-11
-53
-86
-117
-131
-102
-36
40
114
164
186
206
259
321
342
304
226
127
29
-9
34
115
170
184
175
155
128
94
65
49
54
73
71
20
-73
-172
-245
-266
-222
-131
-28
51
110
158
204
243
267
265
245
232
241
275
299
300
259
179
84
2
-66
-150
-241
-290
-264
-191
-115
-58
-33
-35
-64
-93
-113
-117
-91
-24
65
118
96
7
-79
-107
-54
25
66
36
-28
-74
-83
-68
-49
-30
-28
-40
-56
-71
-87
-95
-77
-40
-14
-14
-18
-2
28
52
47
9
-41
-60
-13
81
171
222
233
218
182
127
79
62
77
98
92
50
-29
-117
-149
-97
-20
-5
-63
-115
-107
-61
-25
-24
-43
-59
-48
-9
39
71
67
41
24
33
43
21
-37
-101
-149
-176
-191
-182
-143
-63
34
110
160
175
162
111
48
-3
-21
-24
-45
-112
-225
-334
-375
-330
-255
-197
-163
-118
-56
-1
7
-33
-93
-118
-89
-39
-2
5
-1
-15
-27
-44
-66
-89
-98
-68
-7
54
87
91
81
67
55
34
11
-4
8
40
65
69
61
63
60
36
-5
-34
-23
34
96
119
95
66
69
96
113
111
103
91
83
74
72
65
50
26
-6
-45
-77
-93
-107
-136
-170
-185
-178
-167
-172
-192
-207
-188
-124
-41
28
85
135
182
218
254
288
318
337
349
362
360
326
254
168
96
51
28
13
2
-21
-72
-136
-165
-133
-78
-47
-43
-32
0
26
21
-14
-48
-52
-6
73
142
158
114
43
-13
-36
-24
3
9
-12
-38
-49
-35
-5
36
60
61
49
42
50
65
94
133
171
193
188
155
91
10
-62
-93
-79
-61
-71
-122
-168
-177
-138
-82
-29
15
49
46
-4
-73
-126
-152
-154
-129
-78
-31
-27
-93
-210
-342
-448
-501
-493
-432
-344
-250
-170
-123
-121
-143
-141
-93
-15
41
29
-45
-128
-152
-115
-69
-72
-109
-141
-142
-131
-148
-199
-263
-287
-266
-226
-195
-163
-104
-34
16
36
52
87
130
158
161
150
130
120
137
181
213
214
193
172
147
114
102
139
209
255
241
182
107
39
-1
17
97
196
276
332
374
384
356
301
253
225
221
242
272
286
285
285
306
331
339
341
355
389
412
403
359
294
228
161
89
5
-85
-179
-269
-335
-356
-328
-271
-209
-153
-102
-42
26
80
105
107
96
69
17
-27
-20
49
127
150
107
38
-2
-5
11
2
-37
-96
-158
-223
-286
-330
-349
-355
-370
-402
-449
-475
-445
-346
-235
-166
-140
-120
-92
-66
-48
-34
-29
-19
9
55
85
72
37
14
4
-24
-73
-103
-82
-21
26
21
-30
-80
-89
-86
-115
-182
-224
-213
-179
-178
-227
-307
-388
-440
-457
-441
-402
-360
-333
-327
-320
-297
-277
-282
-319
-358
-381
-386
-378
-349
-296
-215
-106
23
128
176
177
184
227
295
369
426
477
529
583
609
586
549
542
570
606
626
624
593
531
453
398
382
385
361
304
254
231
221
222
268
356
433
459
451
421
366
298
257
252
256
248
202
112
-6
-107
-166
-200
-230
-248
-235
-207
-198
-214
-225
-212
-192
-184
-186
-162
-115
-74
-71
-101
-158
-244
-356
-461
-524
-535
-506
-457
-411
-389
-377
-360
-339
-330
-345
-372
-386
-365
-314
-260
-219
-193
-158
-99
-20
65
127
160
161
152
162
211
280
312
292
257
246
242
193
105
38
43
96
136
149
164
210
262
282
239
157
82
49
58
81
108
139
191
240
249
205
144
110
89
49
-8
-62
-106
-178
-272
-339
-345
-332
-353
-400
-423
-396
-354
-322
-314
-315
-311
-302
-312
-346
-381
-373
-305
-201
-100
-32
-5
10
43
86
116
113
85
38
-7
-34
-52
-74
-122
-185
-247
-267
-226
-146
-65
-6
38
90
174
301
453
587
649
624
551
510
547
621
663
637
573
502
433
365
316
304
305
282
234
198
188
168
94
-21
-118
-143
-98
-42
-20
-31
-49
-60
-83
-111
-134
-139
-124
-84
-37
-18
-47
-96
-129
-117
-68
-21
-10
-30
-54
-62
-56
-57
-81
-155
-255
-341
-380
-389
-381
-348
-297
-265
-260
-260
-249
-241
-231
-179
-78
19
62
63
78
128
169
152
72
-20
-77
-106
-127
-148
-161
-175
-195
-204
-186
-161
-152
-156
-136
-83
1
83
142
163
158
151
145
133
108
75
45
28
33
57
92
154
231
273
238
149
68
31
10
-21
-41
-21
46
127
188
220
239
255
260
236
185
150
171
243
306
313
273
222
163
77
-34
-116
-120
-64
-7
-8
-56
-90
-72
-19
20
38
45
49
46
44
35
6
-58
-133
-206
-271
-334
-376
-375
-317
-202
-74
8
-12
-109
-235
-341
-410
-437
-421
-385
-351
-355
-390
-421
-426
-410
-393
-370
-334
-294
-254
-209
-167
-157
-177
-193
-173
-134
-99
-66
-20
56
153
262
362
437
486
514
533
548
566
587
594
584
569
555
531
489
441
400
389
416
473
518
504
422
281
135
30
-4
22
40
15
-47
-103
-139
-161
-192
-241
-318
-413
-509
-599
-686
-778
-831
-811
-723
-639
-624
-686
-784
-868
-930
-977
-1011
-1015
-970
-881
-747
-578
-414
-296
-211
-88
114
342
515
591
589
568
590
694
871
1076
1260
1399
1489
1533
1550
1565
1603
1676
1784
1902
1993
2011
1941
1819
1691
1579
1490
1434
1407
1349
1196
940
652
410
247
167
126
53
-129
-422
-769
-1103
-1394
-1633
-1830
-2020
-2236
-2477
-2700
-2872
-2965
-2984
-2927
-2789
-2581
-2347
-2162
-2070
-2051
-2023
-1927
-1770
-1612
-1494
-1419
-1365
-1291
-1141
-890
-560
-213
82
273
375
448
555
703
864
1021
1166
1303
1429
1553
1677
1787
1847
1855
1846
1870
1931
1997
2040
2058
2078
2106
2126
2105
2035
1944
1880
1864
1881
1900
1906
1903
1902
1914
1925
1914
1873
1821
1763
1656
1472
1212
922
642
403
201
-20
-338
-802
-1392
-2020
-2582
-3042
-3418
-3763
-4090
-4378
-4583
-4673
-4641
-4494
-4244
-3911
-3532
-3138
-2759
-2397
-2054
-1732
-1413
-1082
-741
-457
-283
-210
-167
-107
-15
123
299
487
633
725
776
824
885
959
1045
1127
1207
1251
1246
1209
1196
1228
1277
1302
1296
1287
1298
1362
1500
1715
1962
2178
2327
2438
2555
2712
2908
3154
3434
3693
3865
3923
3912
3882
3841
3758
3602
3375
3061
2649
2159
1659
1177
652
26
-701
-1465
-2216
-2914
-3525
-4049
-4509
-4916
-5232
-5411
-5433
-5337
-5169
-4947
-4661
-4300
-3875
-3418
-2961
-2535
-2156
-1822
-1516
-1232
-990
-810
-683
-576
-455
-315
-174
-56
37
118
201
280
334
355
347
348
375
420
452
452
448
470
542
668
854
1067
1251
1373
1467
1619
1884
2240
2604
2923
3208
3491
3788
4073
4328
4520
4648
4737
4823
4892
4892
4786
4584
4297
3922
3477
2990
2493
1982
1436
816
96
-729
-1620
-2485
-3257
-3922
-4529
-5110
-5658
-6136
-6491
-6686
-6705
-6574
-6339
-6022
-5624
-5158
-4660
-4172
-3690
-3191
-2660
-2112
-1596
-1162
-834
-581
-365
-169
-19
80
175
296
417
503
569
645
737
821
884
910
905
891
881
871
861
884
960
1081
1228
1387
1533
1669
1841
2108
2476
2890
3288
3640
3963
4272
4567
4834
5069
5283
5479
5616
5651
5569
5415
5236
5023
4736
4361
3915
3427
2908
2353
1733
1008
171
-743
-1678
-2602
-3494
-4336
-5130
-5884
-6587
-7165
-7523
-7616
-7468
-7148
-6719
-6235
-5723
-5181
-4588
-3952
-3313
-2716
-2166
-1642
-1141
-695
-351
-111
68
232
397
546
667
767
854
922
976
1009
1032
1041
1044
1032
991
917
828
793
852
1013
1194
1326
1380
1395
1441
1579
1839
2187
2577
2947
3274
3541
3767
3982
4232
4539
4865
5147
5345
5455
5470
5374
5174
4885
4509
4039
3499
2933
2364
1766
1093
314
-554
-1469
-2375
-3233
-4034
-4799
-5546
-6277
-6963
-7542
-7942
-8131
-8142
-8009
-7729
-7288
-6720
-6080
-5415
-4741
-4075
-3420
-2759
-2105
-1495
-973
-537
-156
189
512
817
1118
1406
1656
1849
1991
2097
2172
2211
2218
2216
2220
2213
2167
2090
2022
1996
2002
2021
2046
2089
2152
2207
2245
2307
2461
2737
3072
3408
3725
4058
4422
4802
5186
5561
5898
6144
6270
6270
6156
5932
5605
5188
4706
4190
3655
3105
2525
1878
1116
221
-773
-1801
-2803
-3740
-4611
-5460
-6313
-7134
-7830
-8329
-8615
-8707
-8620
-8358
-7933
-7367
-6695
-5977
-5269
-4597
-3946
-3287
-2619
-1983
-1444
-1032
-713
-416
-92
267
616
933
1220
1487
1708
1855
1951
2036
2123
2196
2237
2242
2218
2169
2107
2037
1976
1947
1974
2046
2155
2291
2454
2636
2825
3031
3276
3546
3801
4010
4202
4435
4720
5025
5303
5530
5682
5731
5642
5414
5071
4650
4164
3613
3010
2372
1683
928
111
-739
-1625
-2548
-3478
-4366
-5198
-6008
-6821
-7596
-8236
-8670
-8877
-8881
-8689
-8332
-7841
-7249
-6572
-5826
-5050
-4291
-3578
-2884
-2171
-1437
-753
-181
290
719
1164
1632
2073
2407
2587
2656
2698
2775
2885
2988
3043
3036
2963
2841
2715
2637
2619
2620
2592
2539
2517
2548
2594
2604
2595
2635
2784
3046
3384
3732
4037
4284
4482
4676
4898
5172
5466
5704
5820
5800
5677
5465
5166
4782
4324
3808
3247
2656
2015
1288
449
-484
-1489
-2544
-3598
-4582
-5453
-6239
-6981
-7697
-8345
-8866
-9188
-9296
-9211
-8970
-8586
-8058
-7413
-6678
-5891
-5096
-4345
-3647
-2962
-2240
-1506
-827
-263
185
576
981
1423
1848
2208
2492
2714
2878
2994
3077
3136
3165
3167
3149
3112
3060
3008
2969
2943
2946
2998
3097
3214
3329
3436
3552
3688
3841
4014
4212
4430
4653
4862
5041
5195
5325
5450
5560
5650
5687
5650
5505
5212
4760
4188
3559
2901
2221
1537
856
169
-569
-1396
-2328
-3336
-4350
-5292
-6132
-6891
-7610
-8301
-8922
-9389
-9604
-9542
-9260
-8850
-8348
-7722
-6966
-6127
-5288
-4493
-3742
-3004
-2243
-1461
-715
-85
412
807
1148
1474
1824
2192
2520
2752
2879
2931
2934
2926
2940
2972
2981
2934
2868
2848
2882
2917
2900
2869
2895
3018
3202
3371
3464
3477
3469
3520
3670
3898
4159
4411
4647
4875
5114
5346
5553
5709
5803
5806
5695
5460
5117
4708
4262
3772
3203
2537
1813
1070
320
-485
-1374
-2339
-3347
-4349
-5296
-6143
-6888
-7557
-8177
-8724
-9151
-9400
-9423
-9202
-8775
-8214
-7575
-6864
-6083
-5258
-4434
-3645
-2901
-2196
-1518
-857
-230
347
861
1301
1668
1972
2242
2498
2743
2968
3162
3312
3412
3471
3512
3544
3576
3591
3589
3570
3543
3492
3395
3268
3166
3133
3157
3208
3271
3343
3415
3494
3602
3768
3973
4192
4410
4609
4765
4888
5010
5139
5220
5201
5067
4835
4506
4071
3503
2804
2019
1245
553
-59
-683
-1440
-2402
-3525
-4666
-5679
-6505
-7191
-7792
-8336
-8804
-9157
-9341
-9334
-9129
-8729
-8125
-7335
-6412
-5471
-4622
-3908
-3282
-2657
-1988
-1269
-523
205
835
1302
1601
1808
2003
2230
2480
2727
2939
3082
3128
3078
2973
2878
2836
2856
2927
3015
3075
3052
2950
2812
2693
2617
2616
2709
2867
3013
3081
3083
3080
3155
3341
3626
3966
4319
4619
4820
4923
4971
5005
5040
5075
5077
4992
4778
4402
3838
3101
2278
1485
782
150
-479
-1180
-2012
-2980
-4025
-5036
-5929
-6683
-7323
-7876
-8348
-8711
-8924
-8948
-8774
-8420
-7903
-7216
-6363
-5395
-4417
-3527
-2749
-2056
-1394
-732
-41
671
1351
1937
2390
2695
2868
2942
2961
2949
2921
2889
2877
2897
2942
2957
2888
2746
2612
2572
2637
2757
2844
2845
2748
2600
2466
2372
2328
2344
2429
2540
2626
2683
2742
2841
2981
3169
3401
3642
3850
3989
4062
4069
4008
3875
3673
3443
3205
2931
2546
2032
1425
776
124
-511
-1140
-1828
-2627
-3524
-4444
-5311
-6082
-6760
-7358
-7874
-8273
-8509
-8549
-8396
-8084
-7652
-7121
-6476
-5705
-4811
-3843
-2881
-2000
-1215
-491
192
807
1327
1769
2174
2544
2840
3009
3052
3015
2963
2925
2896
2870
2867
2908
2956
2940
2841
2727
2659
2639
2631
2614
2598
2594
2596
2589
2564
2533
2517
2543
2621
2735
2855
2961
3069
3206
3343
3444
3500
3548
3623
3703
3732
3683
3569
3404
3197
2927
2566
2096
1522
875
178
-537
-1237
-1901
-2564
-3277
-4060
-4862
-5618
-6295
-6895
-7412
-7822
-8108
-8261
-8275
-8132
-7813
-7335
-6729
-6010
-5176
-4223
-3202
-2203
-1295
-486
244
891
1445
1905
2315
2701
3045
3283
3372
3324
3202
3087
3015
2992
3010
3078
3177
3263
3280
3197
3019
2752
2414
2052
1783
1693
1781
1902
1843
1444
787
284
404
1246
2369
3228
3588
3603
3549
3697
4201
4903
5361
5243
4718
4284
4221
4371
4368
4038
3411
2560
1504
328
-776
-1697
-2525
-3362
-4115
-4637
-5028
-5616
-6570
-7707
-8699
-9339
-9567
-9396
-8936
-8410
-8020
-7744
-7329
-6512
-5239
-3700
-2142
-748
442
1431
2217
2788
3188
3548
3944
4312
4481
4366
4030
3565
2989
2357
1839
1606
1646
1780
1860
1863
1860
1920
2052
2243
2462
2712
2982
3235
3386
3380
3236
3049
2903
2796
2687
2585
2537
2534
2547
2609
2837
3253
3740
4139
4397
4575
4748
4927
5073
5146
5127
5016
4753
4243
3320
1911
134
-1725
-3412
-4819
-5920
-6769
-7543
-8479
-9599
-10638
-11324
-11577
-11495
-11077
-10329
-9249
-7933
-6459
-4945
-3463
-1972
-449
1068
2431
3616
4618
5352
5611
5337
4720
4003
3306
2601
1896
1228
620
97
-322
-586
-688
-575
-239
311
984
1721
2476
3182
3800
4294
4725
5099
5423
5614
5611
5344
4802
4055
3220
2415
1738
1269
1046
1004
1054
1190
1526
2093
2783
3448
4090
4784
5520
6157
6558
6675
6524
6134
5474
4455
2973
1047
-1145
-3356
-5385
-7120
-8552
-9769
-10852
-11765
-12385
-12643
-12590
-12255
-11620
-10603
-9203
-7446
-5479
-3463
-1520
365
2195
3876
5275
6328
7022
7256
6952
6150
5100
4011
2959
1900
814
-239
-1173
-1918
-2462
-2765
-2744
-2307
-1511
-540
474
1560
2769
3953
4920
5597
6113
6540
6850
6956
6807
6382
5682
4752
3663
2533
1534
816
378
119
23
215
762
1551
2399
3225
4050
4890
5685
6332
6750
6921
6831
6466
5794
4790
3359
1432
-880
-3300
-5562
-7548
-9176
-10472
-11526
-12445
-13119
-13404
-13268
-12811
-12081
-11033
-9667
-7999
-6086
-3995
-1845
315
2454
4448
6092
7238
7896
8023
7580
6602
5327
3990
2734
1585
533
-456
-1373
-2141
-2707
-3055
-3137
-2833
-2119
-1136
-44
1149
2458
3766
4893
5780
6461
6947
7193
7183
6921
6439
5778
4989
4083
3083
2110
1296
692
229
-108
-253
-88
423
1235
2227
3267
4268
5187
5983
6589
6972
7114
6986
6497
5578
4203
2452
421
-1787
-4105
-6375
-8386
-10005
-11289
-12309
-13000
-13248
-13056
-12527
-11698
-10627
-9366
-7971
-6410
-4697
-2818
-711
1637
3981
5954
7355
8154
8326
7794
6633
5080
3432
1957
797
-55
-741
-1322
-1788
-2146
-2435
-2573
-2391
-1861
-1121
-272
740
1976
3390
4799
5970
6755
7201
7449
7515
7276
6660
5787
4811
3799
2781
1829
1040
437
-15
-369
-608
-623
-307
311
1108
2031
3139
4432
5761
6890
7649
7954
7780
7147
6133
4804
3198
1386
-570
-2609
-4708
-6740
-8617
-10314
-11843
-13079
-13804
-13915
-13439
-12531
-11317
-9959
-8499
-6948
-5342
-3729
-2073
-226
1790
3808
5599
7099
8186
8670
8369
7296
5674
3797
1980
423
-749
-1526
-1891
-1962
-1878
-1752
-1572
-1317
-1011
-623
-63
786
1906
3235
4608
5872
6875
7582
7994
8055
7707
6958
5922
4685
3344
2011
844
-50
-648
-1014
-1220
-1252
-1030
-519
178
958
1841
2912
4142
5368
6455
7344
7972
8213
7928
7038
5535
3558
1297
-1084
-3525
-5882
-7939
-9603
-10975
-12180
-13114
-13620
-13620
-13195
-12409
-11325
-9978
-8402
-6658
-4837
-3023
-1145
853
2931
4904
6635
8000
8839
8990
8404
7211
5584
3757
1943
352
-914
-1755
-2153
-2163
-1926
-1552
-1127
-754
-467
-202
196
814
1682
2758
3985
5265
6478
7455
8025
8096
7690
6888
5744
4337
2820
1395
193
-738
-1395
-1760
-1861
-1736
-1412
-880
-144
787
1894
3134
4410
5599
6596
7317
7673
7602
7067
6069
4607
2775
673
-1552
-3841
-6053
-8086
-9873
-11428
-12717
-13604
-14011
-13870
-13232
-12138
-10752
-9165
-7468
-5709
-3932
-2098
-146
1869
3819
5616
7227
8508
9268
9407
8950
7964
6531
4840
3069
1358
-220
-1510
-2391
-2805
-2758
-2326
-1676
-1016
-381
270
942
1547
2127
2788
3588
4478
5408
6343
7153
7669
7721
7239
6202
4718
2964
1159
-512
-1828
-2616
-2870
-2726
-2343
-1770
-1022
-101
974
2179
3442
4664
5736
6582
7120
7296
7063
6384
5230
3652
1800
-158
-2126
-4089
-5991
-7813
-9507
-11067
-12353
-13291
-13784
-13822
-13306
-12284
-10860
-9175
-7274
-5228
-3146
-1095
881
2766
4474
6011
7335
8367
8964
9099
8776
8004
6821
5360
3793
2213
724
-601
-1668
-2426
-2771
-2702
-2337
-1814
-1138
-276
689
1668
2621
3586
4500
5316
6001
6589
7081
7429
7503
7132
6237
4927
3420
1863
357
-975
-1956
-2517
-2691
-2580
-2222
-1639
-864
50
1074
2206
3440
4688
5776
6496
6762
6566
5928
4793
3184
1217
-912
-3070
-5133
-6997
-8605
-9997
-11229
-12258
-13013
-13397
-13395
-12953
-12134
-10957
-9465
-7606
-5464
-3146
-779
1551
3694
5515
6997
8127
8866
9124
8967
8482
7746
6765
5589
4255
2809
1346
-4
-1120
-1951
-2447
-2600
-2435
-2000
-1309
-434
510
1436
2342
3227
4062
4826
5529
6173
6725
7106
7209
6906
6149
4955
3435
1720
15
-1468
-2567
-3237
-3495
-3363
-2864
-2010
-867
442
1733
2879
3853
4686
5373
5838
6020
5869
5350
4382
2954
1134
-908
-3010
-5024
-6899
-8615
-10163
-11474
-12493
-13193
-13528
-13438
-12897
-11947
-10623
-8958
-6980
-4799
-2488
-165
2068
4073
5821
7278
8377
9001
9117
8795
8128
7208
6091
4859
3576
2319
1119
11
-954
-1684
-2136
-2323
-2256
-1899
-1231
-342
654
1676
2716
3749
4741
5650
6439
7072
7505
7671
7477
6887
5947
4733
3271
1620
-65
-1545
-2653
-3329
-3599
-3498
-3030
-2214
-1108
153
1453
2696
3829
4789
5526
5984
6116
5852
5141
3950
2341
434
-1596
-3632
-5569
-7359
-8952
-10357
-11544
-12459
-13018
-13188
-12961
-12341
-11348
-9997
-8303
-6278
-4042
-1733
493
2586
4476
6116
7413
8306
8756
8796
8491
7894
7037
5955
4730
3448
2181
961
-162
-1117
-1842
-2292
-2461
-2323
-1865
-1133
-239
712
1665
2622
3556
4428
5196
5843
6379
6782
6996
6907
6439
5565
4311
2730
979
-717
-2176
-3323
-4134
-4517
-4376
-3684
-2559
-1184
212
1510
2671
3698
4519
5072
5367
5408
5152
4524
3525
2158
448
-1520
-3551
-5498
-7312
-8993
-10461
-11618
-12424
-12874
-12964
-12686
-12047
-11045
-9687
-8019
-6109
-4002
-1761
487
2609
4528
6202
7518
8355
8689
8603
8196
7524
6649
5625
4536
3454
2419
1393
364
-583
-1287
-1666
-1731
-1510
-1007
-272
585
1463
2327
3182
4019
4802
5463
5978
6351
6590
6628
6387
5823
4946
3790
2429
970
-470
-1825
-3006
-3878
-4274
-4095
-3347
-2144
-689
790
2133
3271
4218
4992
5593
5916
5855
5344
4433
3190
1660
-108
-2006
-3906
-5746
-7527
-9219
-10689
-11788
-12448
-12712
-12645
-12237
-11436
-10247
-8774
-7114
-5284
-3299
-1241
767
2649
4345
5781
6856
7513
7748
7628
7219
6561
5674
4628
3543
2509
1537
614
-238
-964
-1502
-1802
-1833
-1603
-1157
-523
265
1184
2179
3187
4120
4926
5604
6150
6516
6627
6481
6092
5478
4628
3582
2387
1097
-229
-1482
-2529
-3256
-3568
-3422
-2822
-1856
-614
771
2142
3320
4211
4832
5193
5265
4955
4240
3145
1758
161
-1553
-3308
-5077
-6854
-8571
-10076
-11222
-11946
-12282
-12260
-11915
-11248
-10304
-9110
-7729
-6168
-4465
-2650
-808
1019
2771
4360
5658
6573
7109
7297
7184
6802
6210
5462
4598
3643
2656
1722
910
232
-327
-724
-886
-753
-361
208
862
1557
2286
3042
3793
4501
5160
5769
6293
6648
6756
6567
6061
5253
4198
2972
1630
241
-1088
-2225
-3070
-3565
-3681
-3414
-2780
-1816
-628
635
1839
2906
3782
4414
4754
4751
4345
3539
2405
1038
-487
-2111
-3789
-5529
-7304
-9008
-10451
-11498
-12102
-12263
-11991
-11321
-10325
-9107
-7773
-6384
-4948
-3451
-1923
-375
1210
2830
4377
5681
6612
7120
7252
7092
6717
6141
5373
4463
3473
2463
1493
652
3
-447
-703
-745
-580
-236
248
844
1508
2219
2981
3779
4551
5232
5810
6264
6554
6616
6427
5958
5196
4162
2925
1566
183
-1084
-2093
-2772
-3124
-3166
-2880
-2262
-1374
-323
787
1891
2895
3701
4214
4400
4228
3679
2767
1565
173
-1344
-2950
-4640
-6374
-8078
-9614
-10877
-11770
-12251
-12293
-11921
-11176
-10121
-8839
-7397
-5854
-4220
-2542
-869
719
2196
3529
4702
5667
6402
6887
7124
7114
6844
6294
5467
4443
3311
2176
1099
148
-644
-1239
-1597
-1665
-1427
-915
-181
708
1691
2684
3619
4459
5221
5902
6467
6870
7094
7124
6882
6315
5422
4291
2976
1558
115
-1221
-2328
-3104
-3493
-3486
-3109
-2415
-1482
-422
660
1690
2633
3419
3934
4064
3767
3096
2111
869
-581
-2158
-3823
-5548
-7265
-8831
-10128
-11101
-11741
-12048
-11988
-11531
-10664
-9457
-8020
-6475
-4884
-3298
-1742
-219
1273
2702
3990
5081
5952
6628
7090
7285
7149
6690
5979
5107
4130
3108
2096
1134
234
-544
-1096
-1350
-1318
-1046
-534
206
1160
2256
3407
4511
5505
6347
6982
7343
7410
7225
6822
6203
5357
4315
3123
1850
569
-632
-1676
-2477
-2978
-3153
-3010
-2591
-1967
-1215
-377
526
1434
2238
2831
3148
3133
2761
2040
1020
-235
-1649
-3173
-4802
-6504
-8178
-9665
-10873
-11720
-12140
-12089
-11622
-10821
-9771
-8549
-7215
-5789
-4273
-2718
-1172
340
1808
3159
4329
5312
6129
6754
7139
7277
7166
6790
6149
5291
4274
3163
2051
1037
181
-462
-839
-930
-769
-388
205
1004
1962
3008
4059
5022
5845
6497
6963
7194
7172
6896
6392
5673
4759
3665
2413
1064
-269
-1461
-2415
-3062
-3352
-3284
-2903
-2289
-1527
-670
245
1172
1994
2611
2956
3007
2730
2103
1181
60
-1179
-2532
-4026
-5658
-7326
-8866
-10145
-11120
-11795
-12127
-12047
-11524
-10617
-9436
-8058
-6524
-4872
-3175
-1521
37
1477
2768
3878
4795
5550
6184
6708
7071
7191
7029
6604
5933
5025
3935
2792
1704
708
-175
-853
-1224
-1259
-1001
-492
255
1213
2319
3470
4563
5533
6339
6941
7304
7413
7280
6891
6245
5373
4325
3147
1898
677
-436
-1402
-2183
-2717
-2935
-2811
-2388
-1745
-954
-69
843
1686
2352
2764
2862
2627
2074
1247
190
-1030
-2348
-3731
-5189
-6684
-8101
-9338
-10346
-11116
-11612
-11818
-11718
-11302
-10562
-9529
-8222
-6660
-4903
-3069
-1249
505
2113
3466
4515
5308
5913
6346
6579
6598
6416
6081
5629
5059
4320
3416
2426
1437
498
-333
-948
-1260
-1254
-955
-354
545
1691
2958
4213
5336
6282
7022
7543
7804
7773
7431
6796
5911
4856
3708
2525
1358
246
-757
-1594
-2183
-2482
-2485
-2228
-1753
-1115
-379
382
1099
1709
2149
2340
2218
1771
1031
58
-1072
-2294
-3582
-4948
-6366
-7732
-8940
-9933
-10711
-11251
-11511
-11433
-11016
-10298
-9368
-8269
-6983
-5495
-3855
-2138
-379
1363
2962
4283
5304
6083
6639
6943
6988
6806
6434
5900
5245
4479
3618
2683
1735
834
57
-505
-796
-819
-606
-167
510
1405
2467
3616
4750
5767
6596
7196
7530
7580
7351
6860
6126
5178
4092
2938
1766
618
-445
-1344
-2012
-2406
-2521
-2375
-2011
-1450
-725
105
924
1621
2133
2416
2398
2017
1288
311
-845
-2120
-3449
-4783
-6107
-7419
-8637
-9669
-10455
-11015
-11345
-11438
-11269
-10852
-10186
-9263
-8085
-6650
-5011
-3244
-1442
364
2136
3766
5093
6041
6647
6989
7098
6977
6649
6130
5449
4624
3716
2775
1841
952
134
-561
-1072
-1293
-1168
-691
71
1047
2159
3325
4474
5535
6462
7176
7623
7771
7653
7295
6724
5945
4963
3814
2582
1367
244
-728
-1485
-1982
-2223
-2240
-2056
-1673
-1129
-477
220
926
1583
2097
2345
2212
1683
799
-338
-1663
-3063
-4446
-5743
-6971
-8125
-9137
-9928
-10459
-10779
-10894
-10819
-10532
-10065
-9404
-8516
-7336
-5868
-4194
-2401
-550
1335
3142
4714
5898
6684
7133
7283
7134
6712
6112
5403
4605
3711
2773
1877
1083
400
-190
-639
-882
-851
-566
-60
636
1526
2562
3632
4635
5503
6238
6790
7108
7137
6890
6398
5697
4817
3792
2688
1578
529
-409
-1183
-1711
-1924
-1830
-1512
-1060
-511
139
856
1539
2075
2407
2501
2300
1741
816
-350
-1630
-2928
-4209
-5453
-6663
-7835
-8877
-9694
-10249
-10605
-10785
-10780
-10551
-10110
-9458
-8592
-7496
-6173
-4622
-2873
-984
945
2804
4473
5816
6737
7222
7313
7046
6481
5717
4877
4018
3163
2348
1634
1062
625
283
17
-157
-220
-148
69
460
1050
1855
2844
3930
4994
5947
6741
7303
7558
7432
6936
6129
5102
3949
2754
1609
596
-221
-814
-1161
-1251
-1096
-774
-378
41
483
937
1354
1668
1849
1910
1802
1422
690
-319
-1455
-2631
-3828
-5029
-6184
-7300
-8365
-9303
-10008
-10461
-10717
-10811
-10717
-10405
-9881
-9138
-8141
-6871
-5357
-3672
-1887
-58
1713
3298
4596
5568
6189
6448
6369
6024
5490
4811
4041
3259
2525
1852
1231
671
193
-181
-421
-487
-357
-55
386
978
1756
2715
3770
4813
5767
6583
7205
7555
7590
7317
6785
6049
5151
4136
3081
2095
1278
656
187
-143
-302
-270
-106
82
244
431
733
1139
1522
1735
1678
1282
529
-524
-1743
-3009
-4245
-5399
-6444
-7388
-8217
-8871
-9319
-9609
-9813
-9940
-9938
-9786
-9504
-9084
-8445
-7482
-6168
-4556
-2731
-765
1232
3070
4550
5553
6097
6256
6102
5697
5132
4511
3892
3287
2696
2150
1647
1152
626
113
-290
-487
-464
-244
165
767
1561
2506
3546
4579
5497
6211
6678
6883
6842
6589
6167
5611
4970
4285
3588
2890
2190
1489
819
247
-160
-391
-474
-434
-275
33
490
1037
1542
1845
1816
1373
504
-737
-2179
-3590
-4774
-5680
-6370
-6936
-7455
-7973
-8503
-8994
-9399
-9712
-9963
-10134
-10130
-9818
-9107
-7980
-6475
-4701
-2797
-902
908
2555
3935
4933
5503
5711
5689
5570
5432
5286
5079
4717
4131
3311
2329
1304
368
-389
-919
-1187
-1147
-785
-143
670
1544
2415
3257
4061
4810
5496
6082
6531
6811
6938
6920
6730
6305
5616
4698
3651
2571
1514
511
-379
-1090
-1573
-1822
-1863
-1744
-1560
-1408
-1368
-1450
-1619
-1807
-1957
-2041
-2070
-2090
-2139
-2252
-2452
-2753
-3132
-3545
-3958
-4353
-4734
-5092
-5426
-5729
-6014
-6302
-6596
-6836
-6927
-6796
-6409
-5737
-4757
-3484
-2001
-423
1135
2584
3851
4859
5554
5919
6000
5862
5562
5149
4669
4164
3655
3130
2554
1911
1233
592
55
-357
-606
-626
-358
178
890
1692
2542
3406
4206
4846
5288
5541
5620
5504
5186
4689
4072
3375
2616
1791
939
139
-538
-1086
-1536
-1897
-2139
-2245
-2254
-2253
-2302
-2390
-2443
-2434
-2396
-2375
-2353
-2292
-2189
-2083
-2005
-1955
-1927
-1946
-2075
-2364
-2822
-3405
-4080
-4809
-5546
-6198
-6660
-6833
-6668
-6191
-5469
-4567
-3521
-2359
-1130
91
1232
2225
3026
3625
4047
4321
4474
4539
4542
4487
4335
4035
3561
2949
2284
1630
1031
534
202
91
209
524
979
1529
2135
2745
3290
3720
4033
4257
4389
4378
4190
3848
3405
2873
2239
1507
717
-66
-789
-1410
-1909
-2260
-2446
-2490
-2454
-2410
-2407
-2452
-2499
-2512
-2480
-2416
-2315
-2150
-1923
-1674
-1454
-1297
-1202
-1205
-1350
-1657
-2087
-2593
-3158
-3763
-4359
-4865
-5225
-5398
-5365
-5104
-4608
-3887
-2987
-1958
-847
293
1405
2414
3254
3884
4315
4589
4751
4821
4798
4674
4454
4163
3833
3463
3036
2552
2039
1530
1058
684
505
580
886
1361
1964
2657
3335
3875
4206
4328
4246
3961
3514
2968
2372
1758
1149
574
30
-499
-1032
-1582
-2126
-2607
-2971
-3207
-3334
-3357
-3260
-3075
-2878
-2735
-2629
-2502
-2316
-2100
-1891
-1696
-1509
-1355
-1284
-1319
-1452
-1656
-1934
-2300
-2772
-3320
-3895
-4417
-4836
-5114
-5234
-5170
-4899
-4386
-3597
-2562
-1395
-246
798
1719
2525
3199
3707
4039
4228
4323
4354
4335
4276
4157
3921
3526
2999
2430
1889
1409
1017
769
718
885
1244
1730
2281
2861
3431
3922
4269
4455
4495
4382
4103
3685
3197
2696
2198
1693
1162
579
-79
-817
-1593
-2347
-2999
-3485
-3773
-3880
-3863
-3785
-3686
-3555
-3385
-3192
-3011
-2844
-2670
-2463
-2225
-1968
-1723
-1523
-1412
-1447
-1658
-2034
-2536
-3124
-3733
-4274
-4665
-4877
-4913
-4779
-4478
-4002
-3345
-2561
-1747
-974
-225
543
1353
2180
2966
3649
4191
4596
4848
4900
4737
4409
3982
3501
3002
2532
2138
1832
1628
1541
1563
1656
1794
2000
2304
2683
3085
3481
3867
4224
4512
4680
4696
4560
4291
3901
3384
2731
1979
1198
450
-262
-958
-1618
-2201
-2699
-3150
-3591
-4008
-4352
-4586
-4677
-4596
-4333
-3929
-3472
-3045
-2688
-2400
-2168
-2004
-1921
-1905
-1925
-1981
-2117
-2347
-2637
-2940
-3257
-3599
-3948
-4255
-4455
-4481
-4288
-3876
-3268
-2501
-1610
-668
256
1124
1922
2613
3162
3568
3874
4118
4284
4333
4224
3963
3577
3103
2569
2025
1540
1172
949
896
1013
1273
1633
2031
2405
2734
3047
3375
3716
4024
4275
4463
4573
4566
4405
4073
3588
2983
2294
1533
716
-120
-910
-1609
-2209
-2722
-3148
-3457
-3638
-3713
-3737
-3747
-3728
-3651
-3498
-3282
-3023
-2740
-2464
-2196
-1939
-1716
-1586
-1606
-1781
-2074
-2437
-2833
-3246
-3645
-3974
-4170
-4219
-4155
-4001
-3739
-3351
-2847
-2240
-1563
-846
-117
632
1389
2095
2683
3130
3455
3667
3747
3678
3462
3121
2702
2248
1799
1392
1074
883
825
892
1080
1385
1777
2198
2610
2989
3323
3607
3858
4085
4273
4374
4359
4206
3900
3441
2863
2224
1565
890
196
-483
-1093
-1605
-2019
-2361
-2634
-2838
-2981
-3080
-3136
-3115
-2983
-2728
-2372
-1963
-1548
-1178
-875
-662
-546
-546
-664
-874
-1153
-1496
-1919
-2415
-2947
-3452
-3872
-4168
-4328
-4346
-4211
-3905
-3452
-2899
-2309
-1695
-1062
-398
282
948
1561
2074
2461
2717
2860
2904
2851
2700
2456
2138
1787
1459
1206
1047
954
896
885
957
1135
1406
1761
2179
2628
3048
3394
3648
3821
3912
3917
3807
3566
3208
2767
2286
1776
1234
661
75
-476
-958
-1360
-1703
-2021
-2333
-2624
-2836
-2926
-2888
-2742
-2498
-2173
-1798
-1409
-1044
-750
-565
-491
-507
-605
-806
-1125
-1547
-2009
-2425
-2752
-3020
-3280
-3538
-3742
-3822
-3733
-3491
-3141
-2724
-2232
-1628
-929
-198
483
1080
1596
2029
2387
2661
2873
3016
3082
3028
2813
2443
1973
1500
1081
730
464
312
299
416
635
936
1298
1691
2061
2363
2579
2732
2864
2986
3088
3147
3141
3036
2804
2434
1946
1374
755
123
-478
-1021
-1504
-1926
-2261
-2475
-2573
-2590
-2566
-2528
-2486
-2410
-2253
-1973
-1572
-1090
-588
-135
225
462
540
420
80
-438
-1058
-1709
-2333
-2874
-3287
-3559
-3708
-3743
-3663
-3472
-3203
-2885
-2528
-2123
-1662
-1136
-531
156
878
1551
2106
2510
2769
2888
2877
2740
2490
2144
1748
1348
996
710
506
395
388
470
620
830
1096
1402
1719
2038
2353
2668
2971
3247
3457
3555
3513
3336
3042
2645
2154
1598
1013
433
-134
-688
-1227
-1722
-2123
-2415
-2629
-2809
-2938
-2961
-2867
-2703
-2485
-2174
-1731
-1199
-666
-192
197
475
601
556
336
-32
-502
-1000
-1468
-1885
-2250
-2556
-2789
-2938
-2988
-2941
-2800
-2594
-2338
-2025
-1627
-1127
-534
116
774
1382
1883
2230
2426
2499
2486
2400
2244
2019
1729
1395
1059
763
525
336
202
154
212
376
617
910
1236
1583
1943
2305
2647
2938
3146
3238
3207
3061
2826
2508
2106
1626
1113
602
94
-424
-930
-1381
-1756
-2072
-2352
-2588
-2762
-2836
-2796
-2656
-2451
-2207
-1921
-1604
-1279
-972
-701
-473
-310
-245
-311
-529
-894
-1361
-1869
-2350
-2758
-3064
-3248
-3307
-3252
-3110
-2900
-2640
-2324
-1949
-1519
-1040
-522
10
521
987
1413
1826
2202
2486
2626
2625
2524
2350
2132
1884
1646
1460
1343
1295
1286
1305
1359
1460
1593
1713
1816
1944
2131
2361
2601
2860
3132
3364
3490
3484
3349
3092
2714
2240
1709
1155
616
123
-319
-733
-1139
-1529
-1871
-2140
-2341
-2499
-2628
-2702
-2682
-2545
-2303
-1979
-1600
-1209
-853
-593
-458
-456
-583
-819
-1129
-1474
-1831
-2172
-2478
-2739
-2949
-3093
-3158
-3143
-3041
-2847
-2585
-2303
-2007
-1669
-1263
-818
-374
60
496
933
1339
1669
1870
1923
1862
1760
1657
1555
1436
1309
1199
1115
1059
1039
1063
1141
1278
1467
1682
1874
2031
2202
2445
2765
3087
3328
3445
3428
3290
3037
2686
2263
1791
1286
764
241
-262
-720
-1118
-1463
-1759
-1992
-2149
-2251
-2333
-2383
-2366
-2255
-2059
-1818
-1571
-1347
-1146
-993
-929
-971
-1094
-1265
-1484
-1751
-2039
-2295
-2503
-2669
-2811
-2924
-2982
-2959
-2847
-2653
-2398
-2085
-1734
-1354
-945
-491
-2
476
904
1274
1607
1901
2151
2353
2503
2593
2607
2539
2393
2199
1998
1826
1703
1615
1556
1528
1548
1620
1724
1831
1941
2094
2310
2543
2716
2804
2834
2821
2738
2554
2268
1905
1508
1113
733
367
22
-297
-604
-916
-1204
-1429
-1592
-1738
-1894
-2026
-2085
-2061
-1984
-1886
-1770
-1637
-1503
-1408
-1398
-1494
-1697
-1961
-2223
-2414
-2521
-2562
-2569
-2561
-2544
-2525
-2498
-2455
-2382
-2269
-2107
-1891
-1614
-1293
-947
-599
-244
120
476
774
982
1120
1243
1369
1473
1532
1547
1538
1511
1486
1491
1548
1635
1717
1780
1817
1832
1823
1820
1859
1965
2136
2358
2599
2821
2986
3068
3054
2930
2698
2375
2007
1635
1276
931
596
279
-43
-381
-725
-1033
-1272
-1438
-1538
-1575
-1580
-1582
-1590
-1575
-1521
-1448
-1382
-1341
-1328
-1347
-1391
-1472
-1600
-1773
-1966
-2150
-2312
-2471
-2643
-2818
-2967
-3059
-3084
-3042
-2935
-2769
-2548
-2256
-1900
-1496
-1084
-682
-297
66
402
693
918
1078
1200
1312
1433
1557
1675
1785
1876
1925
1906
1824
1713
1613
1545
1533
1581
1674
1777
1876
1992
2153
2349
2541
2691
2783
2820
2793
2696
2514
2247
1917
1565
1232
914
588
242
-90
-383
-640
-862
-1036
-1164
-1275
-1378
-1443
-1437
-1366
-1260
-1127
-974
-837
-759
-754
-805
-898
-1025
-1167
-1309
-1461
-1646
-1867
-2089
-2298
-2504
-2700
-2856
-2924
-2884
-2744
-2518
-2238
-1925
-1600
-1254
-889
-513
-138
215
507
719
870
1003
1154
1316
1468
1601
1728
1846
1933
1942
1859
1708
1537
1376
1240
1147
1122
1187
1331
1516
1708
1893
2066
2216
2316
2341
2286
2171
2026
1872
1704
1509
1268
979
655
320
-10
-322
-605
-837
-1023
-1183
-1334
-1457
-1520
-1518
-1455
-1355
-1240
-1147
-1097
-1085
-1092
-1094
-1095
-1117
-1182
-1292
-1435
-1600
-1769
-1930
-2070
-2193
-2292
-2350
-2344
-2277
-2159
-1997
-1821
-1648
-1476
-1273
-1034
-799
-592
-406
-233
-84
42
174
332
506
690
895
1116
1316
1459
1544
1576
1556
1493
1419
1355
1302
1261
1278
1395
1590
1792
1941
2050
2144
2232
2295
2308
2264
2151
1974
1769
1558
1335
1080
801
533
286
56
-162
-356
-504
-608
-666
-684
-675
-647
-616
-586
-552
-509
-476
-478
-520
-587
-662
-749
-861
-991
-1118
-1231
-1350
-1488
-1637
-1776
-1887
-1966
-1997
-1976
-1908
-1806
-1676
-1522
-1352
-1188
-1049
-931
-814
-667
-483
-274
-64
139
354
590
824
1016
1155
1252
1306
1310
1271
1224
1173
1114
1053
1029
1061
1124
1188
1242
1316
1437
1592
1748
1873
1953
1979
1939
1821
1631
1395
1161
961
798
650
498
321
104
-146
-385
-566
-686
-780
-888
-1007
-1114
-1186
-1220
-1218
-1191
-1158
-1136
-1131
-1129
-1121
-1134
-1186
-1265
-1346
-1424
-1496
-1551
-1584
-1618
-1683
-1755
-1785
-1741
-1633
-1484
-1308
-1122
-950
-816
-739
-698
-648
-559
-437
-291
-119
89
323
567
801
1002
1176
1333
1463
1519
1475
1372
1289
1273
1314
1368
1412
1444
1480
1530
1597
1683
1757
1777
1737
1678
1643
1616
1563
1475
1377
1275
1147
975
766
542
311
78
-143
-338
-500
-614
-667
-680
-714
-810
-936
-1031
-1073
-1086
-1094
-1107
-1137
-1192
-1246
-1272
-1288
-1319
-1368
-1408
-1429
-1449
-1492
-1556
-1618
-1635
-1581
-1482
-1376
-1280
-1175
-1063
-951
-836
-714
-585
-471
-365
-258
-133
8
171
359
584
826
1042
1188
1260
1279
1262
1226
1169
1117
1106
1172
1290
1391
1422
1409
1416
1467
1537
1594
1645
1727
1824
1889
1896
1860
1796
1687
1530
1348
1172
1005
818
591
342
112
-81
-259
-444
-630
-785
-900
-987
-1054
-1097
-1108
-1097
-1068
-1029
-999
-1000
-1030
-1080
-1141
-1231
-1350
-1480
-1604
-1722
-1859
-2002
-2109
-2143
-2112
-2051
-1973
-1887
-1796
-1706
-1604
-1473
-1310
-1140
-976
-802
-592
-348
-98
126
323
492
650
822
1015
1198
1333
1418
1462
1470
1431
1354
1266
1208
1199
1223
1255
1268
1263
1270
1328
1448
1584
1678
1706
1696
1677
1651
1603
1520
1409
1277
1124
953
774
590
398
202
24
-120
-242
-370
-504
-613
-675
-699
-718
-751
-802
-852
-872
-857
-837
-848
-894
-942
-974
-1001
-1050
-1126
-1216
-1303
-1382
-1462
-1546
-1625
-1693
-1744
-1764
-1743
-1692
-1618
-1533
-1426
-1300
-1158
-1016
-872
-706
-496
-251
1
250
506
760
988
1186
1365
1497
1532
1464
1340
1234
1184
1182
1190
1177
1149
1141
1189
1285
1391
1481
1563
1651
1732
1784
1795
1771
1717
1640
1544
1426
1279
1090
868
654
480
340
213
96
-8
-126
-289
-484
-661
-779
-853
-904
-941
-963
-979
-993
-1011
-1040
-1083
-1121
-1144
-1142
-1137
-1153
-1204
-1265
-1306
-1329
-1371
-1441
-1515
-1571
-1633
-1717
-1808
-1862
-1846
-1752
-1594
-1411
-1225
-1044
-857
-662
-450
-214
32
263
456
605
712
789
854
927
997
1037
1036
1014
991
968
967
1018
1125
1244
1339
1421
1492
1531
1522
1513
1544
1604
1632
1606
1542
1462
1386
1326
1275
1181
1022
826
646
498
364
215
53
-91
-180
-206
-206
-210
-249
-332
-460
-600
-732
-855
-986
-1112
-1205
-1261
-1296
-1324
-1333
-1329
-1327
-1360
-1427
-1516
-1611
-1707
-1789
-1848
-1875
-1878
-1853
-1783
-1667
-1521
-1358
-1171
-949
-689
-417
-167
36
228
448
696
932
1105
1193
1190
1129
1070
1064
1096
1106
1079
1066
1124
1240
1355
1422
1448
1455
1461
1476
1501
1529
1540
1531
1529
1558
1589
1565
1458
1302
1140
993
858
718
562
409
292
208
112
-32
-213
-379
-497
-567
-616
-669
-738
-813
-885
-957
-1044
-1144
-1247
-1340
-1423
-1500
-1562
-1601
-1620
-1641
-1680
-1729
-1771
-1806
-1849
-1900
-1940
-1941
-1881
-1754
-1580
-1375
-1137
-872
-600
-346
-115
103
311
511
690
822
900
955
1037
1146
1243
1287
1274
1224
1166
1123
1107
1108
1120
1144
1190
1246
1288
1307
1323
1354
1396
1425
1429
1393
1311
1202
1094
994
893
794
711
648
600
570
557
531
459
337
183
26
-98
-172
-223
-285
-360
-433
-505
-583
-673
-781
-929
-1117
-1315
-1486
-1604
-1672
-1709
-1737
-1764
-1795
-1840
-1913
-2001
-2080
-2136
-2160
-2139
-2043
-1867
-1637
-1392
-1159
-952
-761
-569
-371
-185
-22
124
284
470
654
800
900
967
1024
1076
1120
1131
1093
1017
972
1023
1164
1337
1453
1490
1475
1467
1479
1474
1426
1353
1303
1278
1263
1238
1204
1164
1115
1062
997
924
832
716
581
455
373
331
302
258
187
102
21
-43
-118
-234
-383
-522
-627
-723
-842
-975
-1074
-1110
-1105
-1105
-1133
-1185
-1237
-1273
-1284
-1290
-1298
-1293
-1256
-1193
-1144
-1116
-1087
-1028
-943
-857
-772
-677
-559
-438
-347
-289
-212
-61
172
424
609
690
693
671
666
688
721
763
798
814
803
798
832
899
969
1040
1117
1175
1183
1135
1071
1011
946
867
780
709
665
648
620
537
404
260
146
62
-1
-52
-105
-179
-288
-409
-512
-564
-562
-537
-533
-557
-571
-567
-576
-634
-727
-813
-882
-950
-1034
-1130
-1223
-1294
-1328
-1341
-1356
-1386
-1407
-1396
-1367
-1335
-1304
-1252
-1161
-1022
-842
-629
-410
-217
-62
83
255
433
557
609
634
692
787
875
914
895
847
819
844
902
945
959
974
1020
1097
1181
1258
1303
1316
1313
1316
1335
1346
1333
1275
1178
1063
947
844
760
706
672
619
519
381
241
124
32
-47
-125
-202
-269
-338
-420
-514
-589
-639
-678
-731
-799
-858
-886
-883
-883
-923
-1014
-1123
-1208
-1253
-1267
-1280
-1324
-1400
-1460
-1456
-1395
-1332
-1298
-1264
-1184
-1027
-811
-580
-388
-265
-187
-109
3
147
300
429
510
545
561
563
536
479
421
391
390
419
482
576
677
766
846
931
1018
1081
1100
1083
1067
1083
1116
1130
1106
1082
1078
1078
1036
948
844
762
722
708
673
587
461
330
212
104
-1
-124
-262
-385
-454
-472
-489
-539
-623
-724
-823
-888
-915
-921
-939
-970
-1013
-1063
-1104
-1126
-1129
-1134
-1132
-1110
-1067
-1019
-970
-922
-883
-862
-841
-783
-666
-509
-360
-246
-158
-71
21
110
194
283
389
495
580
633
664
691
698
675
629
600
612
650
697
765
864
987
1098
1168
1183
1144
1073
1001
955
928
893
829
728
613
509
431
373
319
288
299
345
375
351
275
174
78
5
-44
-101
-206
-367
-555
-733
-866
-948
-996
-1036
-1073
-1105
-1141
-1192
-1260
-1322
-1381
-1450
-1530
-1599
-1627
-1619
-1580
-1503
-1360
-1138
-882
-649
-478
-356
-261
-169
-67
60
200
321
399
433
452
480
536
596
628
614
576
555
557
566
572
580
581
574
577
630
727
825
873
876
866
865
871
896
948
1035
1137
1232
1289
1283
1212
1094
966
842
725
600
474
367
291
232
159
68
-28
-116
-214
-353
-542
-735
-869
-902
-856
-797
-781
-813
-863
-901
-904
-873
-831
-802
-782
-758
-732
-710
-687
-646
-601
-569
-549
-532
-499
-458
-399
-319
-231
-148
-65
26
100
132
143
180
253
336
410
471
506
517
516
531
556
572
583
602
625
637
634
621
622
650
694
712
661
547
410
293
206
150
122
108
96
82
74
54
15
-21
-36
-56
-118
-195
-245
-276
-340
-446
-542
-574
-567
-580
-630
-694
-753
-814
-870
-897
-872
-822
-785
-798
-856
-936
-1007
-1047
-1055
-1011
-918
-799
-713
-675
-646
-557
-410
-266
-185
-165
-145
-71
37
111
121
109
127
160
173
171
193
264
356
430
465
489
543
650
779
891
969
1021
1058
1077
1099
1139
1182
1187
1141
1067
1006
992
1015
1044
1052
1053
1056
1031
944
807
671
569
490
400
283
161
81
53
74
119
182
229
218
139
28
-73
-166
-266
-369
-440
-464
-449
-437
-462
-542
-665
-790
-891
-961
-1021
-1073
-1105
-1107
-1072
-1017
-957
-914
-885
-861
-827
-760
-651
-515
-397
-318
-251
-165
-64
26
76
91
65
3
-79
-143
-168
-162
-138
-97
-34
44
126
202
248
232
156
85
90
177
301
414
487
506
474
416
363
341
364
417
470
488
462
408
336
251
146
48
0
11
52
76
64
32
7
-8
-36
-88
-131
-144
-138
-147
-185
-251
-338
-438
-535
-611
-662
-685
-676
-638
-580
-510
-433
-360
-301
-276
-287
-304
-277
-176
-40
68
104
72
6
-44
-47
-1
70
147
227
298
347
356
338
329
357
406
423
393
334
287
272
297
359
442
528
601
656
693
719
737
752
762
762
748
734
728
732
722
665
562
441
343
270
209
162
142
147
141
95
13
-65
-114
-145
-196
-275
-361
-426
-468
-498
-534
-590
-671
-765
-850
-902
-908
-872
-819
-791
-810
-853
-877
-850
-783
-719
-679
-658
-630
-582
-524
-475
-451
-453
-458
-443
-400
-348
-306
-281
-268
-244
-200
-142
-89
-34
46
139
204
209
189
197
273
415
597
765
870
896
880
870
883
901
907
909
912
910
869
799
727
663
589
501
430
398
406
432
463
472
448
403
367
347
309
228
124
53
45
63
39
-55
-193
-324
-425
-500
-558
-609
-668
-733
-794
-833
-858
-872
-876
-855
-807
-738
-665
-604
-546
-486
-427
-389
-373
-364
-344
-316
-296
-273
-248
-237
-258
-289
-296
-275
-237
-169
-60
63
148
183
196
213
246
288
349
426
500
536
522
497
493
495
481
461
466
493
523
530
507
460
404
354
328
327
319
275
213
195
227
266
278
271
271
277
280
255
192
102
-4
-133
-276
-399
-480
-560
-671
-779
-830
-822
-801
-788
-769
-738
-698
-649
-582
-507
-441
-402
-389
-387
-372
-326
-258
-192
-136
-95
-77
-86
-110
-124
-101
-26
88
205
285
334
382
462
567
671
761
845
930
1000
1033
1031
1012
984
943
882
805
714
631
575
540
488
396
307
276
311
354
338
253
149
82
79
118
162
189
183
148
100
74
76
73
31
-58
-171
-282
-388
-503
-629
-752
-848
-908
-942
-966
-988
-990
-952
-882
-813
-771
-767
-793
-835
-844
-790
-672
-549
-486
-507
-570
-602
-602
-607
-634
-655
-638
-572
-476
-393
-363
-378
-370
-304
-212
-139
-85
-17
88
218
335
420
480
531
588
655
722
772
775
745
727
735
737
696
633
579
531
477
419
389
383
368
315
257
235
247
257
259
268
292
317
324
316
301
299
324
353
363
350
328
279
169
3
-153
-229
-230
-221
-250
-296
-321
-313
-295
-278
-265
-250
-235
-205
-146
-75
-35
-49
-79
-79
-36
25
63
62
31
16
39
82
102
83
33
-20
-47
-47
-41
-36
-27
-12
1
19
52
78
83
83
111
187
300
417
505
542
528
466
359
234
134
87
89
110
124
117
102
97
114
143
160
148
91
8
-69
-104
-113
-130
-165
-191
-188
-182
-195
-217
-222
-220
-227
-250
-286
-335
-390
-444
-493
-532
-560
-586
-628
-678
-712
-721
-719
-717
-720
-735
-765
-792
-770
-698
-621
-584
-579
-555
-497
-423
-362
-311
-271
-260
-281
-310
-312
-281
-229
-150
-49
51
133
202
262
305
331
354
374
393
426
491
573
630
644
639
646
675
711
735
752
767
785
804
829
852
841
790
723
679
653
622
571
504
435
375
330
293
271
285
331
365
351
299
242
190
150
128
120
105
65
-2
-78
-140
-167
-166
-162
-165
-177
-205
-254
-298
-305
-266
-208
-165
-156
-168
-169
-154
-143
-165
-208
-232
-212
-175
-172
-224
-312
-380
-389
-334
-252
-185
-142
-100
-58
-32
-39
-81
-137
-161
-118
-28
63
108
103
39
-59
-138
-144
-72
27
93
95
59
34
53
97
125
105
48
-19
-78
-137
-197
-231
-224
-199
-209
-272
-363
-448
-504
-534
-550
-580
-629
-666
-665
-633
-579
-514
-446
-397
-380
-384
-390
-389
-382
-371
-357
-336
-313
-288
-242
-170
-97
-62
-56
-48
-5
58
121
164
188
208
239
278
333
418
524
604
633
655
724
833
923
973
1011
1056
1097
1117
1129
1128
1100
1038
955
866
780
694
596
479
347
244
211
255
325
346
303
229
160
81
-26
-152
-258
-323
-359
-396
-454
-523
-589
-649
-706
-738
-737
-730
-743
-765
-773
-765
-763
-778
-812
-852
-884
-885
-858
-825
-814
-812
-778
-690
-569
-460
-394
-357
-318
-254
-165
-75
-10
10
0
-14
-8
30
98
185
258
298
329
380
465
560
667
779
872
910
890
836
780
738
702
653
586
530
488
441
362
282
244
257
283
303
328
383
457
510
516
477
412
336
249
164
87
14
-74
-189
-294
-341
-315
-261
-243
-277
-336
-376
-393
-403
-413
-408
-390
-385
-414
-471
-531
-557
-532
-476
-427
-413
-413
-409
-399
-394
-381
-342
-295
-263
-235
-175
-91
-26
-5
-18
-46
-83
-112
-92
-16
76
139
169
188
221
287
384
485
565
631
691
731
710
630
532
452
381
287
173
69
11
1
33
87
117
87
-1
-108
-191
-233
-231
-208
-193
-197
-210
-238
-275
-301
-294
-263
-234
-213
-197
-193
-213
-245
-269
-275
-264
-248
-234
-233
-235
-218
-166
-108
-76
-61
-20
43
91
94
72
47
20
-20
-71
-118
-148
-160
-185
-242
-329
-401
-430
-428
-417
-395
-356
-298
-219
-109
2
65
76
99
174
258
290
276
277
319
383
442
496
541
574
592
602
613
618
601
569
547
543
529
477
409
369
375
414
454
471
446
382
305
240
196
169
137
78
-8
-91
-125
-99
-55
-43
-87
-184
-288
-347
-319
-233
-160
-145
-185
-233
-254
-251
-248
-257
-273
-290
-303
-310
-302
-294
-320
-385
-443
-443
-391
-344
-324
-307
-269
-224
-188
-153
-93
-21
28
23
-12
-35
-38
-41
-63
-91
-99
-90
-74
-58
-22
47
145
234
282
285
265
254
243
217
159
90
34
1
-10
-13
-22
-52
-109
-169
-197
-170
-93
-6
46
39
-18
-85
-122
-114
-100
-110
-138
-155
-149
-151
-181
-219
-226
-181
-104
-39
-20
-18
-2
40
74
81
75
63
31
-47
-151
-250
-306
-279
-163
-4
111
146
130
109
109
126
167
204
219
203
181
171
177
199
245
303
328
293
220
159
129
116
114
124
136
124
87
58
50
53
46
38
41
63
112
181
252
293
298
283
275
288
312
314
279
216
164
142
137
131
108
56
-39
-164
-284
-366
-399
-401
-396
-393
-389
-373
-355
-349
-342
-304
-235
-161
-110
-70
-23
30
71
81
52
-10
-77
-138
-188
-225
-228
-197
-150
-109
-77
-50
-51
-79
-124
-149
-148
-122
-82
-39
1
38
102
206
349
494
603
652
643
597
532
469
416
369
299
198
84
-18
-112
-215
-312
-366
-350
-278
-182
-105
-68
-67
-92
-137
-195
-238
-251
-240
-220
-203
-203
-228
-272
-313
-333
-340
-340
-332
-315
-294
-298
-328
-354
-341
-288
-214
-138
-101
-129
-200
-243
-235
-203
-185
-180
-193
-222
-249
-228
-127
62
274
379
288
57
-126
-171
-132
-165
-333
-578
-719
-612
-281
70
270
363
542
975
1630
2297
2744
2927
2995
3128
3316
3412
3242
2763
2072
1347
733
209
-351
-1069
-1918
-2728
-3305
-3561
-3558
-3400
-3139
-2764
-2269
-1690
-1084
-468
149
756
1300
1711
1938
1977
1857
1616
1270
834
328
-216
-776
-1330
-1838
-2254
-2543
-2691
-2694
-2573
-2365
-2093
-1736
-1276
-736
-142
475
1066
1577
2007
2396
2728
2912
2911
2772
2582
2359
2063
1659
1169
714
389
152
-206
-891
-1907
-3022
-3908
-4294
-4085
-3434
-2709
-2234
-2039
-1877
-1505
-847
43
1077
2141
3124
3912
4378
4390
3934
3174
2351
1616
971
302
-573
-1770
-3206
-4595
-5583
-5907
-5497
-4496
-3198
-1897
-782
51
597
967
1387
2038
2925
3843
4484
4595
4153
3439
2874
2717
2906
3224
3525
3787
4011
4142
4124
3947
3553
2696
1057
-1388
-4115
-6287
-7221
-6827
-5767
-5097
-5444
-6385
-6775
-5732
-3299
-244
2562
4636
5941
6606
6654
6051
4970
3826
2974
2368
1581
104
-2265
-5202
-7918
-9600
-9815
-8632
-6431
-3761
-1204
792
2066
2733
3116
3583
4334
5216
5779
5559
4302
2105
-596
-3119
-4802
-5286
-4697
-3570
-2504
-1811
-1372
-829
98
1403
2858
4221
5371
6251
6765
6750
6096
4896
3510
2417
1841
1455
526
-1471
-4288
-6966
-8430
-8196
-6704
-5087
-4384
-4732
-5287
-4962
-3271
-549
2350
4581
5698
5773
5153
4185
3149
2320
1850
1575
1061
-136
-2166
-4730
-7065
-8246
-7679
-5450
-2293
763
2836
3612
3483
3230
3450
4197
5040
5331
4595
2777
270
-2340
-4496
-5767
-5875
-4825
-3024
-1152
173
738
833
1068
1944
3520
5371
6854
7450
7001
5752
4198
2850
2004
1697
1802
2011
1794
590
-1701
-4469
-6640
-7290
-6197
-4146
-2564
-2525
-3823
-5119
-5016
-3078
-12
2942
4819
5402
5062
4286
3375
2500
1804
1324
827
-105
-1781
-4114
-6557
-8264
-8495
-7031
-4322
-1252
1298
2824
3416
3612
3974
4647
5310
5376
4409
2416
-132
-2624
-4613
-5849
-6200
-5704
-4642
-3442
-2488
-1875
-1285
-151
1857
4416
6640
7668
7270
6005
4815
4347
4462
4432
3667
2303
939
-158
-1367
-3157
-5337
-7023
-7273
-5836
-3534
-1908
-2094
-3749
-5181
-4686
-1879
2092
5365
6568
5573
3398
1373
316
255
671
920
523
-686
-2569
-4758
-6699
-7717
-7241
-5166
-2082
944
2933
3533
3205
2803
2935
3549
4074
3837
2500
298
-2097
-3983
-4984
-5059
-4390
-3304
-2138
-1112
-261
473
1208
2103
3282
4639
5766
6147
5572
4388
3332
3022
3478
4107
4165
3457
2505
1902
1476
408
-1751
-4344
-6013
-5776
-3899
-1886
-1453
-3067
-5389
-6253
-4389
-397
3755
6138
6133
4555
2802
1776
1529
1559
1356
664
-553
-2215
-4152
-6049
-7445
-7788
-6687
-4225
-1099
1684
3388
3958
3922
3897
4094
4205
3741
2445
439
-1864
-3961
-5436
-6080
-5872
-4952
-3558
-1950
-391
898
1798
2421
3029
3815
4658
5186
5084
4361
3400
2642
2249
2061
1833
1534
1433
1799
2409
2390
872
-2099
-5282
-7018
-6367
-3883
-1417
-836
-2564
-5151
-6360
-4798
-885
3523
6408
6893
5484
3424
1786
1015
935
1023
706
-426
-2424
-4875
-7024
-8139
-7812
-6114
-3602
-1096
767
1861
2502
3090
3798
4459
4689
4116
2638
500
-1797
-3688
-4754
-4821
-4009
-2636
-1117
160
927
1127
1012
1030
1551
2585
3736
4430
4296
3441
2329
1435
1013
1148
1799
2839
4013
4821
4468
2320
-1317
-4981
-6881
-6079
-3163
-54
1090
-612
-3923
-6280
-5617
-1819
3269
7110
8107
6451
3627
1227
12
-182
5
-35
-677
-2022
-3877
-5762
-7054
-7198
-5900
-3336
-244
2379
3852
4204
3996
3776
3698
3527
2926
1715
-16
-1964
-3733
-4958
-5403
-4980
-3766
-2009
-90
1552
2564
2812
2479
1988
1773
2001
2439
2643
2299
1509
724
441
891
1953
3221
4238
4764
4785
4204
2663
-25
-3335
-6062
-7050
-6008
-3933
-2647
-3394
-5613
-7217
-6270
-2564
2226
5781
6731
5424
3298
1679
1076
1252
1590
1437
409
-1448
-3706
-5740
-6974
-7063
-5937
-3803
-1224
973
2163
2412
2413
2867
3841
4661
4475
2995
746
-1395
-2798
-3296
-3068
-2414
-1577
-696
124
788
1263
1570
1708
1718
1759
1973
2306
2544
2541
2330
2072
1908
1935
2215
2731
3336
3829
4049
3703
2304
-421
-3936
-6944
-8101
-6898
-4223
-2053
-2100
-4292
-6628
-6676
-3473
1665
6046
7527
5979
3040
661
-175
279
1055
1206
307
-1480
-3660
-5619
-6785
-6779
-5619
-3711
-1639
134
1521
2771
4174
5669
6801
6986
5914
3779
1229
-973
-2366
-2949
-3068
-3133
-3316
-3409
-3000
-1859
-159
1588
2809
3185
2849
2247
1796
1696
1963
2464
2882
2880
2386
1715
1418
1857
2956
4206
4905
4330
2056
-1582
-5315
-7515
-7191
-4707
-1796
-577
-2024
-5026
-7092
-6230
-2438
2376
5777
6425
4636
1867
-299
-939
-169
1012
1408
407
-1674
-3915
-5412
-5752
-5101
-3899
-2482
-916
860
2812
4721
6213
6881
6520
5248
3435
1487
-279
-1673
-2611
-3094
-3211
-3130
-2999
-2801
-2312
-1264
375
2210
3488
3572
2486
1030
251
733
2191
3701
4350
3897
2908
2239
2310
2869
3421
3686
3515
2510
168
-3395
-6987
-8935
-8253
-5517
-2662
-1692
-3078
-5262
-5910
-3777
378
4442
6416
5675
3131
376
-1349
-1664
-1020
-366
-537
-1762
-3614
-5360
-6347
-6324
-5490
-4193
-2565
-582
1611
3676
5301
6336
6671
6227
5015
3234
1270
-459
-1687
-2448
-2957
-3415
-3844
-4046
-3728
-2682
-958
1087
2872
3778
3455
2108
549
-172
568
2484
4488
5405
4785
3219
1888
1706
2724
4216
5289
5292
3863
946
-2927
-6517
-8375
-7775
-5240
-2353
-855
-1536
-3636
-5304
-4862
-1943
2265
5754
6905
5404
2355
-428
-1500
-628
1125
2214
1659
-421
-3114
-5391
-6663
-6791
-5784
-3681
-768
2296
4798
6349
6955
6795
6033
4788
3157
1298
-543
-2106
-3253
-4033
-4641
-5243
-5733
-5611
-4284
-1605
1759
4566
5672
4729
2464
307
-385
844
3238
5241
5491
3811
1384
-49
534
2679
4882
5792
5049
3077
371
-2710
-5631
-7491
-7501
-5682
-3199
-1739
-2257
-4109
-5415
-4454
-1061
3082
5631
5352
2953
319
-990
-647
543
1400
1176
-195
-2275
-4459
-6206
-7151
-7121
-6079
-4144
-1633
1013
3393
5230
6335
6603
6010
4644
2733
686
-1089
-2435
-3502
-4547
-5651
-6622
-6989
-6222
-4095
-1040
1943
3827
4192
3435
2408
1861
2114
3047
4225
5045
4954
3798
2091
895
1119
2781
4856
6027
5670
4170
2279
338
-1736
-3871
-5586
-6258
-5594
-4011
-2609
-2363
-3155
-3790
-3113
-1035
1460
3134
3472
2924
2289
1981
1921
1889
1682
1081
-126
-2029
-4317
-6240
-6940
-6102
-4147
-1770
508
2470
4044
5202
5846
5810
4987
3453
1464
-618
-2447
-3852
-4909
-5782
-6434
-6490
-5481
-3300
-459
2098
3562
3796
3331
2785
2322
1747
1038
524
535
968
1333
1221
776
690
1607
3435
5285
6121
5605
4321
3098
2112
770
-1462
-4246
-6489
-7132
-5970
-3928
-2486
-2516
-3536
-4124
-3150
-670
2195
4115
4491
3690
2548
1738
1445
1336
736
-834
-3105
-5127
-5973
-5378
-3812
-2056
-642
444
1504
2743
4046
5064
5370
4656
3012
877
-1226
-3020
-4481
-5684
-6564
-6889
-6415
-5105
-3194
-1060
894
2355
3176
3430
3311
2949
2379
1673
1034
718
825
1232
1709
2104
2422
2789
3325
3977
4491
4581
4251
3815
3439
2738
1019
-1902
-5167
-7291
-7177
-4996
-2244
-764
-1399
-3343
-4789
-4280
-1717
1644
4136
4831
4006
2590
1391
673
259
-176
-810
-1579
-2313
-2868
-3153
-3098
-2685
-1952
-992
68
1132
2216
3395
4572
5311
5034
3446
857
-1905
-3903
-4631
-4295
-3579
-3083
-2883
-2596
-1805
-447
1163
2616
3652
4141
3966
3077
1681
306
-443
-257
665
1734
2325
2178
1580
1239
1776
3167
4676
5438
5179
4233
2881
943
-1798
-4929
-7381
-8113
-6883
-4668
-3204
-3636
-5418
-6655
-5670
-2331
1848
4847
5570
4406
2527
896
-48
-238
153
727
1006
607
-579
-2265
-3887
-4859
-4800
-3592
-1494
912
3015
4486
5284
5380
4632
2998
803
-1279
-2665
-3295
-3651
-4253
-5108
-5609
-5068
-3323
-869
1555
3414
4512
4857
4513
3526
2039
394
-908
-1483
-1281
-545
340
1054
1494
1891
2667
4048
5765
7079
7229
6027
4048
2060
282
-1665
-4093
-6634
-8307
-8193
-6308
-3895
-2529
-2757
-3590
-3426
-1413
1856
4749
5771
4630
2343
409
-129
836
2474
3489
2891
620
-2431
-4948
-5933
-5229
-3506
-1662
-209
827
1628
2380
3175
3904
4211
3699
2224
41
-2301
-4209
-5314
-5561
-5118
-4216
-3067
-1839
-602
703
2145
3563
4527
4570
3538
1679
-454
-2173
-2873
-2289
-638
1413
3018
3607
3322
2957
3309
4486
5765
6205
5375
3714
2120
1151
489
-738
-3028
-5870
-8038
-8441
-6952
-4648
-3114
-3170
-4177
-4691
-3710
-1378
1313
3379
4513
5009
5116
4740
3758
2354
936
-182
-983
-1757
-2847
-4251
-5497
-5985
-5378
-3766
-1565
669
2522
3837
4558
4549
3719
2226
443
-1289
-2817
-4099
-5071
-5566
-5426
-4670
-3518
-2182
-742
780
2293
3612
4488
4643
3950
2630
1270
551
838
1900
2996
3355
2738
1614
821
1009
2243
4006
5534
6221
5859
4667
3188
1950
1018
-118
-2046
-4732
-7290
-8480
-7618
-5276
-2984
-2044
-2447
-2930
-2116
355
3562
6046
6821
5869
3892
1763
163
-584
-554
-188
-126
-862
-2438
-4343
-5739
-5919
-4725
-2619
-401
1295
2286
2784
3043
3082
2705
1722
132
-1839
-3807
-5326
-6099
-6142
-5704
-4969
-3881
-2296
-264
1876
3709
4994
5686
5742
5054
3613
1724
-42
-1121
-1262
-663
223
1048
1753
2418
3069
3686
4276
4835
5198
5056
4211
2894
1772
1412
1598
1284
-486
-3546
-6523
-7847
-6893
-4491
-2379
-1930
-3092
-4462
-4515
-2791
-122
2152
3208
3179
2738
2403
2240
2096
1843
1430
751
-407
-2224
-4524
-6628
-7671
-7175
-5344
-2848
-388
1648
3178
4153
4349
3527
1732
-628
-2958
-4686
-5459
-5278
-4445
-3345
-2208
-1044
248
1639
2880
3717
4162
4410
4488
4129
3036
1279
-587
-1792
-1785
-552
1373
3137
3929
3391
1909
504
280
1683
4136
6368
7271
6631
5145
3812
3197
3018
2285
84
-3525
-7334
-9753
-9834
-7788
-4861
-2632
-2005
-2624
-3237
-2666
-589
2340
5016
6520
6456
4967
2664
466
-900
-1337
-1344
-1574
-2414
-3758
-5032
-5538
-4916
-3347
-1382
360
1499
1991
2022
1759
1321
801
242
-396
-1104
-1706
-1996
-1967
-1835
-1846
-2063
-2280
-2167
-1521
-397
932
2116
2885
3102
2780
2041
1179
614
684
1409
2497
3516
4105
4152
3854
3574
3606
4043
4706
5154
4851
3498
1360
-793
-2067
-1926
-507
1318
2238
1234
-1618
-5041
-7314
-7371
-5459
-3030
-1753
-2340
-4033
-5236
-4690
-2296
948
3689
5028
4884
3772
2384
1219
423
-180
-867
-1845
-3166
-4702
-6136
-7046
-7045
-5898
-3703
-1038
1238
2536
2940
2948
2827
2351
1174
-614
-2373
-3445
-3747
-3765
-4003
-4488
-4783
-4389
-3093
-1060
1354
3784
5904
7359
7863
7369
6199
4933
4097
3829
3802
3471
2470
852
-922
-2266
-2860
-2764
-2187
-1151
470
2638
4929
6701
7494
7288
6402
5263
4171
3055
1443
-1152
-4610
-7983
-9973
-9786
-7725
-5138
-3559
-3574
-4348
-4352
-2630
455
3650
5768
6382
5724
4285
2622
1249
411
-138
-924
-2306
-4185
-6061
-7316
-7559
-6801
-5329
-3450
-1401
605
2354
3644
4286
4141
3250
1868
332
-1072
-2206
-3062
-3706
-4133
-4178
-3576
-2135
80
2716
5217
7028
7769
7402
6243
4807
3517
2526
1719
846
-287
-1634
-2832
-3357
-2848
-1420
331
1720
2446
2799
3362
4489
5954
7092
7262
6284
4536
2670
1246
451
116
-177
-931
-2571
-5162
-8168
-10450
-10794
-8680
-4833
-1037
904
379
-1543
-2876
-2164
412
3194
4357
3266
749
-1744
-3135
-3189
-2382
-1465
-1068
-1503
-2652
-4004
-4873
-4770
-3626
-1748
322
2030
3082
3589
3915
4275
4412
3688
1601
-1581
-4748
-6609
-6606
-5223
-3414
-1813
-423
1086
2893
4761
6237
7049
7217
6834
5843
4104
1621
-1199
-3489
-4300
-3257
-886
1703
3508
4189
4139
4020
4216
4645
4961
4815
4053
2807
1439
316
-298
-234
470
1423
2040
1931
1194
242
-705
-1921
-3887
-6574
-9102
-10191
-9108
-6391
-3679
-2568
-3325
-4617
-4642
-2587
782
3881
5490
5440
4353
2976
1753
828
213
-134
-337
-671
-1404
-2571
-3795
-4479
-4147
-2780
-878
777
1584
1520
1092
905
1160
1537
1533
927
-80
-1090
-1799
-2047
-1765
-962
209
1453
2459
3045
3278
3412
3695
4180
4712
5032
4896
4184
3013
1761
878
636
947
1458
1854
2024
1971
1606
849
-211
-1274
-1953
-1948
-1215
-51
1085
1816
2030
1894
1693
1545
1231
439
-863
-2315
-3477
-4287
-5159
-6553
-8320
-9578
-9228
-6736
-2702
1160
2992
2205
50
-1420
-967
1072
3283
4300
3684
2043
413
-432
-310
417
1097
1166
398
-1083
-2866
-4355
-5007
-4654
-3580
-2289
-1210
-473
138
910
1847
2670
3071
2912
2218
1165
1
-1059
-1844
-2211
-2092
-1550
-701
351
1522
2759
4032
5184
5840
5619
4496
2902
1454
535
57
-385
-1122
-2029
-2615
-2373
-1186
536
2064
2804
2686
2117
1617
1426
1422
1272
707
-269
-1359
-2151
-2356
-2000
-1383
-812
-358
198
1121
2327
3079
2374
-130
-3460
-5850
-6018
-4152
-1850
-952
-2072
-4016
-4792
-3202
306
4191
6939
7847
7025
5031
2622
632
-314
-219
217
28
-1328
-3545
-5655
-6654
-6106
-4244
-1715
737
2454
3062
2574
1395
152
-568
-543
-50
354
226
-416
-1131
-1397
-1039
-319
363
802
1055
1308
1706
2226
2650
2710
2299
1540
716
99
-199
-283
-362
-577
-891
-1122
-1097
-788
-351
-21
5
-296
-712
-826
-268
944
2296
3104
2986
2133
1149
646
845
1445
1838
1537
583
-404
-640
82
976
781
-1102
-3859
-5761
-5491
-3243
-650
458
-477
-2332
-3313
-2423
-110
2293
3681
3815
3090
2007
937
194
-23
204
416
17
-1310
-3289
-5191
-6277
-6243
-5304
-3950
-2592
-1365
-197
997
2146
3016
3348
3068
2311
1256
29
-1231
-2311
-2986
-3131
-2825
-2295
-1745
-1182
-423
724
2262
3899
5141
5543
4978
3673
2054
519
-686
-1523
-2086
-2458
-2645
-2602
-2291
-1684
-733
567
2069
3434
4296
4499
4205
3784
3558
3585
3601
3219
2257
935
-236
-812
-733
-328
-6
97
226
710
1513
1997
1392
-419
-2556
-3730
-3235
-1555
-95
-90
-1564
-3210
-3491
-1889
747
3009
3984
3759
3019
2390
2048
1812
1361
454
-1009
-2936
-5020
-6725
-7429
-6828
-5220
-3369
-2031
-1515
-1535
-1506
-1035
-204
615
1135
1286
1094
545
-368
-1454
-2297
-2534
-2177
-1637
-1337
-1318
-1205
-590
547
1799
2692
2992
2802
2389
1966
1619
1370
1234
1116
803
106
-911
-1878
-2299
-1839
-557
1082
2437
3037
2859
2310
1895
1878
2165
2463
2522
2297
1975
1839
2059
2578
3144
3485
3456
3043
2367
1648
1121
782
306
-730
-2382
-4071
-4867
-4173
-2345
-615
-237
-1437
-3165
-3950
-3047
-963
1075
2063
1860
1013
214
-150
-65
237
415
116
-959
-2849
-5145
-7038
-7774
-7131
-5522
-3647
-1998
-631
636
1885
2912
3424
3265
2552
1551
461
-709
-2006
-3287
-4125
-4099
-3171
-1772
-461
505
1287
2166
3166
3958
4165
3706
2845
1958
1318
993
876
790
622
377
141
14
52
279
714
1346
2040
2545
2636
2292
1744
1383
1511
2088
2712
2904
2488
1760
1258
1317
1768
2078
1834
1087
297
-52
231
997
1892
2413
1976
273
-2304
-4672
-5698
-4988
-3288
-2119
-2655
-4735
-6823
-7196
-5215
-1792
1366
2899
2571
1176
-137
-531
113
1244
1990
1692
246
-1830
-3746
-4895
-5196
-4984
-4673
-4496
-4417
-4195
-3525
-2250
-513
1333
2920
4018
4565
4622
4339
3860
3255
2449
1324
-99
-1553
-2692
-3241
-3071
-2202
-865
605
1939
3049
3968
4710
5204
5290
4817
3749
2268
760
-370
-949
-1098
-1035
-884
-635
-256
233
758
1305
1992
2934
4019
4803
4824
4022
2864
1963
1584
1521
1383
968
398
-51
-202
-75
172
442
765
1070
954
-97
-2065
-4170
-5427
-5488
-4903
-4664
-5345
-6566
-7214
-6346
-3965
-1059
1137
2030
1953
1671
1676
1973
2288
2336
1884
786
-971
-3094
-4994
-6088
-6207
-5706
-5132
-4817
-4678
-4362
-3557
-2273
-834
378
1191
1736
2291
2994
3676
3992
3691
2799
1555
297
-688
-1240
-1316
-976
-383
196
561
748
1012
1608
2553
3541
4164
4200
3762
3160
2659
2340
2114
1850
1482
1045
628
317
213
447
1114
2126
3121
3674
3583
3061
2544
2399
2691
3116
3191
2592
1432
224
-487
-494
-65
283
149
-449
-1118
-1463
-1586
-2109
-3513
-5431
-6762
-6618
-5114
-3307
-2376
-2763
-3861
-4506
-3831
-1898
351
1788
1884
949
-271
-1142
-1397
-1140
-741
-609
-973
-1771
-2743
-3568
-4019
-4015
-3641
-3091
-2573
-2115
-1565
-781
143
930
1412
1703
2113
2807
3578
3956
3626
2743
1826
1319
1253
1331
1274
1025
709
476
422
585
983
1624
2423
3138
3472
3316
2880
2534
2492
2661
2759
2585
2156
1629
1146
773
529
406
301
13
-571
-1301
-1745
-1483
-470
783
1496
1231
315
-352
-5
1363
2973
3881
3680
2660
1358
83
-1141
-2320
-3376
-4306
-5300
-6438
-7319
-7205
-5748
-3501
-1648
-1188
-2158
-3511
-3855
-2573
-357
1388
1719
799
-394
-941
-550
503
1696
2527
2639
1924
565
-1025
-2337
-3013
-3035
-2706
-2397
-2301
-2387
-2465
-2297
-1689
-617
693
1836
2485
2612
2479
2407
2549
2850
3141
3258
3142
2850
2455
1972
1377
702
31
-534
-920
-1088
-1028
-723
-172
568
1381
2131
2684
2913
2771
2344
1819
1342
928
459
-178
-934
-1537
-1664
-1210
-419
270
541
442
294
394
784
1249
1520
1475
1224
1006
1000
1211
1441
1392
912
163
-397
-386
111
440
-143
-1721
-3465
-4229
-3518
-1888
-577
-622
-2110
-4046
-5114
-4691
-3311
-2082
-1751
-2165
-2586
-2363
-1297
406
2313
3872
4566
4110
2678
863
-624
-1471
-1942
-2570
-3590
-4741
-5481
-5424
-4564
-3196
-1668
-212
1081
2223
3221
4047
4628
4848
4571
3739
2507
1235
325
-25
58
225
194
-37
-223
-92
465
1320
2146
2597
2506
1966
1267
740
589
789
1151
1483
1717
1895
2076
2278
2486
2651
2699
2506
1992
1216
417
-139
-342
-297
-248
-356
-587
-721
-572
-152
320
580
508
180
-190
-385
-359
-344
-789
-1992
-3700
-5132
-5547
-4848
-3727
-3140
-3563
-4625
-5478
-5501
-4709
-3578
-2650
-2173
-2063
-2060
-1894
-1372
-392
938
2282
3200
3381
2814
1784
660
-322
-1099
-1692
-2139
-2499
-2826
-3122
-3266
-3029
-2231
-960
468
1718
2659
3380
4035
4664
5133
5294
5150
4884
4673
4530
4285
3792
3095
2395
1848
1491
1290
1190
1106
949
700
453
347
446
717
1072
1424
1666
1700
1539
1319
1208
1238
1282
1152
742
123
-445
-648
-348
276
798
842
330
-456
-1115
-1447
-1606
-1947
-2652
-3527
-4155
-4251
-3816
-3044
-2143
-1348
-902
-899
-1108
-1140
-863
-603
-921
-2164
-4143
-6146
-7332
-7261
-6151
-4634
-3319
-2444
-1864
-1242
-275
1132
2814
4328
5141
4939
3915
2713
1967
1780
1705
1238
272
-869
-1734
-2047
-1827
-1288
-651
-70
353
623
893
1334
1951
2570
3009
3210
3234
3164
3050
2920
2836
2840
2890
2856
2657
2358
2086
1912
1804
1696
1543
1331
1043
634
77
-581
-1198
-1635
-1831
-1822
-1687
-1527
-1428
-1395
-1311
-1047
-601
-111
243
375
319
206
159
223
334
320
-21
-805
-1909
-3002
-3714
-3867
-3569
-3128
-2789
-2562
-2257
-1727
-1030
-362
121
401
508
443
146
-425
-1206
-1954
-2376
-2361
-2110
-1947
-2014
-2148
-2006
-1379
-402
526
1113
1397
1659
2098
2653
3063
3068
2636
1966
1349
965
834
869
975
1072
1065
900
636
444
494
789
1139
1275
1047
563
134
55
410
1036
1626
1915
1844
1589
1397
1413
1605
1810
1857
1673
1329
962
667
483
382
306
154
-133
-531
-971
-1413
-1851
-2231
-2421
-2292
-1874
-1400
-1117
-1023
-854
-381
308
851
909
442
-288
-949
-1383
-1636
-1817
-1950
-1982
-1855
-1566
-1170
-775
-473
-302
-192
-25
236
465
477
236
-73
-215
-137
8
3
-218
-513
-679
-677
-651
-748
-963
-1153
-1139
-841
-343
159
497
625
597
511
442
430
484
621
817
978
996
849
622
436
377
455
619
768
800
647
336
-22
-276
-320
-171
57
218
273
266
296
444
723
1084
1426
1679
1790
1726
1458
1004
455
-49
-371
-480
-461
-446
-515
-665
-834
-962
-991
-893
-679
-427
-233
-116
-24
101
234
319
367
455
608
716
580
123
-507
-1022
-1249
-1248
-1233
-1343
-1531
-1624
-1495
-1155
-712
-287
68
373
677
976
1215
1312
1184
787
186
-432
-852
-975
-866
-717
-708
-855
-985
-879
-461
139
697
1049
1220
1359
1590
1903
2159
2195
1932
1448
949
590
382
226
35
-185
-382
-491
-481
-388
-286
-228
-235
-314
-464
-640
-769
-807
-784
-769
-786
-797
-733
-544
-267
-10
136
148
46
-181
-536
-930
-1192
-1174
-845
-340
115
339
315
177
83
106
205
270
205
9
-219
-347
-297
-67
255
503
507
231
-231
-712
-1058
-1166
-1052
-871
-796
-877
-995
-959
-620
13
757
1340
1574
1459
1158
900
823
914
1048
1121
1100
996
812
538
187
-174
-437
-535
-489
-367
-194
50
380
773
1159
1471
1662
1756
1784
1758
1647
1432
1115
703
216
-274
-657
-826
-764
-558
-317
-117
14
57
30
-8
-10
6
-52
-272
-654
-1068
-1351
-1403
-1239
-968
-709
-546
-485
-463
-395
-241
-57
27
-106
-468
-971
-1439
-1700
-1666
-1397
-1060
-800
-674
-642
-595
-406
-26
417
698
655
315
-139
-523
-761
-899
-1034
-1224
-1427
-1557
-1547
-1410
-1179
-890
-571
-261
2
200
366
580
901
1289
1621
1807
1852
1842
1820
1722
1417
868
238
-228
-421
-430
-408
-395
-312
-67
319
741
1121
1460
1765
1965
1942
1645
1188
799
649
694
737
612
355
167
221
516
899
1216
1433
1565
1588
1441
1152
843
633
512
381
129
-236
-585
-773
-765
-683
-646
-662
-652
-588
-527
-538
-648
-829
-1026
-1182
-1281
-1350
-1421
-1497
-1579
-1666
-1749
-1804
-1808
-1735
-1563
-1299
-1035
-894
-939
-1090
-1180
-1083
-834
-589
-489
-546
-674
-804
-912
-1003
-1052
-1030
-938
-818
-699
-535
-242
219
748
1177
1393
1451
1471
1482
1421
1233
989
800
753
873
1142
1483
1755
1852
1770
1637
1575
1624
1719
1780
1772
1685
1512
1275
1050
949
1021
1193
1282
1159
891
675
628
650
562
314
9
-227
-374
-507
-689
-893
-1027
-1048
-1021
-1047
-1162
-1306
-1415
-1473
-1491
-1448
-1303
-1078
-889
-849
-959
-1126
-1280
-1433
-1613
-1808
-1982
-2106
-2174
-2189
-2126
-1923
-1534
-1012
-501
-134
56
118
96
-3
-179
-377
-507
-525
-477
-433
-416
-378
-255
-15
337
738
1089
1300
1344
1268
1180
1149
1191
1274
1363
1434
1508
1637
1836
2051
2204
2263
2231
2139
2035
1969
1946
1892
1709
1354
901
494
249
188
287
499
731
857
786
562
350
308
471
712
839
739
455
137
-111
-295
-480
-686
-908
-1151
-1413
-1627
-1724
-1708
-1654
-1615
-1591
-1562
-1511
-1439
-1348
-1236
-1107
-986
-915
-925
-1001
-1087
-1134
-1143
-1154
-1198
-1270
-1336
-1340
-1222
-962
-615
-293
-101
-75
-172
-304
-411
-459
-450
-420
-412
-440
-474
-460
-359
-163
92
334
486
510
414
242
55
-82
-133
-105
-36
11
9
-18
-3
117
347
648
955
1193
1308
1302
1223
1124
1048
1019
1037
1089
1121
1070
923
749
646
640
684
717
723
705
665
625
630
734
948
1203
1383
1382
1173
819
424
74
-189
-346
-396
-350
-250
-156
-116
-131
-173
-212
-263
-357
-493
-606
-640
-588
-525
-515
-570
-645
-672
-638
-578
-581
-715
-956
-1186
-1271
-1188
-1032
-887
-767
-616
-406
-144
141
427
683
849
889
824
750
739
786
803
701
474
215
21
-100
-226
-391
-539
-582
-520
-427
-383
-414
-494
-571
-606
-607
-591
-574
-536
-450
-304
-125
24
91
90
94
179
361
552
613
450
103
-279
-534
-577
-459
-292
-157
-70
-5
69
210
458
785
1093
1261
1206
936
578
317
261
352
431
366
165
-69
-217
-253
-226
-184
-123
-3
166
337
466
548
596
631
659
658
597
473
295
59
-246
-600
-931
-1146
-1194
-1092
-903
-671
-411
-136
103
270
379
479
591
667
639
486
268
52
-140
-337
-560
-788
-975
-1063
-1042
-945
-805
-638
-493
-431
-468
-552
-635
-709
-778
-822
-807
-711
-543
-343
-160
-21
81
179
294
416
520
590
620
580
440
204
-74
-307
-429
-442
-406
-377
-357
-317
-259
-180
-52
155
438
755
1063
1279
1329
1211
1052
1001
1087
1202
1202
1061
833
582
324
124
81
223
448
591
584
458
311
247
309
461
610
701
719
662
538
384
250
147
36
-135
-374
-639
-857
-1000
-1098
-1191
-1259
-1232
-1085
-878
-695
-575
-511
-485
-492
-536
-616
-710
-778
-797
-778
-758
-739
-692
-594
-449
-272
-86
99
254
367
428
450
451
443
441
452
494
563
641
697
709
676
618
572
560
557
494
319
71
-159
-311
-382
-398
-365
-296
-215
-145
-93
-53
-38
-40
-24
62
190
274
241
107
-34
-66
77
341
575
627
463
153
-176
-437
-594
-657
-666
-669
-704
-760
-757
-607
-285
128
494
708
731
641
559
561
586
512
285
-45
-392
-705
-961
-1148
-1258
-1309
-1314
-1282
-1197
-1060
-864
-621
-373
-179
-79
-69
-121
-184
-183
-75
107
283
407
484
540
570
572
578
621
697
738
684
570
503
568
730
876
914
837
709
591
513
482
516
626
773
874
844
677
438
220
89
50
60
61
30
-32
-120
-236
-356
-443
-465
-419
-320
-221
-186
-237
-318
-335
-250
-120
-51
-96
-230
-373
-475
-553
-637
-712
-728
-650
-478
-235
39
292
497
671
812
881
832
689
516
359
230
117
3
-127
-261
-378
-455
-490
-470
-393
-300
-255
-290
-386
-474
-496
-427
-316
-234
-221
-269
-318
-328
-294
-238
-170
-98
-34
26
97
201
337
480
574
577
498
400
342
348
407
484
522
487
390
266
148
65
33
21
-14
-83
-167
-243
-312
-380
-452
-510
-528
-506
-495
-535
-614
-681
-723
-748
-751
-713
-662
-652
-694
-724
-654
-438
-136
138
308
387
438
473
477
434
338
175
-47
-275
-432
-465
-359
-132
174
470
665
735
749
799
888
924
791
483
125
-133
-232
-211
-129
-5
156
369
622
877
1080
1204
1260
1259
1198
1067
852
561
249
-14
-189
-281
-311
-288
-234
-176
-114
-28
73
134
121
40
-91
-260
-441
-582
-644
-627
-544
-426
-300
-189
-73
54
160
181
94
-62
-215
-320
-390
-481
-621
-791
-926
-965
-912
-831
-787
-799
-849
-911
-949
-929
-843
-718
-613
-562
-566
-579
-535
-380
-112
224
541
741
783
727
678
694
756
803
789
700
581
516
571
722
868
908
833
707
616
612
696
830
952
1013
992
906
788
687
639
644
653
597
453
270
110
-2
-74
-104
-109
-137
-225
-337
-394
-360
-284
-235
-259
-355
-478
-605
-723
-833
-927
-1012
-1095
-1173
-1244
-1281
-1261
-1160
-986
-788
-620
-530
-532
-584
-621
-627
-637
-681
-728
-732
-693
-649
-621
-578
-486
-342
-194
-81
-17
13
21
7
-16
-27
-15
6
38
75
119
166
232
331
473
642
810
954
1066
1137
1164
1147
1083
979
873
815
800
772
681
554
459
440
480
530
569
616
710
829
911
917
877
856
883
934
949
873
697
465
250
82
-55
-188
-308
-398
-450
-475
-492
-500
-488
-457
-413
-363
-299
-230
-204
-260
-390
-536
-646
-714
-748
-756
-744
-729
-703
-644
-533
-390
-251
-147
-99
-119
-206
-335
-475
-615
-777
-974
-1173
-1315
-1346
-1267
-1108
-909
-699
-504
-354
-272
-249
-240
-202
-139
-81
-62
-86
-145
-199
-196
-111
45
219
371
486
594
732
909
1090
1227
1284
1264
1180
1067
968
906
873
832
776
726
708
740
818
931
1065
1208
1328
1365
1288
1127
953
798
654
467
230
-29
-244
-384
-470
-529
-565
-559
-519
-461
-395
-307
-188
-48
76
118
47
-105
-256
-355
-407
-461
-548
-668
-776
-840
-861
-864
-855
-815
-736
-650
-599
-597
-622
-645
-662
-674
-661
-605
-546
-553
-659
-808
-900
-865
-715
-528
-411
-419
-523
-653
-738
-750
-682
-600
-573
-625
-701
-727
-674
-531
-311
-37
214
373
423
416
431
520
691
902
1074
1125
1051
928
856
860
898
915
888
854
852
906
995
1084
1131
1112
1043
985
989
1034
1050
977
798
534
234
-29
-206
-313
-390
-481
-598
-727
-820
-816
-687
-463
-220
-12
135
238
308
359
410
466
504
481
369
195
4
-153
-238
-228
-156
-96
-99
-153
-208
-229
-204
-154
-110
-99
-124
-173
-224
-271
-320
-379
-430
-444
-402
-341
-299
-296
-334
-414
-517
-586
-574
-488
-393
-348
-389
-501
-633
-705
-657
-488
-264
-77
10
7
-24
-15
57
159
243
283
299
307
317
316
300
271
245
244
260
290
331
383
421
418
365
308
301
383
511
585
536
388
222
102
43
35
56
88
110
99
46
-26
-76
-95
-94
-86
-62
-34
-29
-71
-137
-188
-198
-192
-198
-240
-308
-370
-373
-286
-141
2
109
183
205
161
78
9
-29
-73
-152
-249
-332
-378
-388
-372
-356
-363
-383
-404
-399
-372
-341
-342
-392
-466
-549
-628
-687
-695
-641
-544
-429
-316
-189
-44
107
223
279
292
289
286
261
201
113
21
-55
-100
-102
-57
16
102
217
388
586
741
806
808
815
854
903
912
875
824
808
836
879
904
899
898
929
979
1000
960
867
770
704
672
636
557
425
277
165
105
67
9
-90
-208
-310
-395
-493
-629
-773
-876
-897
-839
-752
-681
-672
-715
-798
-903
-1012
-1094
-1098
-1013
-886
-792
-764
-772
-771
-729
-658
-587
-531
-484
-435
-405
-406
-416
-394
-324
-222
-122
-58
-37
-38
-17
48
148
257
332
344
299
241
226
276
390
525
607
591
502
435
443
504
564
591
587
563
535
502
454
392
336
318
333
369
414
476
556
635
690
681
619
532
457
388
294
177
55
-54
-169
-307
-453
-578
-668
-735
-771
-761
-708
-648
-616
-617
-648
-685
-713
-706
-660
-571
-453
-342
-286
-301
-351
-395
-416
-417
-395
-376
-406
-511
-643
-746
-797
-811
-815
-790
-712
-565
-389
-212
-63
40
78
85
125
226
367
473
490
414
302
242
279
401
558
696
792
848
881
915
967
1040
1119
1164
1137
1032
900
811
786
797
788
740
653
568
533
539
525
449
334
235
172
138
119
102
81
59
37
-4
-77
-160
-211
-237
-283
-379
-489
-558
-544
-465
-373
-321
-341
-416
-502
-558
-576
-559
-514
-449
-393
-373
-384
-388
-345
-263
-174
-126
-144
-240
-384
-528
-605
-578
-474
-360
-294
-289
-313
-327
-302
-241
-175
-134
-131
-166
-209
-202
-101
83
278
436
547
631
683
698
680
640
588
535
483
432
396
391
417
444
464
489
538
608
702
815
909
928
838
671
485
340
271
260
238
129
-72
-310
-525
-671
-726
-704
-681
-734
-876
-1045
-1173
-1229
-1205
-1098
-927
-739
-592
-520
-530
-594
-661
-702
-722
-737
-728
-675
-587
-500
-418
-327
-224
-142
-102
-97
-102
-108
-118
-139
-166
-198
-231
-238
-190
-94
1
58
96
168
282
405
485
518
517
501
489
492
524
591
685
773
813
785
698
583
475
411
422
483
535
533
495
485
527
590
613
568
461
319
166
35
-51
-108
-149
-179
-187
-169
-130
-60
39
162
292
398
448
445
420
388
335
256
174
102
27
-67
-162
-234
-268
-268
-243
-200
-145
-93
-41
22
96
146
145
114
93
80
50
-5
-65
-115
-155
-162
-103
39
210
335
357
303
231
168
94
-1
-87
-147
-179
-208
-245
-288
-318
-323
-298
-272
-274
-305
-347
-390
-449
-520
-586
-625
-634
-631
-629
-642
-668
-679
-642
-563
-484
-438
-434
-446
-458
-460
-447
-397
-284
-142
-44
-31
-65
-78
-51
-12
20
25
1
-47
-89
-88
-39
36
112
188
285
410
541
642
690
693
668
633
579
498
405
325
254
173
93
52
53
61
68
102
174
238
259
252
252
266
278
266
220
145
52
-46
-120
-132
-67
34
120
154
133
69
-8
-71
-130
-195
-264
-331
-412
-523
-633
-689
-669
-594
-515
-443
-382
-324
-262
-195
-119
-45
15
61
84
74
25
-54
-131
-161
-117
-7
129
266
385
476
538
572
590
597
604
610
593
515
380
248
191
235
355
495
595
620
592
582
620
668
655
572
450
327
206
100
39
56
121
165
148
98
60
32
-10
-66
-108
-109
-63
14
83
88
18
-88
-168
-203
-215
-250
-326
-421
-501
-550
-574
-586
-597
-606
-605
-600
-609
-641
-674
-679
-658
-640
-643
-668
-695
-717
-741
-761
-760
-727
-682
-653
-619
-548
-419
-264
-123
-31
-2
-23
-53
-53
-18
29
61
84
116
159
190
208
233
284
357
418
459
486
507
533
573
626
654
652
643
649
636
572
483
422
418
459
524
573
570
499
394
290
202
127
79
84
125
155
129
73
34
25
19
-12
-78
-167
-267
-342
-357
-301
-217
-166
-161
-167
-155
-138
-143
-185
-249
-314
-361
-386
-387
-372
-333
-261
-148
-36
31
51
47
41
19
-9
-26
-16
9
40
75
110
141
174
233
316
381
382
305
183
82
47
76
119
133
140
184
261
317
315
281
253
256
282
319
338
314
237
136
46
-29
-105
-180
-221
-209
-174
-159
-158
-138
-76
11
74
83
51
9
-19
-44
-69
-93
-117
-168
-270
-419
-583
-702
-737
-685
-589
-508
-454
-408
-360
-313
-283
-246
-213
-207
-250
-326
-390
-401
-353
-290
-262
-293
-354
-396
-372
-277
-149
-42
11
16
-5
-33
-61
-82
-86
-73
-48
-19
17
59
100
138
174
220
276
346
422
481
504
477
411
323
247
204
206
225
224
187
140
129
165
220
269
309
347
375
374
335
278
221
169
127
108
119
159
211
254
269
280
318
393
464
497
495
482
455
399
326
275
266
268
242
182
114
37
-32
-69
-46
20
83
107
81
18
-63
-141
-198
-222
-213
-186
-176
-209
-282
-361
-415
-450
-485
-522
-531
-507
-466
-429
-389
-349
-341
-383
-471
-567
-642
-692
-721
-728
-699
-636
-566
-524
-496
-445
-353
-221
-75
49
99
77
40
42
97
160
208
223
224
219
237
294
358
378
324
252
225
255
307
356
420
488
509
439
297
167
103
113
166
238
300
324
310
283
255
215
158
109
91
116
171
232
271
277
265
243
207
145
60
-12
-34
-22
-29
-81
-154
-202
-208
-181
-153
-132
-114
-85
-53
-38
-53
-85
-114
-129
-128
-123
-129
-153
-173
-173
-150
-118
-79
-45
-38
-68
-114
-132
-107
-68
-39
-22
6
41
69
80
70
63
61
60
50
30
10
1
12
41
63
55
1
-82
-180
-261
-290
-275
-264
-294
-327
-298
-198
-83
-14
3
4
3
4
7
19
43
63
69
52
13
-46
-100
-148
-201
-257
-285
-264
-214
-158
-95
-11
85
164
211
221
210
198
200
218
228
224
197
151
105
83
79
83
81
63
19
-46
-115
-182
-253
-332
-385
-391
-344
-286
-240
-198
-130
-27
69
136
164
167
156
139
134
139
149
155
161
177
189
180
146
102
78
90
137
203
258
267
221
131
36
-23
-19
44
133
207
237
222
173
106
34
-35
-83
-87
-48
-8
-19
-74
-116
-92
-18
58
105
129
141
131
97
59
44
58
91
133
169
181
170
146
133
140
172
214
243
245
221
197
180
172
152
121
84
69
87
141
207
248
240
188
106
-14
-160
-282
-334
-341
-363
-415
-442
-415
-361
-346
-389
-455
-487
-454
-378
-307
-275
-272
-266
-248
-235
-240
-248
-236
-209
-182
-168
-180
-216
-258
-277
-273
-251
-234
-223
-211
-197
-202
-247
-296
-300
-242
-176
-165
-222
-302
-354
-364
-345
-319
-284
-233
-173
-114
-73
-38
1
51
121
210
326
464
597
684
695
642
575
533
517
513
508
507
510
502
478
452
442
461
481
466
397
282
147
21
-64
-87
-60
-8
27
21
-7
-11
46
140
221
263
271
266
250
220
176
127
66
-14
-109
-187
-218
-193
-137
-86
-65
-75
-97
-112
-119
-133
-153
-176
-192
-198
-190
-169
-142
-115
-101
-107
-131
-175
-223
-241
-204
-146
-115
-118
-121
-108
-92
-73
-36
22
79
106
114
135
178
228
263
294
320
329
319
304
293
280
256
217
161
93
22
-37
-77
-92
-62
14
108
172
186
155
111
67
21
-44
-118
-171
-194
-218
-283
-371
-422
-397
-340
-320
-368
-439
-470
-439
-387
-360
-368
-377
-379
-387
-428
-488
-525
-520
-486
-456
-449
-467
-472
-427
-324
-201
-93
-28
-25
-76
-132
-127
-41
85
211
324
429
503
512
463
402
368
357
361
379
418
477
540
585
590
554
495
436
385
349
330
320
314
308
303
294
277
259
254
265
269
231
167
123
128
155
170
158
111
34
-35
-54
-34
-15
-23
-60
-130
-223
-298
-311
-261
-191
-154
-182
-280
-412
-521
-579
-599
-604
-598
-590
-581
-571
-545
-497
-446
-412
-389
-348
-292
-235
-206
-196
-193
-179
-155
-133
-109
-62
12
91
140
174
243
358
475
544
556
528
480
427
399
406
442
485
516
524
511
485
458
449
453
455
434
409
407
413
402
363
319
290
267
242
208
163
107
52
8
-16
-18
1
5
-42
-126
-185
-193
-189
-207
-254
-316
-393
-458
-487
-472
-431
-364
-276
-192
-135
-102
-89
-102
-153
-221
-269
-262
-188
-89
-32
-59
-143
-212
-222
-196
-182
-200
-223
-226
-198
-146
-98
-96
-144
-188
-183
-153
-142
-167
-202
-242
-294
-344
-361
-313
-218
-140
-126
-168
-210
-226
-222
-209
-196
-197
-233
-295
-347
-358
-320
-250
-166
-108
-101
-138
-181
-197
-186
-163
-148
-139
-129
-118
-111
-106
-82
-18
69
132
159
170
195
223
257
321
422
528
597
623
623
603
571
539
500
439
371
347
391
457
492
508
530
558
571
577
615
688
774
840
858
819
731
632
544
488
449
415
383
363
364
362
331
261
182
121
78
39
-4
-50
-84
-96
-100
-117
-150
-175
-179
-177
-179
-181
-178
-176
-189
-233
-310
-395
-445
-455
-451
-468
-520
-578
-616
-626
-629
-623
-580
-506
-422
-374
-373
