-711
-751
-748
-715
-679
-666
-686
-716
-718
-701
-686
-676
-647
-574
-475
-385
-318
-252
-176
-114
-76
-32
70
229
379
442
396
302
250
284
378
465
497
472
430
412
427
450
439
388
336
335
396
487
561
612
654
702
721
661
539
427
386
384
362
307
244
202
179
163
142
97
30
-25
-42
-38
-60
-121
-193
-254
-302
-346
-363
-328
-230
-99
13
53
16
-55
-95
-105
-108
-110
-97
-85
-102
-119
-111
-77
-64
-89
-146
-204
-228
-184
-69
69
189
268
314
328
327
355
431
524
577
568
509
428
341
259
175
72
-29
-91
-92
-61
-41
-35
-13
22
51
45
8
-48
-121
-218
-326
-408
-423
-378
-302
-231
-168
-103
-52
-46
-107
-204
-298
-359
-384
-380
-357
-344
-375
-460
-554
-611
-635
-649
-651
-613
-535
-439
-336
-230
-141
-82
-40
14
76
138
185
212
211
174
124
102
121
147
147
129
139
176
200
194
182
201
240
253
202
83
-59
-156
-156
-53
110
267
367
417
454
504
553
586
604
593
536
451
382
360
360
369
371
372
373
381
388
362
306
253
235
226
208
188
171
139
83
22
-25
-43
-26
7
1
-64
-146
-180
-170
-158
-196
-290
-399
-473
-483
-468
-479
-537
-623
-709
-794
-882
-958
-980
-916
-788
-641
-509
-378
-245
-130
-68
-60
-56
-4
94
176
192
145
88
58
51
45
15
-33
-91
-137
-151
-123
-63
-20
-13
-38
-45
-24
11
63
152
257
313
303
277
288
339
403
470
520
538
552
590
625
596
479
321
174
67
0
-51
-118
-229
-353
-448
-481
-470
-438
-405
-374
-326
-259
-198
-193
-241
-304
-326
-286
-189
-57
59
112
93
33
-9
-4
46
106
148
171
190
214
226
207
175
163
169
174
173
198
234
257
264
270
283
314
373
431
420
339
267
268
320
369
395
409
401
378
362
361
360
339
294
229
153
92
55
40
55
110
195
260
294
297
265
180
56
-42
-81
-84
-93
-121
-153
-190
-248
-329
-418
-493
-533
-534
-533
-586
-705
-814
-827
-754
-671
-629
-615
-586
-538
-472
-406
-349
-319
-305
-295
-288
-282
-268
-247
-248
-291
-362
-427
-458
-451
-425
-399
-385
-381
-385
-395
-399
-378
-327
-255
-176
-92
-9
63
129
202
279
340
386
435
495
532
519
459
383
319
301
341
406
446
445
425
402
361
307
275
309
406
542
666
720
674
561
449
389
396
437
456
416
324
216
124
72
55
51
57
74
93
69
-11
-122
-211
-253
-231
-164
-93
-77
-128
-192
-225
-226
-226
-217
-183
-137
-101
-80
-56
-15
33
80
120
140
130
83
30
15
36
69
99
127
142
125
102
94
95
78
39
1
-37
-84
-138
-177
-185
-168
-128
-71
-5
59
116
179
262
355
424
436
385
289
194
135
104
48
-56
-187
-319
-443
-563
-663
-737
-773
-767
-743
-742
-771
-776
-726
-639
-572
-532
-491
-440
-388
-340
-281
-204
-124
-55
11
80
138
170
191
228
275
302
273
188
83
0
-33
-23
1
24
54
106
178
261
337
401
435
458
490
549
625
697
754
775
757
712
651
584
508
423
323
210
99
8
-66
-131
-169
-185
-212
-268
-329
-363
-372
-364
-327
-251
-187
-190
-243
-266
-200
-61
66
108
52
-53
-131
-155
-128
-83
-48
-53
-108
-216
-360
-511
-635
-706
-723
-682
-595
-477
-354
-255
-188
-150
-109
-30
91
203
253
238
201
180
173
178
203
263
359
460
525
534
514
504
502
474
401
298
203
149
120
78
19
-7
45
132
194
209
204
208
226
257
278
277
263
244
220
178
135
109
98
66
-12
-112
-167
-147
-106
-105
-136
-159
-165
-188
-240
-302
-351
-368
-339
-291
-269
-277
-282
-275
-309
-413
-543
-633
-659
-636
-595
-559
-537
-522
-500
-480
-476
-474
-463
-429
-359
-244
-115
-35
-31
-70
-92
-83
-56
-35
-11
23
68
109
148
207
279
348
384
396
390
365
306
227
163
147
191
263
327
362
385
403
421
441
479
533
583
614
645
706
776
824
821
778
695
590
511
482
475
440
376
323
289
268
234
169
56
-84
-198
-262
-301
-342
-367
-344
-277
-228
-229
-274
-324
-376
-432
-485
-525
-564
-604
-625
-614
-578
-535
-499
-497
-534
-567
-548
-485
-436
-435
-465
-500
-512
-476
-382
-274
-208
-192
-190
-181
-173
-161
-119
-31
85
201
281
299
247
147
50
7
46
148
264
334
329
267
207
214
294
383
421
394
343
300
282
285
291
289
278
275
288
307
318
302
243
156
92
96
151
177
132
43
-12
-11
1
-21
-63
-66
-32
16
49
76
91
103
118
136
136
95
30
-35
-72
-61
2
88
147
163
161
170
187
201
214
241
282
316
304
235
129
31
-31
-55
-58
-57
-55
-69
-106
-170
-228
-246
-212
-153
-106
-80
-65
-45
-17
18
43
23
-60
-175
-270
-323
-334
-308
-254
-198
-163
-131
-94
-62
-70
-108
-127
-99
-43
-5
-3
-41
-111
-196
-279
-346
-394
-413
-402
-374
-345
-317
-290
-272
-266
-270
-271
-271
-281
-303
-335
-364
-384
-365
-306
-240
-206
-204
-210
-212
-213
-216
-243
-312
-415
-504
-527
-458
-315
-149
-22
47
95
146
195
214
194
160
140
163
232
333
439
516
535
496
443
418
414
387
328
286
287
315
332
337
365
434
528
614
659
646
581
488
399
330
304
333
425
533
611
645
649
639
598
526
440
386
371
374
370
336
265
155
38
-46
-77
-72
-71
-100
-160
-232
-308
-382
-440
-468
-468
-472
-483
-490
-468
-438
-437
-496
-596
-680
-693
-632
-553
-498
-464
-426
-392
-371
-363
-359
-344
-308
-243
-181
-152
-157
-177
-193
-215
-237
-238
-214
-164
-116
-76
-35
35
132
227
303
361
388
373
332
294
269
273
312
366
382
352
330
334
325
249
142
57
28
54
115
177
191
140
51
-35
-93
-121
-130
-141
-171
-222
-283
-348
-421
-495
-554
-572
-545
-494
-450
-421
-388
-324
-228
-130
-54
-18
-11
-17
-33
-50
-56
-50
-50
-53
-34
11
50
69
99
158
224
267
288
283
236
165
105
81
77
83
97
107
129
208
359
517
605
608
576
549
531
518
507
481
439
391
358
327
285
248
250
294
336
340
306
267
247
245
242
225
190
141
86
44
39
72
133
169
151
75
-4
-41
-43
-58
-121
-174
-161
-96
-42
-26
-11
13
21
-18
-101
-213
-343
-447
-500
-513
-532
-578
-637
-688
-713
-699
-636
-545
-472
-444
-453
-467
-460
-434
-400
-374
-355
-332
-294
-249
-196
-133
-58
17
60
64
31
-21
-82
-154
-252
-366
-455
-464
-391
-278
-177
-114
-96
-100
-76
10
126
224
272
277
247
198
161
153
154
133
111
111
129
142
127
81
20
-22
-7
60
131
181
214
235
235
231
257
320
388
425
441
445
441
435
442
456
455
424
381
348
324
305
294
295
301
298
285
271
271
291
335
408
486
521
484
405
339
300
290
314
369
421
420
349
223
73
-66
-178
-255
-292
-300
-288
-281
-303
-361
-448
-528
-575
-577
-554
-548
-569
-602
-623
-628
-644
-672
-692
-663
-598
-537
-510
-522
-559
-594
-611
-613
-631
-669
-707
-725
-731
-722
-683
-601
-498
-417
-366
-330
-289
-241
-192
-130
-37
83
196
260
261
217
174
168
208
273
331
353
336
297
246
183
109
62
63
128
229
357
495
616
686
706
701
678
634
564
500
493
570
705
818
835
755
636
559
542
575
605
590
520
424
335
244
153
85
64
61
36
-7
-29
-11
30
79
126
140
91
-9
-98
-120
-91
-67
-84
-134
-179
-189
-154
-104
-68
-73
-125
-201
-256
-274
-273
-283
-308
-330
-326
-286
-240
-230
-260
-282
-254
-214
-209
-230
-221
-168
-110
-79
-71
-76
-91
-104
-94
-68
-40
-39
-78
-147
-215
-248
-245
-213
-174
-147
-159
-195
-215
-198
-155
-125
-129
-160
-188
-185
-126
-38
40
68
50
11
-22
-36
-23
17
69
112
121
93
24
-69
-168
-240
-266
-245
-196
-132
-55
25
97
130
114
50
-22
-58
-44
8
63
91
70
11
-54
-111
-161
-203
-209
-182
-141
-102
-75
-55
-56
-88
-134
-175
-191
-199
-207
-205
-183
-147
-119
-109
-112
-99
-67
-16
38
101
166
205
231
286
406
557
680
742
751
734
719
719
721
707
682
682
695
682
608
508
427
381
362
342
306
245
179
121
109
161
278
410
506
547
558
564
563
537
497
461
429
376
294
191
78
-49
-191
-333
-461
-552
-596
-601
-605
-644
-715
-798
-862
-904
-927
-922
-871
-762
-613
-456
-340
-278
-258
-244
-208
-168
-168
-223
-304
-356
-361
-333
-289
-233
-190
-204
-267
-320
-294
-201
-95
-26
-2
-25
-79
-135
-147
-115
-84
-85
-111
-138
-178
-259
-362
-443
-460
-422
-375
-369
-415
-470
-487
-444
-368
-309
-295
-314
-342
-372
-411
-431
-409
-352
-294
-266
-247
-202
-109
2
87
139
182
221
235
225
213
226
269
330
380
384
323
232
171
166
204
228
219
188
174
214
303
415
506
580
644
701
733
737
730
741
787
836
854
838
837
871
921
962
977
955
894
818
771
754
719
625
482
345
256
234
246
245
205
147
126
183
285
336
276
162
100
121
165
169
127
60
-29
-120
-178
-187
-157
-117
-82
-67
-73
-99
-131
-155
-160
-135
-104
-103
-154
-240
-338
-430
-506
-552
-560
-550
-561
-631
-781
-973
-1130
-1201
-1202
-1180
-1154
-1119
-1062
-978
-891
-837
-842
-878
-903
-892
-841
-771
-713
-663
-584
-438
-282
-194
-197
-222
-213
-183
-146
-100
-38
11
46
87
137
153
119
60
3
-58
-140
-222
-240
-162
-38
48
59
33
17
37
104
220
347
431
474
517
584
640
662
667
679
688
688
690
708
725
709
643
540
438
366
309
237
134
23
-62
-106
-121
-114
-62
68
247
408
511
563
577
560
535
521
510
450
331
199
121
122
157
172
142
121
151
223
289
329
355
361
348
326
302
273
225
184
155
109
27
-77
-155
-200
-228
-253
-273
-298
-336
-381
-422
-442
-441
-420
-380
-326
-271
-259
-317
-403
-437
-382
-283
-203
-204
-302
-452
-549
-533
-448
-389
-406
-475
-553
-607
-612
-564
-495
-444
-417
-361
-236
-47
159
338
470
542
573
617
704
816
882
875
820
772
751
734
690
611
510
396
280
206
213
295
383
411
367
282
212
176
154
130
110
110
107
88
61
44
41
59
105
152
168
113
-19
-210
-401
-549
-662
-771
-886
-1004
-1114
-1198
-1252
-1311
-1427
-1587
-1712
-1749
-1691
-1576
-1454
-1362
-1308
-1252
-1157
-1012
-846
-698
-579
-473
-369
-292
-255
-231
-173
-64
70
198
305
411
516
602
642
640
607
572
579
653
781
928
1094
1276
1440
1569
1669
1769
1853
1920
1988
2076
2198
2342
2491
2585
2568
2431
2220
2003
1797
1578
1309
1016
766
604
500
385
227
54
-105
-257
-418
-589
-754
-912
-1052
-1188
-1358
-1597
-1888
-2159
-2340
-2427
-2479
-2531
-2564
-2549
-2493
-2436
-2373
-2267
-2097
-1898
-1711
-1555
-1434
-1373
-1377
-1399
-1387
-1318
-1205
-1068
-932
-812
-701
-590
-483
-385
-271
-112
94
319
542
740
889
985
1052
1123
1215
1337
1489
1673
1893
2153
2440
2701
2888
2986
3051
3146
3286
3442
3561
3607
3562
3462
3368
3271
3081
2736
2304
1924
1655
1426
1093
537
-244
-1124
-1924
-2527
-2937
-3254
-3604
-4025
-4415
-4630
-4612
-4439
-4216
-3956
-3617
-3184
-2708
-2269
-1925
-1682
-1488
-1283
-1037
-767
-503
-278
-126
-61
-68
-112
-163
-198
-206
-189
-142
-57
47
116
94
-14
-154
-254
-273
-223
-156
-117
-86
-3
164
381
608
854
1145
1483
1826
2145
2444
2731
2994
3196
3339
3449
3574
3723
3875
3971
3944
3788
3552
3308
3080
2866
2638
2345
1933
1405
856
377
-45
-526
-1167
-1966
-2794
-3489
-3966
-4277
-4544
-4850
-5157
-5340
-5304
-5059
-4714
-4348
-3974
-3551
-3053
-2499
-1952
-1484
-1126
-840
-573
-299
-31
205
372
436
428
419
457
532
588
553
385
158
6
1
79
142
138
98
74
107
175
209
189
168
227
379
595
850
1167
1545
1957
2362
2783
3249
3725
4151
4505
4825
5132
5396
5577
5654
5633
5536
5389
5185
4859
4335
3617
2808
2043
1386
774
60
-867
-1969
-3075
-4025
-4767
-5365
-5878
-6308
-6595
-6695
-6605
-6350
-5984
-5561
-5103
-4571
-3913
-3155
-2387
-1707
-1152
-702
-324
7
285
506
664
759
777
687
486
213
-67
-337
-617
-916
-1182
-1346
-1415
-1424
-1391
-1293
-1136
-954
-783
-612
-410
-159
120
374
576
775
1058
1468
1966
2467
2919
3327
3713
4086
4422
4706
4940
5142
5313
5429
5471
5420
5282
5078
4822
4481
4022
3461
2857
2276
1745
1212
547
-344
-1439
-2593
-3651
-4533
-5238
-5824
-6322
-6700
-6871
-6806
-6565
-6228
-5826
-5340
-4760
-4087
-3366
-2654
-2000
-1428
-927
-485
-75
294
600
835
1020
1170
1261
1267
1200
1097
976
828
666
515
370
196
-17
-235
-412
-535
-587
-547
-402
-181
44
206
274
331
514
899
1408
1891
2276
2596
2935
3331
3774
4210
4597
4945
5310
5711
6064
6220
6094
5751
5333
4886
4315
3514
2530
1568
777
133
-530
-1356
-2363
-3477
-4597
-5637
-6523
-7195
-7641
-7861
-7836
-7537
-7005
-6360
-5720
-5101
-4454
-3728
-2928
-2119
-1365
-691
-96
422
856
1205
1446
1551
1534
1480
1450
1432
1373
1264
1190
1256
1468
1680
1725
1563
1315
1112
977
842
702
603
556
483
327
137
2
-56
-94
-117
-15
333
889
1492
2028
2534
3098
3716
4346
4968
5598
6191
6641
6854
6812
6591
6253
5757
4958
3770
2285
716
-745
-2008
-3074
-4009
-4937
-5959
-7052
-8035
-8682
-8901
-8735
-8269
-7546
-6626
-5637
-4676
-3736
-2774
-1861
-1144
-642
-240
141
429
531
492
464
532
652
750
808
876
1008
1214
1445
1641
1803
1985
2215
2407
2424
2222
1896
1542
1150
684
188
-199
-406
-506
-624
-785
-902
-895
-761
-535
-204
294
987
1832
2720
3570
4379
5180
5957
6641
7201
7674
8079
8323
8238
7768
7022
6132
5075
3729
2079
258
-1540
-3139
-4409
-5361
-6189
-7087
-8041
-8856
-9366
-9519
-9273
-8608
-7621
-6504
-5361
-4142
-2843
-1628
-710
-154
111
201
199
152
23
-251
-627
-913
-969
-844
-674
-498
-283
-38
195
448
804
1277
1774
2164
2364
2332
2077
1654
1110
461
-217
-738
-948
-926
-881
-898
-876
-718
-452
-140
228
716
1376
2221
3209
4239
5217
6114
6953
7709
8333
8792
9069
9106
8815
8198
7363
6410
5329
4001
2330
351
-1728
-3598
-5042
-6091
-6970
-7851
-8705
-9389
-9800
-9907
-9691
-9154
-8328
-7295
-6125
-4870
-3548
-2199
-947
18
584
834
949
997
877
498
-28
-440
-569
-480
-322
-154
60
324
553
688
779
966
1325
1766
2110
2222
2102
1798
1315
638
-148
-856
-1317
-1512
-1541
-1513
-1428
-1226
-870
-403
100
647
1307
2131
3055
3984
4890
5785
6651
7424
8060
8564
8917
9063
8933
8498
7784
6860
5801
4585
3119
1339
-646
-2602
-4294
-5636
-6698
-7614
-8445
-9153
-9664
-9911
-9843
-9421
-8671
-7674
-6517
-5267
-3973
-2676
-1438
-390
337
743
950
1053
1013
763
343
-115
-478
-673
-691
-575
-348
-18
393
783
1065
1264
1484
1741
1919
1938
1866
1782
1625
1247
625
-91
-702
-1118
-1377
-1542
-1597
-1464
-1108
-589
9
636
1282
1944
2621
3309
4025
4794
5628
6476
7253
7910
8440
8815
8938
8717
8157
7350
6375
5205
3757
1989
-4
-1991
-3723
-5080
-6151
-7114
-8054
-8893
-9513
-9867
-9940
-9695
-9114
-8249
-7202
-6042
-4788
-3449
-2098
-911
-60
430
701
890
980
874
562
188
-57
-85
29
157
265
415
649
929
1215
1523
1888
2275
2594
2781
2840
2775
2525
2012
1244
387
-325
-747
-932
-1038
-1149
-1216
-1152
-941
-608
-169
398
1098
1917
2803
3691
4529
5299
6017
6677
7269
7785
8218
8527
8634
8450
7939
7145
6144
4951
3487
1682
-370
-2428
-4211
-5596
-6651
-7562
-8440
-9269
-9937
-10327
-10366
-10051
-9435
-8598
-7597
-6426
-5082
-3638
-2274
-1176
-408
97
435
642
670
503
214
-40
-161
-150
-63
83
299
560
819
1053
1295
1603
1973
2322
2562
2676
2727
2716
2552
2110
1417
664
91
-187
-243
-230
-277
-373
-406
-276
16
418
922
1574
2388
3309
4241
5112
5879
6528
7059
7499
7889
8258
8556
8638
8401
7875
7196
6393
5322
3814
1876
-298
-2445
-4336
-5848
-7025
-8022
-8953
-9780
-10363
-10563
-10327
-9762
-9039
-8278
-7400
-6276
-4871
-3322
-1859
-688
102
591
893
1045
989
729
385
93
-70
-109
-49
89
329
676
1067
1425
1749
2119
2535
2899
3090
3094
2976
2772
2437
1938
1344
782
339
21
-221
-438
-642
-802
-869
-824
-670
-400
-1
552
1258
2088
3008
3960
4859
5602
6162
6629
7107
7577
7897
7951
7740
7335
6780
6018
4919
3388
1457
-692
-2821
-4713
-6256
-7459
-8442
-9314
-10051
-10505
-10553
-10193
-9553
-8760
-7880
-6867
-5643
-4179
-2590
-1115
48
863
1442
1859
2081
2048
1792
1417
1042
728
491
333
307
453
757
1134
1539
1996
2511
3031
3458
3737
3833
3739
3441
2939
2272
1558
936
449
46
-327
-665
-945
-1159
-1308
-1392
-1389
-1267
-993
-549
101
996
2101
3292
4397
5312
6027
6605
7133
7627
8007
8152
8025
7673
7158
6441
5425
4023
2253
224
-1904
-3945
-5725
-7166
-8332
-9314
-10125
-10682
-10885
-10685
-10140
-9375
-8496
-7499
-6332
-4965
-3479
-2031
-785
195
945
1514
1894
2043
1975
1767
1504
1233
976
798
773
899
1097
1328
1643
2110
2691
3258
3680
3889
3907
3768
3465
2931
2177
1346
622
79
-318
-595
-734
-743
-715
-731
-800
-840
-772
-547
-151
453
1290
2315
3387
4359
5193
5943
6670
7366
7959
8373
8562
8525
8263
7785
7094
6158
4911
3283
1294
-909
-3070
-4943
-6450
-7703
-8841
-9864
-10628
-10996
-10919
-10482
-9825
-9089
-8269
-7270
-6013
-4578
-3139
-1846
-778
36
609
998
1258
1397
1395
1255
1015
760
587
566
648
738
811
954
1259
1726
2277
2808
3220
3437
3423
3175
2722
2132
1517
977
554
249
39
-99
-184
-230
-287
-390
-534
-625
-572
-334
86
673
1420
2292
3223
4146
5034
5884
6694
7425
8032
8485
8734
8730
8432
7858
7044
5997
4671
3005
1006
-1187
-3332
-5206
-6741
-8023
-9161
-10165
-10942
-11380
-11427
-11095
-10462
-9609
-8581
-7368
-5976
-4441
-2874
-1409
-161
852
1698
2439
3039
3371
3350
2997
2453
1896
1463
1173
971
807
704
723
911
1290
1819
2369
2753
2852
2674
2303
1842
1378
990
703
494
358
305
323
338
284
124
-116
-367
-528
-538
-387
-93
344
944
1706
2624
3672
4783
5846
6804
7675
8474
9110
9443
9390
8969
8257
7287
6035
4438
2516
382
-1775
-3786
-5546
-7023
-8267
-9362
-10336
-11092
-11486
-11446
-11018
-10285
-9309
-8110
-6699
-5105
-3426
-1817
-422
728
1706
2603
3377
3871
3942
3603
3007
2322
1669
1121
725
475
335
277
327
540
942
1435
1822
1935
1758
1425
1072
757
472
203
-31
-199
-291
-332
-375
-466
-635
-868
-1111
-1289
-1350
-1289
-1117
-815
-328
372
1233
2194
3221
4308
5435
6563
7633
8563
9244
9558
9451
8924
8033
6844
5421
3799
1988
15
-2030
-3997
-5743
-7207
-8443
-9536
-10500
-11252
-11664
-11639
-11155
-10297
-9181
-7871
-6391
-4795
-3157
-1545
9
1464
2759
3843
4665
5180
5354
5168
4637
3812
2832
1888
1135
621
303
140
157
401
837
1320
1651
1719
1554
1279
1004
798
689
667
705
785
907
1039
1110
1053
866
577
226
-138
-440
-634
-701
-632
-377
115
869
1853
3010
4271
5566
6835
8003
8992
9707
10060
10004
9530
8675
7509
6103
4492
2657
630
-1465
-3443
-5201
-6762
-8201
-9544
-10731
-11668
-12249
-12390
-12063
-11319
-10277
-9037
-7634
-6077
-4393
-2663
-979
585
1984
3201
4188
4847
5064
4798
4109
3127
2027
989
153
-441
-811
-982
-950
-717
-344
55
338
434
377
261
188
197
286
426
576
746
960
1199
1367
1360
1149
781
347
-54
-356
-565
-699
-716
-520
-38
740
1775
2986
4270
5554
6797
7969
9006
9791
10189
10104
9553
8665
7568
6303
4817
3074
1128
-910
-2920
-4810
-6528
-8060
-9426
-10616
-11566
-12168
-12316
-11984
-11244
-10200
-8930
-7457
-5805
-4011
-2152
-333
1344
2844
4163
5249
5995
6301
6122
5467
4427
3190
1974
925
99
-489
-826
-897
-731
-389
-4
294
441
503
565
648
703
699
680
727
880
1110
1351
1520
1550
1406
1111
721
299
-88
-398
-626
-777
-795
-565
6
906
2037
3295
4609
5923
7177
8277
9119
9589
9613
9195
8431
7438
6273
4907
3289
1425
-613
-2699
-4701
-6537
-8180
-9632
-10849
-11740
-12221
-12255
-11864
-11133
-10164
-9005
-7638
-6073
-4381
-2618
-819
961
2617
4071
5266
6111
6492
6330
5642
4509
3122
1747
604
-260
-878
-1240
-1299
-1085
-730
-375
-119
1
41
78
142
203
259
361
544
799
1086
1361
1549
1583
1459
1230
910
500
36
-397
-725
-903
-864
-529
136
1079
2208
3439
4716
5984
7165
8156
8889
9338
9478
9272
8705
7841
6737
5390
3754
1880
-121
-2132
-4094
-5953
-7648
-9132
-10349
-11229
-11735
-11915
-11828
-11446
-10714
-9639
-8316
-6841
-5249
-3538
-1699
203
2028
3619
4904
5864
6441
6519
6057
5153
4010
2813
1699
752
25
-465
-705
-720
-565
-332
-90
114
245
290
270
227
198
245
417
703
1018
1304
1564
1792
1928
1897
1662
1242
705
151
-344
-728
-918
-791
-284
534
1547
2664
3836
4993
6049
6958
7690
8214
8469
8400
8000
7311
6399
5306
4023
2515
771
-1136
-3097
-5009
-6789
-8355
-9636
-10631
-11357
-11798
-11884
-11604
-11002
-10145
-9049
-7761
-6308
-4700
-2930
-1035
881
2694
4258
5468
6275
6686
6680
6227
5340
4129
2732
1325
99
-775
-1255
-1410
-1332
-1089
-774
-511
-382
-385
-471
-579
-633
-541
-240
238
812
1400
1958
2461
2867
3109
3123
2892
2466
1946
1428
996
722
649
805
1205
1845
2670
3584
4517
5422
6275
7040
7689
8152
8343
8195
7725
7016
6155
5145
3900
2336
476
-1544
-3560
-5434
-7101
-8535
-9743
-10702
-11373
-11719
-11742
-11467
-10907
-10077
-8985
-7674
-6165
-4488
-2672
-795
1062
2810
4347
5547
6314
6594
6350
5585
4399
3013
1668
528
-335
-909
-1223
-1321
-1268
-1137
-1054
-1114
-1302
-1509
-1659
-1733
-1677
-1400
-848
-70
847
1788
2624
3228
3547
3572
3327
2874
2349
1876
1513
1239
1063
1032
1204
1590
2135
2760
3407
4086
4805
5526
6151
6626
6944
7094
7009
6647
6032
5202
4168
2904
1397
-330
-2202
-4091
-5845
-7344
-8551
-9500
-10222
-10737
-11025
-11054
-10767
-10156
-9273
-8187
-6933
-5493
-3838
-1978
26
2010
3783
5197
6192
6730
6748
6213
5182
3857
2511
1393
614
155
-66
-133
-143
-210
-410
-735
-1121
-1496
-1809
-1985
-1931
-1600
-1019
-261
630
1586
2504
3247
3734
3930
3858
3567
3161
2762
2454
2265
2183
2195
2304
2516
2807
3111
3364
3585
3858
4262
4782
5328
5800
6128
6261
6157
5771
5087
4146
3013
1716
223
-1430
-3138
-4746
-6146
-7308
-8255
-9074
-9805
-10402
-10770
-10877
-10736
-10329
-9602
-8534
-7169
-5556
-3732
-1771
184
1987
3530
4738
5543
5896
5782
5238
4361
3327
2344
1557
1012
691
533
422
215
-159
-682
-1308
-1974
-2576
-2971
-3068
-2840
-2301
-1489
-484
602
1651
2543
3181
3536
3687
3709
3615
3391
3079
2765
2482
2222
1992
1847
1800
1809
1831
1908
2120
2513
3066
3709
4346
4874
5225
5345
5175
4698
3984
3163
2318
1421
394
-804
-2126
-3487
-4790
-5957
-6964
-7860
-8703
-9473
-10050
-10331
-10274
-9883
-9141
-8027
-6566
-4837
-2965
-1079
708
2349
3797
4984
5819
6265
6354
6119
5594
4860
4075
3401
2888
2461
1997
1429
760
29
-740
-1525
-2274
-2885
-3226
-3181
-2724
-1941
-968
77
1125
2129
3061
3879
4535
4973
5186
5188
4997
4643
4174
3641
3078
2516
2002
1577
1264
1060
976
1033
1252
1623
2084
2533
2889
3101
3162
3061
2819
2491
2137
1743
1202
388
-730
-2028
-3334
-4545
-5674
-6759
-7805
-8772
-9592
-10176
-10455
-10430
-10144
-9601
-8747
-7548
-6058
-4366
-2571
-776
901
2376
3613
4584
5232
5507
5420
5073
4619
4195
3843
3509
3111
2598
1950
1148
173
-961
-2145
-3207
-3971
-4338
-4271
-3792
-2958
-1855
-597
709
1967
3097
4026
4712
5169
5454
5591
5566
5385
5066
4642
4119
3534
2931
2358
1836
1396
1090
975
1074
1331
1660
1992
2304
2557
2682
2643
2490
2329
2217
2122
1939
1541
832
-200
-1449
-2736
-3941
-5053
-6132
-7217
-8258
-9139
-9714
-9897
-9705
-9228
-8547
-7648
-6474
-5020
-3372
-1635
97
1740
3209
4454
5448
6150
6514
6526
6258
5822
5338
4876
4394
3772
2889
1709
289
-1234
-2677
-3868
-4690
-5102
-5097
-4685
-3908
-2852
-1635
-350
925
2101
3099
3883
4481
4943
5291
5499
5518
5344
5012
4566
4028
3415
2749
2064
1413
873
511
366
411
560
705
787
808
790
733
654
607
638
721
766
689
424
-82
-880
-1932
-3090
-4171
-5081
-5852
-6555
-7197
-7728
-8081
-8199
-8045
-7632
-6999
-6189
-5201
-4068
-2866
-1684
-538
617
1792
2932
3938
4703
5153
5283
5184
4971
4709
4374
3883
3151
2161
978
-274
-1471
-2500
-3270
-3722
-3815
-3547
-2954
-2115
-1135
-127
809
1602
2234
2739
3173
3554
3826
3930
3875
3733
3575
3396
3170
2867
2494
2072
1656
1308
1058
920
870
886
923
954
938
837
647
414
212
76
3
-41
-101
-222
-437
-744
-1133
-1608
-2186
-2853
-3549
-4187
-4672
-4943
-5006
-4931
-4780
-4566
-4252
-3811
-3251
-2611
-1918
-1197
-486
183
826
1494
2183
2816
3299
3605
3742
3736
3595
3315
2881
2288
1563
761
-63
-843
-1494
-1918
-2087
-2045
-1837
-1467
-944
-349
212
685
1082
1423
1691
1855
1908
1856
1735
1581
1417
1248
1064
859
616
338
70
-121
-194
-152
-33
100
203
280
360
446
484
437
325
213
142
106
78
25
-77
-269
-584
-1018
-1536
-2075
-2582
-3040
-3445
-3765
-3935
-3914
-3728
-3431
-3066
-2676
-2287
-1907
-1496
-1004
-417
233
888
1506
2084
2618
3062
3368
3524
3551
3451
3197
2796
2290
1709
1073
409
-192
-632
-856
-863
-690
-398
-46
351
783
1238
1664
2015
2259
2380
2379
2282
2117
1893
1602
1242
835
420
33
-313
-622
-892
-1103
-1226
-1247
-1171
-1020
-831
-659
-536
-459
-400
-358
-356
-386
-388
-324
-233
-186
-215
-302
-436
-634
-903
-1243
-1639
-2073
-2506
-2895
-3206
-3402
-3444
-3320
-3070
-2760
-2432
-2080
-1669
-1175
-616
-42
522
1101
1707
2293
2771
3091
3269
3333
3280
3091
2752
2283
1734
1144
547
-10
-462
-751
-830
-678
-313
188
720
1203
1606
1908
2071
2066
1941
1797
1690
1600
1495
1368
1177
849
364
-198
-730
-1171
-1500
-1718
-1828
-1825
-1696
-1460
-1206
-1037
-982
-979
-951
-883
-807
-724
-620
-485
-341
-212
-126
-123
-227
-453
-802
-1241
-1695
-2079
-2374
-2609
-2794
-2893
-2880
-2788
-2658
-2492
-2246
-1898
-1470
-1007
-535
-50
465
1001
1511
1942
2268
2512
2701
2847
2920
2878
2701
2404
2028
1602
1169
768
430
187
79
143
380
748
1185
1630
2024
2341
2567
2711
2785
2799
2761
2684
2616
2561
2449
2178
1712
1113
459
-183
-750
-1184
-1457
-1599
-1655
-1657
-1622
-1563
-1500
-1468
-1493
-1570
-1646
-1666
-1605
-1482
-1341
-1198
-1071
-976
-956
-1047
-1249
-1527
-1832
-2110
-2316
-2433
-2459
-2403
-2292
-2177
-2093
-2032
-1955
-1831
-1632
-1331
-926
-458
25
512
994
1437
1791
2026
2158
2205
2178
2094
1962
1777
1499
1114
669
243
-106
-371
-536
-555
-371
32
588
1175
1681
2056
2334
2547
2705
2780
2749
2628
2469
2313
2146
1933
1655
1305
869
349
-209
-743
-1218
-1608
-1875
-1987
-1968
-1879
-1772
-1668
-1617
-1663
-1795
-1923
-1957
-1863
-1654
-1361
-1025
-722
-523
-480
-608
-892
-1274
-1661
-1974
-2178
-2285
-2325
-2314
-2243
-2082
-1828
-1514
-1184
-841
-475
-98
274
639
1014
1394
1755
2075
2335
2527
2648
2691
2624
2430
2129
1769
1373
963
561
186
-131
-340
-357
-185
108
466
886
1358
1832
2252
2597
2849
2994
3029
2976
2863
2717
2539
2305
1974
1541
1020
444
-134
-650
-1062
-1364
-1564
-1670
-1694
-1647
-1555
-1478
-1476
-1546
-1627
-1654
-1604
-1475
-1266
-981
-652
-350
-144
-87
-195
-454
-822
-1241
-1657
-2034
-2340
-2547
-2628
-2571
-2391
-2136
-1867
-1617
-1375
-1114
-840
-584
-348
-104
144
372
570
760
937
1051
1066
975
803
587
364
149
-89
-372
-672
-926
-1075
-1079
-933
-664
-303
132
624
1153
1683
2181
2623
2988
3243
3367
3355
3216
2976
2641
2197
1624
958
290
-297
-769
-1136
-1392
-1543
-1617
-1639
-1604
-1485
-1302
-1113
-960
-839
-725
-603
-449
-222
98
487
890
1212
1373
1345
1163
865
453
-67
-636
-1157
-1553
-1814
-1970
-2025
-1960
-1775
-1527
-1277
-1065
-881
-694
-473
-218
43
300
561
853
1159
1414
1542
1510
1334
1051
703
348
36
-209
-393
-535
-629
-663
-619
-509
-353
-166
71
393
805
1260
1673
1996
2237
2421
2552
2588
2479
2215
1843
1415
934
399
-146
-623
-990
-1253
-1431
-1545
-1624
-1703
-1771
-1794
-1751
-1661
-1547
-1408
-1239
-1047
-835
-581
-272
88
462
777
944
912
712
408
63
-298
-656
-992
-1271
-1470
-1577
-1597
-1555
-1472
-1350
-1200
-1037
-883
-733
-571
-382
-159
84
358
663
980
1251
1422
1484
1455
1334
1102
795
502
304
209
162
118
82
77
100
137
216
391
685
1055
1444
1810
2131
2392
2555
2572
2417
2111
1705
1246
777
354
19
-238
-471
-718
-989
-1259
-1505
-1713
-1872
-1977
-2040
-2078
-2098
-2081
-1992
-1806
-1515
-1125
-678
-228
165
487
746
946
1051
1008
798
454
47
-359
-706
-956
-1116
-1212
-1250
-1219
-1119
-986
-871
-804
-771
-729
-647
-514
-340
-127
100
332
573
810
995
1083
1082
1033
974
911
850
787
702
577
423
291
222
226
282
393
577
842
1164
1499
1826
2111
2303
2349
2244
2025
1735
1405
1057
726
412
112
-176
-431
-648
-835
-1015
-1205
-1412
-1627
-1824
-1985
-2092
-2139
-2111
-2012
-1856
-1625
-1292
-873
-468
-155
60
210
301
301
210
49
-135
-309
-447
-536
-571
-566
-541
-505
-462
-408
-372
-379
-427
-484
-503
-480
-422
-338
-215
-52
136
323
485
621
740
844
923
966
974
955
911
857
817
808
831
869
906
920
925
966
1081
1256
1439
1597
1711
1755
1695
1539
1317
1037
697
307
-74
-392
-639
-830
-979
-1112
-1252
-1418
-1604
-1795
-1975
-2116
-2189
-2187
-2128
-2031
-1904
-1728
-1498
-1217
-918
-642
-422
-266
-172
-162
-253
-420
-599
-731
-803
-823
-805
-755
-700
-668
-672
-691
-690
-633
-505
-312
-106
67
199
318
454
622
833
1062
1283
1474
1636
1764
1865
1962
2045
2077
2011
1852
1646
1446
1289
1193
1158
1184
1285
1472
1718
1943
2078
2124
2126
2113
2060
1938
1738
1464
1157
867
600
329
45
-213
-441
-662
-897
-1138
-1370
-1589
-1776
-1930
-2054
-2154
-2219
-2221
-2160
-2048
-1918
-1762
-1568
-1341
-1131
-981
-919
-953
-1070
-1217
-1329
-1378
-1399
-1430
-1474
-1493
-1452
-1377
-1306
-1238
-1122
-939
-715
-505
-334
-203
-91
14
114
198
256
313
410
564
742
878
950
987
1037
1111
1182
1200
1131
978
795
655
608
665
804
996
1212
1430
1623
1774
1868
1892
1839
1720
1545
1329
1078
798
509
251
51
-105
-259
-418
-550
-624
-651
-677
-726
-799
-865
-905
-922
-913
-857
-738
-602
-506
-464
-452
-478
-547
-637
-709
-759
-826
-920
-1032
-1109
-1129
-1095
-1029
-964
-910
-866
-802
-696
-543
-351
-125
117
347
530
654
717
737
737
749
789
839
873
908
974
1072
1162
1213
1200
1113
961
804
701
651
630
630
691
819
995
1191
1389
1576
1716
1785
1763
1659
1495
1300
1090
846
552
239
-42
-266
-467
-693
-953
-1209
-1429
-1603
-1731
-1801
-1819
-1787
-1710
-1584
-1420
-1248
-1078
-917
-776
-685
-658
-680
-739
-840
-987
-1158
-1332
-1499
-1656
-1770
-1812
-1795
-1761
-1750
-1756
-1743
-1674
-1523
-1300
-1033
-746
-449
-150
112
314
464
609
774
954
1111
1218
1278
1327
1387
1437
1436
1374
1275
1171
1056
909
734
581
536
613
779
974
1180
1391
1588
1753
1869
1928
1942
1923
1879
1791
1643
1442
1213
981
741
473
172
-125
-367
-530
-642
-724
-769
-761
-701
-608
-511
-448
-440
-462
-459
-411
-358
-349
-392
-474
-593
-761
-963
-1146
-1278
-1368
-1445
-1513
-1557
-1564
-1544
-1500
-1417
-1296
-1142
-957
-721
-452
-197
7
179
339
497
641
756
828
838
803
761
751
780
827
871
898
899
861
780
652
489
324
216
226
367
594
826
1003
1111
1172
1207
1212
1170
1060
887
681
473
268
50
-195
-440
-660
-835
-971
-1079
-1169
-1248
-1314
-1355
-1360
-1318
-1221
-1099
-994
-926
-873
-812
-738
-657
-575
-517
-521
-603
-732
-861
-960
-1032
-1088
-1143
-1200
-1251
-1290
-1288
-1227
-1107
-960
-799
-592
-310
3
270
445
565
689
837
981
1102
1208
1300
1365
1392
1387
1344
1275
1219
1231
1284
1304
1244
1145
1048
978
955
1005
1129
1290
1464
1644
1812
1928
1971
1959
1905
1793
1608
1379
1150
942
729
497
250
16
-196
-392
-573
-730
-845
-930
-998
-1068
-1124
-1139
-1104
-1054
-1022
-1011
-997
-968
-923
-848
-749
-670
-675
-784
-964
-1164
-1358
-1540
-1694
-1788
-1807
-1769
-1707
-1630
-1535
-1440
-1355
-1260
-1125
-955
-766
-564
-339
-127
28
131
226
341
466
582
659
672
628
577
556
550
537
515
505
494
464
410
338
284
299
426
641
873
1074
1238
1357
1415
1413
1384
1356
1306
1206
1050
864
675
501
339
168
-30
-226
-378
-461
-496
-521
-570
-657
-749
-798
-773
-695
-603
-527
-474
-429
-387
-357
-367
-423
-512
-610
-712
-817
-933
-1045
-1135
-1175
-1150
-1071
-959
-839
-717
-594
-456
-306
-141
39
230
424
614
785
908
965
979
1011
1079
1160
1212
1235
1238
1205
1122
1004
886
783
689
607
563
571
605
636
671
742
854
976
1084
1171
1234
1257
1229
1169
1083
945
720
432
158
-53
-204
-329
-444
-555
-668
-790
-924
-1068
-1189
-1247
-1239
-1204
-1167
-1103
-990
-857
-767
-736
-744
-773
-828
-908
-996
-1079
-1154
-1221
-1274
-1309
-1333
-1354
-1386
-1424
-1432
-1357
-1180
-951
-727
-546
-400
-274
-140
21
207
398
571
715
825
909
970
1023
1084
1156
1217
1228
1185
1109
1021
917
788
651
525
437
407
436
489
532
578
655
755
852
940
1041
1155
1252
1287
1230
1098
925
744
561
394
265
159
35
-131
-317
-495
-658
-819
-968
-1087
-1177
-1257
-1320
-1318
-1237
-1110
-982
-868
-776
-734
-756
-825
-901
-960
-1020
-1084
-1140
-1170
-1188
-1206
-1207
-1163
-1066
-948
-839
-755
-691
-624
-534
-400
-214
17
268
511
721
895
1050
1193
1326
1427
1492
1517
1524
1519
1486
1396
1253
1090
936
818
735
670
602
528
480
493
568
684
814
933
1011
1034
1027
1034
1066
1110
1159
1211
1251
1244
1167
1019
814
585
362
166
-16
-225
-477
-750
-993
-1174
-1291
-1359
-1390
-1378
-1316
-1211
-1088
-992
-964
-1008
-1092
-1205
-1351
-1509
-1621
-1636
-1586
-1527
-1494
-1472
-1451
-1441
-1460
-1506
-1540
-1503
-1383
-1215
-1029
-827
-602
-385
-204
-64
76
251
475
702
868
951
993
1061
1158
1243
1275
1245
1183
1109
1049
1018
1020
1044
1068
1081
1076
1054
1016
970
939
954
1009
1079
1118
1117
1093
1081
1096
1112
1093
1018
902
758
599
432
268
94
-117
-361
-600
-786
-919
-1025
-1127
-1211
-1258
-1257
-1215
-1154
-1111
-1116
-1159
-1202
-1227
-1248
-1274
-1287
-1264
-1205
-1131
-1068
-1021
-993
-991
-1022
-1063
-1069
-1015
-915
-805
-692
-560
-398
-205
6
213
387
513
598
671
754
858
966
1059
1125
1165
1194
1224
1259
1285
1288
1273
1266
1280
1309
1318
1285
1217
1161
1160
1224
1324
1401
1420
1371
1297
1232
1180
1115
1033
957
898
838
750
611
419
177
-80
-311
-492
-640
-781
-917
-1009
-1037
-1017
-1015
-1041
-1059
-1051
-1045
-1080
-1138
-1201
-1272
-1370
-1484
-1602
-1711
-1795
-1831
-1822
-1797
-1777
-1754
-1703
-1626
-1545
-1472
-1394
-1294
-1169
-1021
-844
-650
-449
-250
-52
139
310
475
654
838
980
1063
1111
1148
1164
1134
1073
1011
960
923
905
909
928
948
974
1012
1071
1153
1251
1340
1396
1404
1371
1323
1275
1239
1211
1177
1117
1009
852
664
477
306
151
11
-116
-236
-354
-469
-568
-635
-660
-634
-584
-546
-562
-618
-677
-713
-736
-766
-796
-833
-897
-995
-1074
-1096
-1071
-1033
-1002
-971
-942
-921
-911
-908
-913
-907
-856
-751
-613
-458
-279
-91
82
222
331
427
519
602
663
689
681
660
648
661
673
645
561
456
367
305
254
214
210
265
371
496
618
734
837
900
910
904
926
969
995
973
901
783
634
467
306
155
18
-106
-231
-354
-490
-620
-726
-796
-837
-864
-861
-828
-786
-785
-847
-939
-1001
-993
-944
-890
-851
-830
-838
-887
-956
-1004
-1007
-973
-933
-921
-945
-973
-979
-971
-974
-970
-903
-751
-547
-334
-115
120
341
522
661
786
900
1000
1085
1162
1223
1264
1309
1372
1430
1453
1439
1425
1434
1447
1438
1382
1285
1173
1097
1092
1150
1212
1214
1141
1050
989
962
914
818
685
532
380
235
109
-5
-104
-177
-220
-259
-321
-409
-500
-567
-601
-616
-628
-642
-647
-641
-647
-687
-771
-865
-934
-954
-942
-941
-967
-1005
-1024
-1026
-1041
-1087
-1153
-1197
-1203
-1186
-1177
-1174
-1147
-1077
-979
-884
-812
-741
-626
-443
-237
-75
23
82
126
156
178
213
271
345
428
514
586
633
652
652
631
616
625
662
708
750
790
816
812
784
760
750
749
743
729
697
656
617
581
521
416
286
165
45
-81
-209
-330
-431
-495
-493
-438
-370
-332
-333
-346
-355
-347
-327
-288
-232
-183
-174
-217
-273
-308
-307
-284
-261
-251
-260
-285
-326
-366
-393
-426
-501
-605
-681
-681
-623
-557
-518
-489
-437
-323
-135
97
318
475
569
622
666
707
752
799
843
876
882
845
754
661
618
637
683
724
762
792
803
791
771
749
717
663
598
545
509
465
381
252
111
-1
-61
-78
-67
-52
-59
-106
-178
-252
-311
-341
-335
-305
-290
-316
-373
-429
-454
-459
-467
-493
-533
-569
-599
-612
-612
-607
-612
-642
-682
-721
-750
-760
-744
-724
-740
-793
-849
-882
-904
-925
-914
-840
-726
-623
-544
-446
-305
-148
-12
102
221
350
457
518
536
546
570
610
650
675
684
676
655
632
628
650
681
710
739
769
797
803
780
723
654
602
576
571
553
508
440
380
350
337
322
306
275
222
138
35
-63
-148
-220
-295
-374
-455
-525
-589
-647
-701
-746
-775
-775
-745
-711
-712
-758
-826
-882
-903
-899
-900
-924
-950
-960
-956
-956
-950
-913
-834
-737
-641
-550
-465
-380
-293
-198
-85
40
154
237
289
323
348
369
405
468
562
660
743
794
816
810
787
771
777
826
896
967
1019
1069
1129
1194
1228
1209
1161
1125
1122
1107
1048
953
860
793
738
699
670
665
656
617
525
395
278
224
233
245
185
42
-128
-258
-323
-351
-377
-436
-539
-684
-845
-999
-1130
-1233
-1292
-1305
-1289
-1277
-1290
-1334
-1394
-1450
-1474
-1451
-1378
-1279
-1179
-1087
-995
-898
-796
-690
-577
-442
-282
-110
32
123
191
264
342
394
413
430
468
536
595
629
645
669
712
761
788
769
699
623
599
645
726
794
830
827
786
718
652
599
545
484
431
406
406
434
472
480
437
363
303
266
238
205
159
97
32
-23
-88
-199
-361
-528
-666
-771
-841
-887
-933
-1010
-1108
-1199
-1266
-1313
-1333
-1325
-1304
-1282
-1246
-1177
-1099
-1041
-1013
-992
-948
-858
-721
-550
-376
-231
-123
-56
-21
3
38
95
173
249
316
377
444
516
573
602
615
651
732
853
976
1066
1127
1183
1238
1289
1329
1362
1368
1324
1233
1121
1034
1002
1019
1049
1054
1014
936
839
747
655
556
452
368
305
246
191
166
177
192
172
98
-26
-182
-325
-418
-479
-548
-629
-694
-738
-781
-846
-934
-1029
-1117
-1185
-1236
-1279
-1316
-1347
-1362
-1351
-1302
-1223
-1141
-1068
-983
-844
-655
-456
-291
-157
-41
60
149
226
293
347
388
412
424
428
411
375
358
389
447
475
467
456
448
434
420
421
417
377
301
213
147
137
195
275
320
325
332
352
360
328
260
170
81
12
-21
-23
-13
1
11
0
-40
-81
-100
-109
-138
-179
-200
-203
-219
-260
-301
-326
-339
-356
-384
-423
-469
-529
-608
-702
-778
-807
-794
-766
-737
-704
-665
-620
-575
-523
-465
-402
-327
-240
-153
-62
45
167
277
353
404
442
473
507
550
593
621
640
678
745
829
910
966
987
985
989
997
981
923
842
762
675
576
462
348
256
201
198
241
318
414
499
561
584
581
568
554
534
486
409
306
200
97
0
-104
-224
-339
-417
-481
-591
-768
-934
-1023
-1040
-1043
-1059
-1065
-1051
-1017
-984
-971
-1002
-1051
-1061
-999
-895
-784
-666
-530
-386
-276
-229
-250
-317
-395
-476
-554
-596
-553
-403
-220
-97
-82
-127
-146
-76
75
244
368
461
621
898
1200
1354
1274
1034
808
731
821
978
1069
1043
936
818
729
669
630
577
475
326
186
93
31
-30
-90
-108
-58
49
133
90
-99
-346
-520
-559
-466
-280
-70
61
52
-69
-232
-417
-638
-853
-963
-886
-631
-302
-66
-50
-259
-567
-807
-858
-729
-538
-450
-515
-650
-717
-642
-463
-310
-307
-438
-557
-534
-384
-211
-99
-59
-43
39
237
482
659
710
685
651
663
740
850
936
948
885
763
606
443
295
193
159
192
268
351
405
409
355
269
178
108
73
84
154
257
366
451
479
436
343
264
243
277
333
383
405
382
288
125
-63
-208
-267
-250
-206
-186
-203
-252
-324
-399
-459
-500
-548
-630
-729
-811
-847
-837
-805
-790
-814
-853
-869
-854
-823
-793
-775
-767
-754
-701
-605
-494
-410
-365
-340
-294
-198
-67
60
158
227
265
278
303
361
445
517
574
633
688
703
660
574
471
360
258
180
145
173
264
405
574
751
896
970
965
934
933
1002
1149
1349
1528
1601
1561
1465
1375
1293
1194
1067
932
826
785
810
835
761
536
198
-191
-667
-1361
-2345
-3473
-4447
-4994
-5026
-4659
-4144
-3703
-3368
-3013
-2483
-1719
-736
416
1623
2732
3565
3973
3899
3439
2772
2045
1278
403
-646
-1908
-3283
-4525
-5306
-5390
-4736
-3507
-2019
-591
599
1554
2363
3115
3855
4546
5103
5450
5561
5434
5059
4435
3625
2759
2013
1577
1553
1892
2289
2139
781
-1887
-5030
-7278
-7686
-6333
-4252
-2813
-2821
-3908
-4879
-4703
-3145
-581
2390
5115
7016
7718
7119
5495
3557
2166
1690
1654
1177
-379
-3046
-6248
-9043
-10557
-10401
-8683
-5837
-2554
292
2000
2451
2165
1988
2598
4050
5654
6418
5730
3638
697
-2283
-4445
-5218
-4578
-3027
-1315
-111
313
270
414
1253
2822
4765
6546
7637
7747
6968
5684
4333
3223
2466
1934
1205
-300
-2875
-6058
-8656
-9493
-8227
-5607
-3059
-1818
-2108
-2952
-2983
-1539
977
3636
5620
6497
6204
4959
3162
1367
182
-106
67
-268
-1818
-4461
-7347
-9387
-9673
-7896
-4535
-639
2688
4675
5100
4423
3575
3350
3879
4599
4658
3406
775
-2622
-5822
-7972
-8599
-7651
-5556
-3140
-1187
36
834
1746
3144
4999
6869
8191
8682
8415
7613
6446
5028
3500
2053
718
-867
-3226
-6254
-8867
-9729
-8375
-5549
-2726
-1257
-1475
-2391
-2470
-923
1839
4803
7044
7979
7452
5786
3652
1799
804
709
788
-23
-2228
-5329
-8234
-9870
-9588
-7393
-3932
-180
2967
4886
5412
5016
4569
4715
5390
5920
5479
3593
483
-3013
-5941
-7667
-7986
-7049
-5356
-3573
-2160
-1126
-134
1168
2862
4650
6045
6682
6492
5664
4543
3517
2811
2312
1624
428
-1272
-3296
-5457
-7437
-8629
-8422
-6717
-4067
-1537
-269
-753
-2207
-2946
-1725
1252
4614
6855
7135
5567
3054
806
-319
-169
680
1205
433
-1881
-4969
-7528
-8557
-7768
-5497
-2431
658
3136
4626
5064
4784
4400
4371
4619
4616
3824
2028
-525
-3242
-5437
-6579
-6474
-5312
-3593
-1843
-335
978
2308
3797
5339
6611
7257
7134
6394
5386
4465
3822
3454
3190
2751
1866
498
-1162
-2958
-4831
-6506
-7361
-6824
-4950
-2534
-810
-710
-2084
-3544
-3498
-1425
1778
4604
5887
5295
3366
1150
-341
-632
52
871
750
-958
-3870
-6779
-8494
-8518
-7025
-4521
-1621
1046
2911
3658
3482
3098
3212
3868
4399
4015
2374
-252
-3092
-5245
-6135
-5781
-4627
-3216
-1941
-945
-99
827
1902
2982
3885
4547
4961
5113
5003
4714
4398
4209
4162
4011
3347
2042
524
-636
-1466
-2541
-4117
-5572
-5912
-4718
-2548
-693
-311
-1409
-2645
-2434
-348
2609
4934
5610
4531
2401
312
-823
-751
45
613
107
-1673
-4079
-6100
-7052
-6825
-5612
-3611
-1087
1483
3470
4457
4558
4274
3954
3470
2516
1063
-592
-2102
-3258
-3976
-4252
-4113
-3547
-2528
-1095
623
2440
4118
5344
5894
5777
5206
4380
3431
2515
1846
1568
1635
1775
1614
903
-183
-1087
-1434
-1541
-2060
-3096
-3956
-3834
-2576
-824
254
-222
-1976
-3544
-3430
-1344
1674
4044
4562
3036
402
-1841
-2550
-1619
46
1117
665
-1308
-3974
-6326
-7730
-7955
-6949
-4814
-1994
725
2584
3346
3412
3360
3361
3117
2323
1025
-478
-1868
-2887
-3359
-3277
-2838
-2287
-1718
-934
388
2311
4359
5760
6057
5411
4341
3277
2432
1955
1940
2258
2538
2388
1717
824
265
543
1649
2747
2604
721
-1977
-3765
-3543
-1600
570
1283
-56
-2334
-3608
-2737
-179
2583
4099
3691
1721
-684
-2296
-2428
-1259
290
1029
192
-2068
-4856
-7121
-8172
-7720
-5748
-2599
893
3619
4819
4531
3424
2234
1379
913
640
171
-822
-2304
-3791
-4695
-4724
-3930
-2519
-675
1411
3401
4761
5029
4251
3057
2172
1903
2083
2384
2549
2459
2083
1452
745
340
616
1649
3022
3890
3272
788
-2741
-5516
-5963
-3842
-534
1711
1367
-1080
-3471
-3778
-1627
1668
4222
4759
3216
582
-1764
-2751
-2092
-395
1106
1206
-570
-3610
-6616
-8355
-8192
-6131
-2733
1006
3968
5396
5205
3905
2321
1179
734
711
593
-21
-1206
-2625
-3650
-3728
-2746
-1026
957
2784
4070
4450
3772
2356
969
356
690
1456
1947
1812
1177
342
-431
-853
-583
533
2186
3797
4849
4852
3237
-101
-4113
-6830
-6682
-3743
74
2142
1037
-2255
-5076
-5195
-2406
1627
4682
5352
3676
884
-1381
-1922
-568
1656
3036
2200
-923
-5023
-8253
-9325
-7998
-4884
-1055
2326
4339
4692
3853
2798
2412
2918
3758
4050
3235
1373
-922
-2773
-3492
-3003
-1822
-584
347
860
922
592
92
-195
78
937
1900
2312
1934
1115
375
-48
-120
265
1228
2611
3902
4610
4466
3246
724
-2799
-6077
-7437
-6030
-2708
246
689
-1620
-4695
-5853
-3839
314
4160
5644
4372
1590
-874
-1724
-763
1104
2405
1900
-681
-4397
-7589
-8903
-8064
-5756
-2854
27
2405
3784
3919
3199
2494
2504
3150
3674
3296
1849
-149
-1905
-2828
-2763
-1976
-901
117
943
1544
1852
1802
1506
1345
1683
2420
2959
2736
1746
522
-314
-449
54
914
1865
2709
3306
3634
3671
3073
1228
-1898
-5101
-6552
-5317
-2269
344
480
-2040
-5170
-6192
-3952
299
4064
5491
4392
1963
-230
-1128
-561
802
1763
1186
-1227
-4546
-7162
-7940
-6903
-4798
-2308
172
2247
3510
3896
3849
3957
4413
4791
4427
3022
964
-1005
-2330
-2828
-2576
-1779
-752
205
906
1343
1568
1632
1607
1640
1883
2262
2427
1986
932
-269
-979
-876
-113
960
2103
3166
3926
4232
4056
3209
1261
-1796
-4955
-6650
-5998
-3596
-1291
-960
-2918
-5446
-6124
-3917
20
3473
4888
4171
2230
110
-1411
-1857
-1205
-95
354
-696
-3088
-5691
-7220
-7079
-5464
-2953
-183
2200
3705
4260
4274
4228
4259
4053
3228
1747
6
-1508
-2503
-2922
-2813
-2262
-1398
-385
529
1074
1106
815
671
1114
2129
3117
3280
2314
767
-365
-434
360
1293
1850
2128
2468
2938
3393
3741
3778
2850
337
-3319
-6358
-6896
-4551
-1044
940
-59
-3001
-5200
-4600
-1304
2782
5501
5769
3856
875
-1862
-3256
-2816
-1047
660
816
-1102
-4243
-6982
-8055
-7174
-4791
-1635
1518
3901
5017
4935
4266
3721
3551
3404
2771
1520
-15
-1399
-2424
-3058
-3258
-2944
-2185
-1284
-590
-214
89
725
1914
3403
4512
4594
3575
2090
1006
775
1178
1695
2043
2291
2541
2678
2597
2487
2513
2193
623
-2362
-5417
-6534
-4860
-1633
670
361
-1989
-4024
-3636
-688
3045
5452
5484
3475
537
-2117
-3512
-3200
-1551
227
745
-613
-3230
-5758
-7033
-6630
-4791
-2105
666
2718
3520
3197
2494
2210
2536
2929
2677
1529
-164
-1828
-3047
-3649
-3616
-3068
-2270
-1559
-1140
-883
-377
725
2367
4035
5012
4759
3295
1327
-168
-632
-263
279
487
356
196
238
531
1178
2356
3752
4190
2454
-1241
-4837
-5956
-3922
-426
1751
1013
-1788
-4110
-3920
-1224
2212
4365
4248
2227
-521
-2715
-3455
-2478
-402
1405
1580
-212
-3028
-5421
-6484
-6158
-4781
-2672
-154
2245
3950
4768
4982
5003
4936
4523
3450
1703
-373
-2330
-3879
-4898
-5319
-5085
-4236
-2908
-1269
539
2372
4044
5317
5915
5639
4564
3121
1913
1297
1131
937
352
-476
-1014
-770
282
1809
3447
4982
6040
5800
3465
-641
-4709
-6557
-5314
-2112
660
998
-1216
-4116
-5308
-3683
-60
3540
5174
4093
1147
-1799
-3071
-2202
-110
1611
1725
-35
-3046
-6236
-8544
-9190
-7887
-4928
-1160
2291
4577
5540
5609
5265
4675
3735
2311
434
-1643
-3540
-4930
-5611
-5537
-4824
-3701
-2341
-766
1041
2946
4586
5453
5176
3842
2058
626
31
147
367
93
-786
-1767
-2070
-1157
966
3712
6195
7629
7705
6571
4440
1384
-2307
-5724
-7629
-7312
-5173
-2633
-1300
-1801
-3139
-3488
-1827
1084
3403
3796
2400
482
-752
-926
-381
307
603
-1
-1790
-4493
-7125
-8415
-7587
-4838
-1128
2447
5097
6503
6790
6357
5541
4407
2881
1049
-747
-2084
-2770
-3001
-3128
-3219
-2901
-1726
337
2709
4510
5089
4429
3131
1942
1306
1171
1118
696
-169
-1123
-1705
-1706
-1181
-237
1110
2797
4484
5569
5606
4708
3509
2614
1954
703
-1892
-5372
-7959
-7897
-4947
-710
2295
2258
-654
-4321
-6255
-5300
-2178
1277
3305
3166
1377
-837
-2321
-2521
-1672
-673
-532
-1667
-3587
-5235
-5685
-4681
-2616
-84
2379
4249
5053
4666
3503
2277
1499
1165
851
205
-720
-1599
-2157
-2267
-1891
-1120
-222
425
547
184
-222
-134
630
1716
2508
2533
1733
511
-485
-721
-28
1313
2647
3275
2928
2022
1335
1404
2147
3038
3589
3723
3680
3454
2572
568
-2173
-4376
-4870
-3698
-2212
-2041
-3675
-5931
-6826
-5179
-1539
2302
4536
4360
2247
-475
-2379
-2619
-1303
583
1711
1189
-881
-3499
-5417
-5849
-4786
-2760
-394
1877
3787
5187
6021
6262
5869
4859
3432
1870
360
-1108
-2641
-4189
-5436
-5945
-5483
-4199
-2497
-798
640
1722
2426
2739
2684
2401
2083
1807
1459
927
296
-192
-393
-402
-384
-362
-181
374
1431
2978
4798
6431
7286
6943
5423
3050
79
-3300
-6525
-8479
-8150
-5565
-2097
255
183
-1944
-4296
-5014
-3645
-1278
606
1333
1235
932
756
744
936
1308
1554
1124
-355
-2629
-4825
-5944
-5510
-3760
-1324
1207
3417
4990
5718
5598
4844
3696
2208
302
-1944
-4085
-5532
-5973
-5555
-4663
-3606
-2512
-1412
-393
383
904
1416
2165
3006
3434
3038
1887
505
-482
-693
-83
1188
2831
4380
5258
5125
4252
3422
3314
3881
4414
4280
3522
2740
2471
2598
2311
768
-1957
-4713
-6198
-6036
-4992
-4314
-4771
-5963
-6552
-5369
-2386
1249
3990
4831
3865
2124
825
640
1450
2458
2606
1212
-1574
-4852
-7453
-8386
-7213
-4296
-674
2446
4247
4645
4171
3534
3058
2544
1578
1
-1878
-3509
-4521
-4933
-4940
-4645
-4012
-2996
-1714
-471
375
741
931
1383
2316
3557
4704
5321
5154
4182
2644
1029
-50
-175
544
1467
1910
1694
1310
1486
2567
4262
5865
6673
6305
4822
2713
664
-923
-2267
-3863
-5664
-6866
-6603
-4862
-2691
-1602
-2502
-4823
-6746
-6502
-3730
307
3696
5154
4667
3101
1369
-23
-910
-1363
-1742
-2569
-4095
-5912
-7081
-6790
-4955
-2226
623
3093
4893
5729
5435
4169
2383
582
-883
-1890
-2515
-2902
-3196
-3474
-3701
-3691
-3195
-2057
-342
1564
3103
3837
3758
3252
2795
2625
2655
2645
2484
2293
2247
2330
2360
2208
1937
1688
1514
1384
1295
1384
1786
2417
2948
3150
3221
3638
4589
5580
5797
4746
2498
-588
-4028
-7146
-9124
-9337
-7754
-5159
-2954
-2244
-2902
-3604
-2965
-671
2306
4466
4795
3358
1110
-802
-1661
-1416
-601
-34
-430
-2009
-4278
-6207
-6799
-5752
-3581
-1161
840
2154
2782
2862
2626
2411
2454
2611
2332
1037
-1361
-4272
-6636
-7525
-6709
-4754
-2524
-655
633
1456
2087
2800
3726
4771
5517
5401
4190
2358
869
493
1236
2389
3165
3281
2916
2283
1491
822
840
1957
3824
5379
5633
4522
2911
1805
1530
1623
1444
806
-72
-1155
-2781
-5066
-7358
-8631
-8368
-7009
-5584
-4910
-4876
-4521
-2936
-159
2823
4878
5441
4661
3051
1134
-661
-1968
-2602
-2714
-2717
-2924
-3277
-3448
-3199
-2596
-1852
-1027
35
1385
2720
3545
3579
2941
1979
904
-320
-1743
-3196
-4352
-5051
-5378
-5387
-4844
-3336
-730
2514
5480
7382
8055
7910
7477
7003
6410
5433
3837
1600
-948
-3192
-4431
-4159
-2369
346
2966
4618
5056
4745
4442
4627
5192
5552
5124
3757
1842
32
-1191
-1805
-2242
-2951
-3883
-4546
-4653
-4530
-4748
-5462
-6258
-6534
-6003
-4950
-4052
-3730
-3659
-3011
-1347
914
2857
3803
3658
2794
1689
647
-267
-1093
-1892
-2724
-3623
-4481
-5015
-4911
-4019
-2429
-431
1546
3045
3804
3867
3437
2633
1532
362
-512
-855
-795
-685
-822
-1182
-1424
-1199
-486
402
1145
1689
2204
2811
3394
3685
3573
3273
3165
3433
3963
4473
4703
4462
3685
2502
1245
314
-34
175
646
1033
1139
966
646
361
298
560
1093
1688
2074
2016
1411
361
-828
-1829
-2594
-3469
-4844
-6652
-8263
-8935
-8323
-6717
-4843
-3369
-2425
-1596
-370
1369
3226
4530
4713
3710
2020
391
-610
-875
-690
-466
-497
-879
-1518
-2162
-2485
-2249
-1448
-337
645
1098
957
529
233
264
541
868
1075
1058
746
106
-814
-1818
-2550
-2704
-2238
-1419
-560
251
1164
2332
3708
5048
6033
6403
6041
5048
3718
2441
1505
908
363
-424
-1406
-2160
-2223
-1504
-340
802
1657
2208
2476
2364
1765
768
-363
-1364
-2099
-2531
-2696
-2779
-3076
-3787
-4736
-5430
-5465
-4936
-4299
-3852
-3400
-2529
-1119
411
1357
1320
669
323
961
2353
3491
3459
2211
565
-504
-552
266
1532
2767
3424
3045
1587
-399
-2085
-2942
-3066
-2913
-2755
-2460
-1756
-546
1057
2805
4353
5329
5446
4622
2956
756
-1486
-3216
-4092
-4118
-3513
-2433
-890
1077
3261
5320
6896
7720
7684
6828
5269
3152
744
-1504
-3072
-3646
-3332
-2563
-1810
-1315
-1065
-905
-645
-172
495
1161
1516
1236
210
-1279
-2649
-3377
-3298
-2572
-1500
-369
593
1218
1417
1219
787
320
-143
-825
-2008
-3581
-4873
-5019
-3641
-1262
934
1840
1233
-38
-703
-105
1331
2596
2981
2543
1837
1338
1121
967
649
83
-784
-1996
-3492
-4967
-5951
-6066
-5255
-3821
-2214
-795
262
972
1473
1904
2255
2348
1966
1075
-110
-1222
-1946
-2206
-2129
-1889
-1551
-1124
-617
-82
449
980
1501
1998
2422
2701
2734
2521
2214
2017
1977
1911
1526
575
-944
-2676
-4008
-4413
-3738
-2205
-271
1568
2959
3804
4176
4176
3891
3388
2753
2110
1576
1154
782
496
506
986
1816
2552
2776
2404
1619
555
-777
-2175
-3108
-3034
-1931
-512
197
-357
-1669
-2488
-1772
407
2856
4101
3473
1519
-524
-1653
-1644
-1020
-578
-848
-1841
-3220
-4572
-5436
-5366
-4195
-2297
-432
701
868
367
-224
-420
-65
676
1453
1895
1784
1134
182
-777
-1567
-2187
-2681
-2956
-2802
-2078
-891
408
1432
2000
2308
2715
3333
3831
3707
2728
1113
-638
-2031
-2753
-2691
-1899
-644
652
1600
2051
2105
1979
1890
1948
2100
2159
1962
1524
1066
856
1024
1475
1973
2264
2213
1829
1260
700
279
-9
-302
-690
-1194
-1848
-2708
-3593
-4037
-3630
-2447
-1119
-476
-957
-2170
-3039
-2632
-999
799
1568
939
-488
-1766
-2277
-1891
-875
255
900
645
-510
-2146
-3605
-4362
-4348
-3879
-3290
-2649
-1883
-1005
-117
734
1548
2227
2530
2286
1611
890
471
399
427
293
-48
-431
-649
-612
-362
31
519
1013
1437
1802
2229
2796
3442
3980
4204
4010
3480
2832
2246
1743
1180
412
-493
-1232
-1490
-1182
-458
458
1391
2226
2876
3242
3257
2985
2637
2381
2157
1795
1270
771
493
428
391
226
-57
-316
-445
-585
-1077
-2109
-3342
-4084
-3888
-2948
-1962
-1660
-2315
-3471
-4240
-4023
-2990
-1882
-1344
-1452
-1812
-2018
-1930
-1605
-1149
-708
-481
-619
-1137
-1846
-2412
-2551
-2299
-1988
-1912
-2050
-2130
-1888
-1309
-650
-215
-77
-71
-5
202
535
970
1481
2010
2383
2357
1801
903
101
-191
179
965
1678
1878
1516
962
719
1052
1829
2673
3250
3495
3584
3724
3973
4178
4107
3616
2772
1814
1011
552
511
826
1293
1659
1763
1616
1344
1123
1035
1040
1010
836
550
338
419
822
1310
1556
1352
703
-225
-1234
-2243
-3249
-4153
-4723
-4824
-4640
-4585
-4918
-5373
-5284
-4154
-2239
-493
141
-485
-1603
-2195
-1786
-638
646
1530
1679
989
-367
-1930
-3149
-3706
-3715
-3608
-3751
-4112
-4310
-3962
-3035
-1785
-486
733
1813
2658
3181
3389
3391
3301
3108
2701
2007
1153
453
209
480
1018
1498
1745
1751
1554
1192
789
553
650
1029
1427
1559
1375
1140
1202
1661
2252
2645
2750
2716
2718
2761
2713
2429
1900
1278
774
517
472
522
583
659
753
812
759
574
323
76
-154
-425
-744
-1029
-1142
-1022
-796
-771
-1211
-2064
-2920
-3335
-3188
-2778
-2607
-3022
-3929
-4794
-5004
-4260
-2805
-1264
-216
230
417
728
1260
1817
2130
1979
1312
262
-892
-1860
-2444
-2621
-2573
-2566
-2733
-2943
-2921
-2478
-1657
-677
203
833
1200
1362
1399
1430
1598
1951
2366
2603
2505
2124
1684
1434
1479
1769
2165
2504
2632
2450
1973
1354
809
485
333
108
-397
-1055
-1382
-905
410
2094
3520
4320
4511
4318
3948
3473
2887
2185
1385
487
-515
-1528
-2310
-2605
-2352
-1788
-1247
-912
-731
-565
-367
-211
-215
-417
-742
-1072
-1363
-1646
-1960
-2291
-2579
-2719
-2637
-2395
-2199
-2266
-2648
-3192
-3608
-3642
-3231
-2574
-2012
-1822
-2032
-2404
-2570
-2238
-1373
-239
753
1310
1385
1123
761
572
732
1163
1539
1513
973
104
-774
-1392
-1638
-1537
-1171
-648
-83
410
776
1090
1535
2215
2997
3611
3886
3864
3669
3403
3107
2801
2519
2296
2153
2084
2062
2078
2162
2319
2467
2437
2096
1480
785
226
-100
-233
-267
-287
-327
-376
-420
-447
-384
-141
292
758
1054
1072
877
638
475
336
22
-597
-1444
-2287
-2892
-3119
-2970
-2600
-2225
-1930
-1633
-1263
-939
-864
-1086
-1417
-1625
-1667
-1751
-2120
-2773
-3372
-3506
-3057
-2335
-1811
-1735
-1972
-2199
-2185
-1897
-1396
-714
66
763
1117
993
543
155
152
502
867
925
617
140
-234
-319
-60
450
1007
1366
1378
1093
739
546
602
856
1213
1596
1920
2068
1974
1744
1601
1650
1772
1747
1490
1129
860
797
911
1103
1270
1364
1407
1460
1597
1834
2117
2311
2262
1888
1226
445
-240
-658
-794
-803
-869
-1047
-1207
-1171
-850
-289
389
1050
1553
1764
1575
991
141
-749
-1451
-1803
-1799
-1607
-1415
-1278
-1116
-870
-567
-282
-102
-121
-427
-1015
-1761
-2504
-3149
-3692
-4142
-4460
-4575
-4450
-4093
-3530
-2779
-1873
-930
-174
183
124
-165
-443
-566
-503
-320
-143
-69
-94
-115
-5
312
785
1256
1556
1606
1456
1211
970
787
732
885
1226
1569
1666
1437
1073
883
1074
1603
2222
2645
2727
2520
2207
1997
2021
2289
2680
3029
3212
3213
3092
2903
2659
2346
1989
1640
1336
1066
791
511
261
90
2
-22
30
193
466
750
883
749
354
-163
-637
-1024
-1424
-1944
-2532
-3028
-3324
-3453
-3473
-3373
-3097
-2684
-2284
-2021
-1873
-1720
-1509
-1306
-1235
-1401
-1839
-2469
-3109
-3550
-3677
-3519
-3205
-2874
-2614
-2431
-2257
-1999
-1603
-1093
-564
-114
221
484
758
1074
1374
1555
1555
1383
1110
835
649
583
583
594
616
709
917
1252
1666
2099
2508
2886
3222
3436
3429
3180
2821
2510
2294
2097
1877
1692
1634
1720
1856
1939
1930
1856
1731
1534
1250
933
647
377
41
-407
-904
-1312
-1506
-1488
-1382
-1304
-1265
-1187
-1054
-966
-1069
-1403
-1844
-2176
-2250
-2090
-1845
-1685
-1677
-1779
-1906
-2028
-2156
-2273
-2309
-2229
-2071
-1882
-1636
-1284
-835
-370
-1
201
251
233
250
338
444
465
368
215
91
23
11
83
245
429
530
508
424
370
403
493
585
661
768
937
1139
1342
1569
1846
2101
2209
2115
1888
1617
1337
1026
697
390
155
37
69
261
594
1023
1451
1752
1832
1694
1426
1138
900
685
421
64
-350
-731
-1001
-1134
-1164
-1146
-1108
-1038
-922
-799
-749
-807
-894
-881
-763
-683
-806
-1113
-1426
-1554
-1459
-1242
-1032
-894
-781
-629
-417
-192
-11
105
131
26
-241
-601
-910
-1070
-1088
-1010
-834
-566
-251
49
306
510
645
732
802
846
817
710
595
538
536
525
447
322
225
187
115
-118
-511
-888
-1048
-959
-743
-498
-199
210
674
1070
1331
1501
1638
1725
1689
1497
1197
881
597
337
57
-236
-459
-513
-389
-211
-148
-256
-406
-384
-126
218
457
527
514
499
481
378
144
-145
-344
-376
-312
-278
-337
-437
-479
-431
-384
-457
-643
-809
-841
-742
-587
-429
-285
-196
-170
-171
-128
-15
141
299
440
544
550
391
64
-343
-698
-910
-977
-954
-914
-873
-786
-590
-269
127
522
843
1018
1016
868
648
420
223
69
-42
-107
-113
-49
33
51
-50
-253
-501
-712
-839
-896
-907
-807
-477
91
752
1283
1542
1549
1412
1222
977
656
267
-150
-552
-882
-1089
-1147
-1070
-893
-651
-353
41
524
987
1256
1235
949
514
79
-216
-298
-202
-60
10
-21
-82
-100
-31
120
322
491
498
254
-218
-748
-1128
-1223
-1046
-711
-334
9
306
549
710
770
765
727
637
437
126
-227
-521
-699
-770
-778
-750
-685
-589
-500
-444
-393
-280
-67
215
472
605
599
533
525
603
694
702
598
448
342
334
392
433
390
274
140
23
-73
-120
-54
149
402
553
539
443
400
466
593
691
681
534
273
-44
-361
-646
-858
-971
-996
-1008
-1077
-1192
-1249
-1119
-767
-321
13
114
4
-193
-391
-556
-684
-766
-785
-753
-712
-678
-585
-359
-27
262
359
233
-44
-373
-688
-936
-1049
-989
-808
-634
-552
-524
-403
-108
253
465
417
200
1
-72
-60
-60
-138
-265
-349
-330
-217
-61
111
309
508
648
667
572
462
441
538
689
806
883
989
1208
1540
1910
2202
2323
2234
1948
1519
1055
685
509
516
597
638
589
475
342
263
271
336
378
353
307
282
284
271
213
125
37
-46
-159
-341
-568
-770
-885
-898
-825
-665
-422
-130
152
366
461
391
140
-258
-712
-1113
-1363
-1438
-1395
-1342
-1356
-1430
-1496
-1459
-1292
-1042
-806
-656
-611
-648
-735
-828
-882
-891
-888
-899
-897
-812
-612
-349
-139
-67
-134
-281
-423
-499
-478
-384
-269
-159
-40
102
261
419
581
766
952
1074
1085
1001
882
750
620
523
509
587
724
885
1057
1238
1428
1595
1680
1637
1470
1250
1055
907
774
631
511
477
550
685
798
855
858
814
688
481
260
135
174
341
523
590
512
347
167
-1
-152
-295
-452
-666
-939
-1213
-1406
-1427
-1268
-1015
-846
-883
-1081
-1266
-1317
-1268
-1234
-1299
-1462
-1644
-1745
-1709
-1598
-1514
-1504
-1532
-1567
-1623
-1694
-1719
-1626
-1389
-1054
-714
-480
-398
-418
-424
-338
-172
-2
110
151
132
81
52
104
242
396
478
469
437
462
547
638
693
719
754
833
985
1208
1459
1695
1917
2147
2363
2495
2502
2407
2269
2117
1944
1720
1456
1208
1072
1090
1226
1399
1547
1648
1687
1646
1504
1260
916
488
11
-420
-708
-801
-743
-637
-577
-625
-794
-1047
-1299
-1481
-1589
-1669
-1769
-1914
-2081
-2227
-2290
-2220
-2012
-1719
-1424
-1200
-1102
-1149
-1299
-1435
-1448
-1314
-1114
-967
-949
-1050
-1171
-1193
-1048
-757
-406
-93
109
162
87
-65
-181
-137
129
520
867
1071
1162
1235
1338
1480
1628
1735
1751
1657
1448
1165
888
713
662
688
731
750
732
683
642
663
757
888
1005
1055
992
782
457
115
-136
-251
-255
-220
-210
-224
-206
-113
41
198
294
291
179
-11
-214
-358
-392
-345
-280
-255
-281
-370
-511
-659
-742
-743
-715
-724
-798
-897
-972
-1009
-1043
-1097
-1177
-1285
-1420
-1544
-1570
-1452
-1187
-830
-454
-131
108
291
434
538
588
591
572
559
565
561
520
454
421
476
597
696
701
605
462
354
330
402
517
620
679
693
676
653
654
678
690
642
506
277
-3
-249
-399
-463
-487
-492
-464
-390
-295
-197
-111
-41
-10
-55
-175
-325
-434
-457
-408
-343
-325
-364
-406
-374
-230
-2
240
422
513
521
462
332
149
-18
-74
8
174
335
463
570
663
731
755
748
739
760
799
798
688
450
159
-80
-198
-235
-272
-334
-360
-276
-78
152
316
362
307
202
84
-32
-146
-228
-260
-250
-227
-215
-210
-215
-237
-285
-359
-450
-560
-679
-777
-823
-817
-789
-764
-725
-644
-531
-446
-423
-444
-457
-453
-482
-566
-671
-727
-718
-704
-759
-916
-1107
-1211
-1153
-974
-772
-582
-389
-196
-79
-85
-186
-286
-323
-314
-304
-315
-314
-254
-138
-7
99
196
348
555
757
863
854
794
770
819
888
914
900
892
899
869
776
689
727
945
1283
1602
1801
1859
1823
1739
1634
1519
1415
1339
1293
1267
1225
1135
995
849
738
669
612
550
497
463
438
380
282
166
69
-14
-125
-305
-536
-739
-846
-873
-912
-1016
-1155
-1238
-1223
-1152
-1096
-1090
-1126
-1180
-1234
-1268
-1272
-1251
-1233
-1263
-1350
-1454
-1527
-1551
-1546
-1564
-1620
-1689
-1692
-1567
-1325
-1025
-737
-490
-304
-177
-83
14
158
354
550
640
575
404
228
96
-13
-118
-215
-283
-312
-300
-244
-119
92
371
661
907
1073
1148
1143
1083
994
898
814
752
721
720
757
833
941
1061
1177
1286
1394
1492
1549
1535
1450
1309
1126
909
663
410
197
95
144
294
425
459
410
333
251
146
-7
-202
-391
-518
-586
-648
-756
-915
-1105
-1294
-1450
-1525
-1484
-1333
-1126
-946
-848
-822
-801
-736
-602
-432
-285
-209
-212
-248
-264
-226
-134
-6
131
240
282
235
111
-43
-172
-217
-160
-40
59
88
92
144
256
337
308
184
29
-121
-272
-428
-577
-688
-728
-693
-622
-570
-559
-560
-520
-400
-190
88
383
644
825
904
901
869
854
871
894
898
899
916
955
975
953
910
894
916
931
895
824
775
791
841
877
866
782
603
334
53
-176
-327
-430
-482
-483
-440
-377
-307
-241
-189
-141
-91
-61
-110
-285
-569
-858
-1040
-1079
-1035
-974
-924
-867
-798
-703
-588
-479
-421
-449
-544
-669
-780
-863
-900
-894
-870
-843
-787
-670
-516
-362
-203
-14
170
264
234
132
42
-6
-39
-98
-205
-336
-441
-466
-409
-288
-125
65
244
362
410
408
374
324
304
338
388
373
261
102
-16
-20
119
342
557
689
731
710
659
636
673
755
834
887
930
975
1008
1021
1028
1052
1090
1088
992
807
620
513
486
495
488
457
396
295
148
-29
-175
-222
-154
-27
75
111
82
-12
-168
-374
-579
-729
-798
-793
-751
-714
-716
-769
-860
-956
-1028
-1077
-1105
-1114
-1121
-1161
-1242
-1324
-1346
-1289
-1174
-1050
-947
-888
-870
-887
-929
-962
-935
-808
-609
-424
-336
-377
-496
-607
-648
-611
-523
-396
-246
-97
10
50
47
54
118
240
383
529
686
857
1016
1133
1207
1261
1306
1346
1360
1335
1267
1197
1161
1182
1251
1341
1443
1534
1584
1548
1400
1169
928
762
674
609
539
509
569
693
820
904
938
910
816
685
582
553
582
595
522
351
125
-103
-300
-456
-556
-592
-569
-504
-441
-427
-478
-558
-614
-637
-667
-740
-856
-989
-1099
-1159
-1167
-1163
-1168
-1164
-1116
-1042
-989
-987
-1014
-1048
-1094
-1156
-1210
-1221
-1191
-1134
-1045
-917
-765
-628
-513
-420
-342
-278
-203
-115
-40
-33
-106
-220
-326
-401
-423
-375
-266
-120
41
229
443
638
762
806
790
753
730
751
812
882
922
923
895
881
899
936
945
903
832
757
677
556
388
231
155
181
271
395
538
674
754
757
705
627
530
396
227
55
-68
-116
-121
-147
-221
-319
-392
-415
-381
-306
-238
-229
-304
-428
-540
-609
-632
-639
-667
-738
-835
-910
-939
-933
-928
-938
-953
-968
-958
-900
-776
-620
-479
-382
-344
-358
-410
-446
-430
-353
-232
-95
47
176
287
376
450
509
535
526
502
498
504
489
441
401
417
487
581
677
798
967
1176
1357
1449
1443
1390
1347
1331
1312
1255
1157
1050
958
882
805
740
713
730
743
691
548
369
232
169
149
120
65
-17
-125
-254
-392
-536
-699
-871
-1018
-1123
-1219
-1345
-1483
-1561
-1516
-1371
-1214
-1127
-1129
-1180
-1226
-1234
-1210
-1158
-1082
-981
-881
-790
-702
-599
-483
-363
-248
-163
-130
-166
-249
-337
-389
-397
-375
-330
-270
-191
-98
10
118
207
263
291
302
298
275
219
128
20
-90
-189
-258
-263
-202
-124
-74
-67
-79
-76
-18
120
326
548
710
772
731
642
576
585
648
699
686
618
556
539
576
638
696
734
740
697
605
501
428
380
314
207
93
27
37
125
260
399
509
576
599
580
528
447
352
250
152
67
-7
-64
-91
-52
65
228
383
493
555
573
553
503
447
397
337
270
226
233
286
331
316
221
98
-6
-70
-138
-235
-348
-441
-508
-572
-636
-680
-673
-634
-598
-613
-699
-852
-1044
-1223
-1346
-1384
-1361
-1328
-1320
-1324
-1306
-1249
-1140
-987
-816
-672
-591
-570
-585
-610
-634
-647
-654
-656
-651
-619
-555
-473
-374
-248
-109
-1
52
67
102
182
317
492
677
834
957
1068
1177
1258
1281
1257
1221
1186
1136
1049
921
784
672
618
637
702
752
732
630
485
355
288
297
350
387
384
370
398
466
532
546
498
413
330
276
240
204
163
120
62
-36
-191
-379
-549
-665
-724
-740
-718
-677
-635
-618
-632
-659
-651
-571
-433
-311
-263
-283
-327
-354
-354
-333
-287
-218
-131
-30
75
166
230
273
302
298
228
82
-95
-240
-322
-346
-323
-261
-168
-51
66
156
179
130
57
11
-8
-31
-63
-80
-57
20
153
317
458
546
566
536
451
343
231
180
119
78
-70
-229
-422
-478
-402
-312
-276
-290
-43
318
636
453
-34
-587
-673
-350
120
206
-146
-702
-914
-542
295
986
1050
498
-103
-384
-341
-292
-214
-129
-44
-133
-256
-238
-8
177
126
-92
-196
-80
51
-45
-315
-344
26
479
460
-11
-412
-262
283
733
743
376
-57
-306
-297
-71
229
395
270
-16
-199
-167
-45
-16
-138
-343
-503
-527
-414
-222
-30
77
67
-30
-142
-234
-290
-280
-194
-69
5
0
-38
-18
46
51
-57
-196
-258
-229
-174
-129
-101
-89
-87
-63
9
137
295
411
415
319
213
163
136
78
-14
-77
-86
-48
-14
-13
-33
-1
118
271
352
333
252
157
59
-20
-38
13
103
163
170
126
59
-3
-22
38
162
288
338
306
235
206
262
385
509
584
611
596
539
450
358
243
81
-85
-179
-167
-131
-135
-179
-207
-202
-189
-182
-154
-76
25
101
138
162
182
172
123
49
-17
-72
-122
-148
-143
-134
-163
-220
-259
-253
-218
-186
-182
-201
-207
-175
-110
-85
-125
-221
-294
-311
-271
-225
-198
-181
-144
-66
31
102
138
161
189
190
142
71
26
10
-35
-133
-244
-289
-262
-213
-172
-110
-5
100
167
185
184
175
148
121
134
222
334
385
336
225
107
-18
-174
-369
-567
-725
-798
-770
-646
-463
-293
-200
-191
-186
-109
45
209
325
390
422
446
467
505
548
561
489
347
205
142
146
138
51
-90
-206
-248
-241
-243
-267
-276
-241
-192
-171
-185
-215
-269
-343
-415
-456
-472
-473
-474
-449
-376
-271
-176
-120
-75
-31
-2
-10
-40
-75
-111
-150
-196
-247
-298
-324
-300
-246
-206
-184
-124
-3
129
202
241
299
383
435
421
369
304
242
189
154
137
134
150
191
235
242
197
116
35
-32
-81
-96
-44
79
213
284
267
222
223
295
376
388
318
247
256
344
437
467
442
416
444
524
637
733
797
806
747
628
480
340
212
98
23
19
58
50
-36
-142
-171
-112
-23
56
119
152
112
5
-91
-100
-31
34
61
72
87
88
61
20
-7
-29
-42
-63
-108
-205
-345
-484
-575
-608
-585
-555
-567
-641
-752
-846
-883
-831
-694
-543
-465
-492
-571
-627
-630
-603
-589
-571
-514
-410
-329
-288
-259
-218
-231
-334
-477
-549
-515
-415
-335
-302
-294
-252
-167
-50
76
193
280
338
371
381
342
273
228
244
309
372
395
377
337
306
283
266
271
296
309
264
169
107
158
294
402
405
342
298
299
312
303
269
229
201
192
183
164
141
116
84
41
-6
-14
36
107
126
52
-73
-182
-209
-156
-63
-9
-19
-54
-74
-77
-73
-46
18
117
212
278
301
299
298
307
323
335
330
269
141
-7
-106
-126
-102
-94
-149
-270
-408
-502
-535
-537
-532
-522
-491
-421
-303
-152
-18
60
79
81
83
67
3
-96
-186
-223
-204
-159
-111
-52
32
129
212
272
338
428
516
560
556
527
502
505
565
674
792
878
913
896
850
817
779
676
487
283
147
96
78
40
-19
-59
-48
-3
33
44
45
46
34
7
-29
-63
-85
-97
