199
128
95
93
95
70
23
-11
-6
27
60
84
103
99
44
-68
-199
-297
-332
-309
-272
-267
-299
-342
-370
-395
-424
-434
-381
-266
-122
12
115
161
148
122
124
157
193
218
228
205
139
59
-1
-36
-65
-78
-29
76
179
216
191
149
134
164
214
255
279
306
336
352
357
372
385
355
275
178
106
56
27
27
48
63
40
-21
-101
-193
-278
-345
-362
-312
-198
-71
7
4
-80
-199
-306
-355
-343
-288
-204
-107
-51
-100
-249
-414
-510
-522
-492
-477
-502
-562
-612
-619
-579
-509
-450
-433
-466
-491
-452
-343
-233
-169
-133
-75
10
89
107
63
-9
-51
-25
49
110
86
-24
-159
-244
-252
-194
-106
-40
-24
-38
-40
-22
-1
19
36
46
52
81
132
179
194
184
174
164
156
153
173
206
250
306
372
442
497
518
492
431
370
328
314
325
364
410
417
369
309
292
337
398
415
358
254
136
25
-69
-114
-89
-9
63
88
81
68
38
-25
-104
-168
-191
-173
-122
-75
-62
-75
-89
-81
-68
-67
-85
-88
-53
21
117
214
312
388
425
396
313
209
119
56
-3
-55
-97
-116
-126
-135
-159
-190
-215
-207
-152
-77
-5
41
69
71
53
31
17
4
-15
-23
-10
13
21
13
-3
-21
-51
-105
-195
-312
-409
-451
-463
-497
-572
-648
-682
-669
-631
-573
-476
-333
-170
-36
41
71
77
76
72
73
99
144
191
224
253
277
283
252
199
154
138
134
105
20
-120
-268
-379
-426
-422
-382
-315
-237
-168
-126
-110
-106
-93
-45
30
99
138
167
209
254
285
313
332
311
241
177
156
172
200
242
281
289
248
179
98
19
-31
-31
20
101
179
223
213
167
125
99
79
60
59
102
174
220
191
96
-11
-84
-115
-111
-80
-44
-22
-18
-19
-27
-41
-57
-58
-39
-20
-23
-50
-80
-101
-103
-86
-70
-60
-69
-100
-143
-175
-175
-149
-126
-116
-94
-57
-17
8
25
28
1
-63
-128
-163
-182
-208
-242
-252
-233
-190
-124
-20
101
195
222
204
164
118
91
123
221
305
273
100
-125
-280
-308
-260
-206
-162
-98
3
100
158
160
136
111
121
166
233
292
324
324
318
336
382
430
445
425
391
370
371
377
356
283
159
24
-91
-195
-309
-424
-487
-459
-359
-227
-113
-30
22
43
22
-34
-63
-24
63
123
111
22
-112
-247
-331
-345
-322
-316
-356
-406
-415
-368
-313
-290
-305
-336
-356
-356
-327
-288
-251
-215
-168
-123
-103
-106
-104
-89
-67
-51
-30
-12
-5
-20
-55
-98
-141
-148
-98
-11
38
7
-96
-224
-330
-389
-406
-392
-345
-273
-188
-113
-59
-27
7
76
179
267
302
306
316
350
388
419
442
465
480
470
421
365
340
365
425
476
473
410
337
296
277
254
215
168
115
52
14
9
31
60
90
120
145
158
157
154
161
169
135
42
-94
-197
-210
-142
-57
-13
5
31
75
111
117
91
50
27
41
80
113
126
122
99
38
-65
-173
-222
-183
-91
-9
51
111
172
209
204
174
137
120
135
174
181
112
5
-59
-52
-18
-19
-50
-79
-94
-103
-127
-175
-236
-281
-292
-302
-350
-427
-491
-526
-550
-568
-559
-510
-441
-390
-360
-349
-351
-369
-385
-380
-356
-339
-340
-324
-251
-114
40
153
222
292
385
467
461
363
239
150
115
109
128
154
172
178
181
187
185
204
263
358
431
444
408
345
280
224
193
195
209
213
187
143
103
97
133
191
244
283
302
284
208
97
-20
-140
-269
-390
-466
-476
-428
-366
-322
-317
-322
-303
-263
-241
-272
-340
-402
-437
-449
-445
-431
-418
-422
-436
-453
-472
-489
-474
-399
-268
-124
-16
21
-13
-86
-161
-197
-184
-129
-82
-69
-62
-18
63
142
214
302
398
477
518
527
525
514
499
483
483
509
549
571
557
521
492
477
475
480
481
453
389
333
304
297
285
289
326
382
425
448
424
346
233
152
130
133
125
81
6
-91
-165
-195
-224
-295
-394
-455
-464
-441
-416
-408
-437
-495
-540
-532
-467
-388
-336
-323
-340
-354
-344
-327
-352
-440
-530
-538
-461
-369
-337
-383
-473
-549
-568
-507
-398
-272
-159
-83
-54
-53
-39
-9
33
100
219
362
469
498
464
391
289
191
148
184
258
329
387
448
495
484
408
311
266
286
335
378
396
376
311
218
138
91
60
19
-24
-45
-37
-4
46
100
136
148
141
119
89
66
71
104
143
163
154
112
42
-43
-143
-257
-364
-429
-439
-431
-422
-398
-366
-381
-467
-566
-593
-533
-457
-423
-431
-434
-390
-281
-146
-48
-24
-57
-91
-90
-45
41
162
313
456
535
524
453
368
293
232
192
169
149
129
121
142
167
179
163
147
152
189
252
319
363
357
320
292
304
353
397
380
285
141
10
-63
-88
-117
-209
-345
-457
-497
-471
-425
-399
-426
-483
-515
-497
-460
-438
-417
-353
-241
-120
-49
-50
-99
-150
-167
-131
-55
24
50
16
-36
-45
11
106
202
269
301
317
329
333
296
223
147
120
153
195
214
223
267
352
434
469
437
370
310
294
321
367
386
355
297
259
254
257
222
136
42
-21
-45
-66
-96
-124
-141
-157
-188
-234
-297
-376
-463
-531
-553
-522
-457
-397
-370
-366
-368
-351
-303
-222
-137
-94
-117
-178
-225
-259
-313
-367
-365
-290
-196
-128
-90
-76
-70
-51
-14
11
7
2
20
30
13
-17
-23
-21
-28
-37
-27
-2
6
-2
-4
23
66
76
27
-76
-177
-215
-172
-66
64
196
313
398
428
409
361
298
218
139
113
176
300
401
406
316
195
105
56
27
-11
-64
-122
-162
-181
-197
-227
-258
-269
-272
-284
-302
-304
-306
-327
-353
-333
-244
-139
-81
-73
-47
31
134
200
208
181
139
112
109
128
150
176
213
245
244
209
170
145
137
146
178
225
281
345
430
511
552
522
442
342
238
155
113
138
204
282
317
294
223
151
111
109
122
121
104
81
63
37
-16
-94
-175
-246
-295
-297
-235
-133
-54
-28
-40
-77
-117
-135
-101
-51
-27
-24
-21
-36
-85
-154
-214
-246
-246
-225
-210
-229
-268
-289
-278
-261
-270
-315
-376
-427
-443
-415
-349
-246
-127
-29
37
76
111
140
166
177
157
108
61
52
69
73
41
-6
-29
3
67
126
134
85
0
-90
-157
-177
-125
-31
36
28
-14
-24
-6
-16
-79
-157
-204
-201
-152
-79
-20
-5
-37
-97
-153
-205
-259
-308
-318
-270
-194
-129
-96
-82
-94
-127
-151
-131
-73
17
138
268
344
328
248
157
78
22
18
70
155
234
281
258
143
-22
-156
-183
-109
4
94
139
156
169
177
168
139
106
77
39
4
6
55
106
120
115
139
210
311
419
496
516
500
486
489
469
394
265
140
70
61
68
70
81
103
102
42
-45
-108
-114
-71
-9
49
81
69
11
-78
-173
-246
-255
-181
-44
86
149
119
25
-101
-225
-314
-345
-330
-315
-313
-313
-314
-337
-378
-393
-352
-266
-173
-104
-75
-89
-130
-169
-181
-165
-153
-184
-227
-219
-123
0
68
41
-62
-167
-205
-143
-26
75
132
196
322
499
628
627
494
313
189
179
254
316
291
190
100
72
72
33
-66
-184
-291
-357
-359
-288
-215
-226
-311
-367
-315
-188
-75
-25
-15
14
101
215
284
261
150
-11
-170
-274
-300
-286
-292
-346
-422
-485
-518
-538
-553
-549
-499
-408
-314
-245
-206
-178
-151
-114
-81
-68
-78
-91
-84
-60
-26
11
48
84
101
116
154
221
284
326
361
401
415
371
290
217
173
164
198
288
405
485
496
447
379
329
321
348
390
438
502
568
612
626
602
546
465
376
294
234
205
179
131
56
-10
-35
-54
-90
-139
-149
-117
-73
-62
-89
-136
-181
-201
-184
-150
-147
-189
-213
-156
-35
69
103
91
67
47
13
-31
-71
-102
-140
-211
-307
-384
-394
-348
-314
-327
-352
-330
-251
-157
-90
-47
-4
47
91
117
126
129
117
83
25
-52
-130
-182
-180
-135
-76
-27
11
30
7
-58
-141
-208
-268
-329
-375
-374
-330
-283
-254
-234
-212
-200
-194
-188
-174
-140
-58
85
245
353
370
306
204
100
32
25
74
139
175
170
123
34
-78
-176
-245
-299
-330
-311
-237
-151
-94
-66
-41
-1
53
103
121
104
87
97
121
127
111
105
113
102
53
-15
-59
-66
-48
-36
-58
-118
-189
-227
-210
-146
-67
11
87
164
234
278
294
274
228
190
219
318
424
482
487
462
394
293
176
84
37
46
95
142
146
98
25
-35
-83
-141
-201
-209
-145
-77
-79
-148
-214
-216
-137
-15
87
126
109
88
89
93
55
-48
-200
-355
-477
-548
-559
-500
-383
-223
-39
127
236
277
291
312
338
340
318
281
236
166
68
-21
-68
-50
12
110
226
319
350
329
294
280
279
258
209
149
89
30
-25
-63
-72
-66
-63
-80
-113
-143
-133
-90
-58
-76
-120
-129
-94
-57
-60
-98
-126
-112
-63
-34
-85
-212
-351
-433
-454
-432
-376
-297
-219
-172
-151
-144
-155
-204
-269
-298
-262
-182
-107
-67
-35
27
122
193
217
217
239
298
381
446
447
379
281
201
130
35
-101
-253
-389
-471
-497
-490
-474
-442
-393
-369
-392
-419
-386
-285
-159
-47
48
120
146
106
26
-20
12
101
172
188
166
148
154
167
157
121
76
67
103
157
181
158
96
19
-53
-91
-82
-34
12
44
93
181
256
240
128
18
-13
28
72
81
64
39
18
-6
-26
-30
5
69
133
205
303
410
454
385
247
113
49
62
138
244
329
335
246
113
22
3
24
36
20
0
1
38
72
60
-7
-92
-163
-194
-169
-74
60
198
298
338
323
263
181
78
-24
-106
-158
-200
-245
-289
-324
-325
-298
-273
-300
-383
-454
-428
-284
-89
43
41
-40
-83
-1
161
309
398
439
443
420
399
403
421
411
339
216
70
-63
-172
-256
-316
-332
-296
-241
-211
-219
-220
-186
-110
-11
92
169
180
135
107
133
185
184
132
57
-8
-57
-82
-69
-39
-22
-31
-47
-63
-80
-106
-152
-234
-344
-433
-478
-510
-563
-604
-592
-525
-459
-412
-384
-393
-454
-552
-633
-685
-720
-741
-728
-689
-649
-614
-554
-447
-304
-182
-134
-161
-195
-162
-48
83
146
114
33
-43
-84
-75
3
138
259
307
303
299
298
284
299
406
598
795
930
995
1012
975
877
739
638
648
766
919
1024
1054
1029
975
906
823
720
591
438
311
253
272
304
311
292
264
207
105
-24
-171
-339
-502
-604
-605
-528
-428
-346
-289
-242
-182
-87
40
158
203
132
-31
-204
-324
-367
-321
-186
-19
100
145
143
111
30
-73
-133
-104
-15
80
147
171
151
80
-16
-90
-96
-34
35
46
-35
-193
-374
-520
-592
-575
-510
-464
-473
-511
-529
-524
-536
-587
-645
-675
-664
-650
-672
-741
-806
-793
-662
-448
-247
-150
-189
-309
-395
-374
-270
-152
-61
13
75
101
78
28
13
91
254
457
643
781
834
756
558
303
90
-19
-23
49
170
323
450
479
387
226
64
-60
-102
-22
162
348
425
374
251
129
67
84
180
333
529
738
897
934
827
616
359
137
39
91
191
182
13
-236
-445
-535
-482
-320
-130
30
183
364
535
600
522
373
263
242
281
339
381
366
239
-1
-289
-517
-651
-710
-715
-636
-466
-283
-186
-206
-267
-275
-169
34
269
432
452
320
84
-206
-512
-781
-949
-985
-923
-859
-883
-1025
-1235
-1443
-1614
-1751
-1851
-1884
-1850
-1762
-1628
-1425
-1148
-835
-531
-269
-47
149
334
519
677
790
862
939
1056
1201
1336
1416
1423
1347
1222
1122
1116
1213
1358
1503
1634
1759
1870
1973
2081
2208
2360
2539
2747
2972
3183
3294
3196
2852
2359
1881
1535
1347
1268
1185
937
407
-383
-1299
-2183
-2936
-3506
-3879
-4071
-4122
-4065
-3939
-3783
-3615
-3398
-3073
-2650
-2218
-1870
-1611
-1384
-1155
-944
-808
-778
-841
-924
-993
-1072
-1182
-1285
-1325
-1307
-1261
-1209
-1127
-1004
-825
-593
-311
-13
231
361
384
364
382
494
711
985
1206
1311
1337
1384
1502
1660
1803
1927
2088
2337
2666
3022
3316
3508
3606
3687
3812
3985
4177
4341
4439
4423
4255
3908
3401
2803
2202
1632
1050
367
-490
-1514
-2583
-3535
-4276
-4844
-5319
-5732
-6022
-6112
-5981
-5683
-5290
-4833
-4321
-3752
-3133
-2489
-1860
-1295
-826
-439
-101
219
492
647
641
509
336
181
51
-48
-99
-96
-56
-12
-10
-84
-229
-405
-570
-692
-705
-568
-313
-41
163
280
336
371
415
483
602
811
1136
1541
1960
2350
2719
3086
3460
3845
4251
4689
5143
5568
5907
6116
6179
6086
5817
5358
4765
4180
3716
3334
2862
2123
1071
-217
-1559
-2796
-3850
-4765
-5595
-6316
-6822
-7038
-6987
-6787
-6551
-6306
-6000
-5558
-4960
-4253
-3519
-2814
-2132
-1434
-712
-15
549
908
1052
1054
1015
1022
1073
1069
919
653
413
289
216
53
-266
-669
-1021
-1265
-1423
-1557
-1674
-1761
-1785
-1713
-1530
-1276
-1033
-810
-533
-93
515
1208
1886
2511
3081
3598
4068
4525
4993
5446
5840
6129
6325
6454
6533
6543
6409
6076
5549
4909
4269
3696
3159
2500
1556
292
-1144
-2546
-3782
-4867
-5855
-6764
-7535
-8084
-8368
-8413
-8288
-8025
-7597
-6952
-6099
-5131
-4159
-3264
-2457
-1698
-912
-75
745
1422
1854
2029
2029
1977
1958
1971
1980
1999
2073
2194
2254
2152
1882
1514
1101
669
267
-39
-229
-352
-489
-675
-877
-997
-963
-773
-501
-203
117
495
953
1487
2089
2725
3341
3900
4414
4900
5335
5698
5997
6250
6427
6492
6415
6173
5757
5181
4508
3827
3193
2564
1812
816
-444
-1871
-3288
-4549
-5613
-6520
-7285
-7849
-8134
-8129
-7925
-7638
-7316
-6917
-6362
-5634
-4798
-3930
-3083
-2277
-1515
-800
-139
443
932
1328
1652
1918
2124
2241
2233
2103
1911
1723
1549
1325
1012
638
271
-55
-355
-609
-767
-806
-787
-785
-787
-713
-526
-279
-52
119
268
466
773
1196
1687
2200
2708
3201
3650
4034
4385
4744
5095
5372
5550
5685
5815
5885
5774
5440
4941
4401
3909
3433
2844
1975
787
-599
-1968
-3178
-4242
-5246
-6196
-6997
-7548
-7837
-7912
-7811
-7564
-7212
-6749
-6147
-5405
-4636
-3966
-3408
-2856
-2197
-1438
-656
46
630
1100
1470
1733
1896
2011
2119
2183
2139
1994
1814
1631
1414
1164
937
774
650
512
370
267
223
207
203
249
398
635
886
1114
1364
1678
2036
2378
2703
3053
3438
3837
4233
4643
5061
5449
5777
6026
6188
6236
6128
5814
5284
4611
3925
3346
2932
2605
2116
1186
-237
-1843
-3246
-4315
-5201
-6074
-6929
-7660
-8145
-8339
-8323
-8296
-8362
-8336
-7920
-7047
-5969
-4962
-4109
-3359
-2677
-2042
-1363
-556
343
1129
1628
1816
1801
1664
1415
1087
820
760
933
1205
1396
1390
1183
898
706
724
937
1244
1508
1614
1485
1166
806
565
505
601
830
1204
1706
2243
2713
3112
3549
4108
4791
5538
6327
7106
7761
8173
8325
8306
8164
7821
7154
6125
4803
3297
1736
242
-1103
-2336
-3556
-4809
-6040
-7133
-8036
-8756
-9295
-9601
-9585
-9238
-8655
-7966
-7244
-6494
-5736
-5014
-4360
-3800
-3373
-3129
-3023
-2905
-2628
-2151
-1540
-848
-107
635
1266
1696
1959
2158
2350
2542
2778
3128
3525
3800
3839
3711
3534
3322
3027
2663
2308
1984
1650
1310
1038
903
906
1020
1237
1557
1967
2435
2921
3402
3873
4384
5001
5752
6578
7343
7931
8282
8380
8240
7907
7415
6714
5671
4207
2410
494
-1344
-3003
-4496
-5868
-7138
-8251
-9138
-9769
-10153
-10294
-10185
-9824
-9228
-8419
-7438
-6352
-5253
-4200
-3218
-2346
-1688
-1316
-1217
-1314
-1557
-1857
-2058
-2002
-1650
-1080
-391
343
1076
1768
2351
2773
3036
3223
3378
3484
3502
3424
3256
3001
2672
2295
1870
1383
868
380
-70
-514
-908
-1115
-1004
-580
39
735
1464
2235
3035
3843
4639
5454
6316
7200
8013
8658
9092
9315
9331
9117
8672
7965
6963
5619
3940
2000
-36
-1935
-3512
-4759
-5829
-6850
-7826
-8680
-9356
-9798
-9935
-9707
-9147
-8356
-7412
-6342
-5177
-4036
-3060
-2348
-1877
-1543
-1259
-1045
-990
-1118
-1335
-1500
-1519
-1356
-1027
-572
-51
464
931
1363
1811
2275
2702
3023
3194
3187
2983
2597
2079
1514
972
479
39
-335
-630
-851
-1016
-1087
-1019
-801
-460
5
622
1391
2251
3121
3971
4836
5751
6675
7498
8136
8573
8823
8897
8816
8605
8240
7605
6558
5038
3138
1068
-945
-2738
-4258
-5546
-6705
-7813
-8811
-9559
-9984
-10129
-10040
-9691
-9056
-8194
-7213
-6186
-5137
-4087
-3095
-2223
-1505
-915
-479
-255
-277
-466
-699
-879
-948
-869
-635
-242
300
921
1478
1859
2098
2315
2566
2759
2786
2616
2318
1949
1519
1044
595
263
65
-52
-132
-153
-97
13
138
294
556
975
1544
2224
2997
3850
4728
5557
6311
7027
7709
8270
8594
8678
8629
8545
8409
8119
7561
6633
5301
3611
1710
-248
-2126
-3872
-5469
-6901
-8093
-8981
-9581
-9974
-10194
-10202
-9961
-9465
-8738
-7796
-6686
-5492
-4319
-3227
-2251
-1414
-773
-373
-202
-182
-246
-356
-480
-535
-426
-140
251
641
1008
1392
1833
2309
2767
3161
3418
3470
3307
2989
2573
2101
1616
1184
830
555
325
156
67
66
103
158
274
500
833
1230
1707
2281
2934
3593
4251
4936
5654
6369
7026
7567
7927
8059
7972
7723
7319
6686
5728
4433
2866
1115
-720
-2517
-4178
-5696
-7112
-8412
-9507
-10305
-10761
-10864
-10626
-10085
-9311
-8391
-7390
-6333
-5243
-4185
-3211
-2337
-1537
-844
-306
64
304
426
435
385
347
369
451
627
911
1295
1730
2176
2608
3046
3486
3845
4002
3894
3558
3064
2471
1855
1317
933
712
605
550
508
487
493
532
589
682
863
1181
1653
2255
2961
3746
4588
5453
6282
7008
7582
7993
8269
8436
8497
8438
8219
7752
6922
5656
3997
2071
36
-1950
-3781
-5424
-6911
-8236
-9331
-10119
-10586
-10769
-10717
-10436
-9904
-9119
-8144
-7087
-6010
-4967
-3996
-3118
-2305
-1545
-879
-392
-136
-87
-117
-75
115
386
660
912
1170
1452
1761
2126
2553
2997
3373
3618
3715
3648
3393
2931
2298
1594
937
419
108
18
77
155
183
180
203
272
376
506
694
1022
1563
2318
3205
4112
4950
5687
6345
6963
7548
8047
8368
8459
8369
8181
7859
7234
6167
4668
2880
942
-1025
-2917
-4671
-6278
-7738
-8995
-9968
-10604
-10907
-10911
-10645
-10125
-9369
-8413
-7310
-6135
-4999
-4011
-3195
-2486
-1824
-1227
-732
-342
-23
235
414
503
549
667
942
1315
1645
1901
2185
2578
3002
3331
3495
3492
3319
2983
2534
2035
1529
1013
503
72
-179
-215
-87
106
256
330
363
431
552
724
973
1352
1877
2532
3313
4210
5181
6130
6982
7690
8259
8680
8935
9003
8876
8526
7887
6893
5540
3888
2026
57
-1910
-3768
-5482
-7053
-8452
-9581
-10382
-10887
-11154
-11160
-10825
-10103
-9060
-7847
-6607
-5421
-4317
-3325
-2454
-1660
-918
-295
119
329
444
554
676
818
1000
1223
1469
1747
2107
2576
3099
3577
3953
4221
4346
4271
3958
3448
2814
2129
1455
836
319
-56
-280
-394
-452
-469
-440
-370
-274
-138
79
398
820
1330
1934
2643
3436
4260
5067
5838
6567
7218
7741
8118
8337
8364
8162
7703
6941
5812
4306
2503
568
-1338
-3120
-4768
-6315
-7764
-9079
-10176
-10957
-11339
-11339
-11041
-10486
-9679
-8664
-7531
-6359
-5189
-4065
-3008
-2017
-1097
-269
432
984
1367
1601
1726
1807
1893
2027
2197
2363
2496
2657
2887
3139
3311
3347
3271
3102
2848
2486
2010
1442
873
400
82
-98
-193
-233
-238
-224
-225
-240
-226
-124
95
401
743
1096
1487
2002
2692
3544
4480
5433
6353
7210
7962
8560
8953
9106
9000
8607
7909
6900
5593
4011
2194
255
-1653
-3423
-5063
-6636
-8134
-9469
-10525
-11238
-11568
-11520
-11118
-10418
-9469
-8332
-7088
-5834
-4621
-3451
-2318
-1243
-263
573
1204
1614
1848
1992
2084
2129
2124
2098
2086
2105
2150
2236
2399
2669
2994
3252
3333
3227
2970
2582
2076
1528
1042
664
397
219
127
87
70
63
70
72
78
111
199
341
564
909
1398
2018
2753
3610
4567
5551
6478
7308
8027
8585
8892
8904
8626
8076
7216
6020
4501
2755
896
-963
-2746
-4430
-6021
-7516
-8881
-10071
-11012
-11610
-11785
-11531
-10914
-10032
-8967
-7769
-6469
-5097
-3722
-2426
-1262
-216
730
1541
2143
2502
2653
2668
2594
2468
2338
2247
2184
2123
2078
2095
2181
2289
2366
2372
2278
2068
1766
1370
891
351
-159
-551
-776
-856
-834
-766
-689
-623
-540
-398
-197
0
142
257
426
724
1179
1814
2630
3611
4695
5813
6892
7858
8637
9168
9422
9399
9109
8540
7639
6373
4774
2929
969
-965
-2762
-4404
-5944
-7412
-8777
-9970
-10879
-11392
-11453
-11121
-10500
-9663
-8629
-7418
-6068
-4653
-3276
-2025
-917
98
1065
1944
2640
3061
3191
3077
2828
2535
2240
1957
1685
1467
1355
1401
1585
1816
1990
2046
1960
1741
1414
1020
603
218
-79
-276
-359
-326
-186
-21
116
214
325
446
528
534
474
414
425
585
973
1629
2526
3575
4675
5761
6795
7760
8605
9240
9563
9530
9159
8493
7546
6291
4724
2910
980
-930
-2755
-4492
-6163
-7760
-9227
-10468
-11382
-11877
-11904
-11507
-10817
-9950
-8950
-7804
-6516
-5146
-3790
-2505
-1279
-69
1111
2166
2965
3430
3544
3373
3030
2630
2234
1836
1437
1083
871
842
959
1122
1267
1350
1365
1302
1169
954
645
280
-44
-238
-295
-275
-236
-189
-131
-80
-59
-51
-33
-7
13
47
152
392
831
1515
2409
3421
4487
5607
6761
7859
8784
9445
9783
9762
9391
8741
7861
6759
5406
3810
2021
116
-1823
-3729
-5541
-7219
-8724
-10015
-11025
-11674
-11911
-11764
-11300
-10571
-9590
-8377
-7005
-5552
-4068
-2570
-1092
321
1597
2673
3474
3947
4072
3900
3528
3065
2572
2075
1609
1230
971
818
758
802
938
1092
1176
1122
955
748
598
515
438
328
229
218
296
396
456
477
490
510
495
416
302
228
277
495
886
1453
2212
3156
4217
5314
6420
7517
8494
9173
9461
9410
9107
8578
7786
6695
5311
3688
1896
8
-1923
-3824
-5622
-7267
-8752
-10045
-11081
-11783
-12127
-12117
-11773
-11122
-10201
-9064
-7769
-6373
-4897
-3357
-1781
-234
1202
2439
3419
4084
4403
4382
4091
3613
3028
2411
1840
1391
1071
865
748
744
832
933
956
894
789
657
485
282
89
-65
-155
-129
61
393
772
1096
1310
1394
1355
1232
1089
979
956
1075
1378
1865
2507
3290
4189
5168
6193
7213
8142
8857
9281
9392
9209
8747
8043
7121
5974
4579
2937
1091
-892
-2915
-4858
-6625
-8177
-9522
-10639
-11478
-11987
-12170
-12052
-11656
-10990
-10066
-8917
-7564
-6031
-4350
-2595
-874
727
2151
3337
4208
4699
4784
4485
3895
3161
2432
1783
1251
857
625
534
543
609
692
753
759
690
539
316
49
-216
-430
-563
-593
-493
-238
137
525
821
1006
1114
1173
1207
1239
1289
1368
1524
1837
2337
2985
3731
4577
5526
6518
7434
8173
8687
8966
9012
8802
8318
7535
6470
5152
3610
1856
-81
-2120
-4118
-5941
-7537
-8914
-10068
-10978
-11633
-12019
-12092
-11810
-11187
-10294
-9190
-7902
-6438
-4830
-3151
-1478
125
1634
2997
4112
4860
5192
5121
4709
4064
3334
2652
2073
1613
1292
1118
1062
1058
1044
978
844
640
380
100
-149
-305
-344
-255
-56
252
646
1075
1452
1720
1880
1945
1926
1818
1665
1532
1484
1559
1785
2167
2695
3351
4128
4987
5846
6630
7302
7837
8184
8298
8155
7760
7088
6112
4824
3271
1540
-286
-2151
-3984
-5669
-7125
-8364
-9458
-10420
-11193
-11693
-11864
-11703
-11252
-10582
-9722
-8667
-7404
-5930
-4262
-2452
-622
1094
2596
3825
4718
5209
5276
4949
4339
3596
2853
2192
1655
1279
1059
958
920
893
824
670
425
122
-183
-433
-596
-649
-571
-345
6
429
886
1346
1775
2116
2316
2345
2224
2005
1781
1642
1637
1760
1994
2340
2790
3335
3982
4738
5565
6364
7037
7523
7785
7788
7527
7025
6290
5307
4070
2605
969
-783
-2588
-4361
-5984
-7359
-8484
-9430
-10235
-10850
-11192
-11237
-11018
-10557
-9849
-8888
-7684
-6249
-4599
-2784
-915
866
2433
3696
4619
5190
5423
5319
4905
4254
3482
2704
2017
1508
1216
1107
1100
1092
995
764
417
19
-386
-760
-1042
-1153
-1038
-718
-267
234
743
1230
1662
2004
2243
2390
2428
2341
2150
1949
1843
1881
2045
2301
2638
3064
3577
4145
4749
5387
6051
6660
7105
7308
7237
6885
6249
5353
4227
2907
1441
-97
-1644
-3185
-4700
-6146
-7461
-8606
-9575
-10375
-11000
-11419
-11548
-11326
-10765
-9935
-8875
-7570
-6027
-4324
-2553
-772
952
2509
3782
4697
5212
5315
5050
4528
3878
3238
2711
2329
2035
1765
1497
1239
972
641
200
-331
-865
-1314
-1616
-1734
-1638
-1314
-794
-158
517
1182
1815
2359
2744
2925
2930
2820
2640
2429
2242
2126
2094
2123
2208
2373
2648
3037
3519
4073
4672
5258
5745
6086
6254
6241
6021
5585
4950
4132
3124
1915
514
-1015
-2557
-4026
-5385
-6650
-7817
-8868
-9771
-10484
-10954
-11115
-10953
-10489
-9743
-8695
-7321
-5655
-3789
-1829
125
1952
3514
4720
5550
6020
6133
5909
5425
4819
4217
3689
3258
2902
2584
2253
1829
1240
483
-366
-1196
-1926
-2468
-2740
-2703
-2382
-1806
-1031
-156
699
1478
2166
2711
3043
3150
3091
2914
2635
2302
2002
1794
1693
1706
1848
2083
2354
2647
3011
3477
4022
4572
5040
5348
5458
5381
5151
4759
4163
3331
2259
970
-486
-1995
-3437
-4736
-5906
-7005
-8075
-9096
-9997
-10705
-11178
-11385
-11282
-10808
-9943
-8715
-7177
-5402
-3495
-1590
197
1778
3092
4090
4749
5079
5141
5020
4817
4600
4392
4200
4013
3769
3366
2727
1870
870
-178
-1165
-1988
-2563
-2842
-2797
-2439
-1820
-1012
-99
846
1740
2533
3195
3718
4098
4315
4358
4244
4030
3748
3400
2993
2602
2306
2139
2098
2190
2449
2892
3481
4132
4742
5204
5442
5443
5247
4886
4373
3701
2849
1797
575
-732
-2033
-3283
-4504
-5735
-6993
-8230
-9348
-10256
-10913
-11306
-11394
-11097
-10368
-9248
-7842
-6248
-4544
-2833
-1214
261
1593
2763
3726
4447
4917
5154
5202
5126
4979
4755
4433
3993
3422
2673
1732
658
-430
-1421
-2258
-2917
-3354
-3495
-3300
-2788
-2024
-1061
52
1238
2394
3411
4228
4820
5183
5322
5264
5033
4636
4088
3458
2847
2338
1990
1826
1841
2016
2341
2783
3260
3676
3966
4116
4132
4033
3836
3538
3119
2525
1712
708
-381
-1462
-2531
-3634
-4791
-5963
-7119
-8219
-9206
-10007
-10549
-10771
-10646
-10190
-9449
-8446
-7192
-5718
-4095
-2429
-814
709
2117
3349
4309
4950
5317
5512
5619
5658
5585
5357
4959
4390
3624
2660
1563
447
-589
-1492
-2245
-2811
-3110
-3062
-2676
-2042
-1252
-367
578
1530
2451
3275
3923
4333
4493
4459
4282
3997
3620
3194
2767
2385
2063
1820
1668
1612
1645
1733
1850
1957
2028
2053
2060
2063
2050
1981
1814
1511
1046
428
-287
-1050
-1836
-2633
-3416
-4181
-4949
-5738
-6531
-7279
-7932
-8431
-8710
-8700
-8383
-7805
-7053
-6182
-5202
-4095
-2876
-1601
-352
814
1863
2774
3515
4072
4466
4752
4967
5077
5009
4705
4170
3441
2546
1532
486
-481
-1302
-1953
-2412
-2643
-2613
-2322
-1796
-1060
-169
793
1708
2502
3161
3681
4042
4197
4148
3953
3706
3480
3288
3106
2899
2669
2429
2208
2035
1931
1908
1944
1974
1918
1745
1476
1155
820
495
203
-46
-249
-434
-652
-952
-1350
-1823
-2324
-2826
-3304
-3760
-4203
-4650
-5080
-5442
-5695
-5831
-5858
-5781
-5593
-5279
-4829
-4239
-3527
-2728
-1882
-1010
-104
830
1746
2565
3225
3712
4034
4192
4190
4054
3819
3474
2985
2332
1561
740
-64
-785
-1342
-1652
-1663
-1366
-805
-80
686
1377
1917
2276
2446
2476
2439
2412
2421
2444
2432
2326
2122
1850
1545
1217
887
602
427
389
456
542
568
505
353
133
-130
-401
-653
-867
-1026
-1142
-1222
-1269
-1298
-1350
-1483
-1722
-2034
-2386
-2758
-3143
-3533
-3918
-4278
-4570
-4746
-4779
-4674
-4449
-4109
-3630
-2998
-2231
-1394
-579
139
731
1222
1660
2081
2489
2877
3227
3511
3690
3717
3551
3182
2640
1970
1257
608
130
-136
-205
-94
172
545
939
1290
1553
1725
1830
1901
1948
1959
1933
1869
1744
1543
1284
1021
776
543
299
60
-121
-183
-117
21
166
279
353
349
243
55
-144
-306
-424
-490
-478
-399
-331
-343
-459
-657
-919
-1226
-1553
-1864
-2143
-2408
-2679
-2952
-3197
-3389
-3519
-3572
-3503
-3276
-2895
-2400
-1818
-1164
-473
181
738
1176
1512
1795
2065
2344
2612
2841
2982
2985
2837
2572
2218
1777
1251
712
273
18
-38
57
252
517
830
1153
1440
1656
1799
1892
1959
2003
2010
1944
1768
1474
1096
695
323
4
-277
-534
-778
-986
-1131
-1200
-1222
-1262
-1340
-1436
-1524
-1595
-1652
-1684
-1702
-1710
-1677
-1562
-1383
-1207
-1096
-1048
-1049
-1097
-1211
-1393
-1619
-1866
-2139
-2458
-2806
-3112
-3287
-3301
-3174
-2939
-2592
-2136
-1600
-1037
-499
-7
443
879
1321
1779
2231
2643
2980
3231
3387
3425
3336
3126
2816
2420
1976
1556
1243
1064
1001
1024
1132
1334
1614
1933
2259
2570
2857
3102
3275
3334
3263
3080
2815
2496
2132
1714
1229
696
173
-288
-683
-1031
-1350
-1637
-1877
-2057
-2176
-2267
-2354
-2451
-2559
-2669
-2762
-2802
-2768
-2663
-2532
-2400
-2267
-2115
-1944
-1788
-1694
-1680
-1739
-1866
-2085
-2385
-2703
-2958
-3118
-3183
-3119
-2881
-2472
-1965
-1443
-956
-497
-48
399
824
1199
1517
1802
2094
2422
2764
3050
3203
3191
3034
2782
2471
2111
1720
1354
1110
1025
1066
1168
1316
1522
1784
2079
2372
2649
2908
3133
3291
3364
3373
3313
3142
2836
2433
1973
1458
882
280
-290
-790
-1190
-1474
-1645
-1745
-1850
-2024
-2269
-2510
-2672
-2739
-2748
-2733
-2671
-2541
-2339
-2116
-1930
-1798
-1696
-1584
-1476
-1404
-1385
-1423
-1517
-1665
-1843
-2019
-2164
-2251
-2251
-2119
-1859
-1505
-1111
-710
-338
-51
128
243
375
566
799
1029
1244
1439
1587
1669
1683
1618
1451
1184
870
570
332
190
189
332
577
866
1184
1551
1972
2411
2803
3111
3335
3488
3562
3534
3404
3186
2884
2491
2016
1486
940
403
-93
-534
-913
-1222
-1470
-1665
-1823
-1940
-2003
-2025
-2026
-2021
-2026
-2054
-2104
-2142
-2123
-2032
-1888
-1723
-1555
-1402
-1284
-1216
-1190
-1223
-1344
-1571
-1859
-2110
-2248
-2252
-2152
-1984
-1767
-1512
-1233
-957
-708
-498
-315
-131
83
341
645
975
1282
1509
1640
1690
1678
1584
1415
1207
1019
883
795
752
766
860
1037
1274
1535
1802
2076
2363
2651
2912
3116
3259
3345
3368
3310
3145
2872
2525
2141
1735
1291
812
328
-138
-589
-1005
-1324
-1496
-1546
-1557
-1580
-1614
-1650
-1697
-1768
-1838
-1874
-1848
-1744
-1565
-1343
-1118
-914
-747
-654
-671
-798
-1008
-1272
-1572
-1877
-2161
-2392
-2530
-2521
-2363
-2128
-1906
-1719
-1534
-1326
-1110
-902
-696
-472
-212
91
435
774
1048
1206
1256
1231
1157
1034
859
670
516
423
385
383
411
467
559
701
907
1160
1437
1717
1994
2257
2498
2710
2863
2919
2852
2691
2492
2277
2010
1639
1163
640
138
-289
-608
-816
-947
-1055
-1166
-1284
-1407
-1533
-1659
-1785
-1892
-1928
-1844
-1643
-1364
-1036
-676
-313
-5
200
279
230
60
-224
-576
-918
-1187
-1377
-1518
-1622
-1687
-1727
-1760
-1771
-1744
-1664
-1536
-1362
-1149
-913
-649
-361
-54
251
537
800
1013
1160
1232
1238
1184
1066
895
710
545
395
232
84
26
120
345
638
952
1271
1580
1873
2144
2396
2609
2746
2783
2734
2631
2467
2215
1850
1404
921
427
-69
-522
-846
-1021
-1106
-1179
-1273
-1392
-1551
-1761
-1979
-2123
-2140
-2026
-1782
-1408
-931
-423
26
355
536
583
531
420
254
24
-264
-566
-844
-1074
-1278
-1462
-1617
-1711
-1731
-1696
-1611
-1482
-1338
-1219
-1108
-947
-696
-378
-30
327
671
963
1169
1278
1292
1215
1067
886
724
623
586
574
550
515
507
543
615
710
832
1003
1222
1469
1714
1941
2126
2239
2262
2209
2104
1937
1680
1326
898
442
-4
-410
-765
-1052
-1255
-1391
-1516
-1670
-1847
-2020
-2163
-2261
-2273
-2159
-1909
-1564
-1180
-803
-454
-170
23
114
124
87
33
-29
-112
-237
-420
-652
-912
-1155
-1345
-1462
-1518
-1532
-1524
-1491
-1420
-1298
-1128
-916
-656
-341
8
350
672
977
1257
1487
1634
1698
1689
1619
1491
1323
1167
1072
1047
1042
1009
940
878
867
933
1095
1341
1608
1809
1906
1953
2011
2071
2051
1901
1653
1376
1103
813
500
185
-94
-309
-467
-594
-735
-915
-1143
-1394
-1626
-1798
-1893
-1935
-1919
-1813
-1586
-1279
-986
-758
-593
-474
-411
-425
-514
-660
-824
-973
-1100
-1225
-1349
-1440
-1476
-1493
-1528
-1570
-1578
-1530
-1435
-1320
-1184
-1026
-857
-693
-511
-264
34
322
544
737
929
1107
1232
1304
1356
1398
1426
1411
1346
1254
1156
1085
1044
1036
1072
1181
1382
1643
1908
2145
2365
2571
2722
2771
2718
2591
2397
2111
1730
1312
932
631
387
161
-82
-345
-626
-927
-1253
-1574
-1847
-2059
-2209
-2286
-2251
-2103
-1887
-1668
-1481
-1324
-1200
-1088
-988
-935
-976
-1112
-1274
-1409
-1530
-1676
-1847
-1992
-2089
-2134
-2130
-2057
-1928
-1770
-1603
-1422
-1222
-1016
-815
-609
-369
-91
206
491
754
990
1196
1346
1446
1525
1611
1678
1695
1654
1582
1504
1441
1398
1369
1358
1384
1470
1609
1773
1930
2068
2200
2336
2451
2490
2430
2279
2062
1805
1536
1284
1052
806
526
237
-4
-204
-415
-680
-968
-1229
-1434
-1592
-1712
-1778
-1776
-1694
-1555
-1396
-1246
-1122
-1043
-1031
-1074
-1154
-1276
-1442
-1629
-1800
-1937
-2050
-2159
-2273
-2365
-2378
-2285
-2123
-1941
-1750
-1522
-1262
-1007
-770
-543
-311
-94
107
309
542
797
1020
1170
1234
1254
1270
1307
1375
1461
1526
1525
1457
1360
1261
1166
1092
1077
1169
1375
1656
1959
2246
2499
2681
2759
2727
2614
2438
2203
1937
1658
1381
1109
866
639
374
65
-210
-380
-486
-623
-826
-1036
-1168
-1190
-1126
-1040
-973
-920
-879
-874
-910
-971
-1032
-1130
-1294
-1515
-1719
-1856
-1951
-2045
-2151
-2239
-2299
-2331
-2327
-2262
-2138
-1998
-1877
-1745
-1543
-1256
-938
-637
-374
-146
34
158
250
349
476
612
726
800
850
908
989
1065
1100
1087
1048
1008
975
958
961
1006
1104
1275
1518
1793
2046
2223
2330
2397
2425
2364
2185
1927
1651
1385
1138
918
731
564
402
237
58
-137
-348
-570
-803
-1016
-1154
-1205
-1207
-1199
-1158
-1060
-923
-814
-765
-754
-733
-712
-761
-930
-1184
-1439
-1648
-1814
-1941
-2036
-2099
-2145
-2183
-2223
-2235
-2177
-2040
-1864
-1698
-1533
-1328
-1066
-800
-558
-319
-49
214
422
569
694
805
896
972
1068
1199
1345
1453
1483
1445
1392
1370
1377
1394
1435
1538
1709
1920
2123
2293
2418
2496
2528
2519
2478
2410
2309
2157
1949
1692
1398
1082
789
568
412
244
11
-254
-483
-650
-797
-952
-1099
-1192
-1219
-1196
-1129
-1015
-861
-711
-613
-570
-575
-636
-763
-943
-1130
-1294
-1440
-1596
-1767
-1941
-2098
-2217
-2278
-2257
-2152
-1969
-1731
-1477
-1249
-1052
-853
-643
-450
-303
-181
-49
91
210
303
394
507
636
762
866
923
910
831
733
656
607
563
530
539
622
770
948
1122
1293
1463
1602
1653
1607
1530
1462
1367
1198
1003
853
740
600
418
250
141
67
-35
-186
-361
-517
-636
-740
-842
-935
-995
-1007
-983
-928
-848
-755
-691
-681
-704
-729
-761
-841
-966
-1091
-1191
-1294
-1437
-1588
-1702
-1752
-1747
-1700
-1625
-1514
-1356
-1156
-918
-638
-327
-38
182
314
405
492
591
682
764
867
1018
1194
1327
1364
1296
1166
1038
973
979
1017
1033
1017
1002
1048
1191
1404
1613
1779
1898
1982
2023
2024
2010
2014
2009
1943
1803
1637
1476
1289
1042
750
470
257
117
12
-120
-301
-485
-640
-776
-904
-982
-975
-910
-851
-826
-829
-851
-889
-929
-970
-1019
-1078
-1176
-1336
-1562
-1804
-2025
-2212
-2355
-2437
-2460
-2442
-2383
-2274
-2124
-1959
-1777
-1562
-1298
-1009
-739
-516
-335
-172
-31
85
194
316
454
590
722
861
990
1086
1110
1059
960
864
800
761
738
736
783
894
1055
1220
1340
1418
1489
1571
1636
1662
1650
1599
1487
1326
1181
1092
1019
887
695
493
334
211
103
3
-86
-176
-293
-442
-578
-647
-640
-597
-553
-519
-496
-485
-507
-567
-655
-742
-831
-955
-1123
-1295
-1416
-1492
-1552
-1596
-1599
-1561
-1513
-1467
-1402
-1279
-1087
-868
-678
-531
-384
-207
-25
133
269
412
555
660
724
769
839
925
990
1014
1007
994
961
898
812
752
742
747
709
640
626
725
881
997
1052
1110
1219
1339
1392
1358
1293
1241
1189
1120
1036
940
805
608
373
150
-1
-86
-179
-346
-560
-722
-787
-802
-837
-907
-990
-1054
-1075
-1053
-1011
-998
-1043
-1133
-1222
-1291
-1366
-1460
-1518
-1491
-1414
-1375
-1398
-1404
-1323
-1181
-1066
-1018
-981
-891
-744
-609
-520
-450
-355
-205
-14
199
398
566
694
767
803
846
929
1019
1055
1019
968
945
944
923
870
818
799
823
849
851
849
881
955
1030
1083
1123
1180
1250
1303
1306
1259
1187
1103
1016
923
811
646
414
168
-10
-109
-193
-322
-492
-661
-784
-839
-831
-797
-777
-782
-790
-794
-808
-832
-863
-911
-994
-1094
-1194
-1292
-1394
-1488
-1561
-1604
-1604
-1554
-1480
-1416
-1375
-1339
-1268
-1135
-943
-751
-603
-499
-408
-293
-155
-3
137
257
375
528
718
898
1023
1106
1162
1171
1113
1024
951
873
733
542
404
409
520
636
705
773
887
1020
1132
1229
1332
1412
1418
1355
1281
1245
1233
1184
1063
906
780
685
551
351
138
-27
-154
-274
-385
-458
-495
-527
-572
-606
-574
-476
-365
-303
-283
-254
-205
-192
-259
-391
-530
-661
-821
-1019
-1214
-1342
-1401
-1440
-1494
-1524
-1466
-1324
-1163
-1042
-955
-875
-787
-703
-627
-526
-370
-166
37
196
310
404
486
535
564
605
651
658
604
528
455
371
265
184
169
215
290
376
474
584
718
886
1055
1183
1273
1352
1420
1451
1461
1486
1501
1442
1277
1053
847
675
516
330
110
-118
-311
-450
-551
-629
-680
-680
-643
-596
-576
-594
-656
-744
-817
-866
-917
-968
-989
-976
-987
-1063
-1177
-1290
-1394
-1475
-1484
-1403
-1294
-1234
-1224
-1188
-1086
-955
-855
-788
-710
-593
-445
-307
-197
-103
24
190
346
436
488
569
690
792
831
841
863
906
926
906
865
839
840
855
884
942
1044
1164
1242
1236
1171
1116
1119
1147
1154
1120
1069
1000
908
790
674
578
489
387
270
157
37
-110
-279
-407
-448
-417
-370
-350
-372
-441
-547
-669
-788
-902
-988
-1019
-994
-965
-966
-997
-1031
-1065
-1100
-1121
-1114
-1075
-1020
-968
-936
-921
-907
-881
-846
-805
-747
-667
-575
-495
-415
-317
-187
-41
86
174
238
306
382
445
489
536
604
687
764
837
900
949
981
1029
1126
1277
1451
1595
1670
1653
1567
1454
1371
1338
1331
1321
1300
1266
1201
1097
965
839
716
585
436
282
134
-7
-141
-268
-396
-522
-618
-664
-663
-665
-716
-822
-941
-1038
-1103
-1144
-1178
-1225
-1293
-1366
-1411
-1417
-1388
-1347
-1331
-1374
-1464
-1539
-1543
-1490
-1437
-1417
-1404
-1336
-1210
-1066
-953
-857
-751
-627
-498
-381
-275
-171
-61
48
148
243
345
446
529
593
667
779
912
1018
1068
1102
1167
1253
1309
1329
1361
1417
1457
1459
1433
1387
1309
1211
1133
1106
1121
1133
1099
994
842
689
566
469
379
293
216
137
43
-55
-128
-160
-175
-177
-160
-133
-122
-122
-111
-99
-126
-216
-343
-479
-599
-705
-807
-912
-984
-998
-984
-1012
-1092
-1172
-1206
-1198
-1175
-1137
-1082
-1008
-932
-865
-794
-686
-532
-357
-192
-48
69
142
180
207
257
336
435
519
548
521
482
482
534
618
709
773
804
806
803
808
810
791
744
691
671
690
710
695
654
619
598
566
501
395
273
168
104
86
95
94
38
-81
-224
-337
-423
-513
-609
-664
-663
-639
-616
-597
-591
-610
-643
-658
-657
-666
-698
-740
-784
-824
-851
-870
-882
-890
-890
-894
-915
-950
-985
-987
-936
-843
-750
-674
-592
-465
-297
-113
69
253
433
578
668
723
791
892
1001
1063
1070
1055
1054
1046
995
923
891
928
989
1009
978
929
909
933
972
990
969
918
841
731
611
529
506
496
441
332
206
95
13
-34
-48
-45
-66
-143
-260
-373
-453
-533
-633
-734
-782
-746
-665
-599
-578
-584
-576
-544
-501
-469
-458
-481
-541
-625
-725
-829
-949
-1075
-1189
-1266
-1294
-1268
-1189
-1071
-936
-807
-683
-564
-439
-312
-191
-84
7
90
160
226
309
420
522
581
642
746
880
966
999
1024
1054
1051
1005
941
886
837
786
756
768
831
912
963
941
842
717
622
566
514
420
300
196
120
51
-22
-67
-77
-77
-100
-137
-181
-230
-281
-328
-384
-460
-539
-593
-609
-615
-622
-631
-637
-641
-663
-710
-781
-868
-975
-1088
-1165
-1190
-1199
-1231
-1268
-1241
-1130
-979
-848
-748
-626
-455
-268
-107
27
174
333
473
564
603
604
578
559
552
555
574
649
800
972
1089
1130
1152
1207
1291
1365
1391
1367
1310
1262
1211
1124
999
878
785
688
557
414
296
211
114
-45
-294
-595
-823
-839
-611
-289
-106
-199
-471
-696
-668
-389
-56
73
-86
-376
-562
-533
-392
-288
-294
-376
-478
-574
-663
-747
-843
-968
-1115
-1233
-1245
-1145
-1023
-982
-1026
-1052
-968
-776
-579
-466
-434
-395
-285
-106
101
286
382
348
239
201
326
558
764
817
680
384
66
-125
-99
90
305
452
500
468
368
226
101
91
286
746
1378
1958
2252
2205
1999
1879
1961
2144
2249
2166
1911
1533
1062
522
-32
-546
-993
-1361
-1649
-1878
-2062
-2170
-2142
-1958
-1642
-1231
-777
-327
56
352
560
708
799
840
849
843
767
517
65
-491
-981
-1328
-1565
-1779
-1999
-2180
-2267
-2244
-2140
-1989
-1831
-1677
-1513
-1298
-1020
-704
-390
-108
113
280
445
663
908
1091
1160
1152
1130
1114
1094
1051
1005
974
978
980
910
761
632
628
734
851
951
1060
1191
1291
1335
1326
1275
1180
1051
938
864
814
709
487
161
-184
-471
-689
-874
-1051
-1210
-1344
-1448
-1526
-1576
-1609
-1633
-1625
-1545
-1378
-1166
-977
-845
-745
-622
-454
-274
-140
-89
-111
-182
-272
-343
-354
-301
-228
-189
-187
-170
-112
-35
25
64
130
322
709
1249
1786
2179
2397
2510
2592
2698
2878
3144
3448
3667
3694
3508
3190
2781
2118
906
-932
-3027
-4759
-5671
-5683
-5093
-4442
-4223
-4495
-4820
-4664
-3744
-2054
205
2590
4513
5582
5755
5262
4437
3639
3068
2621
1991
883
-855
-3155
-5612
-7570
-8463
-8143
-6876
-5104
-3287
-1793
-825
-344
-63
427
1464
3042
4733
5911
6121
5350
3951
2448
1341
943
1293
2123
3004
3497
3368
2677
1796
1212
1291
2097
3320
4279
4139
2371
-797
-4346
-6989
-7895
-7169
-5775
-4898
-5107
-6026
-6741
-6515
-5122
-2727
276
3360
5896
7303
7301
6155
4621
3484
3008
2807
2202
680
-1779
-4658
-7156
-8583
-8663
-7528
-5563
-3268
-1150
422
1315
1710
2057
2838
4171
5613
6429
6117
4726
2712
631
-1056
-2028
-2148
-1572
-746
-192
-176
-488
-573
111
1697
3832
5855
7124
7326
6595
5441
4464
3989
3748
2932
839
-2410
-5812
-8172
-8849
-8083
-6792
-5955
-5899
-6151
-5957
-4866
-2873
-237
2575
5023
6612
7027
6246
4689
3128
2129
1589
897
-507
-2757
-5478
-7891
-9142
-8774
-6926
-4203
-1377
879
2220
2746
2853
2983
3462
4316
5175
5431
4623
2771
379
-1838
-3321
-3912
-3756
-3094
-2177
-1271
-536
107
904
2046
3529
5158
6580
7422
7472
6787
5644
4405
3399
2771
2294
1354
-643
-3678
-6882
-9013
-9299
-7984
-6202
-5177
-5321
-5938
-5843
-4314
-1516
1750
4594
6396
6974
6496
5304
3832
2529
1627
900
-205
-2127
-4772
-7502
-9391
-9687
-8222
-5531
-2551
-82
1543
2475
3124
3882
4885
5901
6447
6093
4701
2522
93
-1975
-3314
-3947
-4128
-3971
-3387
-2303
-874
615
1965
3127
4150
5064
5854
6488
6974
7327
7459
7167
6271
4830
3217
1923
1050
58
-1763
-4469
-7150
-8522
-7901
-5774
-3580
-2691
-3359
-4495
-4609
-2940
151
3562
6086
6914
5986
3922
1648
-39
-790
-834
-873
-1650
-3471
-5999
-8379
-9662
-9254
-7245
-4313
-1359
877
2100
2539
2766
3227
3924
4448
4307
3255
1476
-475
-2018
-2925
-3390
-3717
-3955
-3824
-3019
-1575
117
1659
2928
4037
5065
5938
6546
6928
7213
7408
7231
6342
4709
2766
1164
225
-445
-1711
-4015
-6665
-8192
-7568
-5129
-2412
-996
-1323
-2428
-2758
-1411
1288
4187
6170
6704
5903
4281
2508
1099
220
-373
-1132
-2445
-4390
-6644
-8547
-9367
-8689
-6655
-3921
-1322
515
1436
1753
1987
2506
3333
4129
4299
3335
1233
-1368
-3571
-4827
-5173
-5036
-4790
-4440
-3687
-2303
-442
1463
3053
4235
5098
5767
6331
6879
7459
7955
7986
7050
4919
2016
-659
-2114
-2125
-1529
-1626
-3014
-5008
-6220
-5739
-3811
-1569
-158
106
-131
93
1179
2765
4215
5141
5465
5217
4419
3166
1703
326
-837
-1911
-3113
-4490
-5806
-6632
-6603
-5658
-4102
-2360
-710
743
1988
3011
3738
4034
3762
2864
1379
-493
-2345
-3674
-4154
-3882
-3317
-2999
-3153
-3460
-3236
-1946
355
3024
5224
6319
6120
4946
3501
2570
2615
3469
4331
4219
2698
303
-1745
-2367
-1458
-136
65
-1511
-4005
-5797
-5818
-4252
-2261
-1090
-1188
-1896
-2076
-1106
732
2709
4203
4863
4549
3399
1872
546
-227
-562
-982
-2002
-3726
-5738
-7327
-7832
-6980
-5027
-2580
-237
1609
2790
3345
3493
3483
3402
3141
2483
1331
-157
-1547
-2403
-2586
-2373
-2198
-2237
-2221
-1635
-194
1853
3858
5189
5541
4987
3898
2856
2425
2875
3944
4882
4807
3302
854
-1326
-2064
-1064
750
1718
628
-2228
-5141
-6298
-5209
-2960
-1214
-891
-1609
-2194
-1764
-398
1224
2551
3433
3792
3450
2363
802
-752
-1888
-2499
-2802
-3179
-3911
-4971
-6013
-6490
-5867
-3942
-1099
1787
3828
4631
4440
3828
3241
2757
2165
1296
201
-909
-1850
-2543
-2952
-3043
-2700
-1781
-266
1563
3221
4336
4858
4967
4855
4611
4301
4047
4019
4225
4356
3879
2493
522
-1153
-1623
-612
1139
2140
1122
-1910
-5455
-7457
-6723
-3851
-900
87
-1321
-3643
-4824
-3872
-1369
1301
2975
3277
2544
1374
191
-809
-1477
-1767
-1921
-2380
-3422
-4888
-6280
-6978
-6500
-4708
-1979
876
2954
3731
3372
2560
1994
1912
1999
1712
792
-479
-1483
-1789
-1487
-1023
-711
-379
405
1777
3291
4281
4443
4030
3520
3216
3093
2972
2766
2582
2531
2499
2198
1503
701
372
994
2468
3865
3763
1296
-2858
-6576
-7752
-5896
-2571
-221
-349
-2469
-4679
-5216
-3650
-820
1981
3770
4082
2942
888
-1092
-2028
-1641
-616
-155
-1085
-3315
-5942
-7807
-8048
-6387
-3220
482
3477
4807
4365
3049
2138
2364
3397
4167
3735
1982
-347
-2205
-2899
-2387
-1195
-40
580
638
510
619
1148
2003
2979
3847
4347
4290
3762
3160
2963
3340
3964
4181
3552
2303
1228
1080
1880
2742
2336
-54
-3737
-6822
-7544
-5631
-2588
-618
-986
-3148
-5207
-5436
-3471
-354
2421
3834
3634
2223
403
-965
-1403
-1137
-992
-1787
-3654
-5907
-7547
-7919
-6944
-4930
-2368
166
2062
2942
2972
2805
2998
3467
3626
3043
1828
428
-795
-1704
-2253
-2348
-1907
-1050
-128
496
786
1044
1602
2542
3616
4397
4496
3854
2836
2014
1773
2147
2845
3423
3509
3065
2447
2151
2444
3030
3017
1448
-1671
-4958
-6561
-5733
-3533
-1963
-2291
-4017
-5364
-4899
-2721
-118
1777
2763
3201
3259
2786
1758
546
-423
-1147
-2054
-3459
-5152
-6519
-7043
-6578
-5258
-3314
-1064
1027
2535
3415
4015
4624
5072
4878
3810
2151
487
-757
-1540
-2062
-2427
-2490
-2080
-1299
-505
40
392
816
1473
2247
2856
3084
2907
2491
2140
2144
2570
3209
3750
4006
3941
3613
3184
2933
3045
3214
2578
372
-3140
-6461
-7881
-6869
-4564
-2868
-2942
-4316
-5381
-4775
-2448
577
3193
4792
5128
4164
2283
326
-893
-1162
-981
-1196
-2374
-4343
-6281
-7316
-7032
-5465
-2941
-60
2388
3822
4238
4100
3857
3578
3059
2180
1047
-189
-1534
-2973
-4215
-4720
-4135
-2685
-1145
-287
-271
-495
-169
943
2342
3279
3400
2906
2291
1955
1996
2305
2797
3434
4034
4201
3682
2747
2130
2360
3114
3202
1496
-1893
-5382
-7000
-5954
-3292
-1131
-998
-2662
-4415
-4540
-2589
542
3478
5174
5222
3837
1780
102
-415
172
879
476
-1501
-4336
-6685
-7494
-6500
-4157
-1283
1314
3105
3976
4263
4526
5094
5709
5709
4636
2623
246
-1887
-3400
-4196
-4363
-4142
-3876
-3834
-3965
-3798
-2762
-713
1773
3682
4280
3668
2668
2106
2219
2644
2893
2761
2405
2119
2023
1979
1827
1607
1552
1796
2069
1638
-193
-3239
-6166
-7313
-5993
-3153
-803
-510
-2160
-4019
-4213
-2296
548
2678
3256
2549
1327
213
-539
-891
-889
-790
-1118
-2313
-4196
-5921
-6532
-5580
-3300
-381
2368
4325
5274
5446
5302
5137
4782
3775
1901
-425
-2390
-3485
-3913
-4263
-4785
-5080
-4542
-3055
-1136
521
1605
2277
2830
3314
3497
3161
2426
1722
1434
1576
1781
1674
1243
890
1124
2148
3619
4896
5506
5495
5210
4684
3365
747
-2672
-5301
-5686
-3880
-1607
-927
-2516
-5099
-6514
-5526
-2744
132
1797
2095
1595
836
109
-364
-383
-65
-43
-1091
-3317
-5800
-7171
-6640
-4462
-1541
1247
3401
4747
5309
5248
4808
4195
3391
2183
414
-1744
-3799
-5236
-5765
-5380
-4256
-2669
-956
531
1561
2110
2346
2496
2723
3039
3239
2943
1946
527
-618
-879
-154
1131
2360
3175
3672
4240
5072
5912
6264
5914
5128
4230
3091
1189
-1663
-4748
-6722
-6588
-4636
-2500
-2018
-3655
-5963
-6787
-5119
-1819
1332
3027
2987
1665
-277
-2190
-3558
-4073
-3810
-3297
-3199
-3757
-4507
-4682
-3815
-1971
407
2693
4243
4684
4163
3281
2638
2351
2012
1118
-426
-2187
-3505
-3897
-3264
-1893
-361
740
1130
991
801
1007
1729
2640
3189
2959
1965
584
-625
-1132
-630
753
2401
3522
3652
2978
2175
1956
2646
4011
5375
6004
5588
4449
3213
2169
992
-812
-3164
-5249
-6186
-5836
-5000
-4733
-5350
-6066
-5749
-4031
-1659
244
1074
1008
614
335
305
465
716
887
623
-444
-2241
-4103
-5243
-5294
-4394
-2832
-848
1298
3205
4464
4926
4803
4447
4013
3364
2282
713
-1153
-2944
-4228
-4628
-4061
-2875
-1692
-952
-600
-206
584
1661
2581
2968
2839
2404
1758
922
136
-185
138
784
1240
1303
1250
1521
2315
3506
4804
5904
6464
6167
4938
3133
1308
-296
-1938
-3887
-5821
-6872
-6428
-4890
-3547
-3496
-4567
-5438
-4886
-2904
-509
1307
2248
2529
2374
1845
1064
337
-58
-233
-670
-1745
-3250
-4538
-5044
-4599
-3299
-1273
1239
3727
5467
5961
5292
4031
2710
1439
6
-1715
-3518
-4988
-5747
-5609
-4634
-3138
-1615
-543
-82
32
306
1060
2114
2926
3043
2459
1515
610
43
61
792
2029
3178
3641
3326
2750
2562
2975
3677
4262
4640
5001
5443
5734
5522
4619
3061
891
-1790
-4528
-6497
-6989
-6018
-4468
-3585
-4021
-5154
-5501
-4048
-1219
1582
3206
3491
2996
2378
1984
1823
1720
1426
584
-1187
-3848
-6552
-8022
-7511
-5361
-2611
-189
1551
2694
3386
3619
3308
2483
1294
-115
-1642
-3129
-4388
-5303
-5802
-5750
-5021
-3723
-2289
-1208
-658
-333
324
1617
3224
4396
4578
3880
2911
2209
1881
1729
1624
1624
1785
2010
2156
2233
2465
3059
3975
4848
5309
5336
5250
5281
5244
4748
3680
2319
942
-553
-2428
-4522
-6067
-6301
-5384
-4489
-4733
-5952
-6701
-5504
-2177
1964
5082
6078
5142
3230
1228
-435
-1641
-2413
-2968
-3705
-4906
-6363
-7383
-7228
-5642
-3016
-120
2276
3684
3956
3246
1961
628
-295
-674
-779
-1094
-1901
-3026
-3988
-4368
-3975
-2848
-1290
158
962
1029
839
1105
2160
3617
4664
4757
4078
3315
2986
3043
3061
2759
2246
1855
1818
2073
2378
2578
2747
3071
3629
4342
5125
5955
6706
7029
6512
5065
3032
890
-1192
-3360
-5676
-7764
-8919
-8589
-6955
-5050
-4084
-4414
-5189
-5108
-3546
-1011
1378
2711
2744
1794
420
-851
-1668
-1999
-2187
-2787
-4136
-5956
-7445
-7767
-6563
-4108
-1139
1540
3417
4382
4595
4294
3656
2770
1633
237
-1368
-3048
-4565
-5628
-5998
-5592
-4456
-2732
-681
1284
2734
3489
3815
4208
4935
5713
5996
5538
4646
3862
3438
3176
2747
2115
1594
1452
1619
1829
2023
2462
3368
4569
5524
5770
5311
4605
4109
3835
3394
2484
1288
261
-489
-1501
-3459
-6334
-9039
-10139
-9013
-6436
-3996
-2816
-2766
-2781
-1903
-55
2039
3538
4026
3554
2369
806
-688
-1651
-1918
-1820
-1960
-2727
-3992
-5243
-5916
-5638
-4297
-2065
581
2932
4296
4366
3387
1956
555
-698
-1967
-3400
-4934
-6246
-6832
-6221
-4269
-1341
1825
4459
6092
6705
6719
6697
6831
6744
5811
3796
1166
-1163
-2400
-2353
-1427
-266
700
1425
2117
2990
4092
5307
6354
6836
6357
4815
2605
488
-847
-1139
-633
64
273
-346
-1506
-2415
-2419
-1695
-1329
-2445
-5067
-7851
-9076
-8033
-5585
-3428
-2704
-3150
-3514
-2794
-1015
1105
2929
4100
4256
3033
588
-2132
-3904
-4140
-3332
-2597
-2725
-3568
-4293
-4142
-2880
-709
2008
4716
6651
7088
5860
3613
1481
343
233
415
47
-1099
-2522
-3453
-3400
-2393
-833
787
2099
2914
3198
3064
2793
2754
3211
4105
4983
5264
4693
3580
2552
2074
2127
2328
2265
1819
1160
559
164
-32
-89
-37
156
548
1159
1896
2566
2971
2976
2554
1756
685
-567
-1911
-3184
-4170
-4795
-5342
-6295
-7814
-9296
-9623
-8024
-4907
-1796
-237
-528
-1506
-1628
-260
1986
3984
4971
4847
3957
2739
1621
992
1081
1664
1968
1141
-981
-3567
-5366
-5639
-4514
-2638
-659
952
1887
2066
1763
1504
1672
2119
2221
1417
-225
-2013
-3231
-3647
-3479
-2983
-2197
-1034
483
2106
3465
4311
4635
4602
4437
4347
4466
4667
4550
3696
2065
67
-1672
-2629
-2638
-1920
-944
-137
291
350
242
271
662
1333
1881
1866
1112
-196
-1643
-2774
-3323
-3339
-3091
-2799
-2410
-1666
-470
764
1239
456
-1182
-2571
-2769
-1777
-539
-220
-1248
-2910
-3880
-3232
-1069
1703
4043
5270
5231
4274
3017
1977
1307
803
83
-1200
-3063
-5046
-6442
-6722
-5705
-3500
-524
2434
4485
5135
4510
3155
1623
237
-906
-1809
-2447
-2769
-2727
-2317
-1529
-361
1093
2586
3843
4683
5025
4795
3963
2653
1213
63
-519
-518
-173
184
260
-47
-606
-1067
-1022
-319
767
1636
1771
1084
-45
-1011
-1392
-1211
-827
-542
-406
-338
-307
-265
-30
563
1388
1956
1768
772
-465
-1207
-1271
-1283
-2006
-3377
-4360
-3905
-2076
-178
374
-621
-1871
-1752
212
2937
4777
4921
3818
2482
1500
789
94
-523
-820
-895
-1317
-2573
-4390
-5777
-5834
-4515
-2631
-1169
-591
-650
-729
-339
592
1732
2576
2696
1965
625
-829
-1902
-2316
-2083
-1453
-793
-404
-351
-394
-169
554
1698
2951
3962
4505
4503
3979
3011
1733
323
-1058
-2277
-3149
-3422
-2987
-2083
-1108
-256
615
1692
2880
3796
4037
3521
2605
1836
1527
1599
1815
2100
2509
2995
3235
2850
1822
670
98
320
721
267
-1515
-3914
-5464
-5155
-3278
-1170
-110
-369
-1158
-1469
-931
66
922
1370
1449
1229
705
-44
-789
-1327
-1669
-2016
-2600
-3526
-4648
-5541
-5688
-4838
-3229
-1486
-212
422
722
1080
1528
1729
1391
603
-282
-1040
-1739
-2533
-3335
-3768
-3468
-2411
-975
352
1312
2039
2840
3823
4746
5155
4713
3413
1652
57
-841
-922
-501
-38
186
183
204
526
1243
2143
2855
3116
2897
2339
1652
1105
961
1310
1918
2330
2221
1668
1057
741
812
1128
1443
1556
1382
959
455
107
34
0
-462
-1567
-2848
-3443
-2873
-1577
-625
-803
-1906
-2845
-2585
-1043
879
2136
2283
1592
603
-241
-748
-932
-949
-1031
-1509
-2606
-4197
-5687
-6403
-6098
-5092
-3888
-2787
-1762
-697
426
1439
2170
2543
2567
2229
1484
408
-743
-1630
-2082
-2140
-1973
-1710
-1398
-988
-393
446
1494
2597
3496
3911
3687
2942
2085
1609
1749
2223
2391
1742
367
-1092
-1931
-1866
-1111
-114
748
1318
1635
1818
1979
2234
2674
3256
3716
3676
3001
1987
1198
1027
1391
1815
1819
1281
474
-206
-532
-498
-220
45
-138
-1104
-2605
-3739
-3607
-2147
-420
103
-1247
-3613
-5240
-4929
-2968
-678
723
837
13
-1110
-1935
-2078
-1489
-545
16
-493
-2138
-4132
-5347
-5138
-3745
-1975
-586
90
134
-177
-548
-744
-598
-100
545
965
841
191
-580
-922
-575
188
779
804
385
-5
41
610
1530
2533
3352
3753
3580
2925
2192
1896
2236
2876
3215
2850
1859
690
-101
-178
405
1255
1937
2241
2265
2255
2426
2820
3278
3518
3299
2576
1562
627
110
111
421
728
885
952
981
929
777
643
631
530
-198
-1912
-4182
-5848
-5880
-4332
-2422
-1640
-2585
-4486
-5793
-5399
-3459
-1119
484
937
522
-213
-728
-617
188
1242
1736
996
-1043
-3665
-5822
-6802
-6619
-5760
-4662
-3500
-2326
-1251
-350
465
1388
2466
3429
3818
3315
2032
494
-708
-1297
-1382
-1238
-1072
-938
-732
-265
579
1696
2779
3491
3619
3224
2633
2253
2286
2582
2771
2519
1785
852
194
157
755
1648
2360
2523
2069
1286
678
665
1291
2210
2953
3231
3040
2591
2173
1988
2046
2195
2254
2115
1748
1184
497
-168
-632
-770
-634
-507
-860
-2020
-3814
-5490
-6224
-5749
-4540
-3472
-3187
-3692
-4366
-4457
-3635
-2160
-590
595
1128
964
332
-305
-547
-403
-289
-680
-1772
-3325
-4792
-5635
-5693
-5206
-4508
-3755
-2972
-2192
-1437
-592
492
1845
3264
4359
4741
4294
3358
2483
2020
1901
1806
1483
874
121
-521
-770
-464
357
1448
2465
3091
3241
3134
3125
3390
3773
3957
3739
3211
2672
2395
2431
2602
2715
2705
2635
2553
2397
2067
1570
1091
818
738
639
371
61
9
354
896
1250
1171
716
133
-334
-580
-647
-679
-831
-1152
-1584
-2056
-2583
-3246
-4039
-4749
-5064
-4849
-4370
-4165
-4582
-5361
-5720
-5008
-3354
-1612
-645
-643
-1118
-1448
-1360
-951
-413
113
462
392
-240
-1280
-2312
-2943
-3056
-2859
-2680
-2670
-2682
-2448
-1862
-1070
-298
376
1067
1909
2859
3637
3956
3784
3375
2996
2669
2286
1821
1384
1035
729
456
345
566
1143
1920
2631
3091
3297
3376
3407
3372
3288
3268
3365
3397
3068
2289
1355
727
610
773
772
363
-325
-928
-1169
-997
-547
20
584
1026
1203
1013
529
24
-206
-125
-25
-267
-915
-1672
-2151
-2184
-1885
-1495
-1264
-1366
-1773
-2217
-2379
-2201
-1982
-2164
-2976
-4156
-4997
-4807
-3504
-1786
-588
-335
-707
-1052
-905
-175
970
2145
2854
2674
1579
-3
-1351
-1877
-1506
-787
-488
-980
-1979
-2838
-3095
-2668
-1733
-522
676
1558
1946
1934
1795
1822
2194
2854
3477
3664
3300
2625
1942
1394
1011
805
691
479
51
-458
-782
-736
-375
127
599
976
1315
1733
2285
2841
3142
2997
2454
1764
1198
865
668
439
122
-188
-400
-509
-520
-357
58
652
1175
1370
1178
788
485
358
219
-190
-887
-1583
-1905
-1685
-1030
-221
429
644
277
-533
-1371
-1831
-1891
-1988
-2680
-4156
-6011
-7458
-7851
-7108
-5718
-4318
-3246
-2418
-1574
-546
652
1889
2937
3503
3352
2506
1299
185
-558
-946
-1157
-1320
-1438
-1455
-1364
-1205
-1009
-734
-301
260
797
1168
1429
1748
2177
2586
2819
2850
2785
2739
2755
2787
2787
2785
2822
2840
2673
2221
1608
1160
1172
1649
2271
2651
2649
2397
2141
2032
2061
2099
2004
1719
1257
713
258
113
334
691
801
491
-21
-327
-220
122
332
160
-386
-1121
-1841
-2463
-3002
-3452
-3726
-3763
-3612
-3386
-3151
-2860
-2420
-1815
-1205
-849
-891
-1183
-1402
-1383
-1325
-1617
-2442
-3553
-4458
-4816
-4648
-4222
-3771
-3346
-2869
-2278
-1578
-796
45
863
1506
1819
1784
1556
1378
1407
1613
1828
1924
1907
1863
1810
1692
1491
1298
1264
1459
1793
2088
2212
2178
2125
2208
2502
2888
3110
2945
2428
1837
1463
1408
1561
1730
1761
1605
1317
1051
986
1204
1605
1936
1978
1694
1215
715
292
-52
-375
-702
-1020
-1309
-1563
-1743
-1766
-1559
-1179
-819
-719
-953
-1364
-1673
-1735
-1645
-1612
-1733
-1911
-1999
-1972
-1939
-1970
-2016
-1972
-1797
-1548
-1321
-1173
-1073
-909
-598
-204
46
-61
-511
-1031
-1284
-1164
-869
-717
-842
-1079
-1146
-881
-374
121
380
381
313
373
557
697
647
444
268
293
524
807
1008
1142
1316
1563
1821
2009
2058
1927
1605
1156
700
369
266
398
646
819
818
722
719
918
1248
1506
1483
1133
587
73
-255
-378
-373
-327
-296
-291
-314
-345
-345
-260
-68
158
295
246
32
-245
-498
-727
-973
-1234
-1420
-1441
-1269
-967
-653
-462
-460
-577
-680
-711
-705
-702
-683
-645
-669
-844
-1156
-1434
-1444
-1065
-392
289
702
759
598
412
305
281
331
418
451
347
146
30
188
658
1283
1797
1980
1788
1367
945
669
541
457
339
180
20
-93
-123
-65
77
295
530
672
640
484
321
212
137
48
-81
-267
-472
-607
-568
-365
-122
-7
-58
-140
-39
340
877
1302
1396
1129
673
238
-64
-228
-316
-383
-475
-624
-834
-1060
-1201
-1167
-971
-727
-572
-581
-727
-923
-1047
-1012
-820
-576
-385
-276
-210
-175
-168
-167
-130
-43
53
104
83
-2
-125
-266
-422
-572
-671
-662
-533
-317
-106
36
135
291
537
750
746
480
89
-230
-384
-400
-356
-309
-264
-216
-196
-250
-355
-418
-362
-226
-81
54
242
525
904
1355
1841
2261
2457
2319
1897
1331
750
212
-261
-636
-901
-1056
-1113
-1079
-933
-665
-296
101
432
640
726
739
738
725
639
399
0
-480
-916
-1167
-1150
-900
-581
-350
-254
-220
-150
-5
166
257
209
28
-217
-462
-632
-679
-563
-305
11
274
427
503
573
669
727
616
237
-337
-928
-1353
-1542
-1491
-1246
-900
-555
-272
-43
193
501
899
1340
1717
1911
1869
1625
1292
960
664
371
54
-274
-545
-671
-610
-392
-128
78
159
114
15
-16
113
396
734
986
1056
952
806
787
975
1276
1477
1389
962
312
-363
-868
-1126
-1168
-1094
-1004
-981
-1041
-1093
-968
-581
-48
378
493
280
-109
-485
-705
-730
-637
-590
-765
-1177
-1652
-1921
-1817
-1414
-960
-705
-711
-845
-919
-822
-594
-363
-245
-251
-332
-434
-497
-450
-235
85
341
352
56
-411
-785
-882
-760
-656
-728
-903
-967
-770
-347
136
537
819
1011
1130
1160
1139
1158
1292
1506
1677
1700
1610
1547
1622
1795
1923
1918
1817
1720
1670
1626
1501
1260
977
776
704
690
626
486
336
261
261
267
253
289
440
611
620
390
44
-239
-399
-518
-702
-949
-1158
-1219
-1114
-903
-634
-327
-2
253
331
196
-63
-322
-531
-752
-1061
-1465
-1885
-2204
-2338
-2290
-2158
-2046
-1982
-1929
-1825
-1667
-1486
-1302
-1103
-872
-656
-546
-582
-689
-708
-564
-347
-240
-341
-581
-795
-852
-741
-563
-450
-439
-463
-434
-322
-140
111
425
745
947
965
879
883
1102
1453
1733
1814
1763
1745
1846
2033
2221
2368
2460
2488
2405
2194
1925
1755
1777
1890
1877
1624
1218
865
723
782
871
817
606
360
183
89
54
65
113
165
177
138
95
114
204
280
221
-35
-416
-752
-887
-823
-743
-837
-1153
-1572
-1922
-2072
-1993
-1769
-1528
-1338
-1195
-1095
-1072
-1150
-1270
-1321
-1238
-1104
-1097
-1329
-1710
-2023
-2112
-2010
-1851
-1736
-1640
-1482
-1238
-951
-687
-469
-293
-155
-88
-129
-260
-398
-448
-402
-322
-299
-351
-399
-326
-92
235
539
745
840
845
792
716
660
658
731
871
1065
1307
1580
1844
2068
2264
2456
2613
2666
2576
2391
2205
2078
2007
1955
1907
1882
1880
1835
1675
1408
1118
889
727
594
469
377
330
301
226
54
-216
-520
-764
-903
-977
-1079
-1268
-1521
-1764
-1939
-2054
-2135
-2161
-2067
-1817
-1476
-1176
-1004
-937
-894
-843
-818
-875
-1026
-1218
-1351
-1388
-1373
-1385
-1421
-1419
-1339
-1175
-951
-713
-538
-469
-487
-518
-490
-368
-157
100
342
530
667
777
870
960
1074
1221
1375
1491
1523
1434
1215
924
650
454
330
249
196
215
346
574
823
1004
1060
977
794
610
495
428
347
234
146
139
210
293
326
331
414
655
990
1266
1354
1231
954
628
342
121
-71
-275
-498
-722
-936
-1114
-1188
-1103
-891
-676
-582
-635
-768
-897
-977
-1020
-1046
-1051
-1026
-973
-933
-931
-949
-919
-800
-646
-552
-548
-557
-510
-414
-325
-295
-339
-448
-570
-610
-507
-281
-41
111
160
180
237
330
388
371
315
292
321
344
319
282
297
392
525
632
659
601
491
361
228
124
108
201
333
414
433
490
655
881
1033
1011
831
581
331
84
-173
-405
-531
-500
-350
-183
-87
-68
-62
-17
86
220
339
395
361
250
107
4
21
197
463
679
747
706
688
784
969
1126
1146
994
734
471
270
127
6
-92
-147
-150
-119
-45
104
332
585
742
704
468
152
-99
-224
-261
-294
-357
-451
-530
-590
-622
-631
-606
-557
-527
-547
-583
-560
-454
-318
-237
-251
-345
-455
-522
-530
-523
-559
-634
-729
-855
-1028
-1227
-1380
-1446
-1440
-1432
-1496
-1650
-1812
-1864
-1747
-1487
-1154
-807
-498
-272
-147
-111
-120
-124
-65
53
158
162
56
-88
-196
-236
-199
-80
110
329
538
716
862
964
1028
1064
1092
1112
1141
1200
1292
1387
1437
1447
1459
1537
1693
1872
1968
1922
1765
1567
1380
1214
1086
1017
1004
1000
940
792
587
413
338
365
421
433
370
249
107
-31
-145
-233
-283
-302
-307
-319
-349
-392
-465
-582
-739
-912
-1074
-1192
-1237
-1223
-1192
-1186
-1193
-1200
-1195
-1193
-1203
-1228
-1264
-1308
-1367
-1435
-1483
-1466
-1386
-1311
-1309
-1382
-1456
-1446
-1327
-1121
-866
-605
-386
-227
-87
109
368
613
759
778
696
533
324
138
49
72
129
137
66
-28
-60
19
207
464
729
946
1091
1180
1237
1255
1217
1129
1032
958
910
873
858
895
1003
1161
1327
1469
1581
1676
1742
1733
1622
1430
1218
1055
977
967
968
914
779
572
339
137
21
2
40
60
2
-127
-288
-440
-567
-660
-723
-793
-936
-1183
-1502
-1801
-2001
-2064
-2006
-1886
-1775
-1716
-1688
-1627
-1483
-1277
-1068
-911
-824
-785
-751
-679
-573
-458
-357
-262
-177
-119
-103
-113
-105
-59
10
87
178
287
392
477
533
528
447
326
229
186
187
202
206
175
134
142
239
390
527
609
622
575
498
435
397
357
275
144
-2
-95
-81
28
160
235
241
225
220
209
154
65
-2
-5
47
120
193
271
362
468
563
618
616
556
459
357
264
150
-20
-234
-400
-437
-333
-151
21
123
132
69
-25
-105
-147
-152
-143
-137
-146
-182
-231
-253
-192
-31
187
392
516
529
431
260
69
-89
-190
-251
-307
-360
-378
-325
-196
-13
161
264
282
263
251
238
174
43
-125
-285
-420
-554
-711
-881
-1011
-1037
-941
-791
-675
-618
-570
-484
-367
-283
-298
-407
-530
-557
-460
-309
-194
-155
-171
-183
-126
38
274
497
644
710
737
771
833
905
952
953
902
809
685
589
584
678
804
881
883
827
752
687
638
595
554
500
385
197
16
-41
44
152
175
110
26
-35
-63
-60
-30
12
64
133
202
227
162
34
-112
-249
-383
-511
-616
-679
-699
-711
-756
-834
-898
-923
-918
-925
-944
-966
-981
-1022
-1129
-1295
-1450
-1485
-1367
-1172
-1009
-901
-817
-746
-701
-650
-549
-401
-259
-159
-131
-180
-292
-406
-480
-501
-471
-398
-289
-167
-22
149
350
560
740
856
899
879
838
823
853
918
990
1049
1090
1124
1180
1248
1305
1317
1285
1224
1136
1016
871
751
706
741
818
879
898
877
861
911
1058
1268
1465
1592
1629
1569
1408
1181
954
787
669
535
346
129
-47
-169
-268
-384
-486
-539
-557
-612
-759
-958
-1122
-1198
-1220
-1266
-1394
-1574
-1728
-1776
-1698
-1539
-1384
-1307
-1312
-1364
-1415
-1442
-1424
-1354
-1254
-1184
-1173
-1199
-1195
-1113
-945
-744
-588
-536
-584
-666
-720
-717
-667
-599
-541
-493
-423
-300
-123
89
322
564
797
985
1087
1075
994
929
944
1016
1083
1100
1077
1048
1043
1063
1112
1192
1317
1447
1518
1493
1396
1266
1094
885
675
540
510
548
583
567
517
470
454
449
409
318
197
95
29
-11
-42
-67
-91
-131
-205
-318
-442
-535
-581
-588
-577
-559
-552
-573
-640
-738
-836
-906
-940
-958
-992
-1069
-1162
-1208
-1150
-998
-817
-667
-585
-563
-567
-565
-559
-580
-624
-647
-629
-599
-592
-587
-518
-374
-203
-74
-10
12
30
82
185
312
392
384
324
305
398
610
876
1099
1216
1229
1174
1088
1013
981
992
1008
989
920
820
722
661
647
664
693
713
718
711
689
658
636
635
631
575
467
348
255
177
70
-87
-282
-480
-629
-695
-668
-589
-524
-528
-608
-723
-804
-799
-733
-668
-646
-652
-639
-590
-500
-393
-284
-200
-171
-210
-291
-355
-369
-348
-328
-335
-374
-423
-453
-430
-333
-165
28
182
242
208
129
53
7
-7
13
53
104
139
147
126
83
37
7
-7
-51
-160
-323
-488
-602
-634
-578
-463
-350
-281
-245
-204
-138
-55
25
80
99
83
47
20
37
120
241
328
331
256
144
38
-35
-66
-64
-49
-27
4
49
92
134
183
247
313
376
430
449
394
252
69
-92
-182
-198
-187
-190
-205
-177
-74
82
251
402
516
570
579
590
633
690
739
780
824
877
931
980
1006
1001
966
894
768
598
422
288
213
169
123
55
-17
-70
-78
-42
18
50
11
-106
-267
-441
-609
-753
-864
-954
-1041
-1121
-1166
-1166
-1144
-1139
-1153
-1153
-1091
-962
-816
-730
-742
-810
-869
-873
-823
-728
-600
-479
-404
-370
-329
-252
-149
-41
47
91
81
33
-7
7
92
243
411
533
576
571
569
591
625
660
693
707
672
588
489
419
415
482
568
600
564
529
563
646
710
712
681
675
704
728
689
593
485
408
371
351
319
264
195
138
83
23
-40
-81
-97
-106
-125
-149
-153
-144
-157
-231
-345
-431
-439
-386
-348
-393
-518
-664
-773
-831
-840
-801
-711
-598
-521
-506
-533
-558
-567
-544
-479
-397
-353
-373
-416
-445
-445
-420
-366
-297
-243
-226
-260
-333
-413
-449
-403
-289
-170
-104
-81
-33
89
285
510
732
915
1029
1045
967
831
681
566
516
514
499
423
321
278
332
463
608
720
772
777
785
819
843
807
735
671
610
508
359
211
90
-16
-113
-165
-164
-141
-128
-127
-133
-168
-271
-434
-615
-761
-855
-910
-936
-935
-909
-872
-842
-815
-790
-753
-707
-648
-595
-568
-557
-534
-486
-427
-370
-321
-288
-282
-273
-230
-145
-55
8
38
39
7
-51
-105
-109
-55
26
101
154
193
216
239
251
244
212
178
151
128
120
155
255
392
533
654
755
819
833
809
770
729
678
611
538
465
386
313
275
287
335
400
474
550
598
602
552
470
376
274
175
84
32
13
6
-12
-43
-60
-43
9
59
60
0
-93
-193
-273
-346
-413
-484
-551
-618
-690
-764
-819
-853
-870
-876
-850
-796
-750
-741
-771
-809
-836
-823
-761
-656
-532
-404
-275
-143
-18
76
124
147
179
219
235
218
209
247
333
425
491
528
549
567
580
586
584
577
557
523
467
384
274
162
70
10
-18
-19
-1
19
36
59
106
179
257
315
353
366
337
252
142
63
24
-22
-115
-242
-367
-470
-549
-611
-667
-741
-821
-866
-850
-783
-689
-585
-485
-403
-349
-318
-285
-226
-157
-109
-108
-142
-168
-141
-51
73
181
233
214
159
134
178
246
275
234
165
125
144
210
292
345
368
396
473
599
721
788
799
802
819
829
800
741
676
608
531
459
420
420
440
450
452
442
412
357
301
279
282
284
264
234
194
138
80
35
7
-24
-70
-147
-286
-500
-747
-941
-1029
-1032
-1014
-1008
-1010
-1017
-1037
-1055
-1039
-984
-919
-868
-825
-787
-764
-763
-778
-794
-796
-762
-671
-528
-367
-215
-81
29
94
117
136
201
307
399
437
413
352
290
270
303
377
465
568
668
724
714
665
621
582
535
469
398
332
289
280
314
370
417
443
460
481
495
488
464
439
423
411
376
304
227
190
215
261
270
222
131
41
-32
-92
-153
-208
-236
-231
-208
-172
-143
-130
-144
-176
-218
-271
-345
-445
-553
-640
-680
-690
-686
-674
-635
-550
-424
-294
-195
-141
-113
-86
-56
-26
-30
-95
-207
-309
-347
-319
-265
-208
-157
-99
-23
68
153
212
263
322
366
351
265
161
101
95
94
60
9
-27
-34
-26
1
44
85
102
99
96
89
75
51
16
-29
-82
-113
-105
-61
7
72
96
66
24
39
125
243
343
411
431
397
318
225
151
100
62
19
-22
-50
-62
-52
-15
57
134
183
199
222
283
367
424
428
404
392
400
408
382
303
181
57
-26
-54
-55
-60
-75
-74
-50
-35
-61
-119
-176
-213
-260
-347
-464
-569
-622
-622
-592
-557
-514
-459
-407
-372
-358
-335
-291
-224
-163
-141
-167
-227
-286
-329
-364
-398
-426
-428
-405
-374
-343
-320
-305
-298
-288
-263
-216
-148
-69
27
119
183
189
168
160
171
188
212
251
296
341
401
477
525
514
470
440
430
423
408
377
322
252
185
139
114
110
140
216
328
444
526
549
519
466
413
368
310
230
139
73
45
37
17
-19
-58
-102
-139
-153
-124
-72
-30
-25
-46
-69
-78
-81
-93
-108
-125
-158
-210
-265
-293
-284
-237
-172
-107
-58
-29
-19
-28
-41
-37
-7
20
-8
-103
-238
-361
-435
-453
-434
-401
-367
-343
-352
-399
-450
-470
-462
-446
-429
-407
-369
-315
-239
-140
-33
55
113
141
148
152
175
235
301
321
277
209
165
162
169
152
116
90
104
162
248
352
455
545
599
625
636
652
668
658
602
494
380
316
337
412
489
539
563
551
493
402
311
246
208
188
172
161
150
130
89
34
-13
-46
-89
-151
-199
-192
-148
-116
-137
-199
-275
-352
-433
-533
-646
-744
-820
-867
-890
-888
-876
-872
-875
-886
-897
-907
-910
-907
-896
-881
-876
-887
-878
-806
-666
-506
-361
-254
-185
-136
-69
15
75
78
47
31
54
95
121
115
105
134
219
341
444
478
422
322
258
314
469
636
728
755
778
827
872
884
883
907
966
1029
1063
1039
940
771
581
434
351
305
258
218
200
217
242
256
238
185
105
12
-79
-164
-238
-305
-368
-415
-423
-388
-339
-310
-306
-318
-308
-254
-159
-69
-34
-75
-169
-283
-387
-463
-510
-533
-536
-516
-478
-430
-370
-292
-207
-130
-77
-50
-41
-40
-53
-84
-131
-161
-165
-139
-84
-17
28
37
61
145
260
339
366
380
414
456
464
410
313
229
205
224
231
207
174
160
155
141
123
140
207
310
392
410
361
286
223
178
132
71
-1
-82
-170
-245
-278
-265
-225
-192
-182
-191
-222
-265
-313
-356
-411
-485
-571
-648
-708
-745
-763
-761
-731
-666
-570
-495
-477
-524
-597
-655
-686
-677
-640
-594
-567
-542
-480
-361
-207
-66
44
134
218
272
