83
91
62
2
-43
-53
-41
-1
69
137
153
123
98
95
91
63
8
-62
-118
-129
-99
-70
-62
-37
46
164
240
231
188
172
205
260
311
352
386
408
405
369
304
231
165
117
84
75
102
170
243
275
252
206
188
211
237
213
122
4
-91
-152
-217
-298
-360
-357
-305
-252
-228
-223
-222
-227
-235
-236
-229
-219
-198
-163
-139
-156
-206
-250
-270
-296
-341
-372
-340
-241
-127
-52
-40
-63
-81
-72
-43
-17
-8
-24
-39
-14
64
169
251
293
295
260
200
140
94
59
34
21
-5
-70
-151
-194
-173
-125
-114
-137
-150
-117
-52
1
31
43
62
102
160
214
245
258
259
243
208
178
192
238
268
243
166
62
-49
-145
-207
-218
-190
-138
-79
-13
41
72
81
84
99
128
162
190
207
213
226
263
316
324
251
121
17
-16
3
41
70
65
14
-66
-141
-201
-263
-322
-353
-345
-315
-269
-209
-139
-81
-43
-6
45
102
135
120
74
43
65
125
185
215
202
153
91
48
30
14
0
18
72
120
114
58
-8
-53
-84
-130
-205
-283
-322
-306
-271
-238
-201
-150
-97
-91
-131
-190
-223
-229
-230
-241
-263
-284
-298
-301
-287
-263
-231
-190
-141
-90
-45
2
50
89
116
143
170
175
158
152
184
229
253
249
244
247
250
255
268
277
264
233
198
178
163
132
57
-56
-165
-225
-225
-181
-103
-6
87
129
100
12
-88
-158
-179
-150
-93
-42
-36
-71
-132
-194
-238
-246
-225
-203
-185
-157
-120
-86
-65
-47
-19
26
83
135
177
224
277
305
268
170
61
7
26
96
185
276
349
406
470
556
639
675
654
578
469
355
279
257
275
289
256
154
9
-101
-112
-35
52
89
83
69
55
28
0
11
56
103
120
122
137
179
232
265
254
219
198
192
131
-4
-154
-244
-301
-385
-499
-602
-665
-690
-704
-729
-759
-750
-663
-534
-420
-366
-371
-400
-424
-433
-446
-477
-511
-534
-566
-636
-712
-725
-659
-563
-494
-461
-461
-490
-537
-566
-556
-517
-466
-416
-379
-340
-277
-179
-92
-50
-21
50
150
222
250
261
275
289
302
319
327
314
280
248
239
274
340
404
428
413
395
407
448
496
542
581
599
581
546
525
538
573
602
599
570
555
583
635
663
649
613
574
535
504
478
446
386
310
261
256
264
235
165
90
57
71
119
171
213
243
267
298
324
323
287
239
200
183
186
183
145
48
-59
-103
-61
-16
-60
-182
-297
-343
-352
-374
-424
-459
-456
-447
-469
-507
-512
-460
-390
-359
-404
-487
-528
-479
-381
-328
-354
-420
-462
-473
-473
-479
-488
-500
-518
-526
-511
-475
-435
-412
-389
-338
-256
-164
-102
-75
-79
-87
-57
8
66
61
8
-33
-24
13
40
40
35
54
100
153
176
163
147
172
217
225
173
102
43
0
-43
-78
-72
-38
-18
-52
-109
-125
-73
27
119
198
269
324
340
301
232
167
142
168
221
251
219
158
130
153
190
198
170
115
36
-42
-81
-58
-9
20
14
-2
-18
-37
-68
-116
-166
-189
-158
-91
-27
11
34
57
79
88
66
24
-14
-21
-24
-66
-168
-283
-337
-301
-211
-122
-62
-20
20
61
97
117
127
143
192
259
306
301
251
194
142
100
72
48
17
-9
-3
22
21
2
17
94
190
266
297
271
185
85
24
20
46
90
149
196
194
117
-6
-127
-207
-220
-162
-64
25
49
14
-38
-71
-93
-115
-120
-77
12
120
217
292
352
400
441
458
441
391
348
335
359
372
342
278
235
241
264
258
206
134
53
-33
-135
-235
-318
-379
-437
-501
-566
-616
-635
-605
-524
-433
-361
-327
-307
-276
-222
-165
-160
-225
-317
-373
-381
-374
-369
-368
-379
-416
-459
-467
-409
-300
-172
-50
42
103
111
66
8
-15
23
81
112
94
40
-22
-77
-111
-126
-119
-103
-95
-91
-84
-58
-25
10
30
30
-6
-58
-85
-52
20
88
140
181
223
252
265
255
220
154
78
31
23
34
38
24
2
-10
-3
29
79
119
126
105
90
103
118
100
70
87
162
231
238
192
139
112
115
131
150
150
142
124
108
102
117
154
193
219
216
188
162
172
216
257
274
280
286
271
223
158
103
73
69
86
100
93
63
19
-31
-77
-107
-97
-64
-35
-44
-87
-130
-137
-94
-39
-16
-36
-55
-21
69
151
160
90
13
-27
-55
-116
-216
-303
-333
-291
-213
-163
-179
-251
-323
-352
-321
-248
-175
-132
-127
-135
-127
-85
-41
-44
-99
-157
-168
-138
-117
-153
-220
-253
-208
-112
-19
49
86
94
96
115
141
131
56
-61
-154
-169
-118
-83
-113
-172
-176
-110
-41
-27
-65
-85
-57
19
109
196
257
277
250
207
193
227
295
327
299
238
197
185
186
196
213
202
164
132
134
140
114
57
-12
-73
-117
-137
-146
-161
-176
-164
-117
-51
12
46
31
-26
-90
-120
-126
-138
-170
-200
-207
-207
-213
-224
-234
-254
-288
-311
-298
-257
-229
-237
-247
-213
-134
-54
9
69
132
172
163
130
118
135
139
98
47
40
87
142
169
172
181
203
227
235
219
171
89
19
13
58
99
98
75
68
89
125
153
173
204
249
263
219
147
114
137
172
183
175
170
150
90
10
-47
-58
-44
-14
38
90
116
112
94
65
35
36
98
211
314
363
332
242
139
75
50
19
-36
-86
-108
-126
-164
-201
-217
-226
-274
-352
-415
-428
-388
-327
-277
-257
-258
-263
-255
-234
-208
-189
-171
-144
-109
-86
-78
-92
-125
-176
-214
-195
-117
-20
39
30
-25
-93
-125
-106
-51
-10
-14
-46
-58
-41
-18
-34
-84
-121
-105
-46
10
55
110
184
258
300
308
286
251
220
197
163
131
135
190
256
284
259
197
121
50
8
2
12
8
-18
-71
-161
-275
-356
-349
-272
-203
-201
-258
-305
-292
-218
-132
-99
-143
-236
-316
-333
-273
-170
-107
-147
-266
-358
-340
-257
-214
-258
-316
-302
-208
-104
-45
-40
-48
-28
29
79
73
33
31
109
240
347
366
302
241
272
398
525
566
503
395
330
361
454
528
524
457
376
323
318
334
336
294
226
157
140
194
289
355
352
296
245
223
205
169
126
109
127
141
108
26
-54
-90
-86
-75
-81
-108
-139
-143
-107
-61
-63
-129
-228
-297
-311
-276
-228
-197
-191
-191
-183
-165
-152
-134
-87
-18
47
79
78
46
-9
-62
-75
-44
-6
13
11
-2
-26
-66
-119
-158
-164
-142
-126
-133
-152
-192
-272
-375
-444
-453
-410
-321
-204
-109
-73
-70
-52
-31
-36
-53
-33
41
140
239
310
332
311
286
275
252
179
70
-33
-125
-235
-357
-447
-493
-516
-536
-527
-482
-429
-395
-373
-339
-302
-287
-293
-293
-263
-212
-166
-132
-94
-36
8
18
6
16
59
118
162
172
165
178
226
282
313
304
274
241
217
213
227
249
246
211
168
162
205
270
315
304
243
187
196
267
343
394
428
452
445
395
327
273
254
277
315
330
308
271
253
241
208
141
61
14
28
90
141
126
26
-102
-196
-233
-224
-186
-133
-108
-126
-161
-180
-188
-184
-158
-117
-105
-139
-185
-197
-173
-144
-143
-184
-257
-327
-367
-378
-378
-382
-381
-357
-302
-250
-212
-175
-105
-30
-18
-74
-115
-71
9
41
14
-5
21
83
148
203
229
217
173
113
66
66
125
194
190
89
-50
-134
-110
-29
30
25
-27
-61
-41
27
93
120
89
20
-42
-49
1
49
32
-37
-66
-2
114
191
189
137
64
-7
-60
-49
29
115
129
47
-71
-145
-147
-135
-169
-264
-369
-409
-335
-175
-24
41
35
32
62
83
80
80
117
171
203
198
163
132
106
69
3
-54
-67
-42
-17
-6
-13
-18
-5
38
79
64
2
-49
-50
-42
-69
-150
-242
-305
-295
-220
-120
-36
3
8
-9
-13
22
90
157
182
141
50
-24
-37
-30
-77
-183
-269
-291
-274
-257
-241
-246
-297
-369
-394
-343
-271
-227
-203
-177
-154
-137
-89
12
134
229
293
333
346
322
295
297
329
360
372
358
332
327
364
446
547
623
620
526
397
321
333
401
466
502
539
615
718
773
735
645
574
532
490
441
410
411
424
412
345
222
79
-24
-65
-76
-123
-241
-417
-597
-728
-776
-763
-750
-798
-913
-1036
-1112
-1123
-1090
-1050
-1015
-962
-869
-766
-713
-731
-779
-811
-823
-820
-788
-706
-597
-493
-417
-366
-330
-296
-238
-154
-41
93
229
338
401
447
505
591
687
775
842
881
901
904
888
863
875
947
1028
1030
929
799
717
690
664
629
600
581
546
477
371
211
19
-142
-234
-285
-365
-507
-699
-903
-1083
-1214
-1297
-1345
-1396
-1488
-1608
-1663
-1568
-1341
-1093
-912
-805
-711
-561
-356
-167
-71
-65
-58
30
192
353
454
504
522
527
536
595
716
851
944
992
1036
1090
1151
1228
1349
1508
1648
1727
1748
1752
1764
1786
1786
1742
1683
1633
1586
1508
1390
1247
1070
851
603
352
118
-107
-350
-630
-957
-1317
-1699
-2101
-2489
-2791
-2936
-2931
-2853
-2768
-2682
-2550
-2339
-2063
-1770
-1510
-1297
-1108
-919
-719
-544
-444
-423
-433
-423
-398
-385
-390
-416
-482
-570
-589
-457
-202
65
253
355
417
464
499
524
556
623
727
834
887
873
869
949
1122
1311
1473
1617
1775
1944
2097
2220
2312
2391
2458
2509
2519
2464
2351
2210
2092
2019
1981
1915
1741
1425
1022
648
392
239
74
-236
-720
-1302
-1860
-2330
-2716
-3051
-3346
-3601
-3784
-3856
-3796
-3628
-3403
-3148
-2852
-2473
-2018
-1549
-1160
-875
-651
-433
-224
-47
95
225
351
449
490
477
430
371
352
400
482
502
419
293
187
106
8
-105
-202
-249
-243
-197
-145
-99
-18
138
360
593
808
1031
1279
1526
1745
1949
2166
2394
2604
2775
2894
2953
2951
2902
2810
2673
2500
2338
2208
2058
1826
1523
1235
1022
861
688
476
238
-30
-371
-811
-1303
-1729
-2018
-2222
-2429
-2668
-2896
-3077
-3218
-3321
-3387
-3420
-3390
-3266
-3040
-2748
-2441
-2118
-1795
-1479
-1197
-947
-733
-566
-450
-381
-337
-278
-139
69
234
223
23
-266
-535
-743
-896
-996
-1032
-993
-887
-750
-626
-521
-395
-213
31
334
675
1008
1252
1373
1438
1557
1805
2168
2578
2965
3301
3609
3911
4221
4512
4770
4984
5140
5189
5093
4872
4599
4305
3944
3410
2610
1540
286
-987
-2135
-3055
-3730
-4234
-4663
-5068
-5428
-5693
-5807
-5736
-5496
-5128
-4644
-4026
-3274
-2450
-1665
-997
-476
-82
199
362
384
271
108
43
165
417
645
756
754
681
539
311
41
-183
-300
-325
-296
-218
-126
-109
-254
-543
-881
-1207
-1507
-1767
-1952
-2010
-1875
-1511
-998
-508
-132
175
512
931
1419
1950
2500
3053
3603
4131
4604
4992
5254
5320
5147
4774
4318
3864
3420
2951
2455
1955
1437
871
266
-331
-884
-1390
-1861
-2319
-2802
-3341
-3907
-4410
-4761
-4912
-4891
-4777
-4661
-4571
-4465
-4256
-3870
-3294
-2592
-1873
-1192
-515
219
1000
1749
2367
2811
3081
3197
3151
2910
2476
1918
1339
804
343
-25
-303
-559
-881
-1289
-1732
-2119
-2383
-2476
-2405
-2247
-2066
-1860
-1595
-1337
-1181
-1100
-948
-619
-135
420
975
1499
1999
2496
2978
3410
3792
4138
4452
4698
4867
4972
5025
5016
4910
4680
4332
3917
3488
3061
2632
2203
1772
1313
796
224
-383
-1041
-1803
-2700
-3684
-4643
-5436
-5968
-6227
-6292
-6275
-6240
-6161
-5919
-5434
-4740
-3927
-3036
-2055
-1011
24
992
1832
2484
2906
3140
3233
3177
2934
2505
1927
1259
591
16
-441
-827
-1209
-1606
-2003
-2351
-2576
-2625
-2517
-2326
-2102
-1849
-1532
-1152
-759
-446
-283
-246
-205
-20
340
790
1209
1526
1755
1968
2243
2608
3020
3429
3812
4170
4494
4752
4899
4878
4674
4340
3989
3704
3471
3217
2878
2435
1888
1256
594
-34
-599
-1140
-1731
-2469
-3394
-4442
-5432
-6198
-6661
-6833
-6798
-6666
-6487
-6196
-5686
-4918
-3966
-2930
-1891
-870
174
1284
2415
3418
4149
4580
4774
4809
4691
4353
3741
2911
2040
1299
751
352
39
-254
-583
-978
-1404
-1786
-2068
-2248
-2349
-2378
-2290
-2048
-1702
-1386
-1206
-1090
-896
-580
-234
34
243
489
867
1395
2010
2621
3154
3598
3943
4173
4283
4319
4338
4354
4359
4347
4295
4167
3906
3456
2785
1960
1148
478
-60
-550
-1030
-1478
-1890
-2352
-2972
-3814
-4819
-5846
-6706
-7240
-7381
-7177
-6751
-6212
-5595
-4868
-3995
-2999
-1951
-911
119
1190
2331
3475
4478
5203
5600
5706
5579
5245
4672
3861
2932
2055
1333
762
302
-88
-481
-946
-1492
-2047
-2535
-2929
-3231
-3447
-3555
-3514
-3287
-2920
-2510
-2124
-1752
-1348
-892
-388
148
699
1237
1759
2273
2788
3292
3762
4191
4588
4935
5179
5259
5157
4898
4531
4129
3746
3386
2992
2505
1936
1348
779
193
-462
-1171
-1877
-2569
-3311
-4170
-5137
-6111
-6927
-7450
-7660
-7651
-7547
-7372
-7054
-6486
-5621
-4487
-3175
-1790
-414
921
2212
3431
4500
5336
5900
6189
6219
5997
5512
4773
3869
2950
2116
1369
683
54
-524
-1069
-1579
-2038
-2453
-2830
-3123
-3266
-3258
-3143
-2941
-2661
-2338
-2005
-1640
-1191
-656
-95
415
852
1243
1649
2086
2527
2945
3362
3782
4172
4517
4851
5196
5493
5670
5715
5647
5470
5168
4740
4211
3623
3010
2372
1720
1067
414
-283
-1113
-2140
-3351
-4649
-5902
-6993
-7844
-8433
-8784
-8933
-8868
-8527
-7868
-6915
-5764
-4515
-3225
-1901
-500
988
2467
3797
4888
5720
6287
6542
6425
5944
5195
4323
3426
2552
1719
967
306
-293
-849
-1355
-1790
-2170
-2503
-2782
-2991
-3129
-3196
-3173
-3050
-2841
-2564
-2243
-1892
-1498
-1015
-460
64
462
752
1053
1476
2054
2723
3367
3895
4318
4690
5032
5299
5467
5534
5509
5386
5184
4916
4547
4046
3405
2667
1905
1180
486
-271
-1188
-2274
-3455
-4669
-5864
-6940
-7778
-8313
-8606
-8747
-8747
-8498
-7890
-6884
-5585
-4155
-2733
-1346
51
1459
2809
4002
4991
5762
6301
6582
6571
6263
5691
4923
4020
3057
2118
1261
485
-253
-949
-1555
-2016
-2359
-2661
-2976
-3307
-3603
-3815
-3911
-3886
-3762
-3534
-3176
-2669
-2037
-1360
-739
-252
63
259
465
822
1398
2151
2963
3746
4480
5167
5778
6238
6490
6555
6502
6396
6242
5994
5627
5148
4565
3842
2966
2009
1079
247
-536
-1381
-2389
-3552
-4772
-5904
-6844
-7563
-8108
-8537
-8816
-8817
-8406
-7555
-6374
-5037
-3681
-2325
-924
523
1909
3086
4027
4802
5481
6014
6274
6167
5693
4958
4075
3095
2064
1056
161
-594
-1220
-1727
-2109
-2403
-2674
-2973
-3287
-3570
-3746
-3754
-3597
-3347
-3070
-2769
-2421
-2018
-1571
-1100
-661
-304
-23
253
587
1001
1490
2055
2665
3298
3923
4518
5033
5442
5742
5936
6017
5984
5849
5615
5273
4828
4291
3649
2912
2125
1343
568
-236
-1117
-2104
-3218
-4448
-5732
-6947
-7933
-8589
-8929
-9029
-8920
-8550
-7870
-6881
-5652
-4267
-2806
-1271
343
1981
3506
4778
5752
6431
6832
6934
6719
6181
5383
4411
3364
2299
1286
370
-446
-1198
-1900
-2504
-2965
-3295
-3558
-3779
-3899
-3831
-3548
-3129
-2695
-2319
-1993
-1668
-1303
-897
-463
-43
305
541
692
837
1058
1414
1916
2539
3249
4004
4773
5498
6110
6545
6780
6818
6675
6351
5840
5171
4400
3590
2760
1910
1060
244
-504
-1177
-1787
-2390
-3072
-3925
-4957
-6086
-7161
-8011
-8548
-8810
-8902
-8837
-8502
-7784
-6683
-5275
-3663
-1977
-342
1190
2631
3965
5106
5993
6607
6943
6972
6722
6237
5540
4643
3582
2443
1311
280
-584
-1256
-1774
-2186
-2512
-2783
-3032
-3268
-3458
-3569
-3586
-3484
-3234
-2862
-2418
-1960
-1530
-1179
-915
-698
-491
-287
-83
177
564
1110
1776
2491
3198
3891
4564
5193
5709
6047
6179
6123
5938
5645
5215
4624
3903
3131
2361
1608
877
154
-557
-1227
-1813
-2340
-2934
-3729
-4720
-5787
-6756
-7508
-8004
-8302
-8460
-8427
-8049
-7213
-5949
-4386
-2699
-1019
578
2096
3500
4708
5646
6336
6813
7058
7045
6780
6276
5516
4496
3261
1925
647
-415
-1217
-1813
-2295
-2702
-3042
-3329
-3597
-3852
-4051
-4104
-3946
-3580
-3088
-2555
-2030
-1532
-1117
-838
-685
-602
-519
-397
-173
201
749
1430
2176
2897
3532
4096
4634
5153
5600
5940
6170
6283
6238
6012
5608
5038
4295
3401
2424
1457
552
-240
-890
-1415
-1891
-2382
-2902
-3481
-4190
-5066
-6061
-7028
-7770
-8144
-8115
-7770
-7185
-6388
-5359
-4093
-2635
-1100
371
1690
2882
3986
5004
5874
6538
6943
7026
6750
6138
5262
4177
2955
1680
487
-526
-1307
-1881
-2322
-2708
-3089
-3483
-3876
-4229
-4469
-4546
-4443
-4168
-3725
-3145
-2532
-1984
-1544
-1205
-960
-767
-533
-184
269
776
1315
1878
2432
2942
3389
3785
4150
4513
4886
5224
5441
5478
5335
5050
4662
4175
3564
2833
2046
1277
568
-90
-707
-1274
-1781
-2223
-2635
-3083
-3653
-4371
-5175
-5962
-6630
-7069
-7193
-6988
-6538
-5909
-5093
-4059
-2861
-1576
-248
1087
2366
3534
4599
5560
6357
6902
7155
7116
6807
6248
5474
4510
3396
2221
1099
100
-753
-1462
-2060
-2599
-3119
-3604
-4029
-4363
-4568
-4584
-4424
-4132
-3747
-3283
-2787
-2316
-1880
-1465
-1076
-721
-359
50
485
879
1221
1559
1938
2340
2703
2989
3238
3514
3813
4046
4115
4025
3839
3598
3309
2979
2620
2217
1752
1255
779
357
-62
-529
-1067
-1640
-2197
-2713
-3231
-3821
-4505
-5201
-5753
-6026
-5974
-5666
-5225
-4732
-4140
-3354
-2338
-1153
104
1336
2502
3585
4595
5493
6157
6468
6426
6147
5758
5308
4750
4000
3022
1907
792
-238
-1213
-2177
-3118
-3975
-4678
-5164
-5401
-5417
-5287
-5064
-4760
-4365
-3889
-3373
-2873
-2435
-2018
-1552
-1016
-451
103
631
1095
1455
1723
1964
2218
2485
2762
3069
3408
3755
4076
4329
4455
4421
4261
4044
3810
3556
3287
3000
2669
2268
1806
1327
847
362
-159
-743
-1387
-2022
-2553
-2998
-3458
-3989
-4476
-4776
-4856
-4794
-4657
-4439
-4102
-3604
-2898
-1953
-787
499
1759
2869
3775
4468
4997
5376
5605
5650
5497
5174
4705
4078
3246
2204
1029
-170
-1336
-2465
-3537
-4476
-5221
-5752
-6068
-6165
-6070
-5843
-5538
-5176
-4765
-4284
-3721
-3085
-2427
-1772
-1125
-510
31
482
867
1199
1498
1787
2075
2339
2569
2796
3051
3314
3533
3690
3801
3857
3828
3690
3459
3177
2914
2700
2499
2239
1896
1491
1040
532
-6
-515
-957
-1326
-1614
-1844
-2095
-2474
-2993
-3568
-4082
-4435
-4558
-4453
-4185
-3778
-3178
-2312
-1211
32
1275
2400
3334
4106
4767
5316
5682
5820
5748
5505
5108
4539
3768
2757
1522
169
-1159
-2375
-3457
-4398
-5144
-5649
-5879
-5843
-5595
-5235
-4849
-4453
-4012
-3501
-2939
-2363
-1795
-1235
-671
-106
433
900
1271
1557
1786
1988
2182
2387
2586
2743
2845
2932
3054
3207
3348
3428
3423
3351
3260
3193
3140
3049
2888
2664
2398
2071
1652
1132
551
-44
-593
-1031
-1346
-1647
-2109
-2818
-3688
-4539
-5184
-5544
-5621
-5465
-5100
-4501
-3637
-2521
-1229
109
1362
2445
3340
4088
4711
5191
5466
5511
5338
4986
4454
3717
2760
1611
335
-968
-2181
-3227
-4093
-4815
-5406
-5831
-6021
-5961
-5702
-5340
-4919
-4450
-3919
-3330
-2696
-2052
-1448
-904
-387
149
713
1258
1727
2083
2326
2488
2592
2643
2631
2595
2602
2707
2903
3149
3401
3621
3793
3917
3973
3919
3741
3496
3233
2932
2555
2115
1685
1279
865
429
6
-378
-777
-1294
-2023
-2957
-3962
-4864
-5520
-5848
-5840
-5560
-5102
-4496
-3721
-2773
-1685
-511
684
1795
2744
3552
4263
4843
5193
5268
5107
4772
4279
3600
2678
1494
143
-1207
-2414
-3452
-4332
-5030
-5497
-5738
-5793
-5681
-5394
-4967
-4467
-3944
-3396
-2827
-2256
-1683
-1075
-412
309
1064
1792
2376
2721
2842
2824
2732
2562
2325
2100
2003
2092
2336
2652
2968
3261
3522
3711
3773
3675
3446
3148
2842
2595
2448
2383
2294
2065
1647
1099
525
-18
-550
-1149
-1885
-2780
-3747
-4616
-5238
-5565
-5632
-5471
-5100
-4544
-3830
-2980
-2001
-918
236
1405
2517
3500
4333
5019
5500
5683
5538
5154
4624
3943
3032
1848
466
-950
-2229
-3279
-4094
-4720
-5179
-5474
-5618
-5645
-5580
-5391
-5041
-4537
-3927
-3252
-2541
-1818
-1094
-378
305
924
1467
1943
2310
2503
2501
2380
2236
2123
2065
2079
2165
2315
2551
2882
3257
3558
3709
3734
3712
3674
3592
3437
3237
3052
2928
2850
2724
2434
1928
1254
522
-189
-912
-1766
-2825
-4007
-5102
-5899
-6308
-6384
-6271
-6076
-5763
-5221
-4395
-3369
-2265
-1147
-11
1132
2228
3208
4019
4605
4926
4985
4824
4439
3771
2805
1599
282
-1017
-2160
-3035
-3631
-4048
-4365
-4593
-4703
-4728
-4715
-4659
-4497
-4176
-3666
-2956
-2067
-1052
-9
955
1735
2297
2664
2869
2923
2845
2691
2517
2353
2220
2130
2093
2096
2135
2212
2315
2428
2555
2724
2920
3100
3251
3395
3552
3683
3734
3674
3475
3114
2569
1855
1006
103
-735
-1388
-1863
-2315
-2925
-3704
-4483
-5063
-5371
-5443
-5347
-5137
-4819
-4331
-3575
-2548
-1363
-165
970
2009
2916
3654
4176
4443
4432
4183
3756
3189
2467
1580
551
-563
-1682
-2685
-3457
-3965
-4286
-4515
-4703
-4833
-4851
-4729
-4461
-4062
-3528
-2849
-2025
-1092
-111
813
1583
2148
2529
2772
2921
2997
2988
2878
2670
2427
2189
1960
1732
1519
1361
1280
1292
1403
1596
1840
2107
2360
2551
2659
2716
2764
2802
2767
2599
2264
1770
1162
523
-57
-536
-957
-1445
-2104
-2929
-3768
-4428
-4790
-4913
-4930
-4911
-4816
-4555
-4049
-3282
-2324
-1308
-346
563
1465
2367
3195
3837
4198
4248
4030
3609
3006
2190
1148
-49
-1254
-2282
-3010
-3431
-3660
-3846
-4082
-4367
-4611
-4726
-4665
-4437
-4010
-3330
-2373
-1227
-51
997
1806
2339
2640
2802
2915
3018
3100
3138
3133
3118
3120
3122
3050
2834
2476
2068
1738
1565
1569
1738
2042
2428
2812
3124
3323
3395
3349
3195
2941
2596
2187
1765
1369
1009
680
358
-10
-519
-1224
-2107
-3068
-3956
-4615
-4975
-5094
-5089
-5014
-4831
-4473
-3904
-3145
-2252
-1298
-350
535
1337
2066
2710
3199
3428
3323
2879
2154
1219
167
-905
-1878
-2661
-3217
-3562
-3749
-3841
-3926
-4078
-4307
-4534
-4611
-4407
-3886
-3117
-2200
-1226
-261
636
1417
2034
2455
2690
2804
2910
3080
3313
3541
3692
3711
3575
3280
2841
2307
1774
1333
1027
847
799
929
1244
1691
2155
2520
2698
2646
2418
2121
1852
1623
1392
1130
848
579
332
65
-315
-901
-1687
-2552
-3327
-3876
-4153
-4202
-4118
-3986
-3841
-3634
-3304
-2804
-2173
-1481
-788
-111
550
1184
1770
2253
2547
2570
2290
1745
1015
206
-567
-1223
-1735
-2118
-2399
-2619
-2829
-3067
-3335
-3597
-3789
-3834
-3667
-3259
-2634
-1852
-981
-74
802
1563
2131
2511
2793
3086
3441
3832
4184
4425
4509
4425
4197
3845
3389
2872
2367
1958
1689
1564
1546
1607
1709
1828
1942
2021
2011
1860
1580
1242
929
674
447
202
-81
-403
-735
-1047
-1304
-1506
-1688
-1905
-2184
-2498
-2798
-3023
-3137
-3110
-2943
-2681
-2400
-2132
-1845
-1509
-1125
-709
-278
118
390
482
421
282
120
-58
-269
-519
-801
-1108
-1430
-1754
-2078
-2388
-2655
-2832
-2906
-2899
-2811
-2634
-2355
-1986
-1549
-1065
-546
-13
507
956
1302
1596
1938
2375
2840
3215
3439
3521
3489
3361
3142
2847
2502
2160
1878
1680
1549
1454
1409
1429
1491
1538
1523
1442
1305
1135
957
801
665
523
343
119
-129
-383
-627
-856
-1072
-1285
-1476
-1611
-1668
-1659
-1596
-1485
-1358
-1260
-1214
-1193
-1155
-1058
-881
-622
-333
-88
41
49
-12
-96
-205
-386
-657
-979
-1272
-1459
-1504
-1465
-1447
-1520
-1658
-1783
-1845
-1850
-1810
-1701
-1480
-1144
-722
-258
211
623
905
1030
1031
999
1008
1113
1319
1597
1871
2081
2198
2239
2210
2116
1963
1775
1575
1387
1250
1207
1262
1380
1507
1602
1651
1671
1682
1666
1582
1412
1192
966
737
472
157
-166
-449
-692
-948
-1233
-1503
-1702
-1813
-1840
-1789
-1685
-1577
-1477
-1361
-1223
-1082
-951
-824
-714
-658
-658
-653
-599
-509
-449
-450
-505
-603
-744
-941
-1174
-1416
-1639
-1807
-1900
-1926
-1906
-1844
-1713
-1505
-1254
-991
-722
-423
-102
202
443
615
745
836
879
881
874
906
985
1110
1269
1442
1578
1626
1578
1471
1355
1239
1119
1022
1002
1083
1219
1355
1471
1594
1740
1877
1964
1989
1965
1883
1700
1401
1027
656
320
0
-349
-731
-1104
-1394
-1572
-1648
-1662
-1647
-1613
-1570
-1501
-1401
-1269
-1104
-912
-713
-544
-412
-304
-202
-94
9
82
89
32
-64
-184
-348
-556
-786
-983
-1126
-1224
-1297
-1352
-1392
-1412
-1384
-1267
-1052
-744
-369
45
449
778
993
1066
1024
931
854
808
772
746
758
838
967
1096
1170
1141
987
725
415
122
-108
-244
-254
-135
56
246
398
506
580
632
696
805
949
1092
1179
1175
1063
864
613
326
-6
-369
-714
-983
-1146
-1195
-1151
-1081
-1053
-1085
-1156
-1255
-1372
-1457
-1444
-1310
-1075
-761
-403
-80
111
152
113
83
84
102
112
102
56
-35
-150
-263
-378
-535
-734
-946
-1118
-1214
-1199
-1046
-770
-408
-10
396
761
1032
1172
1190
1132
1059
1018
1027
1064
1090
1085
1086
1149
1280
1400
1385
1173
830
486
220
23
-118
-182
-139
-3
171
325
440
536
637
748
857
942
986
978
930
856
761
640
496
335
146
-96
-402
-725
-977
-1110
-1171
-1236
-1325
-1384
-1371
-1301
-1215
-1124
-1007
-847
-663
-492
-385
-366
-417
-468
-446
-343
-196
-55
43
65
-34
-235
-486
-705
-864
-977
-1053
-1075
-1014
-863
-645
-400
-171
4
133
237
312
330
309
326
435
614
812
984
1109
1171
1156
1077
968
870
791
708
593
439
248
46
-142
-282
-340
-285
-118
114
347
530
660
748
792
749
612
420
242
113
33
-10
-49
-129
-277
-477
-695
-912
-1137
-1354
-1539
-1668
-1733
-1709
-1579
-1366
-1137
-953
-832
-755
-696
-628
-503
-297
-46
172
335
489
656
785
800
672
442
175
-53
-209
-287
-283
-201
-61
107
280
435
551
608
609
582
596
694
866
1073
1274
1432
1518
1520
1440
1313
1181
1095
1071
1092
1122
1125
1078
982
843
665
441
168
-125
-376
-507
-495
-378
-222
-52
116
250
310
288
231
174
101
-35
-238
-450
-604
-689
-730
-768
-838
-974
-1166
-1367
-1538
-1681
-1817
-1923
-1947
-1865
-1721
-1571
-1444
-1320
-1183
-1022
-829
-598
-335
-56
196
394
539
665
762
767
632
398
150
-44
-166
-227
-247
-245
-205
-119
-11
51
30
-17
7
158
395
641
857
1068
1276
1434
1499
1489
1463
1438
1392
1298
1195
1128
1109
1096
1042
919
721
436
91
-236
-466
-581
-613
-583
-497
-365
-215
-72
55
152
183
120
-39
-254
-482
-671
-784
-822
-819
-821
-862
-958
-1120
-1334
-1565
-1780
-1957
-2077
-2112
-2044
-1895
-1690
-1447
-1171
-876
-589
-307
-22
259
505
704
871
1024
1139
1201
1202
1151
1047
906
780
709
698
707
703
681
651
611
578
595
703
883
1059
1176
1235
1262
1278
1282
1275
1269
1288
1356
1458
1537
1552
1514
1474
1436
1353
1186
938
660
385
124
-124
-353
-532
-619
-621
-591
-592
-645
-721
-777
-788
-785
-843
-1014
-1275
-1526
-1690
-1781
-1845
-1901
-1929
-1930
-1937
-1968
-1992
-1996
-1997
-2017
-2045
-2054
-2029
-1954
-1825
-1638
-1412
-1144
-836
-499
-184
61
227
341
451
570
691
790
866
912
917
858
741
620
542
524
538
573
637
749
891
1039
1183
1326
1460
1543
1568
1554
1534
1518
1498
1483
1484
1504
1520
1518
1513
1498
1457
1373
1265
1138
985
803
617
457
322
204
106
43
29
34
12
-63
-181
-308
-428
-532
-621
-710
-820
-951
-1068
-1138
-1179
-1246
-1368
-1514
-1629
-1692
-1726
-1761
-1810
-1879
-1944
-1952
-1880
-1750
-1585
-1376
-1135
-920
-770
-654
-525
-385
-272
-194
-117
-3
153
317
461
576
661
700
699
678
649
611
563
547
588
688
802
895
978
1067
1140
1146
1095
1061
1087
1147
1181
1166
1119
1067
1041
1048
1062
1046
973
857
714
574
457
365
277
183
104
41
-12
-64
-91
-93
-83
-81
-97
-144
-238
-376
-526
-667
-793
-921
-1057
-1185
-1303
-1417
-1526
-1600
-1617
-1599
-1590
-1596
-1593
-1542
-1430
-1278
-1136
-1025
-913
-756
-564
-402
-316
-270
-183
-12
221
447
622
740
821
882
950
1023
1070
1054
967
828
665
518
442
465
556
682
814
943
1032
1067
1060
1039
1022
1005
998
985
956
917
901
918
943
932
854
702
509
328
200
122
57
-21
-96
-132
-118
-87
-90
-139
-220
-315
-410
-481
-500
-474
-446
-457
-519
-622
-748
-876
-990
-1081
-1155
-1231
-1312
-1391
-1468
-1560
-1661
-1716
-1700
-1636
-1591
-1559
-1492
-1348
-1165
-999
-869
-764
-656
-517
-329
-103
119
312
481
647
806
926
973
935
834
713
621
585
606
646
659
648
662
717
779
810
805
770
703
611
523
477
493
556
630
685
715
755
824
906
940
888
800
739
717
689
642
591
554
514
461
406
366
354
366
383
373
306
198
73
-48
-170
-296
-426
-569
-722
-872
-995
-1093
-1179
-1269
-1340
-1388
-1412
-1409
-1376
-1307
-1221
-1128
-1031
-914
-791
-680
-588
-503
-406
-294
-169
-27
129
291
428
551
685
845
985
1057
1056
1018
970
907
837
781
749
721
684
648
629
617
586
524
447
363
270
162
55
-28
-61
-37
44
165
296
391
431
436
437
415
352
258
171
111
56
0
-54
-90
-100
-115
-168
-267
-371
-436
-464
-499
-567
-660
-742
-798
-833
-862
-895
-936
-993
-1072
-1173
-1278
-1370
-1429
-1444
-1411
-1333
-1225
-1116
-1043
-1006
-964
-882
-778
-674
-569
-423
-230
-28
135
255
373
517
681
834
959
1058
1120
1147
1147
1143
1138
1112
1071
1040
1047
1082
1110
1109
1063
986
908
866
877
890
831
665
450
281
195
171
186
234
309
385
430
436
412
379
338
280
198
116
31
-74
-190
-273
-293
-292
-312
-356
-389
-402
-406
-414
-435
-469
-513
-566
-626
-697
-770
-840
-914
-974
-1022
-1081
-1167
-1241
-1224
-1091
-880
-672
-524
-452
-425
-382
-274
-115
38
138
181
201
244
348
502
671
814
924
988
999
972
962
1008
1082
1133
1145
1130
1101
1044
971
906
839
735
580
423
328
294
259
181
71
-39
-126
-186
-213
-232
-279
-357
-418
-424
-400
-410
-489
-608
-705
-745
-741
-713
-681
-651
-646
-667
-686
-655
-549
-408
-312
-330
-436
-540
-573
-537
-503
-541
-665
-826
-967
-1079
-1174
-1242
-1247
-1153
-993
-830
-718
-642
-547
-411
-259
-114
20
130
177
150
97
97
197
391
616
820
976
1098
1193
1258
1309
1357
1389
1375
1335
1323
1374
1455
1511
1506
1442
1356
1289
1235
1153
1029
908
815
723
594
441
298
161
11
-143
-289
-427
-549
-612
-586
-509
-450
-451
-492
-526
-532
-517
-504
-517
-549
-586
-609
-594
-538
-445
-358
-316
-333
-391
-478
-583
-689
-787
-880
-975
-1029
-1004
-926
-867
-879
-945
-1005
-1011
-948
-832
-696
-567
-464
-405
-394
-391
-341
-221
-73
55
164
275
414
572
741
903
1030
1116
1166
1208
1235
1252
1269
1293
1304
1297
1282
1275
1259
1218
1154
1065
959
840
741
655
566
468
369
259
108
-69
-214
-275
-268
-244
-241
-265
-307
-367
-453
-570
-702
-811
-886
-942
-988
-1011
-988
-912
-779
-592
-379
-207
-129
-161
-258
-350
-419
-504
-645
-804
-916
-950
-934
-892
-828
-748
-659
-576
-488
-414
-367
-358
-361
-364
-342
-278
-183
-82
9
109
228
351
436
481
530
631
781
934
1069
1198
1321
1398
1396
1343
1291
1266
1249
1223
1187
1135
1081
1035
1016
1013
982
888
733
555
380
215
43
-144
-328
-475
-576
-654
-738
-833
-938
-1047
-1135
-1165
-1130
-1071
-1014
-962
-908
-865
-847
-856
-885
-920
-936
-911
-863
-814
-780
-759
-757
-777
-812
-844
-855
-836
-781
-701
-629
-587
-562
-526
-472
-424
-400
-391
-367
-297
-167
11
190
328
411
456
495
550
629
725
827
922
1009
1103
1215
1335
1433
1493
1531
1555
1574
1596
1629
1651
1617
1526
1420
1337
1280
1243
1204
1130
989
787
568
360
169
9
-99
-155
-178
-205
-271
-392
-551
-693
-794
-868
-939
-1008
-1065
-1103
-1106
-1048
-938
-825
-752
-701
-636
-545
-461
-401
-356
-317
-288
-272
-269
-292
-345
-426
-510
-590
-653
-692
-708
-720
-739
-751
-748
-731
-706
-672
-621
-555
-470
-359
-231
-111
-15
73
167
262
351
440
519
576
626
705
826
951
1041
1075
1065
1026
964
887
800
722
663
629
614
600
560
505
482
519
580
593
527
398
240
75
-65
-153
-187
-203
-256
-374
-523
-650
-748
-845
-915
-904
-815
-728
-705
-734
-783
-824
-836
-780
-660
-527
-431
-397
-399
-391
-331
-224
-113
-29
12
18
-11
-57
-103
-149
-206
-273
-346
-419
-493
-543
-562
-547
-503
-425
-304
-152
12
148
228
270
331
443
576
681
758
835
919
997
1062
1139
1238
1349
1431
1444
1391
1325
1295
1303
1300
1244
1143
1018
885
728
540
334
125
-72
-251
-394
-484
-513
-497
-459
-425
-421
-467
-544
-607
-614
-585
-575
-595
-620
-621
-605
-579
-544
-501
-486
-529
-607
-666
-656
-593
-509
-452
-433
-454
-510
-577
-625
-629
-602
-573
-554
-536
-518
-515
-528
-533
-513
-464
-399
-335
-284
-263
-253
-221
-142
-44
33
74
116
195
307
406
472
531
605
692
771
841
903
944
949
915
857
797
752
746
797
888
959
942
834
675
530
425
346
256
145
42
-21
-54
-95
-174
-272
-369
-449
-500
-497
-440
-387
-398
-481
-585
-653
-663
-631
-597
-596
-609
-576
-468
-318
-183
-88
-33
-21
-36
-47
-44
-55
-95
-144
-180
-207
-237
-261
-265
-264
-285
-340
-401
-432
-432
-413
-380
-334
-278
-211
-126
-19
91
187
288
419
547
632
662
667
656
643
653
695
735
746
744
746
759
776
797
804
768
692
609
544
487
405
301
206
138
99
79
73
79
73
40
-12
-68
-122
-203
-317
-429
-490
-495
-507
-560
-635
-687
-703
-707
-709
-698
-658
-589
-489
-367
-253
-182
-176
-210
-234
-221
-164
-106
-73
-69
-49
6
63
57
-30
-151
-245
-304
-383
-507
-633
-689
-662
-602
-560
-529
-490
-433
-377
-337
-301
-226
-83
112
310
468
583
685
791
894
966
1003
1026
1058
1092
1074
980
822
656
516
395
298
236
222
238
235
176
66
-29
-46
-4
24
-15
-94
-158
-170
-128
-71
-40
-57
-87
-93
-96
-135
-208
-268
-300
-336
-409
-507
-591
-641
-656
-658
-681
-726
-743
-677
-546
-408
-299
-220
-168
-140
-110
-65
-25
-12
-27
-44
-48
-55
-101
-203
-320
-396
-421
-404
-375
-342
-318
-291
-237
-150
-51
32
101
180
303
475
658
808
908
996
1112
1257
1372
1404
1364
1313
1296
1283
1217
1092
970
896
859
796
685
536
382
235
90
-79
-275
-465
-596
-640
-615
-566
-551
-591
-660
-718
-748
-749
-726
-684
-643
-617
-614
-621
-627
-622
-618
-637
-688
-760
-841
-909
-925
-852
-705
-539
-399
-296
-216
-152
-83
5
110
206
248
239
209
209
238
254
240
216
226
275
342
387
390
357
315
277
244
220
218
243
283
313
339
388
470
552
612
664
728
782
792
761
709
642
545
422
292
171
67
-6
-47
-62
-63
-59
-85
-175
-318
-467
-591
-687
-749
-771
-773
-789
-816
-828
-790
-706
-609
-541
-519
-518
-503
-457
-395
-320
-240
-172
-132
-106
-69
-22
1
-13
-33
-25
1
13
7
18
65
135
193
211
180
117
53
20
32
87
151
191
191
179
176
199
230
248
236
202
200
254
330
366
373
405
467
516
511
476
440
412
387
368
357
348
333
312
281
245
215
197
187
156
94
-4
-124
-253
-367
-449
-491
-504
-514
-547
-605
-638
-610
-542
-479
-441
-409
-381
-376
-399
-440
-455
-413
-318
-221
-167
-155
-167
-170
-131
-39
67
128
127
103
93
114
134
128
84
47
69
146
230
276
306
344
390
405
372
321
310
361
416
400
302
200
175
245
351
423
438
412
386
374
398
451
502
511
474
407
339
277
240
228
235
252
260
236
169
72
-35
-126
-182
-200
-209
-237
-302
-405
-532
-646
-726
-786
-834
-860
-846
-817
-801
-817
-860
-904
-909
-869
-813
-760
-699
-625
-565
-538
-527
-488
-391
-228
-46
102
167
160
140
166
254
353
416
438
445
449
436
384
301
225
180
148
95
25
-25
-27
31
127
235
316
370
420
497
606
727
830
911
980
1054
1124
1166
1160
1088
956
773
591
455
386
358
323
255
151
35
-74
-153
-203
-221
-214
-194
-188
-215
-257
-279
-277
-267
-285
-362
-503
-655
-736
-714
-650
-634
-699
-793
-838
-792
-699
-638
-648
-692
-706
-688
-686
-717
-754
-770
-760
-732
-693
-645
-577
-465
-303
-135
-4
88
177
279
379
453
472
445
402
364
340
335
372
451
523
540
526
560
679
815
886
871
822
798
823
863
867
817
747
699
657
570
423
249
120
104
224
381
438
327
88
-165
-349
-413
-379
-280
-175
-113
-143
-256
-388
-492
-569
-664
-798
-954
-1081
-1145
-1167
-1191
-1200
-1145
-1016
-849
-670
-481
-297
-138
2
128
218
247
238
245
257
217
97
-52
-153
-169
-107
-2
90
128
101
53
50
136
307
497
639
691
652
568
505
503
521
491
386
262
186
161
135
56
-58
-153
-181
-145
-86
-49
-46
-51
-33
15
78
137
203
307
445
542
540
454
340
216
83
-28
-86
-92
-87
-119
-209
-333
-437
-473
-426
-329
-250
-242
-289
-326
-311
-252
-193
-144
-87
10
134
200
151
14
-122
-212
-242
-193
-62
82
155
157
132
110
93
115
183
249
261
214
124
-2
-155
-316
-488
-681
-829
-849
-742
-601
-497
-435
-414
-426
-411
-275
-13
290
522
634
647
645
684
742
746
694
655
663
692
702
725
805
956
1128
1257
1339
1423
1555
1671
1671
1507
1227
944
736
640
631
678
674
477
10
-599
-1095
-1291
-1229
-1196
-1491
-2207
-3098
-3776
-3971
-3699
-3200
-2720
-2356
-2077
-1828
-1596
-1295
-749
156
1253
2120
2370
1947
1151
395
-98
-390
-683
-1077
-1507
-1872
-2162
-2402
-2547
-2396
-1710
-496
839
1705
1853
1569
1354
1488
1891
2304
2509
2479
2345
2203
2019
1781
1664
1907
2519
3233
3763
4042
4222
4490
4894
5213
4939
3473
617
-3001
-6106
-7563
-7217
-5972
-5098
-5308
-6301
-7060
-6590
-4526
-1220
2534
5801
7764
8036
6886
5110
3541
2573
1978
1133
-505
-3019
-5973
-8661
-10370
-10549
-8980
-5993
-2396
834
2986
3860
3828
3574
3668
4198
4775
4795
3757
1549
-1399
-4252
-6188
-6755
-5989
-4332
-2447
-863
335
1441
2748
4248
5668
6690
7142
7025
6436
5407
3913
2058
167
-1373
-2368
-2821
-2776
-2241
-1284
-105
1031
1988
2889
3924
4911
5196
4135
1813
-885
-2929
-3924
-4314
-4848
-5882
-7053
-7680
-7291
-5895
-3774
-1242
1388
3693
5213
5758
5562
5103
4677
4192
3317
1795
-324
-2717
-4939
-6556
-7222
-6760
-5291
-3256
-1272
200
1046
1482
1780
2041
2154
1965
1375
374
-947
-2345
-3457
-3975
-3804
-3107
-2160
-1170
-145
1006
2309
3621
4712
5368
5480
5137
4582
4082
3729
3482
3259
2955
2440
1710
1023
676
541
-10
-1449
-3443
-4962
-5210
-4324
-3279
-3022
-3693
-4535
-4569
-3333
-1064
1667
4255
6065
6515
5488
3627
1918
975
605
98
-1153
-3139
-5290
-6936
-7653
-7215
-5494
-2676
585
3361
4952
5213
4568
3696
3053
2611
2024
965
-733
-2995
-5405
-7218
-7745
-6768
-4684
-2289
-367
781
1464
2251
3425
4793
5853
6139
5461
3995
2207
626
-302
-383
234
1078
1635
1698
1492
1605
2610
4431
5972
5751
3240
-501
-3636
-5008
-4846
-4289
-4280
-4883
-5435
-5259
-4110
-2083
607
3513
5794
6615
5852
4292
2950
2224
1643
489
-1462
-3779
-5858
-7335
-7971
-7428
-5446
-2320
1004
3413
4344
4061
3310
2701
2355
2024
1422
338
-1381
-3701
-6096
-7592
-7367
-5435
-2736
-481
692
1053
1343
2085
3300
4729
6061
6907
6753
5269
2772
264
-1201
-1279
-492
299
597
470
389
824
1879
3016
3270
2027
-328
-2581
-3638
-3348
-2578
-2461
-3512
-5210
-6423
-6180
-4260
-1196
2052
4470
5433
5056
4112
3384
3101
2914
2262
759
-1584
-4312
-6693
-7992
-7681
-5648
-2411
954
3367
4351
4155
3419
2749
2469
2494
2403
1673
-62
-2712
-5544
-7358
-7274
-5422
-2913
-976
-104
141
591
1781
3616
5580
7088
7669
7013
5078
2325
-278
-1710
-1591
-466
635
1024
798
655
1269
2639
3865
3726
1761
-1212
-3689
-4650
-4221
-3418
-3275
-4101
-5302
-5858
-5004
-2617
773
4135
6323
6645
5328
3300
1432
36
-1033
-1988
-2928
-3924
-5021
-6092
-6663
-6077
-3974
-691
2836
5630
7172
7408
6510
4794
2714
727
-979
-2564
-4303
-6141
-7527
-7724
-6419
-4046
-1533
357
1478
2243
3160
4378
5604
6301
6018
4645
2528
334
-1203
-1588
-804
627
1886
2382
2129
1701
1806
2918
4800
6297
5849
2804
-1752
-5640
-7194
-6392
-4635
-3595
-4003
-5284
-6116
-5432
-2971
715
4524
7120
7587
6067
3688
1688
584
64
-555
-1770
-3655
-5897
-7919
-8932
-8171
-5399
-1281
2831
5618
6507
5864
4612
3624
3220
3112
2673
1313
-1153
-4245
-6874
-7933
-7010
-4658
-1980
72
1188
1705
2183
2948
3956
4915
5461
5292
4312
2718
950
-496
-1276
-1365
-998
-485
22
504
1078
1961
3197
4188
3810
1479
-1945
-4583
-5101
-3777
-2197
-1865
-3040
-4631
-5159
-3883
-1173
1924
4314
5227
4510
2812
1311
843
1277
1675
1075
-851
-3632
-6281
-7810
-7617
-5637
-2338
1338
4258
5659
5583
4733
3898
3503
3493
3393
2541
491
-2599
-5859
-8040
-8179
-6233
-3186
-430
1138
1539
1420
1486
2083
3115
4159
4644
4132
2585
476
-1440
-2544
-2640
-1950
-850
332
1377
2176
2784
3453
4289
4782
3900
1046
-2984
-6290
-7340
-6199
-4348
-3339
-3624
-4408
-4471
-3144
-631
2315
4888
6410
6474
5276
3672
2587
2222
1936
883
-1275
-4143
-6840
-8449
-8332
-6309
-2761
1300
4567
6157
6139
5275
4342
3703
3333
2939
2078
395
-2113
-4906
-7037
-7559
-6191
-3624
-1116
395
878
1008
1518
2649
4099
5298
5746
5228
3892
2226
802
-63
-469
-692
-811
-600
176
1363
2527
3395
3960
3978
2729
-174
-3852
-6381
-6373
-4230
-1873
-1099
-2174
-3787
-4308
-3034
-442
2446
4694
5617
4935
3036
986
-132
-39
469
169
-1609
-4461
-7208
-8638
-8072
-5552
-1755
2194
5083
6139
5433
3828
2432
1879
2008
2072
1289
-654
-3412
-6084
-7622
-7322
-5230
-2181
573
2021
1995
1235
809
1313
2523
3693
4138
3611
2343
821
-495
-1328
-1603
-1356
-677
311
1431
2454
3236
3887
4574
4983
4195
1571
-2233
-5369
-6276
-5013
-3206
-2575
-3533
-5007
-5469
-4128
-1324
1893
4446
5618
5234
3777
2259
1604
1929
2420
1992
127
-2785
-5723
-7585
-7635
-5715
-2295
1588
4670
6035
5657
4322
3042
2401
2338
2319
1711
143
-2281
-4935
-6822
-6988
-5164
-2134
627
1924
1657
785
500
1301
2772
4051
4476
3894
2619
1198
77
-568
-800
-717
-356
293
1178
2104
2830
3341
3873
4424
4285
2469
-1082
-4989
-7301
-7107
-5163
-3185
-2419
-2886
-3638
-3646
-2469
-294
2347
4741
6074
5783
4086
1990
499
-121
-449
-1281
-2988
-5240
-7214
-8053
-7176
-4463
-444
3654
6374
6936
5725
3876
2401
1671
1443
1172
359
-1254
-3542
-5937
-7452
-7113
-4710
-1187
1879
3343
3179
2280
1650
1739
2346
2971
3166
2718
1625
103
-1449
-2526
-2752
-2067
-651
1213
3168
4710
5388
5179
4581
4137
3741
2599
79
-3345
-6194
-7167
-6250
-4707
-3963
-4405
-5142
-4939
-3337
-833
1833
4207
5909
6393
5317
3127
887
-521
-1113
-1675
-2950
-4836
-6404
-6688
-5377
-2856
152
2907
4834
5672
5528
4760
3763
2797
1908
920
-385
-2029
-3739
-5073
-5557
-4838
-2967
-603
1272
2043
1904
1624
1857
2684
3669
4284
4231
3489
2154
389
-1413
-2570
-2485
-1175
685
2305
3335
3851
4008
3831
3419
3127
3248
3391
2469
-232
-4009
-6945
-7498
-5821
-3548
-2313
-2523
-3424
-3991
-3617
-2147
285
3129
5279
5553
3685
773
-1531
-2353
-2129
-1943
-2432
-3375
-4130
-4288
-3799
-2681
-895
1403
3660
5143
5395
4530
3112
1740
674
-220
-1207
-2390
-3684
-4832
-5416
-5007
-3551
-1539
289
1435
1873
1916
1938
2151
2576
3081
3360
2970
1649
-250
-1795
-2087
-950
986
2759
3748
3971
3844
3619
3238
2719
2443
2724
3090
2387
-133
-3797
-6780
-7476
-5790
-3181
-1492
-1546
-2735
-3718
-3439
-1611
1324
4398
6396
6307
4010
590
-2189
-3067
-2132
-587
243
-269
-1883
-3804
-5096
-5007
-3256
-241
2997
5219
5706
4631
2810
1153
243
149
401
252
-808
-2619
-4401
-5214
-4588
-2845
-857
611
1300
1383
1226
1230
1657
2351
2751
2285
910
-758
-1833
-1772
-720
688
1790
2245
2138
1878
1898
2345
3028
3584
3743
3428
2628
1244
-839
-3347
-5457
-6290
-5708
-4467
-3544
-3363
-3613
-3639
-2933
-1386
731
2873
4312
4434
3301
1841
1192
1702
2618
2729
1300
-1398
-4293
-6194
-6426
-5028
-2514
346
2719
3981
4027
3292
2433
1925
1837
1842
1469
418
-1264
-3193
-4785
-5480
-5033
-3687
-2013
-549
463
1057
1354
1437
1375
1276
1221
1180
1024
711
415
425
833
1410
1802
1871
1762
1691
1733
1857
2102
2521
2995
3285
3352
3356
3217
2387
432
-2202
-4284
-4853
-4117
-3274
-3356
-4314
-5129
-4828
-3293
-1105
1194
3422
5338
6346
5900
4155
1976
210
-922
-1753
-2580
-3327
-3722
-3704
-3457
-3084
-2368
-1058
689
2254
3042
2928
2271
1574
1109
711
-92
-1593
-3504
-5091
-5714
-5191
-3814
-2146
-794
-124
-68
-175
80
953
2263
3483
4081
3881
3121
2180
1315
688
439
577
837
831
371
-267
-400
602
2677
4851
5872
5240
3619
2133
1271
539
-770
-2650
-4314
-5014
-4769
-4276
-4133
-4218
-3837
-2469
-332
1779
3139
3474
2842
1469
-178
-1405
-1646
-839
452
1322
1059
-360
-2253
-3758
-4313
-3816
-2471
-692
1043
2296
2767
2381
1423
506
136
248
253
-409
-1770
-3374
-4589
-4972
-4434
-3229
-1717
-196
1122
2069
2596
2841
2996
3089
2972
2476
1596
536
-401
-962
-1047
-672
123
1259
2498
3504
4095
4372
4510
4464
4032
3203
2376
2056
2237
2128
761
-1912
-4658
-5883
-5047
-3067
-1428
-998
-1676
-2826
-3770
-3940
-2980
-975
1393
3136
3620
3055
2268
1916
1971
1838
943
-818
-3028
-5066
-6365
-6482
-5163
-2596
457
3014
4445
4729
4238
3337
2179
749
-910
-2620
-4175
-5483
-6413
-6615
-5671
-3517
-699
1905
3549
3978
3466
2564
1732
1154
786
499
190
-101
-166
164
842
1684
2549
3309
3727
3589
2931
2117
1638
1807
2535
3324
3593
3120
2231
1540
1401
1489
971
-716
-3183
-5284
-6084
-5623
-4773
-4412
-4701
-5030
-4635
-3256
-1180
1155
3404
5132
5776
4994
3097
904
-818
-1892
-2715
-3716
-4787
-5343
-4934
-3684
-2080
-520
865
2054
2933
3230
2700
1433
-78
-1209
-1635
-1507
-1325
-1549
-2247
-3067
-3550
-3528
-3138
-2561
-1833
-903
226
1453
2609
3532
4140
4430
4428
4156
3701
3222
2887
2722
2588
2347
2081
2038
2319
2745
3082
3260
3315
3129
2437
1117
-420
-1322
-932
475
1701
1528
-262
-2733
-4587
-5167
-4781
-4229
-4045
-4150
-4121
-3648
-2698
-1370
178
1649
2623
2832
2451
1991
1839
1888
1640
635
-1130
-3220
-5066
-6289
-6703
-6162
-4602
-2217
433
2608
3800
4006
3587
2884
1988
833
-638
-2377
-4187
-5714
-6528
-6281
-4937
-2853
-671
1056
2196
2982
3691
4363
4853
5022
4869
4494
4021
3585
3346
3369
3449
3211
2443
1356
409
-78
-179
-194
-208
70
977
2412
3810
4607
4679
4319
3868
3328
2305
366
-2408
-5241
-7123
-7514
-6755
-5823
-5586
-6107
-6592
-6058
-4133
-1296
1589
3848
5119
5174
4000
2089
314
-709
-1098
-1494
-2442
-3945
-5504
-6492
-6506
-5461
-3503
-1022
1342
2900
3320
2813
1931
1188
761
462
-56
-959
-2131
-3291
-4185
-4554
-4117
-2750
-690
1478
3168
4125
4558
4917
5491
6150
6438
5990
4818
3307
1923
936
388
235
407
737
964
944
836
1017
1762
2958
4119
4651
4281
3258
2154
1426
1148
1128
1116
903
220
-1220
-3456
-5982
-7853
-8280
-7212
-5408
-3892
-3277
-3361
-3343
-2440
-532
1756
3533
4172
3520
1852
-188
-1820
-2513
-2310
-1770
-1603
-2238
-3556
-4976
-5772
-5460
-3986
-1733
604
2323
3046
2904
2370
1935
1812
1888
1821
1230
-63
-1889
-3719
-4869
-4829
-3578
-1592
455
2081
3167
3895
4574
5405
6326
7007
7003
6055
4276
2179
410
-616
-883
-634
-81
691
1651
2710
3712
4468
4837
4782
4353
3577
2405
880
-678
-1713
-1798
-1007
45
629
415
-448
-1681
-3086
-4426
-5329
-5584
-5471
-5638
-6438
-7437
-7610
-6198
-3441
-426
1771
2818
3072
3010
2838
2531
2046
1407
564
-686
-2472
-4490
-5962
-6110
-4746
-2441
-138
1426
2094
2227
2295
2464
2497
2049
1013
-378
-1708
-2626
-2981
-2818
-2285
-1545
-726
71
781
1433
2112
2867
3624
4227
4500
4331
3786
3141
2729
2689
2877
2964
2679
1968
1055
295
-38
97
511
947
1174
1085
712
251
-46
-54
106
191
128
73
198
437
545
327
-268
-1272
-2772
-4720
-6691
-7918
-7849
-6728
-5557
-5224
-5585
-5497
-3857
-633
3119
6141
7722
7783
6610
4694
2661
1034
-33
-842
-1878
-3349
-4950
-6045
-6080
-4884
-2726
-185
2090
3622
4237
4080
3458
2671
1904
1206
562
-62
-677
-1305
-1920
-2337
-2244
-1409
21
1522
2521
2827
2758
2816
3231
3804
4211
4298
4133
3804
3352
2832
2361
2044
1798
1338
438
-762
-1787
-2210
-2016
-1482
-863
-238
371
899
1319
1678
1973
1941
1187
-363
-2110
-3123
-2985
-2300
-2139
-2997
-4371
-5402
-5674
-5327
-4584
-3441
-1936
-511
134
-251
-1004
-961
475
2723
4464
4751
3659
1998
634
19
154
702
1179
1107
222
-1319
-2884
-3721
-3537
-2662
-1693
-1022
-746
-784
-939
-928
-507
339
1342
2079
2184
1571
502
-616
-1459
-1838
-1665
-980
-21
894
1533
1895
2195
2709
3488
4267
4694
4612
4059
3104
1814
351
-999
-1959
-2435
-2527
-2372
-2019
-1507
-977
-642
-573
-609
-522
-232
106
213
-110
-814
-1647
-2392
-2985
-3365
-3248
-2269
-400
1774
3328
3618
2694
1137
-428
-1642
-2324
-2351
-1815
-1197
-1102
-1698
-2422
-2321
-806
1768
4238
5449
5091
3786
2501
1845
1790
1883
1640
778
-774
-2882
-5070
-6553
-6623
-5158
-2768
-430
1052
1466
1220
990
1203
1861
2661
3228
3265
2693
1682
554
-379
-919
-1031
-809
-403
51
435
697
881
1094
1372
1651
1839
1851
1633
1187
634
117
-317
-756
-1275
-1845
-2313
-2494
-2273
-1706
-1019
-448
-87
164
421
707
982
1227
1425
1534
1491
1285
956
664
668
1166
2017
2716
2741
2013
950
25
-695
-1483
-2450
-3293
-3592
-3252
-2621
-2148
-1978
-1864
-1413
-474
746
1829
2436
2430
1855
981
205
-142
-79
61
-153
-1005
-2478
-4208
-5584
-6011
-5252
-3587
-1712
-312
347
520
655
985
1454
1885
2127
2019
1434
422
-721
-1632
-2125
-2313
-2415
-2510
-2395
-1811
-744
503
1562
2292
2778
3130
3303
3187
2772
2188
1589
986
270
-577
-1307
-1505
-908
297
1544
2302
2481
2389
2349
2407
2426
2348
2287
2361
2473
2319
1711
867
300
371
916
1351
1129
227
-799
-1231
-747
289
1061
893
-212
-1557
-2275
-2016
-1233
-832
-1437
-2883
-4284
-4676
-3730
-1943
-194
869
1105
787
328
16
-86
-100
-210
-619
-1437
-2587
-3766
-4633
-4998
-4869
-4378
-3671
-2860
-1964
-948
162
1266
2233
2926
3179
2892
2171
1294
527
-23
-366
-545
-587
-503
-284
81
570
1106
1578
1894
2032
2050
2041
2082
2232
2540
2968
3327
3332
2820
1896
889
148
-118
96
587
1042
1229
1163
1060
1155
1536
2133
2733
3081
2982
2420
1523
494
-414
-945
-1003
-753
-544
-637
-1002
-1360
-1499
-1563
-1871
-2496
-3062
-3157
-2820
-2578
-2953
-3920
-4850
-4958
-3931
-2230
-719
-49
-213
-689
-873
-476
326
1029
1103
287
-1265
-3040
-4401
-4888
-4437
-3366
-2130
-1042
-206
391
833
1294
1942
2755
3433
3595
3084
2119
1155
527
255
125
-9
-119
-128
-39
103
340
774
1465
2283
2981
3404
3629
3812
3942
3815
3243
2271
1157
209
-415
-736
-835
-700
-265
400
1030
1370
1438
1475
1665
1909
1936
1580
969
401
118
97
63
-301
-1035
-1802
-2146
-1884
-1210
-511
-57
131
170
48
-409
-1300
-2404
-3305
-3731
-3762
-3722
-3857
-4113
-4170
-3738
-2814
-1658
-581
249
805
1123
1247
1243
1187
1110
943
575
-45
-823
-1581
-2230
-2818
-3370
-3742
-3670
-3033
-1980
-788
307
1231
2012
2701
3228
3465
3360
3038
2661
2269
1754
1013
110
-734
-1280
-1407
-1128
-530
256
1041
1639
1996
2222
2456
2709
2877
2855
2597
2115
1457
751
213
48
298
741
1007
862
391
-90
-265
7
625
1294
1689
1673
1394
1124
1065
1194
1316
1201
822
426
334
600
923
926
515
6
-270
-372
-756
-1745
-3118
-4243
-4673
-4561
-4473
-4736
-5050
-4736
-3439
-1537
107
859
766
361
122
159
318
415
350
32
-692
-1893
-3295
-4294
-4371
-3547
-2373
-1497
-1227
-1404
-1638
-1587
-1129
-327
631
1488
1953
1864
1341
755
475
632
1077
1555
1861
1907
1706
1359
1019
816
811
958
1144
1271
1361
1537
1926
2556
3331
4014
4342
4189
3653
2987
2409
2007
1709
1367
898
402
125
224
618
1073
1405
1583
1601
1403
951
422
143
288
590
502
-302
-1530
-2468
-2573
-1946
-1223
-977
-1326
-2018
-2808
-3563
-4110
-4215
-3829
-3267
-3056
-3459
-4207
-4623
-4117
-2707
-1030
106
322
-176
-823
-1101
-827
-194
394
571
175
-714
-1782
-2586
-2767
-2262
-1395
-662
-386
-475
-541
-198
643
1760
2739
3243
3212
2870
2524
2335
2260
2179
2057
1951
1896
1814
1605
1296
1059
1014
1114
1217
1294
1429
1679
1978
2207
2323
2359
2340
2262
2151
2114
2246
2498
2672
2563
2123
1485
860
411
141
-91
-453
-1014
-1654
-2148
-2310
-2092
-1595
-994
-534
-456
-857
-1510
-1900
-1576
-546
595
1038
350
-1184
-2772
-3769
-4087
-4064
-3977
-3814
-3494
-3135
-2999
-3148
-3307
-3081
-2335
-1342
-559
-235
-218
-147
228
865
1502
1869
1859
1529
987
308
-438
-1127
-1620
-1837
-1800
-1604
-1352
-1090
-754
-267
330
855
1148
1245
1334
1564
1893
2124
2061
1679
1168
823
843
1222
1764
2184
2232
1810
1090
470
352
829
1579
2097
2074
1581
962
572
575
902
1341
1684
1773
1532
1000
383
-4
68
554
1121
1387
1233
896
703
786
981
995
639
-40
-804
-1403
-1680
-1610
-1260
-754
-206
292
626
642
286
-285
-784
-1062
-1201
-1388
-1722
-2216
-2840
-3499
-3977
-4005
-3433
-2406
-1333
-678
-654
-1057
-1423
-1400
-1016
-612
-505
-726
-1075
-1342
-1470
-1499
-1444
-1248
-859
-348
100
310
289
169
57
-47
-178
-319
-365
-208
158
622
1024
1301
1520
1847
2373
2963
3272
3043
2353
1584
1121
1110
1402
1699
1746
1483
1069
763
781
1185
1867
2561
3002
3076
2866
2547
2265
2108
2060
2021
1868
1563
1201
936
870
954
1030
926
615
220
-109
-352
-607
-956
-1352
-1665
-1847
-2008
-2347
-2937
-3614
-4075
-4128
-3825
-3412
-3164
-3255
-3649
-4119
-4379
-4264
-3848
-3399
-3181
-3223
-3262
-2956
-2193
-1205
-386
-3
-44
-295
-538
-681
-705
-600
-380
-137
-4
-21
-96
-86
60
288
492
610
626
602
633
835
1300
2025
2850
3509
3823
3810
3631
3455
3385
3444
3556
3548
3234
2577
1787
1224
1163
1585
2192
2614
2655
2383
2049
1899
2030
2342
2623
2674
2412
1874
1201
610
308
360
593
697
448
-142
-853
-1424
-1723
-1831
-1957
-2238
-2612
-2859
-2815
-2510
-2138
-1891
-1850
-1983
-2218
-2485
-2719
-2880
-2966
-3008
-3015
-2963
-2814
-2578
-2340
-2235
-2360
-2645
-2862
-2791
-2456
-2147
-2154
-2491
-2883
-3023
-2795
-2255
-1527
-712
87
780
1313
1712
2050
2358
2585
2674
2635
2522
2351
2115
1852
1667
1666
1876
2216
2530
2667
2574
2322
2049
1895
1908
2040
2177
2271
2390
2628
2977
3282
3363
3120
2611
2028
1602
1427
1403
1300
949
381
-175
-477
-466
-282
-114
-43
-52
-87
-131
-200
-324
-474
-564
-524
-416
-424
-684
-1146
-1593
-1832
-1846
-1773
-1775
-1888
-2018
-2056
-1984
-1884
-1811
-1751
-1695
-1672
-1744
-1934
-2248
-2675
-3129
-3476
-3578
-3375
-2904
-2297
-1752
-1413
-1270
-1160
-909
-495
-53
203
138
-213
-620
-771
-469
234
1054
1662
1856
1658
1293
1036
1042
1255
1503
1621
1537
1274
948
718
724
979
1341
1584
1543
1219
783
456
354
462
682
935
1137
1239
1260
1314
1493
1733
1862
1764
1502
1261
1163
1198
1262
1276
1206
1042
797
551
429
486
633
702
590
313
-43
-405
-709
-883
-901
-830
-829
-1003
-1319
-1609
-1663
-1366
-804
-229
102
110
-92
-322
-444
-444
-425
-540
-859
-1290
-1670
-1863
-1841
-1689
-1528
-1421
-1317
-1115
-789
-412
-163
-175
-431
-756
-974
-1036
-1040
-1120
-1301
-1466
-1462
-1247
-872
-381
214
813
1212
1245
974
666
585
781
1085
1244
1117
760
408
283
437
749
1032
1157
1094
940
843
915
1130
1365
1477
1382
1112
807
643
718
998
1320
1468
1329
972
614
448
506
673
809
850
792
640
420
204
99
131
186
77
-289
-825
-1301
-1518
-1465
-1335
-1344
-1537
-1754
-1774
-1506
-1041
-575
-252
-118
-171
-412
-808
-1237
-1517
-1534
-1366
-1215
-1233
-1361
-1420
-1286
-1007
-725
-549
-504
-562
-688
-841
-987
-1095
-1123
-1033
-848
-678
-611
-589
-455
-168
113
202
80
-89
-125
20
246
408
446
435
469
582
731
874
1001
1139
1340
1646
2045
2475
2845
3034
2936
2541
1984
1478
1155
1012
948
862
698
485
303
237
339
584
880
1104
1157
999
674
316
86
40
101
136
86
-25
-120
-131
-28
148
314
392
346
171
-114
-465
-812
-1093
-1283
-1388
-1433
-1408
-1285
-1050
-755
-481
-272
-113
-3
-13
-199
-505
-801
-1025
-1220
-1441
-1674
-1859
-1927
-1852
-1638
-1325
-971
-638
-382
-206
-77
39
171
329
483
545
448
227
-19
-200
-295
-312
-270
-202
-150
-159
-241
-358
-413
-337
-134
124
360
563
756
971
1195
1386
1488
1469
1354
1213
1103
983
748
364
-28
-232
-178
7
136
106
-38
-159
-146
10
198
316
344
318
265
182
94
42
53
121
208
276
298
275
215
143
85
59
38
-31
-179
-383
-585
-730
-787
-760
-674
-576
-501
-455
-400
-313
-207
-114
-60
-58
-122
-259
-449
-668
-878
-1016
-1042
-989
-933
-907
-868
-739
-489
-149
187
425
532
560
568
550
469
345
277
347
544
756
863
825
701
565
418
224
-38
-326
-581
-751
-796
-704
-457
-60
418
853
1126
1222
1198
1137
1086
1040
975
883
783
686
565
390
187
47
56
209
417
607
766
906
1026
1085
1024
825
538
262
34
-194
-491
-844
-1140
-1277
-1243
-1118
-1016
-995
-1046
-1117
-1182
-1218
-1160
-935
-575
-239
-86
-163
-396
-675
-891
-977
-929
-809
-700
-648
-671
-739
-786
-743
-580
-356
-171
-115
-210
-380
-473
-376
-114
179
393
520
595
653
722
824
989
1214
1462
1633
1617
1378
1002
629
354
215
205
291
394
453
468
492
569
714
907
1082
1131
981
656
258
-76
-254
-264
-181
-104
-92
-115
-102
-8
127
203
147
-27
-239
-414
-506
-539
-547
-549
-506
-413
-346
-399
-571
-735
-788
-741
-680
-686
-764
-888
-1011
-1116
-1208
-1294
-1364
-1395
-1368
-1281
-1155
-1024
-906
-793
-660
-497
-326
-173
-36
134
364
600
725
652
438
245
209
322
448
469
401
357
417
561
731
895
1058
1200
1284
1289
1251
1223
1229
1231
1165
1010
817
679
641
692
750
751
681
579
502
496
558
637
665
609
491
323
110
-134
-354
-485
-522
-522
-553
-627
-683
-642
-464
-207
3
50
-97
-366
-653
-879
-1021
-1097
-1139
-1163
-1168
-1138
-1077
-972
-823
-643
-486
-390
-329
-257
-173
-131
-158
-219
-266
-291
-308
-348
-415
-472
-433
-246
44
331
523
594
557
458
358
300
282
253
173
57
-43
-73
-38
50
175
306
403
442
468
528
607
653
677
736
850
962
1011
992
931
853
778
714
662
624
613
622
605
506
332
127
-56
-192
-293
-375
-463
-560
-645
-697
-719
-732
-752
-778
-801
-822
-832
-796
-681
-501
-332
-294
-429
-655
-796
-739
-522
-279
-155
-217
-436
-706
-908
-975
-898
-708
-475
-282
-180
-154
-138
-56
124
366
561
602
491
344
270
290
351
396
394
324
200
64
-16
-5
66
149
203
220
200
171
196
315
502
674
747
698
578
482
445
421
348
246
191
193
198
136
29
-37
-11
75
123
62
-96
-272
-366
-350
-275
-221
-217
-225
-210
-177
-160
-169
-161
-84
64
231
358
434
475
481
413
269
90
-45
-96
-101
-123
-175
-215
-224
-241
-273
-279
-191
-2
250
519
726
791
695
505
315
164
74
52
90
161
232
260
206
87
-9
20
197
423
569
557
429
303
276
336
396
388
328
267
206
88
-115
-345
-513
-589
-630
-693
-780
-857
-884
-853
-784
-724
-718
-761
-822
-855
-832
-752
-658
-630
-735
-966
-1240
-1453
-1532
-1460
-1285
-1090
-927
-806
-700
-604
-487
-324
-121
69
207
286
313
285
215
164
184
289
443
598
733
860
1001
1148
1275
1366
1451
1551
1626
1587
1389
1082
781
563
442
412
455
553
640
650
548
380
250
243
368
515
567
486
350
238
177
144
128
125
99
5
-180
-398
-579
-652
-578
-381
-159
-29
-31
-122
-229
-304
-347
-381
-414
-433
-437
-434
-423
-388
-318
-225
-151
-149
-255
-429
-567
-592
-495
-362
-274
-289
-403
-575
-758
-920
-1048
-1113
-1093
-1006
-920
-878
-851
-761
-572
-320
-51
216
469
682
823
891
907
900
877
846
798
748
701
665
617
533
424
325
286
308
372
447
511
544
514
422
305
210
147
93
37
-17
-52
-70
-90
-160
-265
-324
-257
-70
141
270
276
213
150
103
53
12
1
10
-12
-84
-187
-273
-304
-273
-178
-45
94
194
227
199
131
57
17
25
33
-36
-193
-362
-454
-449
-399
-364
-363
-383
-394
-375
-343
-324
-313
-267
-144
28
172
227
199
137
61
-38
-158
-260
-303
-276
-211
-155
-125
-86
1
108
168
150
84
13
-61
-172
-338
-521
-631
-590
-397
-139
76
201
265
320
388
467
549
608
600
498
319
125
-24
-85
-62
13
112
217
306
364
407
459
533
606
641
615
533
434
344
257
151
34
-65
-115
-131
-156
-212
-265
-276
-228
-139
-39
55
123
167
172
125
47
-13
-10
42
88
74
-21
-183
-348
-447
-448
-390
-352
-375
-431
-479
-519
-558
-586
-574
-521
-472
-445
-414
-325
-172
-7
103
126
67
-40
-144
-193
-185
-146
-114
-109
-111
-112
-117
-156
-212
-237
-188
-94
-30
-33
-79
-107
-95
-63
-39
-16
29
99
171
214
231
249
302
376
435
455
445
431
437
471
513
535
529
520
526
526
485
385
260
165
140
200
336
513
674
761
763
694
601
505
409
300
158
-13
-194
-361
-472
-489
-397
-253
-135
-78
-70
-82
-107
-142
-184
-254
-371
-523
-648
-705
-698
-649
-584
-514
-449
-384
-308
-212
-104
-12
39
31
-38
-162
-307
-422
-473
-473
-467
-479
-514
-571
-631
-647
-555
-365
-162
-35
16
47
102
164
199
210
213
208
160
57
-90
-221
-274
-228
-124
-57
-84
-193
-304
-343
-284
-165
-43
44
102
158
248
384
558
740
891
978
983
932
876
856
876
907
943
986
1038
1078
1080
1049
996
933
863
781
680
563
446
331
218
125
93
125
185
227
214
115
-58
-223
-303
-304
-294
-328
-404
-504
-615
-715
-766
-727
-611
-491
-441
-491
-627
-804
-975
