77
94
154
196
179
146
164
244
346
421
433
366
247
149
124
161
178
110
-23
-139
-178
-151
-86
-10
41
41
7
-20
-25
-9
41
118
195
241
264
281
300
334
377
402
393
372
372
392
402
397
379
349
289
203
94
-40
-182
-288
-317
-284
-225
-167
-114
-93
-118
-173
-215
-221
-204
-168
-127
-104
-115
-153
-176
-174
-161
-172
-229
-322
-423
-489
-498
-445
-338
-202
-77
-15
-22
-70
-121
-168
-217
-242
-209
-117
-22
19
-10
-77
-133
-159
-146
-96
-23
42
70
61
30
-31
-116
-197
-235
-214
-158
-97
-59
-63
-104
-158
-184
-147
-46
76
160
200
236
302
374
415
410
387
370
343
301
245
199
171
172
205
235
219
149
68
0
-71
-155
-230
-251
-212
-148
-98
-76
-52
0
77
136
149
123
102
133
213
292
314
285
244
222
194
118
13
-52
-28
59
153
223
253
231
161
72
-12
-93
-177
-248
-301
-335
-347
-318
-250
-186
-155
-136
-84
-1
78
115
122
136
161
178
161
125
97
81
49
-13
-67
-88
-81
-73
-75
-107
-188
-292
-363
-382
-375
-364
-343
-312
-261
-203
-158
-157
-184
-192
-181
-193
-240
-271
-256
-203
-152
-109
-57
16
106
188
232
226
175
104
40
16
58
143
212
205
128
39
-6
20
113
242
364
439
449
413
366
351
365
383
376
355
336
326
318
310
306
305
290
229
107
-43
-159
-200
-184
-149
-124
-113
-104
-90
-64
-33
-8
-20
-70
-125
-148
-127
-97
-98
-152
-238
-318
-376
-417
-448
-467
-466
-417
-310
-168
-54
-11
-25
-59
-92
-131
-167
-185
-182
-161
-132
-77
-1
75
112
92
36
-12
4
93
216
305
332
308
277
279
319
378
430
458
460
421
343
242
152
95
56
7
-61
-131
-188
-242
-296
-332
-324
-276
-205
-123
-27
74
143
145
85
25
10
21
19
-5
-12
20
64
73
30
-15
-44
-86
-166
-239
-233
-162
-96
-74
-74
-66
-55
-47
-61
-99
-149
-153
-85
1
23
-45
-167
-301
-421
-504
-532
-518
-475
-420
-372
-361
-379
-384
-353
-297
-227
-160
-95
-37
9
49
80
106
102
57
-17
-70
-73
-41
-4
23
38
24
-39
-141
-235
-277
-247
-146
-7
110
156
149
140
166
224
312
419
528
628
734
867
1010
1119
1162
1133
1042
898
741
636
617
651
646
570
468
414
420
448
467
453
399
316
232
171
135
113
85
36
-29
-84
-109
-103
-82
-66
-53
-27
-4
-22
-111
-237
-349
-418
-436
-429
-424
-445
-474
-485
-461
-419
-406
-437
-506
-570
-610
-626
-643
-656
-648
-620
-602
-621
-670
-725
-772
-797
-796
-762
-682
-553
-405
-294
-230
-178
-102
-14
49
61
25
-32
-74
-82
-68
-53
-52
-49
-20
52
142
207
227
219
225
274
355
395
365
309
302
336
353
329
282
238
198
170
158
160
157
150
118
57
-37
-156
-278
-357
-350
-278
-193
-130
-76
-38
-53
-143
-266
-364
-387
-324
-193
-51
72
162
212
210
158
93
50
41
48
61
60
25
-30
-59
-25
55
148
229
286
319
328
322
321
345
398
450
479
480
446
382
305
244
211
205
239
299
351
367
373
393
418
428
447
499
559
579
562
561
590
607
579
541
536
546
513
444
391
403
440
435
373
294
230
165
63
-95
-280
-409
-419
-343
-271
-273
-318
-361
-370
-384
-436
-519
-581
-571
-505
-445
-448
-501
-557
-598
-646
-697
-718
-689
-638
-613
-632
-669
-699
-729
-787
-874
-959
-999
-984
-930
-852
-749
-606
-434
-282
-208
-208
-236
-246
-239
-230
-218
-190
-136
-75
-18
37
82
110
126
145
169
192
227
293
363
387
348
292
251
215
166
104
58
49
84
142
192
224
262
327
403
452
451
404
340
291
275
280
296
322
360
383
382
383
425
489
536
546
530
485
403
315
244
184
113
20
-66
-125
-159
-182
-202
-217
-238
-252
-250
-212
-149
-84
-13
65
117
102
35
-11
14
94
173
229
264
303
365
435
476
472
458
463
464
434
384
330
250
123
-5
-73
-82
-63
-47
-40
-49
-41
9
67
74
34
18
55
95
66
-45
-213
-389
-504
-506
-393
-226
-86
-27
-48
-85
-90
-55
-32
-76
-180
-283
-314
-287
-280
-347
-469
-566
-589
-533
-449
-396
-401
-408
-338
-169
14
110
99
24
-61
-134
-190
-222
-238
-247
-249
-231
-190
-139
-103
-96
-110
-123
-102
-56
18
110
225
342
431
468
428
327
221
183
207
241
232
181
88
-42
-179
-279
-315
-291
-223
-152
-111
-83
-33
46
121
174
208
221
217
211
218
203
140
37
-47
-64
-20
51
117
163
164
108
30
-15
-16
3
12
19
28
36
46
55
33
-29
-110
-164
-181
-175
-162
-158
-175
-194
-166
-88
-23
-19
-68
-116
-116
-55
46
125
151
125
85
51
40
60
94
99
59
16
-6
-16
-35
-35
11
89
155
190
209
212
180
93
-31
-140
-169
-109
-7
55
62
68
106
142
130
106
120
187
268
325
324
246
125
31
20
99
227
354
414
374
260
125
16
-36
-19
51
135
201
221
189
113
27
-43
-89
-131
-171
-207
-245
-310
-401
-485
-540
-567
-563
-499
-376
-249
-179
-165
-163
-144
-109
-76
-50
-19
9
47
88
130
174
225
281
316
317
284
220
116
-12
-127
-204
-248
-264
-258
-234
-193
-121
-22
62
86
50
-2
-27
-6
45
89
92
54
19
22
52
71
62
27
-11
-10
44
126
161
116
17
-73
-114
-115
-114
-148
-223
-308
-361
-350
-299
-229
-141
-33
56
67
3
-89
-148
-139
-70
4
19
-23
-75
-93
-68
-32
-20
-63
-140
-212
-236
-214
-190
-197
-220
-224
-197
-161
-112
-32
75
167
204
188
148
119
114
148
226
323
392
417
416
405
385
353
314
261
208
177
199
254
298
302
278
250
204
142
86
75
77
27
-71
-155
-170
-155
-172
-227
-271
-246
-167
-103
-118
-200
-262
-236
-125
-2
47
-4
-100
-161
-141
-78
-18
24
81
198
391
624
832
960
1013
1025
1030
1031
1015
947
782
526
250
66
38
130
207
145
-50
-254
-361
-357
-267
-132
3
67
46
-11
-46
-82
-181
-356
-538
-644
-661
-613
-538
-497
-538
-663
-795
-876
-901
-895
-861
-777
-664
-583
-603
-714
-845
-932
-949
-891
-767
-617
-520
-518
-590
-667
-691
-626
-493
-337
-186
-55
33
25
-64
-166
-224
-222
-163
-34
152
339
467
490
426
326
274
298
373
470
575
681
757
774
724
656
632
695
805
879
863
759
621
490
393
327
287
273
278
286
258
191
130
113
123
133
137
167
217
254
239
171
90
53
92
189
295
356
344
274
210
186
194
191
164
126
66
-15
-92
-127
-119
-91
-66
-79
-131
-178
-177
-143
-115
-94
-61
-26
-15
-15
-7
1
-19
-74
-128
-151
-108
-13
107
193
214
186
156
157
190
234
278
316
339
335
305
270
251
250
240
206
158
115
65
-2
-73
-123
-149
-163
-179
-209
-269
-350
-400
-389
-344
-313
-321
-353
-387
-412
-422
-408
-368
-340
-378
-494
-648
-758
-793
-775
-761
-775
-790
-796
-819
-871
-928
-959
-968
-971
-965
-937
-889
-829
-771
-722
-666
-588
-492
-397
-293
-164
-16
111
213
308
418
542
658
751
814
871
928
982
1027
1072
1120
1154
1151
1118
1093
1110
1160
1192
1169
1095
995
888
795
732
698
665
618
572
538
493
412
316
236
193
173
157
117
56
-4
-35
-49
-89
-168
-270
-372
-477
-586
-674
-725
-762
-815
-897
-984
-1072
-1164
-1258
-1319
-1347
-1367
-1378
-1357
-1295
-1251
-1242
-1240
-1207
-1164
-1137
-1101
-1028
-933
-848
-765
-636
-454
-263
-117
-3
140
354
617
875
1091
1272
1431
1560
1637
1669
1696
1761
1867
1974
2059
2135
2222
2323
2417
2510
2601
2679
2719
2709
2642
2518
2372
2264
2197
2087
1833
1410
906
453
160
-9
-225
-657
-1298
-1972
-2502
-2862
-3161
-3516
-3936
-4311
-4497
-4439
-4213
-3940
-3690
-3454
-3165
-2776
-2295
-1796
-1384
-1142
-1057
-1015
-889
-658
-443
-393
-553
-821
-1039
-1111
-1074
-1009
-928
-794
-597
-392
-225
-91
24
138
294
537
843
1124
1321
1454
1572
1707
1878
2096
2352
2614
2860
3115
3404
3737
4075
4345
4491
4519
4502
4478
4429
4321
4169
4014
3859
3687
3457
3121
2626
1994
1336
764
288
-205
-827
-1590
-2405
-3169
-3846
-4462
-5059
-5616
-6044
-6228
-6115
-5745
-5232
-4675
-4145
-3663
-3190
-2672
-2079
-1498
-1038
-755
-567
-365
-112
127
266
263
133
-47
-198
-270
-275
-251
-245
-275
-341
-412
-467
-503
-519
-505
-454
-352
-187
38
268
429
522
616
802
1107
1505
1940
2359
2722
3020
3252
3425
3556
3689
3866
4088
4325
4537
4709
4833
4881
4828
4676
4476
4236
3891
3359
2647
1891
1217
629
7
-778
-1750
-2804
-3793
-4631
-5335
-5969
-6546
-6990
-7191
-7082
-6706
-6168
-5564
-4940
-4309
-3672
-3013
-2338
-1692
-1131
-652
-190
288
745
1081
1235
1197
1023
817
690
667
657
554
347
112
-81
-230
-381
-578
-812
-1001
-1058
-957
-748
-506
-273
-54
166
380
547
643
720
909
1333
2005
2801
3559
4182
4698
5150
5519
5774
5970
6242
6634
7040
7294
7323
7160
6861
6436
5855
5073
4048
2779
1328
-131
-1432
-2484
-3364
-4202
-5080
-6005
-6924
-7767
-8428
-8825
-8932
-8766
-8319
-7569
-6559
-5429
-4365
-3460
-2673
-1886
-1044
-218
462
937
1238
1451
1645
1873
2115
2267
2179
1767
1112
391
-189
-520
-626
-616
-558
-473
-398
-435
-637
-935
-1167
-1200
-1038
-783
-552
-354
-144
90
267
339
351
403
549
777
1116
1633
2357
3184
3935
4512
4938
5320
5695
6031
6285
6463
6601
6695
6704
6558
6203
5627
4816
3724
2291
580
-1194
-2780
-4090
-5188
-6181
-7109
-7953
-8688
-9270
-9617
-9629
-9275
-8619
-7757
-6711
-5420
-3848
-2104
-414
1023
2153
3009
3593
3853
3803
3582
3374
3283
3265
3210
2998
2565
1889
1016
41
-904
-1671
-2133
-2238
-2052
-1688
-1254
-814
-435
-191
-92
-62
-4
123
299
464
603
738
912
1105
1228
1234
1167
1150
1262
1521
1926
2503
3266
4152
5045
5816
6388
6724
6855
6883
6909
6968
7024
7013
6859
6478
5781
4664
3074
1073
-1110
-3188
-4973
-6433
-7624
-8598
-9383
-9994
-10422
-10624
-10556
-10216
-9647
-8879
-7861
-6500
-4752
-2714
-618
1258
2728
3757
4413
4749
4768
4509
4079
3624
3247
2953
2660
2230
1566
683
-317
-1299
-2157
-2799
-3176
-3284
-3132
-2727
-2113
-1410
-768
-286
30
232
346
392
399
452
611
853
1100
1290
1407
1462
1476
1500
1590
1784
2113
2605
3285
4109
4987
5800
6467
6946
7213
7245
7048
6689
6239
5748
5215
4609
3854
2820
1398
-415
-2467
-4534
-6396
-7937
-9140
-10045
-10675
-11015
-11059
-10799
-10242
-9431
-8467
-7403
-6171
-4642
-2775
-695
1389
3261
4771
5855
6530
6810
6692
6202
5479
4708
4014
3439
2951
2470
1863
1027
-3
-1073
-1991
-2658
-3075
-3270
-3215
-2820
-2072
-1107
-152
620
1141
1408
1472
1428
1357
1284
1207
1164
1233
1452
1776
2109
2356
2503
2607
2770
3050
3464
4020
4702
5447
6138
6692
7067
7230
7141
6786
6220
5516
4743
3929
3062
2062
837
-650
-2336
-4120
-5912
-7643
-9225
-10570
-11585
-12200
-12368
-12085
-11409
-10459
-9387
-8285
-7125
-5766
-4100
-2134
-26
2039
3911
5485
6687
7474
7825
7722
7184
6341
5405
4566
3883
3323
2794
2230
1584
847
44
-796
-1614
-2351
-2902
-3122
-2890
-2226
-1347
-495
184
654
911
976
906
743
508
242
68
111
394
829
1286
1707
2075
2405
2714
3021
3370
3796
4336
4967
5641
6291
6807
7050
6907
6403
5658
4791
3877
2949
2019
1047
-50
-1347
-2873
-4587
-6382
-8110
-9642
-10860
-11694
-12130
-12209
-11934
-11260
-10156
-8734
-7171
-5598
-4002
-2318
-514
1376
3256
5015
6548
7785
8661
9095
9021
8452
7489
6298
5071
3976
3078
2328
1637
941
228
-499
-1240
-1992
-2729
-3364
-3755
-3771
-3380
-2631
-1642
-570
382
1044
1336
1280
983
576
179
-109
-187
37
548
1218
1882
2451
2916
3296
3619
3943
4337
4849
5470
6138
6737
7136
7248
7068
6635
5980
5118
4100
3007
1905
792
-393
-1741
-3296
-5012
-6786
-8485
-9991
-11189
-12016
-12463
-12538
-12193
-11362
-10072
-8493
-6825
-5184
-3552
-1854
-50
1822
3676
5421
6963
8211
9078
9482
9368
8731
7663
6341
4951
3645
2512
1573
773
-5
-806
-1601
-2330
-3013
-3695
-4337
-4785
-4860
-4477
-3701
-2682
-1590
-567
268
837
1104
1054
734
286
-74
-172
48
530
1158
1824
2458
3049
3592
4085
4535
4973
5412
5852
6291
6700
6997
7088
6939
6583
6046
5327
4434
3407
2302
1158
-33
-1325
-2779
-4405
-6146
-7893
-9505
-10828
-11757
-12276
-12412
-12145
-11411
-10190
-8593
-6815
-5028
-3302
-1583
207
2080
3938
5648
7114
8296
9157
9628
9625
9107
8114
6758
5187
3593
2175
1055
198
-532
-1246
-1962
-2664
-3366
-4080
-4749
-5244
-5414
-5170
-4512
-3532
-2395
-1309
-435
183
589
817
859
732
535
435
561
958
1559
2264
2954
3523
3945
4278
4605
4948
5292
5642
6002
6362
6665
6815
6725
6375
5811
5073
4188
3187
2128
1060
19
-1010
-2117
-3417
-4940
-6598
-8225
-9661
-10766
-11469
-11757
-11648
-11110
-10095
-8616
-6809
-4909
-3112
-1481
93
1718
3417
5096
6648
7955
8925
9495
9657
9383
8621
7360
5722
3947
2282
894
-187
-1052
-1851
-2652
-3427
-4110
-4686
-5155
-5525
-5747
-5720
-5316
-4512
-3456
-2375
-1425
-673
-150
147
270
308
348
461
689
1034
1456
1929
2416
2888
3324
3751
4185
4611
4998
5359
5700
5996
6179
6226
6131
5893
5516
5011
4386
3650
2832
1982
1113
197
-855
-2116
-3611
-5261
-6932
-8463
-9721
-10615
-11111
-11217
-10930
-10212
-9033
-7467
-5684
-3886
-2183
-550
1116
2846
4568
6162
7537
8626
9345
9620
9417
8757
7693
6301
4711
3079
1579
326
-676
-1532
-2363
-3189
-3949
-4604
-5181
-5695
-6064
-6132
-5796
-5076
-4112
-3067
-2068
-1203
-524
-45
272
477
617
714
831
1032
1365
1820
2325
2787
3146
3439
3743
4090
4456
4826
5223
5643
6045
6356
6496
6423
6144
5705
5154
4508
3787
3015
2213
1382
463
-624
-1940
-3472
-5147
-6841
-8394
-9649
-10506
-10986
-11136
-10926
-10248
-9046
-7422
-5597
-3778
-2056
-379
1330
3064
4706
6129
7288
8168
8717
8820
8405
7531
6339
4981
3547
2119
796
-336
-1276
-2104
-2881
-3607
-4250
-4794
-5226
-5531
-5650
-5520
-5085
-4354
-3405
-2370
-1377
-527
127
572
859
1073
1270
1444
1594
1759
1975
2229
2474
2709
2968
3265
3574
3876
4196
4561
4961
5339
5605
5705
5632
5447
5191
4859
4399
3791
3067
2280
1463
605
-340
-1445
-2772
-4315
-5980
-7603
-9005
-10061
-10737
-11069
-11064
-10667
-9787
-8437
-6761
-4991
-3281
-1619
109
1965
3867
5654
7195
8390
9164
9475
9338
8797
7897
6697
5305
3876
2562
1455
543
-264
-1086
-1972
-2875
-3711
-4440
-5029
-5399
-5452
-5156
-4576
-3802
-2914
-1956
-1025
-232
338
687
880
971
991
955
917
935
1055
1272
1553
1879
2274
2734
3214
3653
4035
4377
4685
4941
5113
5197
5197
5134
4995
4752
4369
3839
3193
2468
1684
827
-143
-1299
-2701
-4319
-6008
-7580
-8894
-9864
-10453
-10666
-10530
-10065
-9246
-8056
-6546
-4849
-3110
-1389
360
2183
4032
5759
7214
8303
8966
9167
8916
8288
7375
6243
4926
3501
2099
845
-247
-1238
-2178
-3051
-3833
-4519
-5093
-5518
-5744
-5744
-5497
-5012
-4310
-3443
-2476
-1521
-702
-92
331
631
864
1043
1161
1238
1318
1457
1673
1956
2293
2681
3094
3477
3793
4076
4383
4702
4949
5063
5051
4965
4832
4640
4364
4011
3588
3082
2438
1627
685
-336
-1444
-2702
-4127
-5626
-7034
-8214
-9079
-9614
-9839
-9789
-9464
-8845
-7873
-6525
-4864
-3078
-1341
309
1960
3658
5317
6791
7963
8762
9150
9132
8759
8102
7212
6135
4915
3602
2272
1021
-93
-1108
-2114
-3116
-4025
-4744
-5254
-5573
-5719
-5671
-5397
-4878
-4142
-3265
-2354
-1524
-859
-385
-58
160
314
420
521
648
846
1127
1481
1856
2207
2510
2769
3003
3222
3435
3612
3719
3728
3678
3638
3620
3577
3463
3271
3011
2656
2167
1500
682
-234
-1190
-2201
-3310
-4537
-5820
-7026
-8015
-8687
-9025
-9078
-8910
-8541
-7913
-6931
-5556
-3875
-2070
-299
1390
3035
4639
6129
7383
8317
8906
9159
9096
8756
8170
7358
6304
5010
3548
2065
694
-540
-1705
-2868
-3987
-4956
-5685
-6172
-6437
-6460
-6182
-5613
-4837
-3973
-3098
-2257
-1480
-789
-197
302
712
1053
1325
1522
1644
1747
1891
2092
2298
2452
2544
2600
2649
2702
2766
2841
2917
2981
3032
3095
3191
3312
3422
3464
3384
3117
2633
1955
1167
355
-437
-1235
-2119
-3165
-4352
-5544
-6550
-7252
-7668
-7876
-7938
-7822
-7427
-6614
-5333
-3695
-1935
-227
1420
3075
4736
6283
7569
8494
9045
9279
9254
8963
8364
7426
6148
4552
2735
886
-809
-2289
-3631
-4888
-6031
-6978
-7670
-8072
-8171
-7991
-7585
-6984
-6198
-5260
-4228
-3174
-2161
-1224
-362
428
1128
1691
2087
2314
2401
2399
2361
2318
2264
2201
2134
2052
1954
1841
1751
1722
1780
1929
2144
2396
2665
2941
3210
3451
3636
3714
3603
3248
2655
1904
1082
222
-740
-1872
-3173
-4520
-5743
-6693
-7327
-7665
-7760
-7616
-7209
-6461
-5299
-3736
-1957
-207
1379
2852
4327
5802
7165
8276
9052
9454
9480
9146
8474
7452
6075
4399
2541
645
-1158
-2788
-4234
-5547
-6714
-7628
-8173
-8340
-8222
-7914
-7452
-6812
-5976
-4946
-3773
-2503
-1220
-33
957
1738
2376
2918
3326
3526
3508
3331
3090
2852
2641
2438
2225
2006
1812
1670
1597
1595
1652
1751
1890
2100
2425
2866
3355
3778
4053
4149
4028
3674
3098
2381
1598
776
-144
-1249
-2543
-3902
-5130
-6110
-6829
-7282
-7445
-7313
-6910
-6259
-5301
-3995
-2392
-694
918
2367
3710
4982
6139
7086
7776
8193
8307
8071
7426
6362
4906
3168
1264
-683
-2563
-4260
-5704
-6908
-7903
-8650
-9077
-9151
-8922
-8463
-7832
-7064
-6143
-5053
-3818
-2522
-1246
-39
1056
2000
2774
3340
3626
3587
3281
2871
2518
2300
2185
2097
1998
1923
1901
1918
1952
2019
2145
2325
2549
2845
3260
3786
4340
4803
5091
5176
5070
4784
4286
3564
2660
1673
668
-389
-1551
-2807
-4050
-5145
-6000
-6585
-6885
-6897
-6607
-6023
-5152
-4009
-2641
-1162
284
1605
2816
4001
5189
6282
7109
7550
7586
7251
6578
5568
4226
2610
840
-972
-2733
-4346
-5709
-6782
-7605
-8212
-8576
-8650
-8437
-7981
-7334
-6517
-5535
-4394
-3138
-1849
-589
601
1698
2630
3302
3675
3796
3739
3542
3232
2908
2693
2622
2603
2530
2373
2167
1972
1837
1810
1921
2176
2544
2963
3390
3796
4178
4508
4729
4788
4628
4230
3611
2833
1979
1118
293
-526
-1444
-2522
-3700
-4812
-5718
-6356
-6720
-6829
-6679
-6275
-5632
-4752
-3632
-2320
-966
289
1422
2545
3714
4833
5725
6271
6461
6316
5850
5041
3872
2398
757
-894
-2467
-3907
-5143
-6125
-6871
-7437
-7817
-7957
-7827
-7448
-6841
-6023
-5038
-3942
-2792
-1612
-451
643
1620
2432
3008
3322
3437
3468
3458
3381
3204
2969
2737
2542
2379
2236
2121
2050
2043
2110
2272
2553
2941
3384
3803
4137
4365
4488
4518
4441
4250
3930
3476
2892
2221
1552
955
395
-273
-1184
-2332
-3538
-4609
-5448
-6067
-6477
-6615
-6418
-5897
-5134
-4192
-3113
-1967
-859
131
1016
1876
2766
3649
4417
4976
5276
5268
4867
4024
2788
1315
-236
-1748
-3142
-4338
-5263
-5925
-6406
-6801
-7107
-7259
-7193
-6904
-6412
-5724
-4849
-3808
-2663
-1451
-193
1084
2279
3252
3932
4338
4553
4632
4605
4473
4252
3968
3642
3281
2905
2549
2254
2052
1981
2055
2250
2508
2762
2977
3141
3246
3257
3160
2990
2814
2674
2548
2403
2210
1938
1580
1166
733
200
-587
-1680
-2900
-3964
-4705
-5135
-5341
-5371
-5226
-4902
-4437
-3858
-3177
-2404
-1620
-930
-348
259
1041
1974
2854
3502
3872
3979
3783
3232
2356
1251
27
-1215
-2366
-3297
-3929
-4308
-4582
-4905
-5284
-5581
-5631
-5388
-4929
-4350
-3660
-2829
-1846
-768
336
1392
2328
3056
3516
3734
3797
3799
3744
3583
3296
2939
2606
2330
2085
1837
1619
1494
1494
1587
1732
1906
2071
2173
2179
2110
1996
1862
1722
1600
1531
1542
1640
1764
1776
1561
1104
460
-294
-1068
-1791
-2437
-3026
-3507
-3767
-3736
-3476
-3126
-2777
-2458
-2184
-1991
-1866
-1705
-1400
-951
-479
-56
350
799
1234
1505
1532
1360
1082
693
137
-591
-1390
-2123
-2732
-3219
-3592
-3817
-3892
-3887
-3894
-3925
-3888
-3686
-3285
-2733
-2090
-1378
-562
374
1328
2144
2722
3059
3194
3181
3086
2979
2893
2824
2744
2646
2549
2493
2518
2630
2809
3026
3253
3437
3514
3436
3217
2907
2530
2090
1617
1195
901
744
664
589
476
307
39
-378
-936
-1521
-1990
-2253
-2283
-2094
-1719
-1227
-711
-261
65
251
336
373
380
360
334
350
422
494
489
370
154
-133
-475
-871
-1286
-1664
-1968
-2211
-2430
-2622
-2762
-2843
-2901
-2946
-2926
-2788
-2545
-2257
-1960
-1651
-1348
-1073
-829
-594
-363
-147
62
287
527
727
839
830
703
509
327
223
201
256
419
740
1212
1763
2303
2766
3124
3340
3373
3202
2880
2513
2184
1901
1637
1402
1231
1116
997
813
525
113
-404
-960
-1473
-1888
-2162
-2254
-2144
-1848
-1423
-940
-464
-52
245
403
458
472
468
411
269
63
-157
-375
-598
-830
-1085
-1374
-1692
-2009
-2286
-2501
-2637
-2687
-2657
-2566
-2434
-2255
-2013
-1689
-1284
-824
-348
90
442
672
790
842
869
882
890
921
998
1079
1085
982
787
548
298
57
-156
-277
-245
-25
355
862
1471
2148
2819
3389
3787
3984
3981
3804
3490
3086
2647
2218
1837
1524
1256
973
640
255
-160
-587
-1007
-1400
-1747
-2040
-2256
-2346
-2288
-2072
-1736
-1325
-870
-413
-12
268
420
480
481
419
298
132
-93
-400
-787
-1195
-1565
-1859
-2080
-2255
-2393
-2481
-2479
-2387
-2221
-2002
-1730
-1410
-1035
-613
-161
267
633
936
1196
1410
1534
1536
1401
1151
839
556
357
237
127
-30
-261
-559
-900
-1250
-1543
-1695
-1653
-1403
-956
-326
448
1260
1985
2534
2893
3078
3108
3012
2832
2623
2420
2225
2010
1761
1464
1117
698
195
-371
-968
-1535
-2021
-2359
-2511
-2496
-2384
-2246
-2092
-1895
-1627
-1278
-870
-448
-97
136
265
328
335
256
63
-236
-599
-973
-1334
-1676
-1990
-2239
-2404
-2485
-2498
-2427
-2240
-1932
-1526
-1060
-551
-23
534
1123
1733
2307
2761
3044
3159
3159
3095
2993
2865
2723
2572
2396
2158
1839
1451
1040
645
256
-148
-548
-859
-1002
-940
-677
-263
225
714
1176
1597
1933
2125
2154
2066
1933
1780
1621
1452
1275
1041
717
303
-162
-645
-1147
-1655
-2145
-2558
-2846
-2980
-2963
-2824
-2601
-2342
-2081
-1820
-1544
-1274
-1042
-863
-702
-536
-364
-222
-161
-230
-430
-711
-1015
-1299
-1546
-1750
-1914
-2046
-2126
-2116
-1988
-1755
-1446
-1096
-719
-319
108
568
1039
1495
1923
2309
2615
2807
2891
2889
2824
2698
2537
2360
2187
2014
1837
1600
1237
748
216
-263
-655
-930
-1051
-1003
-826
-575
-273
67
426
756
1017
1188
1290
1352
1367
1297
1135
921
715
525
304
17
-313
-647
-964
-1269
-1559
-1808
-1994
-2114
-2185
-2220
-2211
-2154
-2057
-1929
-1755
-1518
-1231
-945
-711
-535
-389
-249
-138
-117
-221
-414
-636
-854
-1066
-1233
-1303
-1265
-1156
-1007
-833
-629
-393
-109
225
587
945
1298
1664
2053
2465
2874
3246
3519
3658
3667
3585
3440
3237
2976
2684
2393
2103
1782
1443
1116
818
515
196
-100
-330
-500
-647
-773
-836
-803
-664
-438
-179
43
190
261
264
173
-18
-295
-622
-957
-1248
-1451
-1582
-1698
-1838
-1989
-2124
-2258
-2411
-2578
-2732
-2855
-2945
-2976
-2926
-2779
-2541
-2216
-1822
-1411
-1045
-765
-542
-368
-252
-213
-268
-412
-621
-819
-953
-995
-960
-857
-702
-502
-241
81
432
747
998
1214
1444
1697
1964
2236
2542
2852
3110
3284
3414
3539
3632
3629
3497
3249
2942
2633
2353
2096
1852
1632
1441
1255
1050
814
549
254
-44
-287
-438
-492
-461
-344
-149
72
252
356
394
372
259
6
-375
-802
-1165
-1412
-1582
-1742
-1920
-2099
-2258
-2406
-2574
-2767
-2952
-3100
-3204
-3250
-3203
-3053
-2836
-2594
-2359
-2139
-1924
-1687
-1416
-1126
-841
-586
-399
-302
-271
-264
-264
-269
-255
-189
-54
130
340
553
743
912
1071
1227
1373
1509
1649
1818
2022
2245
2452
2611
2711
2774
2815
2825
2789
2712
2604
2473
2332
2196
2069
1931
1767
1567
1334
1078
823
582
343
101
-132
-319
-445
-507
-532
-537
-542
-569
-645
-782
-945
-1078
-1175
-1277
-1416
-1578
-1739
-1896
-2047
-2188
-2306
-2405
-2481
-2525
-2526
-2478
-2394
-2294
-2205
-2117
-1994
-1796
-1537
-1264
-1003
-750
-491
-234
-10
152
236
246
228
221
238
261
281
312
378
484
614
765
945
1147
1335
1477
1591
1692
1772
1804
1810
1846
1936
2071
2211
2333
2412
2437
2400
2308
2168
1999
1822
1645
1487
1356
1264
1181
1077
929
736
505
260
46
-95
-174
-224
-271
-323
-381
-446
-506
-571
-668
-816
-986
-1139
-1273
-1408
-1569
-1754
-1946
-2126
-2260
-2321
-2316
-2275
-2238
-2208
-2182
-2137
-2061
-1975
-1908
-1869
-1822
-1728
-1550
-1267
-901
-501
-122
204
430
513
461
327
163
6
-94
-101
-29
71
172
258
312
311
267
242
281
379
477
523
516
510
577
744
983
1238
1482
1704
1895
2028
2094
2124
2146
2157
2126
2053
1968
1882
1787
1661
1493
1298
1102
920
736
522
291
64
-140
-322
-470
-575
-635
-668
-702
-771
-898
-1068
-1242
-1399
-1570
-1783
-2018
-2215
-2327
-2339
-2251
-2080
-1865
-1670
-1535
-1452
-1382
-1318
-1266
-1207
-1084
-855
-542
-188
168
490
753
953
1103
1183
1151
1005
794
573
347
137
-13
-62
-41
-20
-31
-37
12
95
161
187
201
242
324
438
581
768
1017
1328
1673
2013
2299
2477
2513
2408
2204
1955
1706
1475
1271
1100
963
845
743
646
536
387
215
57
-86
-252
-473
-721
-931
-1054
-1100
-1108
-1113
-1114
-1116
-1131
-1175
-1276
-1445
-1689
-1969
-2226
-2403
-2466
-2420
-2318
-2225
-2145
-2014
-1812
-1591
-1411
-1265
-1114
-950
-775
-562
-283
61
436
798
1106
1342
1515
1626
1642
1537
1325
1082
895
797
751
717
680
636
569
458
322
203
139
127
151
202
292
404
518
621
736
884
1061
1250
1432
1580
1644
1610
1507
1386
1262
1127
988
855
725
581
417
259
117
-15
-160
-333
-540
-787
-1058
-1306
-1469
-1519
-1486
-1437
-1408
-1384
-1352
-1325
-1338
-1401
-1510
-1653
-1789
-1873
-1875
-1815
-1718
-1593
-1457
-1321
-1177
-1026
-884
-769
-649
-495
-308
-103
121
385
690
1022
1355
1664
1900
2032
2058
2018
1951
1870
1774
1650
1500
1337
1198
1089
981
864
760
683
624
572
548
565
609
646
673
708
752
785
785
765
748
740
713
654
567
469
355
213
57
-80
-174
-235
-300
-384
-467
-518
-545
-599
-733
-944
-1183
-1395
-1561
-1687
-1789
-1865
-1892
-1849
-1769
-1715
-1723
-1781
-1863
-1946
-1994
-1991
-1945
-1876
-1768
-1611
-1418
-1233
-1066
-895
-700
-478
-234
25
279
522
751
993
1248
1504
1745
1962
2128
2207
2205
2172
2138
2096
2037
1987
1953
1913
1841
1731
1595
1448
1309
1182
1072
968
870
775
688
617
562
523
491
473
472
479
465
408
325
250
187
122
56
-8
-79
-179
-301
-429
-535
-599
-640
-693
-763
-833
-901
-1008
-1178
-1386
-1579
-1719
-1808
-1871
-1934
-2009
-2084
-2149
-2196
-2236
-2271
-2306
-2330
-2337
-2313
-2247
-2118
-1911
-1628
-1316
-1038
-833
-684
-544
-380
-186
26
254
518
848
1230
1618
1947
2182
2299
2313
2269
2223
2211
2217
2218
2195
2155
2106
2038
1938
1806
1641
1445
1227
1002
785
594
464
396
356
285
172
46
-59
-135
-183
-206
-207
-214
-245
-303
-367
-411
-425
-431
-458
-515
-573
-585
-527
-416
-308
-242
-220
-243
-338
-504
-705
-871
-973
-1030
-1063
-1085
-1099
-1124
-1146
-1153
-1156
-1188
-1270
-1362
-1411
-1388
-1313
-1201
-1040
-824
-572
-330
-123
31
138
219
318
461
657
902
1172
1437
1657
1838
1999
2128
2204
2217
2199
2174
2145
2097
2017
1920
1819
1728
1644
1565
1481
1386
1274
1135
980
833
721
622
510
371
218
61
-89
-222
-338
-450
-561
-669
-769
-867
-962
-1048
-1134
-1220
-1297
-1325
-1299
-1236
-1169
-1114
-1083
-1084
-1138
-1264
-1445
-1638
-1805
-1946
-2073
-2175
-2239
-2271
-2276
-2252
-2184
-2086
-1976
-1895
-1855
-1829
-1772
-1666
-1527
-1351
-1133
-898
-699
-558
-438
-297
-128
60
259
464
657
836
1036
1279
1544
1790
1992
2157
2295
2407
2480
2515
2521
2498
2455
2414
2382
2334
2210
2009
1795
1627
1508
1388
1242
1056
839
612
418
290
212
123
-7
-135
-204
-215
-219
-237
-250
-243
-241
-268
-327
-406
-484
-535
-528
-478
-440
-457
-515
-580
-639
-701
-777
-874
-989
-1110
-1209
-1275
-1306
-1311
-1314
-1335
-1370
-1391
-1375
-1309
-1212
-1109
-1036
-979
-890
-736
-541
-350
-189
-54
81
247
456
704
962
1196
1373
1488
1552
1594
1639
1693
1763
1832
1875
1878
1857
1828
1777
1681
1559
1452
1386
1332
1251
1130
985
850
736
617
471
302
124
-56
-241
-421
-590
-756
-906
-1012
-1060
-1084
-1133
-1222
-1322
-1395
-1442
-1475
-1489
-1470
-1426
-1391
-1381
-1405
-1457
-1508
-1518
-1481
-1436
-1395
-1344
-1282
-1246
-1274
-1342
-1392
-1385
-1338
-1273
-1210
-1146
-1085
-1034
-974
-892
-784
-664
-534
-395
-257
-113
40
210
383
564
735
890
1030
1156
1280
1394
1521
1664
1810
1933
2026
2098
2136
2133
2102
2075
2043
1974
1849
1681
1525
1408
1352
1337
1346
1346
1319
1252
1139
986
812
649
509
387
261
115
-60
-250
-411
-532
-639
-770
-928
-1078
-1183
-1242
-1276
-1285
-1259
-1206
-1156
-1112
-1063
-1008
-956
-904
-847
-804
-788
-775
-752
-754
-821
-932
-1021
-1055
-1052
-1042
-1043
-1043
-1030
-995
-938
-870
-809
-767
-726
-652
-531
-384
-247
-155
-73
55
265
511
718
867
980
1080
1167
1243
1310
1359
1378
1370
1353
1344
1329
1292
1215
1107
994
921
919
953
966
931
869
811
768
719
644
533
408
302
219
134
28
-87
-196
-297
-392
-468
-536
-625
-742
-871
-982
-1071
-1119
-1118
-1085
-1044
-1002
-940
-895
-905
-955
-980
-938
-837
-707
-570
-464
-418
-431
-487
-557
-604
-611
-597
-578
-550
-508
-477
-461
-450
-434
-423
-400
-328
-186
-10
159
301
444
608
784
944
1068
1178
1271
1323
1342
1368
1437
1520
1569
1570
1530
1466
1399
1353
1321
1280
1225
1154
1073
962
831
688
533
375
216
63
-89
-231
-353
-459
-550
-615
-648
-670
-716
-795
-904
-1043
-1187
-1298
-1348
-1345
-1316
-1287
-1272
-1264
-1238
-1178
-1102
-1032
-972
-899
-815
-719
-629
-555
-510
-480
-451
-423
-405
-408
-439
-487
-527
-530
-500
-457
-420
-403
-399
-393
-355
-302
-272
-285
-302
-270
-165
-8
180
379
574
754
912
1067
1221
1369
1485
1563
1621
1684
1770
1840
1850
1784
1688
1596
1506
1393
1255
1118
1009
936
881
835
779
699
569
405
251
134
52
-9
-61
-127
-228
-361
-510
-650
-767
-872
-982
-1087
-1157
-1178
-1183
-1197
-1222
-1243
-1239
-1196
-1111
-1007
-906
-788
-631
-454
-303
-200
-123
-42
54
157
231
240
171
42
-115
-249
-322
-339
-344
-373
-420
-451
-443
-395
-331
-277
-248
-233
-214
-177
-110
-17
101
233
381
527
652
731
772
805
860
934
994
1014
989
944
884
808
718
634
564
497
419
338
279
246
211
127
-14
-177
-314
-402
-445
-453
-461
-510
-626
-777
-925
-1051
-1153
-1234
-1286
-1298
-1267
-1217
-1192
-1194
-1181
-1113
-1015
-916
-827
-732
-622
-494
-363
-252
-179
-117
-26
109
271
418
543
634
694
731
768
803
807
757
660
554
464
404
380
365
314
210
101
44
51
121
244
405
556
670
746
798
854
941
1089
1286
1492
1658
1780
1864
1918
1939
1921
1878
1819
1725
1555
1297
1000
718
468
213
-77
-387
-665
-869
-1002
-1088
-1159
-1237
-1325
-1401
-1423
-1384
-1333
-1334
-1401
-1481
-1529
-1541
-1536
-1504
-1425
-1294
-1129
-972
-849
-757
-677
-602
-523
-419
-278
-134
-39
-2
17
66
156
274
390
468
476
415
296
139
-28
-175
-275
-329
-346
-346
-344
-340
-336
-315
-267
-169
-32
106
196
234
256
287
325
367
432
531
642
729
795
867
945
967
903
801
726
676
611
523
414
278
100
-91
-244
-350
-431
-532
-654
-778
-882
-950
-972
-954
-914
-885
-889
-916
-937
-927
-878
-796
-712
-659
-644
-639
-611
-546
-445
-314
-170
-25
104
200
264
316
401
525
665
765
812
834
870
929
982
1004
988
957
930
926
954
996
1012
972
899
832
808
816
813
752
648
564
530
521
493
446
406
397
412
421
394
352
355
430
545
634
648
590
487
401
352
319
264
197
151
110
28
-118
-292
-442
-526
-550
-573
-643
-756
-864
-948
-1024
-1128
-1262
-1388
-1462
-1479
-1484
-1499
-1500
-1446
-1345
-1229
-1120
-1012
-899
-781
-674
-595
-547
-508
-454
-388
-309
-222
-139
-82
-51
-28
-20
-40
-78
-101
-100
-70
5
114
191
198
167
155
167
194
256
362
483
577
630
656
682
728
784
818
825
820
816
817
828
860
884
861
795
725
663
584
467
329
192
70
-31
-125
-233
-360
-482
-577
-631
-657
-694
-750
-804
-828
-835
-850
-875
-883
-863
-829
-794
-768
-732
-664
-567
-471
-404
-362
-322
-262
-170
-59
52
131
176
212
262
331
401
458
513
596
708
812
864
873
861
856
844
797
712
607
519
473
468
486
490
466
420
379
373
409
476
541
574
567
541
541
581
631
646
617
585
593
660
746
796
761
659
539
440
371
310
236
132
20
-70
-130
-213
-353
-528
-688
-813
-920
-1009
-1062
-1086
-1130
-1228
-1348
-1419
-1408
-1330
-1224
-1119
-1028
-960
-927
-920
-921
-905
-871
-825
-760
-673
-566
-456
-361
-305
-297
-310
-297
-235
-160
-104
-61
-12
24
10
-34
-62
-63
-61
-55
-28
19
58
62
47
45
81
164
290
444
578
653
668
658
646
647
677
749
857
960
1016
1018
999
997
1016
1041
1061
1063
1023
939
836
759
696
615
492
336
179
47
-49
-123
-195
-284
-375
-440
-464
-471
-488
-531
-614
-722
-804
-816
-760
-674
-584
-497
-427
-396
-407
-432
-440
-418
-389
-337
-239
-101
11
43
8
-27
-3
83
191
272
303
266
169
58
-13
-41
-50
-51
-25
12
29
16
-1
-1
17
48
79
99
102
109
123
133
125
125
150
187
217
249
291
321
333
336
355
371
365
323
261
202
166
153
150
137
96
32
-46
-132
-230
-331
-406
-440
-438
-408
-375
-380
-457
-576
-661
-709
-775
-890
-1005
-1052
-1024
-936
-823
-713
-618
-533
-436
-335
-240
-155
-73
12
120
251
390
497
547
559
562
577
596
615
631
615
551
475
426
399
367
337
330
326
293
230
179
178
227
287
330
348
373
411
439
430
384
345
338
365
408
462
514
545
535
495
459
448
450
427
366
301
267
263
258
235
192
137
78
3
-101
-224
-325
-384
-398
-383
-362
-354
-365
-392
-440
-507
-590
-694
-809
-917
-993
-1048
-1101
-1136
-1123
-1061
-975
-872
-731
-559
-395
-264
-155
-45
48
103
126
155
211
288
387
491
560
568
533
497
472
450
421
376
308
212
100
-26
-142
-224
-259
-258
-243
-204
-148
-87
-27
21
42
26
-4
-16
-9
5
30
76
145
208
234
218
174
120
56
-8
-49
-59
-47
-28
3
28
-1
-102
-239
-328
-336
-291
-262
-302
-426
-579
-693
-740
-747
-752
-754
-734
-691
-644
-623
-629
-635
-597
-504
-393
-282
-164
-19
148
317
473
595
675
728
769
807
840
876
910
921
894
843
810
819
856
889
904
917
935
956
951
912
859
823
815
814
799
758
694
620
572
577
622
663
672
649
616
592
560
484
346
194
92
57
43
-9
-106
-235
-360
-457
-509
-519
-513
-513
-534
-574
-629
-684
-718
-703
-648
-598
-590
-623
-686
-769
-861
-920
-930
-920
-924
-945
-960
-970
-975
-973
-969
-975
-976
-927
-818
-689
-587
-524
-472
-396
-265
-90
76
198
273
319
333
321
319
342
381
404
397
346
248
131
36
-10
-22
-14
13
55
98
131
163
202
236
248
238
209
179
165
161
148
102
44
1
-15
-11
-5
-9
-9
8
52
91
109
91
56
15
-33
-99
-165
-187
-129
-11
106
159
137
81
42
33
6
-69
-173
-254
-287
-295
-313
-351
-392
-413
-417
-406
-380
-315
-202
-56
95
244
395
532
618
633
601
580
614
698
789
840
838
801
761
736
717
684
629
578
558
566
573
547
502
452
419
391
360
329
316
313
287
213
103
-20
-126
-196
-218
-202
-182
-189
-247
-344
-444
-505
-529
-536
-537
-528
-517
-518
-525
-534
-557
-595
-606
-560
-478
-414
-397
-413
-438
-454
-458
-470
-492
-505
-496
-489
-504
-516
-495
-451
-420
-416
-426
-445
-456
-427
-348
-240
-149
-80
4
117
221
294
357
447
545
615
648
674
715
773
841
881
857
769
676
620
611
620
630
638
650
674
681
645
554
442
349
289
245
202
169
160
179
218
245
223
127
-34
-210
-347
-423
-450
-479
-534
-616
-691
-738
-757
-770
-795
-817
-819
-788
-719
-623
-531
-475
-447
-422
-381
-340
-311
-293
-274
-233
-175
-101
-46
-29
-33
-27
9
42
45
4
-77
-177
-270
-337
-380
-405
-403
-381
-342
-278
-160
0
152
257
317
376
457
560
644
684
682
674
701
756
809
811
765
709
676
660
638
597
529
430
298
169
75
22
-11
-45
-77
-110
-133
-143
-145
-141
-129
-108
-106
-155
-246
-332
-379
-382
-367
-347
-332
-327
-335
-354
-372
-388
-408
-434
-455
-457
-425
-368
-291
-212
-137
-53
51
171
278
344
376
387
382
332
234
113
30
14
53
108
152
190
227
263
290
319
356
396
422
426
398
346
291
265
278
312
342
362
378
389
384
365
341
318
285
236
176
114
55
24
23
25
-22
-122
-244
-364
-467
-553
-613
-637
-612
-531
-408
-304
-260
-285
-330
-356
-339
-291
-250
-250
-295
-351
-376
-364
-339
-324
-337
-364
-393
-419
-463
-535
-602
-616
-568
-519
-535
-614
-681
-659
-539
-378
-268
-237
-240
-210
-148
-100
-87
-91
-71
5
137
281
354
332
264
240
299
415
517
551
507
411
322
299
378
545
719
810
746
530
265
110
164
352
502
500
373
253
269
460
724
886
831
620
417
350
419
497
449
221
-79
-293
-340
-286
-252
-288
-355
-388
-377
-363
-371
-377
-309
-154
-5
28
-63
-167
-172
-59
107
265
396
520
655
819
1001
1142
1153
1047
937
917
922
795
453
-42
-547
-950
-1196
-1295
-1318
-1346
-1409
-1454
-1392
-1191
-886
-547
-211
116
413
658
847
995
1103
1156
1134
1039
883
696
524
387
247
40
-250
-565
-841
-1055
-1202
-1274
-1266
-1169
-981
-734
-505
-376
-355
-365
-305
-133
98
276
327
261
125
-48
-233
-409
-565
-713
-841
-906
-879
-802
-736
-723
-762
-819
-825
-723
-543
-364
-211
-30
186
353
366
216
2
-164
-246
-311
-417
-527
-548
-470
-405
-460
-627
-757
-712
-479
-186
24
115
186
338
585
847
1043
1171
1263
1366
1460
1509
1487
1425
1397
1413
1425
1380
1280
1199
1184
1232
1284
1315
1321
1309
1283
1276
1329
1432
1519
1502
1343
1079
808
616
466
173
-483
-1565
-2864
-3988
-4580
-4571
-4186
-3711
-3260
-2748
-2036
-1064
101
1302
2380
3248
3867
4192
4132
3621
2694
1492
165
-1215
-2603
-3867
-4798
-5233
-5178
-4709
-3857
-2628
-1121
455
1887
3044
3893
4478
4838
4974
4860
4503
3978
3381
2811
2383
2216
2397
2897
3381
3012
877
-3000
-7119
-9423
-9033
-7014
-5360
-5260
-6274
-6967
-6189
-3856
-757
2220
4717
6855
8715
10004
10224
9184
7295
5214
3133
579
-2917
-7039
-10697
-12784
-12844
-11161
-8414
-5235
-1998
1033
3469
4915
5367
5293
5250
5403
5423
4676
2676
-438
-3816
-6425
-7695
-7597
-6369
-4349
-1987
316
2364
4103
5528
6687
7651
8358
8616
8239
7109
5170
2601
-39
-2050
-2983
-2833
-1952
-823
168
722
416
-1113
-3549
-5640
-6055
-4624
-2550
-1408
-1931
-3578
-5010
-5021
-3312
-594
2086
4082
5270
5793
5827
5507
4941
4241
3404
2130
-2
-3009
-6203
-8497
-9031
-7580
-4666
-1308
1502
3258
4027
4167
4091
4109
4274
4324
3858
2560
301
-2712
-5729
-7681
-7885
-6526
-4388
-2260
-607
503
1348
2351
3747
5445
7032
7905
7591
6132
4159
2486
1664
1772
2446
3075
3029
1722
-1237
-5445
-9271
-10656
-8883
-5499
-3130
-3307
-5347
-7096
-6609
-3502
914
4709
6748
7156
6713
6071
5485
4951
4373
3517
1885
-1083
-5317
-9642
-12372
-12487
-10196
-6495
-2472
1069
3765
5636
6831
7408
7438
7103
6466
5239
3074
19
-3353
-6178
-7689
-7646
-6552
-5196
-3908
-2420
-435
1922
4265
6218
7540
8120
7959
7116
5738
4138
2707
1635
803
30
-664
-1009
-663
370
1252
627
-2057
-5504
-7369
-6424
-3814
-1995
-2468
-4515
-5981
-5152
-2057
1733
4464
5443
5213
4771
4750
5150
5536
5365
4211
1822
-1756
-5899
-9409
-11142
-10700
-8552
-5552
-2481
180
2299
3958
5237
6074
6355
5995
4954
3248
1005
-1522
-4000
-6071
-7466
-8055
-7803
-6695
-4813
-2423
159
2763
5244
7197
8085
7743
6640
5559
5001
4836
4437
3247
1399
-294
-981
-422
983
2560
3524
2975
303
-3885
-7557
-8547
-6498
-3425
-2036
-3415
-6185
-7798
-6559
-2735
1883
5375
6895
6799
5957
5071
4476
4138
3684
2478
-35
-3815
-7943
-10994
-11930
-10652
-7816
-4262
-663
2546
5106
6826
7569
7343
6434
5201
3751
1889
-483
-3049
-5244
-6685
-7341
-7321
-6620
-5192
-3176
-874
1428
3596
5524
6977
7633
7325
6301
5122
4261
3686
2959
1764
376
-459
-98
1506
3770
5809
6596
5140
1160
-4038
-7788
-7929
-4889
-1602
-1036
-3614
-6983
-8140
-5805
-1194
3192
5532
5735
4936
4285
4280
4759
5192
4901
3239
-91
-4630
-9042
-11742
-11882
-9784
-6507
-3108
-254
1805
3152
4040
4733
5383
5970
6227
5632
3673
337
-3628
-7051
-8993
-9113
-7601
-4996
-2102
228
1468
1705
1604
1974
3251
5178
7002
7937
7542
5830
3179
218
-2287
-3560
-3106
-1045
1813
4429
5922
5547
2727
-2149
-6975
-8823
-6380
-1594
1630
663
-3692
-8034
-9090
-5991
-481
4615
7318
7350
5726
3862
2873
3164
4190
4643
3115
-883
-6288
-10936
-12962
-11923
-8716
-4638
-684
2567
4834
6022
6165
5492
4547
3948
3783
3378
1879
-910
-4328
-7320
-9021
-9022
-7417
-4700
-1591
1209
3257
4509
5226
5705
6029
6070
5658
4724
3341
1725
149
-1161
-1988
-2000
-890
1266
3877
6223
7774
8011
6205
2002
-3533
-7847
-8629
-6009
-2801
-2134
-4655
-8051
-9188
-6657
-1617
3363
6238
6627
5596
4605
4604
5566
6553
6236
3675
-1015
-6501
-10802
-12422
-11159
-7972
-4175
-793
1644
3104
3957
4712
5648
6652
7247
6775
4725
1155
-3086
-6753
-8883
-9177
-7814
-5271
-2361
-95
954
1149
1523
2925
5302
7677
8802
8036
5750
2918
408
-1404
-2437
-2633
-1934
-491
1232
2700
3697
4456
5147
5181
3375
-687
-5531
-8504
-8133
-5676
-4066
-5152
-7963
-9680
-8184
-3725
1527
5263
6523
5898
4779
4362
4999
5967
5887
3635
-786
-6045
-10202
-11868
-11017
-8667
-5899
-3244
-803
1470
3701
5988
8172
9757
10089
8630
5363
1062
-2977
-5729
-7025
-7305
-6986
-6143
-4805
-3230
-1749
-315
1553
4202
7149
9129
9046
6950
3999
1500
65
-449
-542
-651
-901
-1103
-929
-128
1398
3531
5855
7532
7342
4298
-1225
-6917
-9772
-8560
-5186
-3147
-4365
-7550
-9544
-8092
-3412
2345
6785
8647
8134
6401
4751
3984
3990
3837
2416
-677
-4742
-8431
-10611
-10888
-9459
-6751
-3261
451
3875
6726
8942
10488
11091
10239
7616
3614
-733
-4409
-6976
-8476
-9002
-8507
-7065
-5101
-3194
-1544
268
2815
5961
8556
9195
7462
4380
1626
320
449
1176
1559
1167
217
-734
-1184
-809
547
2707
5046
6607
6387
3669
-1311
-6827
-10216
-9806
-6557
-3535
-3326
-5786
-8265
-7890
-3834
2207
7331
9365
8043
4874
2034
1085
2098
3691
4035
2100
-1824
-6454
-10240
-11995
-11313
-8570
-4558
-137
3965
7239
9479
10663
10747
9614
7275
4057
539
-2733
-5479
-7636
-9088
-9517
-8635
-6557
-3879
-1227
1227
3693
6123
7848
8041
6516
4032
1792
656
641
1050
1077
396
-730
-1771
-2196
-1577
290
3063
5818
7498
7385
5112
721
-4809
-9301
-10474
-7954
-4050
-2074
-3481
-6583
-8100
-5989
-974
4262
7130
6769
4269
1738
935
2253
4559
5977
5050
1506
-3665
-8702
-11871
-12255
-9976
-5882
-1086
3345
6667
8654
9552
9681
9085
7543
4931
1537
-2055
-5333
-8072
-10115
-11075
-10395
-7873
-4108
-286
2606
4418
5611
6506
6867
6316
4987
3564
2663
2287
1946
1176
-70
-1421
-2370
-2498
-1552
487
3229
5837
7376
7401
6158
4079
1184
-2675
-6866
-9646
-9468
-6756
-3924
-3204
-4569
-5956
-5352
-2546
956
3407
4185
3968
3873
4540
5779
6764
6483
4285
241
-4812
-9485
-12310
-12386
-9812
-5545
-858
3178
6021
7773
8877
9530
9364
7777
4541
131
-4484
-8336
-10831
-11702
-10804
-8193
-4481
-840
1600
2563
2797
3368
4642
6003
6537
5866
4316
2491
822
-559
-1663
-2436
-2749
-2507
-1660
-137
2009
4350
6132
6774
6355
5493
4549
2925
-344
-5011
-8905
-9492
-6433
-2320
-562
-2372
-5863
-7948
-6923
-3352
969
4480
6526
7194
6922
6245
5566
4831
3438
676
-3482
-7952
-11006
-11330
-8850
-4666
-247
3372
5842
7276
7890
7806
7007
5396
2902
-383
-4040
-7324
-9404
-9753
-8380
-5813
-2921
-532
957
1740
2307
3003
3791
4361
4494
4244
3700
2670
880
-1371
-3104
-3350
-2003
118
1928
2813
2887
2709
2751
3069
3418
3581
3650
3818
3834
2803
39
-3776
-6574
-6568
-4120
-1794
-2198
-5529
-9199
-9935
-6418
-211
5545
8388
7935
5608
3327
2297
2514
3058
2846
1319
-1302
-4252
-6589
-7538
-6782
-4626
-1891
506
2056
2895
3553
4330
4885
4472
2674
-94
-2828
-4649
-5306
-5093
-4500
-3956
-3716
-3721
-3599
-2841
-1126
1382
3966
5720
6170
5477
4078
2347
712
-147
352
2026
3719
4028
2448
-137
-2135
-2474
-1227
815
2900
4640
5793
6203
5948
5252
3982
1573
-2204
-6432
-9333
-9760
-8339
-6941
-6831
-7408
-6850
-4001
449
4472
6304
5785
4329
3739
4787
6752
8034
7296
4175
-637
-5774
-9739
-11447
-10601
-7745
-4002
-584
1805
3295
4557
6044
7472
8024
7012
4348
551
-3477
-6767
-8644
-8972
-8083
-6467
-4551
-2610
-753
1070
2888
4498
5480
5538
4825
3878
3124
2525
1747
667
-410
-1066
-1250
-1273
-1338
-1214
-531
713
2135
3432
4536
5364
5629
5117
4007
2627
908
-1664
-5185
-8499
-9742
-8174
-5301
-3781
-4964
-7572
-8796
-6683
-1614
4217
8555
10438
10261
8998
7456
5986
4580
3057
1133
-1478
-4775
-8156
-10543
-10970
-9174
-5726
-1680
2011
4833
6669
7598
7758
7231
5874
3375
-309
-4538
-8081
-9812
-9408
-7514
-5245
-3416
-2187
-1213
-36
1611
3583
5293
6070
5676
4466
3046
1828
897
265
57
357
829
805
-108
-1505
-2360
-1835
4
2183
3600
3907
3681
3737
4360
5147
5501
5131
3988
1850
-1542
-5715
-9108
-10033
-8211
-5193
-3096
-2852
-3620
-3754
-2293
459
3398
5532
6525
6770
6994
7506
7740
6660
3696
-742
-5566
-9643
-12187
-12773
-11268
-7920
-3524
709
3725
5215
5672
5829
5967
5732
4524
2101
-1225
-4787
-7870
-9817
-10101
-8565
-5680
-2494
-76
1202
1895
2890
4482
6089
6852
6388
4935
2985
938
-882
-2040
-2117
-1131
251
1115
1044
422
37
380
1304
2266
2809
2859
2650
2534
2776
3455
4460
5483
5929
4952
2072
-2152
-6135
-8362
-8595
-7976
-7875
-8617
-9207
-8140
-4585
865
6381
9979
10706
9059
6518
4545
3698
3405
2513
152
-3705
-8140
-11662
-12896
-11263
-7282
-2320
2044
4755
5661
5301
4328
3151
1974
921
-4
-980
-2212
-3660
-4915
-5429
-4957
-3803
-2590
-1716
-1057
-178
1205
2939
4551
5582
5882
5612
5038
4352
3609
2812
1960
1070
126
-870
-1746
-2107
-1580
-183
1632
3254
4239
4481
4242
4044
4321
5084
5836
5848
4640
2399
-78
-2095
-3758
-5713
-8031
-9627
-9157
-6619
-3744
-2526
-3324
-4559
-4279
-1970
1157
3421
4133
3919
3764
3976
4031
3263
1500
-931
-3663
-6483
-9066
-10716
-10651
-8567
-4920
-693
3078
5656
6779
6637
5689
4333
2660
530
-2104
-4898
-7159
-8223
-7890
-6462
-4439
-2183
102
2184
3747
4607
4956
5241
5718
6233
6431
6144
5516
4797
4046
3097
1867
566
-524
-1400
-2264
-3092
-3442
-2723
-662
2387
5439
7257
7058
5097
2611
1108
1437
3220
5037
5357
3588
396
-3018
-5952
-8378
-10211
-10719
-9100
-5682
-2195
-525
-1071
-2436
-2741
-1259
1133
2856
2957
1733
332
-151
626
2131
3383
3591
2544
507
-2096
-4844
-7265
-8794
-8875
-7256
-4305
-959
1805
3582
4570
5066
5016
4069
2052
-658
-3199
-4788
-5244
-4905
-4107
-2840
-1002
1218
3312
4857
5841
6509
6864
6439
4699
1729
-1546
-3890
-4534
-3551
-1611
509
2273
3413
3886
3894
3846
4061
4362
4177
3073
1227
-737
-2227
-2944
-2831
-1980
-672
688
1776
2550
3197
3790
4035
3400
1684
-665
-3010
-5154
-7265
-9167
-10124
-9508
-7605
-5493
-4110
-3423
-2533
-577
2396
5317
6860
6464
4680
2635
1155
344
-161
-712
-1379
-2065
-2681
-3206
-3577
-3627
-3085
-1722
333
2463
3930
4449
4251
3624
2549
896
-1173
-3055
-4055
-3909
-3009
-2054
-1447
-1065
-554
196
929
1381
1716
2498
4085
6061
7386
7211
5598
3567
2333
2378
3068
3245
2213
190
-2030
-3684
-4359
-3952
-2566
-539
1532
3004
3585
3507
3262
3173
3193
2965
2088
359
-2088
-4748
-6852
-7734
-7281
-6019
-4687
-3659
-2802
-1859
-951
-496
-597
-728
-255
716
1207
278
-1917
-3995
-4365
-2470
786
3772
5252
4994
3616
2000
826
341
405
650
601
-165
-1783
-3856
-5587
-6209
-5466
-3718
-1697
-98
752
1032
1237
1780
2652
3428
3581
2861
1512
86
-959
-1538
-1787
-1832
-1699
-1448
-1156
-692
332
2215
4625
6671
7460
6717
4841
2539
438
-1178
-2266
-2946
-3276
-3263
-2915
-2417
-2020
-1790
-1508
-859
200
1411
2267
2323
1428
-136
-1831
-3132
-3632
-3106
-1596
469
2434
3718
4103
3733
2927
2000
1165
613
473
654
687
77
-1116
-2144
-2189
-1210
-54
236
-622
-1953
-2664
-2145
-678
857
1690
1770
1672
2042
2981
3960
4246
3470
1834
-208
-2271
-4137
-5601
-6472
-6651
-6155
-5004
-3111
-419
2829
5915
7941
8326
7127
4882
2240
-271
-2318
-3797
-4810
-5451
-5629
-5157
-4005
-2368
-478
1559
3652
5470
6385
5792
3649
704
-1886
-3220
-3117
-2052
-824
-195
-632
-2070
-3801
-4775
-4280
-2475
-237
1500
2302
2327
2066
1963
2199
2677
3141
3268
2809
1780
493
-637
-1350
-1585
-1408
-963
-419
109
694
1548
2792
4191
5165
5070
3573
919
-2097
-4491
-5633
-5593
-5037
-4664
-4645
-4538
-3728
-1970
362
2464
3565
3361
2155
693
-198
-35
1011
2133
2278
858
-1740
-4317
-5748
-5737
-4787
-3612
-2660
-2021
-1571
-1103
-434
547
1790
3000
3738
3668
2803
1446
16
-1154
-1914
-2362
-2709
-3083
-3375
-3268
-2397
-628
1702
3885
5233
5475
4834
3834
3020
2698
2822
3004
2739
1778
419
-624
-759
43
1235
2147
2448
2282
1982
1767
1688
1725
1824
1888
1896
1947
2161
2535
2890
2910
2297
1011
-622
-2044
-2836
-2985
-2816
-2603
-2270
-1501
-145
1493
2757
2980
1927
-22
-2073
-3533
-4273
-4787
-5715
-7115
-8211
-7994
-6110
-3206
-466
1167
1497
1030
524
471
852
1235
1080
49
-1763
-3755
-5126
-5382
-4663
-3533
-2465
-1616
-928
-357
145
707
1509
2575
3591
4072
3776
2988
2238
1820
1612
1335
812
47
-776
-1330
-1271
-481
742
1844
2425
2558
2623
2867
3219
3484
3579
3517
3207
2471
1244
-174
-1244
-1592
-1280
-655
10
578
959
1068
986
990
1342
2007
2591
2659
2062
1028
-43
-816
-1171
-1243
-1280
-1399
-1507
-1442
-1157
-779
-491
-407
-484
-609
-693
-701
-663
-701
-985
-1540
-2178
-2686
-3072
-3562
-4289
-5021
-5285
-4742
-3443
-1728
-8
1367
2156
2327
2189
2263
2842
3654
3994
3268
1429
-969
-3151
-4573
-5137
-5015
-4366
-3316
-2096
-993
-95
816
2021
3522
4959
5812
5708
4586
2725
662
-960
-1665
-1470
-904
-637
-953
-1480
-1472
-442
1404
3333
4634
4961
4341
3058
1605
551
300
802
1463
1448
304
-1520
-2918
-2936
-1511
534
2101
2530
1939
1007
418
392
666
797
521
-80
-675
-928
-742
-281
160
322
42
-716
-1806
-2848
-3324
-2908
-1738
-374
650
1166
1396
1600
1733
1387
152
-1848
-3870
-5088
-5314
-5088
-5094
-5472
-5765
-5394
-4143
-2243
-160
1633
2817
3287
3230
3042
3064
3307
3434
3039
1929
318
-1310
-2529
-3223
-3476
-3334
-2774
-1834
-693
471
1543
2438
3054
3350
3431
3486
3562
3468
2924
1889
660
-307
-754
-796
-763
-841
-904
-704
-137
737
1803
2891
3697
3849
3209
2073
1085
748
1022
1378
1317
827
317
180
414
641
443
-292
-1279
-2030
-2206
-1822
-1145
-400
360
1117
1735
2000
1769
1053
-30
-1311
-2615
-3716
-4311
-4107
-3065
-1512
-8
979
1368
1509
1864
2569
3293
3393
2292
-132
-3308
-6197
-7884
-8102
-7305
-6273
-5530
-5016
-4244
-2789
-676
1562
3176
3710
3331
2644
2165
1930
1593
827
-340
-1577
-2489
-2842
-2611
-1962
-1139
-329
347
787
930
854
786
929
1280
1635
1743
1486
1009
648
678
1075
1615
2127
2601
3055
3396
3480
3300
3008
2721
2321
1562
406
-772
-1415
-1245
-506
246
598
564
495
742
1377
2203
2913
3294
3305
2982
2314
1279
70
-904
-1313
-1230
-1096
-1312
-1865
-2330
-2306
-1806
-1216
-858
-697
-492
-160
91
2
-431
-955
-1323
-1473
-1463
-1317
-1016
-577
-117
116
-178
-1110
-2359
-3276
-3388
-2881
-2471
-2797
-3776
-4632
-4533
-3256
-1305
490
1480
1561
1156
902
1189
1944
2768
3192
2910
1889
458
-824
-1513
-1541
-1203
-878
-784
-876
-925
-696
-90
749
1500
1912
1992
1926
1855
1770
1587
1285
933
649
482
363
207
77
235
879
1840
2597
2677
2059
1153
410
12
-168
-331
-574
-801
-838
-605
-200
168
341
322
285
459
939
1578
2051
2047
1477
553
-320
-811
-889
-809
-902
-1325
-1985
-2582
-2767
-2312
-1257
44
1087
1493
1221
608
171
258
769
1209
1139
526
-313
-1111
-1861
-2613
-3187
-3208
-2499
-1379
-498
-318
-710
-1070
-859
-54
846
1259
955
173
-631
-1094
-1053
-537
284
1084
1528
1424
878
243
-155
-258
-265
-345
-510
-645
-662
-528
-270
18
199
153
-67
-324
-513
-624
-620
-336
315
1220
2034
2467
2462
2236
2066
2027
1928
1502
747
-38
-506
-590
-522
-551
-713
-831
-749
-436
31
556
1071
1483
1698
1655
1427
1127
807
436
3
-439
-834
-1155
-1417
-1625
-1776
-1832
-1733
-1405
-803
-8
696
945
587
-145
-755
-848
-360
413
1025
1164
809
201
-364
-747
-1047
-1429
-1882
-2168
-2070
-1652
-1258
-1252
-1719
-2364
-2740
-2582
-1941
-1125
-485
-212
-217
-211
57
621
1311
1879
2136
1994
1513
910
503
536
995
1614
2042
2077
1782
1432
1269
1314
1372
1211
731
8
-742
-1277
-1404
-1036
-196
939
2020
2685
2792
2557
2367
2437
2596
2442
1723
550
-753
-1893
-2713
-3148
-3180
-2851
-2274
-1628
-1050
-559
-105
305
539
505
270
20
-139
-274
-514
-893
-1310
-1589
-1575
-1246
-766
-378
-223
-247
-308
-323
-300
-278
-228
-124
-7
17
-80
-157
-19
358
759
934
833
621
478
378
124
-369
-861
-940
-402
532
1400
1874
1954
1862
1786
1749
1655
1381
849
79
-755
-1401
-1678
-1608
-1383
-1206
-1151
-1110
-901
-453
135
663
984
1083
1042
926
712
359
-129
-664
-1137
-1463
-1631
-1669
-1580
-1337
-948
-532
-265
-243
-396
-568
-653
-685
-747
-851
-921
-884
-781
-749
-899
-1161
-1311
-1091
-438
434
1193
1637
1814
1872
1909
1952
1985
1946
1727
1231
476
-325
-824
-771
-238
469
1064
1463
1724
1920
2048
2060
1941
1741
1520
1284
1019
745
542
479
560
663
582
200
-390
-895
-1051
-791
-303
122
297
216
-12
-260
-381
-243
190
767
1220
1346
1117
688
257
-62
-284
-469
-685
-1003
-1499
-2158
-2865
-3453
-3788
-3832
-3646
-3334
-2947
-2498
-2031
-1659
-1468
-1418
-1369
-1190
-863
-494
-231
-153
-255
-466
-690
-821
-771
-523
-156
197
437
569
671
841
1119
1448
1674
1640
1325
877
492
243
75
-78
-194
-206
-104
42
151
225
326
547
922
1391
1846
2207
2478
2658
2715
2586
2263
1799
1296
867
590
461
391
309
215
184
274
482
749
976
1063
938
615
179
-250
-563
-689
-637
-459
-193
130
404
476
289
-44
-343
-502
-512
-443
-387
-420
-548
-711
-826
-853
-798
-702
-593
-475
-326
-138
60
231
346
344
123
-326
-809
-1046
-968
-820
-924
-1362
-1879
-2093
-1825
-1263
-772
-571
-585
-610
-553
-489
-526
-623
-607
-373
-19
269
435
569
760
986
1174
1263
1237
1103
841
390
-291
-1087
-1734
-1960
-1688
-1122
-605
-368
-348
-303
-61
361
825
1207
1448
1520
1373
966
389
-95
-197
136
641
941
844
499
247
317
673
1135
1573
1938
2170
2159
1815
1160
346
-390
-845
-956
-831
-636
-486
-401
-345
-267
-154
-22
103
194
229
156
-67
-438
-849
-1099
-1021
-614
-68
348
467
317
114
65
188
300
202
-165
-698
-1234
-1630
-1810
-1761
-1528
-1212
-951
-873
-977
-1141
-1231
-1210
-1130
-1063
-1061
-1116
-1169
-1145
-1003
-757
-472
-203
30
250
407
401
193
-97
-264
-208
-13
130
115
48
146
524
1046
1431
1506
1321
1078
913
837
790
755
747
778
828
905
1046
1307
1700
2141
2478
2577
2436
2188
1988
1896
1862
1789
1617
1340
980
579
247
147
362
776
1113
1141
832
385
49
-62
-13
66
62
-88
-398
-771
-1027
-1039
-870
-702
-679
-765
-795
-652
-379
-157
-148
-386
-753
-1085
-1278
-1357
-1422
-1559
-1778
-1996
-2098
-2016
-1763
-1407
-1028
-731
-628
-778
-1117
-1494
-1759
-1867
-1907
-2008
-2246
-2522
-2627
-2406
-1886
-1267
-760
-489
-439
-501
-562
-580
-578
-564
-481
-289
-22
266
575
933
1294
1496
1384
966
450
97
9
64
96
85
161
437
886
1384
1820
2145
2344
2357
2132
1716
1308
1089
1077
1132
1154
1183
1318
1594
1939
2249
2442
2484
2391
2213
2007
1817
1671
1543
1358
1036
587
123
-236
-454
-560
-570
-475
-337
-315
-527
-884
-1130
-1062
-719
-346
-203
-379
-764
-1170
-1440
-1531
-1480
-1357
-1226
-1137
-1112
-1121
-1077
-889
-538
-115
204
285
119
-188
-500
-734
-878
-980
-1092
-1213
-1276
-1178
-874
-438
-44
135
60
-161
-380
-539
-703
-967
-1316
-1621
-1727
-1561
-1171
-676
-199
191
461
591
570
425
241
129
145
256
389
483
535
576
661
808
974
1069
1037
916
806
786
865
995
1121
1212
1297
1453
1702
1941
2014
1879
1644
1422
1222
991
724
471
288
186
136
135
222
412
587
561
244
-242
-688
-988
-1182
-1339
-1452
-1469
-1346
-1112
-856
-677
-591
-550
-540
-616
-841
-1202
-1622
-2004
-2237
-2240
-2028
-1696
-1319
-902
-442
11
361
531
514
380
190
-61
-415
-834
-1172
-1274
-1101
-767
-425
-156
79
338
621
879
1065
1176
1221
1167
951
567
153
-101
-96
99
332
461
414
241
83
81
278
617
991
1301
1479
1465
1201
681
25
-558
-907
-1006
-944
-816
-682
-548
-390
-167
148
570
1053
1475
1694
1645
1373
990
596
281
98
74
170
286
313
241
189
297
593
930
1122
1085
888
662
510
466
512
583
587
447
154
-199
-486
-615
-609
-580
-657
-878
-1133
-1253
-1142
-846
-476
-135
130
289
333
271
155
52
-14
-104
-312
-682
-1131
-1512
-1689
-1611
-1322
-929
-578
-399
-433
-587
-725
-796
-870
-1042
-1302
-1557
-1704
-1713
-1591
-1362
-1066
-770
-551
-437
-385
-334
-264
-195
-178
-228
-297
-299
-177
38
247
364
328
139
-154
-439
-597
-564
-364
-71
225
457
631
828
1138
1543
1929
2177
2241
2119
1847
1527
1321
1341
1536
1738
1813
1773
1752
1875
2132
2391
2514
2482
2386
2309
2255
2154
1957
1686
1403
1144
880
583
294
81
1
31
91
78
-75
-337
-632
-894
-1118
-1330
-1545
-1741
-1847
-1842
-1784
-1757
-1800
-1894
-2029
-2189
-2334
-2398
-2343
-2200
-2050
-1960
-1941
-1964
-1988
-2012
-2049
-2105
-2160
-2191
-2191
-2156
-2064
-1883
-1597
-1240
-884
-594
-420
-384
-464
-574
-598
-485
-261
5
291
582
844
1003
998
863
717
703
858
1097
1279
1316
1201
1008
846
810
939
1197
1504
1753
1873
1881
1897
2046
2354
2704
2947
2997
2862
2590
2226
1832
1505
1322
1285
1316
1318
1260
1169
1087
1024
977
951
931
875
727
502
263
76
-54
-162
-292
-474
-695
-934
-1176
-1432
-1694
-1898
-1965
-1885
-1751
-1672
-1702
-1809
-1925
-1979
-1950
-1868
-1783
-1721
-1679
-1634
-1573
-1497
-1418
-1342
-1252
-1112
-896
-615
-314
-54
106
137
64
-34
-73
-38
-5
-68
-256
-480
-630
-657
-579
-417
-174
129
424
647
763
779
737
702
726
784
841
866
852
791
695
604
551
531
502
435
357
325
367
462
567
632
608
480
328
293
445
695
863
829
614
362
215
217
313
404
421
341
184
7
-105
-94
44
251
400
361
105
-246
-498
-516
-299
13
231
228
23
-268
-500
-570
-438
-173
73
138
-27
-319
-583
-698
-656
-522
-392
-364
-490
-737
-991
-1124
-1086
-926
-737
-583
-479
-410
-355
-289
-203
-100
14
135
236
278
252
182
112
45
-50
-192
-369
-518
-574
-522
-397
-267
-164
-80
-2
59
83
73
53
46
71
157
321
561
832
1081
1251
1305
1249
1128
1004
909
851
808
769
724
672
618
559
482
375
275
235
269
332
351
293
180
80
39
56
113
194
281
350
361
304
235
246
391
624
834
896
764
505
254
113
67
54
2
-106
-253
-407
-532
-607
-619
-591
-574
-614
-709
-800
-818
-766
-718
-765
-904
-1058
-1144
-1170
-1195
-1257
-1339
-1389
-1380
-1295
-1138
-923
-690
-501
-399
-382
-405
-430
-443
-455
-470
-483
-492
-490
-464
-408
-346
-318
-338
-394
-480
-574
-614
-536
-341
-126
-14
-41
-118
-96
81
344
570
664
616
473
337
300
393
561
721
824
880
918
946
958
958
982
1040
1108
1167
1213
1246
1255
1246
1230
1215
1199
1193
1207
1224
1196
1100
958
822
741
717
713
677
581
445
309
170
-4
-200
-320
-267
-57
185
321
308
200
86
24
-5
-64
-197
-400
-639
-864
-1044
-1166
-1232
-1227
-1152
-1063
-1050
-1124
-1197
-1168
-1040
-911
-868
-926
-1026
-1130
-1225
-1292
-1290
-1215
-1108
-1012
-939
-864
-761
-611
-415
-214
-76
-47
-109
-191
-209
-145
-51
-8
-52
-146
-212
-189
-69
106
273
395
481
554
645
761
900
1037
1139
1168
1105
970
825
730
686
657
627
652
782
986
1170
1275
1305
1267
1162
996
806
630
491
393
297
155
-22
-166
-221
-207
-178
-159
-141
-117
-80
-41
1
53
120
175
161
73
-40
-102
-118
-145
-221
-325
-399
-416
-387
-349
-340
-395
-520
-667
-769
-786
-751
-730
-783
-910
-1053
-1141
-1146
-1087
-1012
-974
-997
-1073
-1149
-1149
-1009
-730
-395
-101
86
155
122
50
30
108
250
374
423
384
276
151
85
113
207
303
381
442
474
476
471
510
603
713
777
740
611
467
405
468
615
738
743
631
486
389
353
347
336
296
200
25
-222
-484
-669
-703
-612
-481
-396
-364
-350
-308
-208
-50
130
287
383
399
342
259
218
258
374
506
579
543
415
270
188
210
319
444
501
452
335
237
208
212
175
59
-95
-209
-221
-125
37
201
293
271
139
-61
-281
-483
-646
-773
-888
-1020
-1155
-1240
-1232
-1118
-938
-723
-503
-294
-121
-12
27
21
6
1
-1
6
35
89
154
209
257
300
329
325
304
310
352
379
331
231
143
115
125
136
111
44
-50
-147
-207
-201
-141
-70
-33
-41
-77
-110
-121
-128
-159
-219
-290
-331
-309
-228
-146
-130
-182
-254
-291
-292
-251
-154
9
217
427
591
686
719
726
726
709
658
582
491
380
242
108
40
65
149
228
271
284
287
282
250
199
160
153
156
122
21
-120
-257
-344
-381
-410
-472
-564
-631
-645
-644
-683
-758
-804
-782
-735
-728
-764
-783
-734
-639
-566
-557
-573
-546
-443
-329
-273
-273
-262
-191
-96
-15
40
83
103
70
-10
-77
-59
49
194
308
358
347
328
373
522
733
921
1032
1052
1008
953
946
988
1037
1058
1044
1006
952
891
823
741
661
597
523
407
261
147
117
177
295
406
454
435
410
431
482
501
461
391
305
191
47
-65
-78
-4
77
104
61
-28
-134
-232
-308
-388
-510
-671
-832
-963
-1074
-1179
-1266
-1290
-1242
-1174
-1170
-1276
-1458
-1621
-1680
-1615
-1481
-1385
-1376
-1409
-1402
-1316
-1159
-968
-798
-703
-687
-696
-680
-627
-551
-444
-296
-116
49
164
222
256
302
379
484
599
711
804
851
847
821
820
863
938
1040
1170
1289
1354
1356
1341
1338
1328
1288
1207
1109
1020
951
901
854
809
769
721
658
558
437
281
132
-8
-63
-69
2
-30
-157
-411
-562
-559
-539
-609
-764
-645
-321
32
-13
-337
-620
-481
-8
464
487
19
-705
-1088
-847
-134
357
162
-581
-1060
-797
7
563
592
244
-100
-339
-370
-126
341
685
608
161
-154
-21
347
449
109
-300
-409
-264
-268
-544
-783
-591
-56
442
599
480
345
391
570
724
751
640
337
-106
-452
-478
-267
-112
-167
-309
-366
-274
-92
135
364
515
505
298
-22
-336
-554
-645
-612
-498
-346
-221
-164
-210
-306
-365
-336
-279
-286
-386
-564
-767
-925
-957
-849
-711
-669
-757
-859
-875
-806
-736
-703
-679
-624
-521
-384
-231
-83
53
151
179
136
101
164
344
539
652
655
602
548
533
570
644
708
721
703
693
709
726
732
756
836
948
1025
1000
881
735
651
664
701
661
504
300
140
54
33
55
96
111
92
70
84
121
116
32
-123
-299
-473
-605
-644
-569
-444
-371
-372
-397
-393
-360
-312
-243
-176
-149
-195
-284
-369
-418
-434
-412
-365
-275
-164
-59
-8
13
62
180
348
498
592
592
519
401
318
332
439
553
550
384
126
-86
-170
-155
-110
-67
-30
-1
16
50
114
191
224
186
82
-61
-201
-315
-399
-469
-527
-558
-560
-542
-514
-451
-317
-127
36
101
95
119
232
389
487
450
275
27
-185
-263
-197
-98
-90
-213
-377
-460
-411
-291
-212
-221
-280
-327
-333
-334
-387
-540
-763
-956
-1023
-951
-797
-617
-450
-332
-269
-225
-157
-60
44
101
90
11
-78
-139
-171
-214
-272
-318
-333
-307
-233
-94
62
186
246
275
295
312
319
329
375
469
598
735
868
968
984
899
772
690
682
720
741
704
614
521
490
543
661
798
900
922
859
749
640
557
503
462
427
390
342
268
184
127
113
129
159
193
209
170
67
-67
-173
-231
-278
-350
-434
-491
-517
-549
-600
-646
-657
-644
-650
-698
-757
-747
-616
-386
-151
-6
10
-86
-222
-329
-377
-378
-383
-427
-522
-613
-660
-647
-600
-540
-480
-431
-391
-370
-387
-445
-502
-508
-469
-422
-391
-369
-350
-327
-285
-235
-177
-119
-46
19
62
78
107
165
250
335
404
442
426
363
276
231
256
326
380
374
313
243
209
235
291
351
433
555
712
833
863
793
660
533
452
416
366
252
71
-123
-235
-209
-94
-24
-90
-237
-328
-283
-161
-78
-75
-84
-26
76
154
163
126
75
37
20
25
43
55
40
9
14
115
281
408
394
249
81
-25
-71
-106
-144
-169
-165
-167
-194
-227
-215
-141
-44
39
87
98
74
35
12
14
25
11
-46
-124
-187
-204
-173
-81
78
261
377
371
281
172
83
-19
-149
-281
-357
-345
-263
-162
-94
-74
-95
-147
-226
-301
-332
-325
-338
-401
-473
-492
-446
-389
-368
-380
-365
-289
-197
-164
-207
-252
-234
-157
-82
-63
-115
-213
-307
-325
-242
-98
45
140
171
155
147
206
324
438
494
500
479
436
366
289
229
198
195
198
190
168
139
123
138
199
268
286
242
170
119
99
107
116
116
112
106
87
35
-29
-87
-149
-227
-309
-363
-388
-407
-446
-502
-555
-596
-624
-645
-667
-690
-711
-706
-664
-579
-482
-398
-343
-313
-289
-226
-104
56
203
322
445
577
678
717
712
713
742
780
796
800
812
838
871
904
938
948
920
874
840
841
850
837
777
687
590
508
445
398
361
315
256
196
154
146
153
162
166
191
239
251
179
43
-89
-188
-282
-391
-493
-547
-543
-496
-439
-397
-374
-346
-309
-281
-287
-336
-424
-547
-686
-812
-904
-949
-962
-970
-987
-1011
-1011
-1000
-1004
-1032
-1041
-989
-883
-781
-730
-742
-787
-825
-826
-770
-668
-543
-424
-327
-257
-215
-193
-165
-118
-68
-53
-80
-101
-64
41
179
308
403
471
532
596
660
701
715
707
713
753
824
874
875
826
756
680
611
568
561
600
679
778
851
865
824
753
671
581
486
415
388
397
404
369
290
203
153
150
173
199
217
209
130
-39
-263
-450
-523
-474
-363
-272
-250
-291
-345
-358
-316
-237
-161
-119
-129
-191
-278
-357
-385
-339
-223
-94
-18
-49
-185
-350
-453
-453
-365
-240
-129
-88
-131
-202
-220
-145
-25
74
112
92
39
-23
-67
-90
-104
-132
-163
-170
-144
-113
-95
-70
-2
90
141
92
-29
-138
-167
-125
-64
-9
51
116
169
190
202
237
307
390
444
451
419
385
373
400
438
436
367
254
148
83
75
111
166
183
142
59
-17
-63
-88
-116
-170
-258
-368
-461
-512
-531
-544
-560
-562
-563
-579
-603
-596
-542
-482
-466
-489
-514
-526
-533
-516
-446
-326
-203
-105
-26
46
97
125
149
201
284
362
380
318
202
99
51
52
62
67
78
103
127
131
149
194
262
299
293
262
216
159
107
98
158
268
389
479
518
497
438
357
279
199
106
-6
-113
-163
-128
-30
65
109
98
56
13
1
34
109
171
183
152
128
139
171
197
208
215
230
259
268
224
122
19
-47
-89
-161
-268
-368
-429
-452
-451
-413
-345
-268
-198
-122
-38
28
50
27
-25
-82
-112
-110
-96
-95
-96
-85
-77
-103
-146
-159
-112
-29
33
41
14
2
39
109
174
203
193
164
147
156
179
191
195
216
267
308
305
256
200
170
167
179
190
201
206
204
182
132
41
-84
-209
-295
-332
-365
-433
-528
-607
-643
-637
-599
-533
-454
-388
-333
-269
-189
-122
-97
-116
-160
-215
-259
-277
-268
-254
-233
-196
-121
-12
115
232
294
282
225
156
73
-25
-114
-157
-170
-183
-209
-229
-226
-180
-79
73
232
344
376
328
246
178
157
175
214
256
288
294
279
249
206
164
154
187
216
186
94
-10
-78
-83
-30
42
77
79
74
72
54
22
9
33
95
167
226
255
260
251
227
173
75
-60
-197
-283
-290
-238
-180
-151
-147
-138
-99
-27
45
90
94
83
86
111
132
125
95
58
22
2
21
67
117
151
182
214
239
237
200
133
62
7
-30
-57
-62
-35
17
50
35
-29
-88
-90
-24
70
128
121
56
-37
-112
-120
-59
8
14
-48
-109
-123
-91
-62
-54
-43
-2
51
72
55
21
-15
-61
-113
-156
-166
-158
-172
-237
-333
-399
-397
-338
-261
-209
-203
-227
-239
-191
-94
-4
27
-7
-78
-158
-217
-235
-228
-219
-205
-151
-49
82
214
318
359
332
277
244
239
250
257
239
170
40
-101
-202
-247
-256
-244
-209
-174
-155
-164
-176
-176
-151
-98
-30
45
110
160
198
212
194
141
79
40
32
31
24
26
56
91
82
11
-90
-160
-168
-144
-145
