-8
-25
-49
-16
76
186
270
312
307
269
221
183
164
171
210
272
322
315
253
200
217
294
356
361
312
253
221
242
309
361
361
320
268
221
174
132
105
104
139
224
344
456
512
487
398
288
224
238
324
430
503
515
460
361
275
259
304
343
313
216
101
-1
-80
-136
-160
-155
-136
-114
-106
-132
-192
-259
-290
-272
-230
-184
-141
-87
-29
9
12
-22
-103
-229
-362
-454
-493
-517
-562
-635
-719
-777
-788
-741
-665
-584
-524
-488
-467
-445
-404
-348
-294
-279
-295
-305
-269
-186
-83
25
131
205
212
158
103
97
134
171
195
219
265
321
343
301
215
162
178
242
278
261
214
178
154
130
113
139
227
348
466
559
630
673
677
645
613
624
654
636
546
420
302
182
67
-25
-75
-108
-153
-220
-280
-299
-301
-319
-361
-383
-368
-342
-333
-341
-341
-331
-316
-299
-268
-240
-234
-260
-287
-289
-254
-194
-139
-117
-129
-141
-118
-62
-27
-52
-114
-148
-128
-102
-127
-188
-234
-227
-181
-124
-78
-58
-62
-86
-118
-121
-62
53
164
218
211
177
141
124
128
142
153
157
144
97
20
-42
-47
6
90
161
200
190
152
115
79
47
35
66
107
104
47
-29
-78
-97
-95
-82
-53
-14
21
44
60
77
88
91
98
123
151
148
105
48
9
4
31
85
157
236
301
314
267
194
163
191
231
229
172
82
3
-33
-34
-46
-96
-140
-137
-89
-35
11
60
113
168
209
233
244
272
305
302
238
161
132
171
232
273
276
251
215
169
123
82
64
46
-4
-115
-257
-362
-377
-319
-264
-260
-296
-331
-357
-391
-426
-439
-396
-295
-159
-31
51
75
72
77
86
79
44
-14
-90
-161
-206
-226
-264
-356
-477
-576
-614
-614
-580
-508
-410
-322
-272
-239
-216
-209
-203
-150
-40
80
149
163
161
184
216
201
136
75
70
99
108
77
31
-3
-34
-68
-93
-96
-55
18
81
85
33
-24
-53
-60
-54
-34
-4
18
22
24
28
32
37
48
56
46
18
-8
-22
-27
-29
-27
-34
-67
-113
-135
-127
-126
-146
-155
-124
-59
21
96
156
183
187
173
161
158
156
152
144
158
197
243
279
299
318
354
399
430
439
447
470
502
520
507
439
333
231
181
191
231
275
311
354
393
403
375
340
320
303
261
203
150
115
91
66
25
-32
-92
-140
-165
-169
-156
-142
-162
-225
-309
-381
-436
-482
-529
-570
-598
-612
-607
-583
-536
-458
-348
-243
-197
-225
-274
-289
-272
-243
-199
-129
-61
-43
-83
-137
-167
-186
-214
-246
-257
-240
-213
-205
-229
-290
-367
-427
-453
-436
-387
-306
-209
-106
1
111
218
309
356
339
278
227
218
243
276
303
314
308
289
264
250
267
326
410
472
466
391
301
254
252
246
217
174
139
110
72
15
-38
-45
11
89
135
133
111
97
100
117
140
147
127
77
24
-14
-46
-85
-130
-155
-150
-117
-58
15
83
110
85
46
38
54
44
-21
-97
-130
-119
-123
-167
-229
-261
-257
-261
-301
-364
-396
-377
-330
-277
-217
-161
-127
-123
-122
-108
-73
-4
103
217
284
282
250
230
243
272
290
271
206
103
-1
-79
-116
-127
-119
-88
-34
9
1
-40
-61
-33
30
113
201
281
324
320
263
184
125
95
69
17
-32
-32
8
41
40
13
-18
-48
-70
-110
-194
-326
-463
-555
-580
-569
-563
-577
-598
-605
-602
-588
-549
-462
-344
-230
-161
-127
-112
-83
-19
70
154
208
247
294
363
422
441
401
334
281
267
277
285
275
259
255
272
292
293
265
211
149
87
48
34
31
38
60
108
172
231
264
246
199
177
213
283
342
396
449
477
456
409
377
353
300
209
122
64
37
16
-15
-74
-170
-275
-356
-393
-387
-342
-272
-211
-186
-199
-234
-270
-299
-303
-278
-240
-206
-177
-148
-123
-104
-76
-36
-2
3
-1
13
26
-7
-88
-183
-274
-357
-389
-325
-186
-61
-16
-53
-118
-154
-126
-48
29
66
67
78
113
144
137
98
58
17
-31
-71
-68
-25
22
30
-30
-145
-270
-347
-351
-298
-221
-165
-156
-169
-149
-94
-51
-53
-68
-71
-64
-60
-45
-10
29
45
22
-20
-63
-80
-49
36
134
172
137
69
38
40
49
51
56
74
111
164
211
220
205
208
255
313
339
329
303
279
265
269
277
259
191
100
19
-42
-91
-124
-128
-127
-132
-120
-57
49
146
208
242
268
281
265
232
194
159
115
89
116
180
223
210
163
114
86
82
94
102
111
138
183
211
203
148
57
-43
-112
-135
-137
-122
-66
20
75
66
13
-43
-108
-180
-225
-207
-138
-76
-55
-84
-154
-240
-290
-266
-190
-123
-101
-105
-92
-56
-23
-15
-28
-32
-21
-17
-57
-128
-195
-237
-267
-296
-313
-316
-326
-364
-401
-408
-382
-342
-285
-194
-83
7
41
33
15
16
38
54
37
-1
-30
-42
-52
-69
-82
-88
-99
-126
-179
-239
-282
-299
-300
-293
-267
-224
-178
-131
-87
-64
-73
-96
-111
-114
-103
-76
-45
-27
-8
41
105
155
182
231
315
394
428
420
419
440
486
536
575
583
558
509
444
365
291
246
227
228
219
187
113
22
-45
-65
-54
-44
-40
-7
89
224
324
342
294
225
177
158
155
149
128
78
-21
-156
-307
-421
-463
-420
-331
-260
-224
-217
-235
-278
-306
-267
-169
-62
14
71
107
100
60
32
78
189
316
391
399
351
291
250
226
195
135
59
-24
-82
-93
-66
-46
-79
-144
-187
-174
-134
-129
-178
-241
-246
-170
-63
21
58
55
6
-73
-134
-127
-68
-7
20
10
-20
-39
-38
-25
-21
-38
-66
-97
-116
-128
-143
-180
-226
-251
-239
-222
-241
-288
-305
-284
-262
-282
-321
-345
-347
-344
-342
-335
-333
-325
-294
-228
-156
-103
-80
-54
3
85
152
163
139
121
129
140
141
124
107
99
114
140
156
154
143
148
169
202
234
259
268
271
272
276
275
270
276
285
292
289
285
277
265
249
234
215
189
148
105
63
30
3
10
54
92
67
-11
-73
-75
-22
52
128
176
174
112
11
-92
-181
-248
-274
-223
-105
25
102
118
108
102
107
102
95
62
-12
-129
-266
-387
-480
-532
-531
-466
-353
-247
-195
-200
-223
-226
-196
-138
-69
-3
38
51
48
52
54
36
2
3
67
176
285
375
427
429
405
390
385
375
360
354
348
320
270
211
172
181
233
273
253
168
68
-2
-22
14
103
216
298
291
196
54
-86
-173
-201
-197
-220
-269
-300
-298
-296
-320
-340
-327
-276
-218
-186
-206
-267
-327
-353
-354
-344
-329
-305
-294
-323
-397
-470
-502
-473
-389
-269
-147
-84
-94
-148
-166
-128
-61
-35
-65
-110
-113
-79
-50
-43
-39
-11
26
37
19
12
43
90
117
129
156
204
256
291
305
302
285
246
177
97
27
-14
-44
-73
-89
-78
-45
-27
-44
-91
-150
-185
-169
-106
-41
-13
-20
-47
-79
-103
-115
-130
-160
-197
-213
-199
-166
-138
-119
-99
-68
-20
59
176
310
405
413
359
300
278
303
362
434
475
464
403
326
269
278
358
469
553
593
616
620
592
534
479
456
482
549
629
690
696
644
554
474
431
415
399
369
317
223
69
-123
-287
-361
-358
-319
-284
-280
-310
-351
-345
-274
-190
-150
-188
-288
-420
-531
-585
-590
-586
-601
-627
-663
-704
-740
-740
-686
-604
-524
-461
-378
-263
-163
-142
-206
-285
-327
-350
-401
-480
-536
-526
-466
-408
-404
-443
-479
-482
-462
-433
-384
-313
-233
-161
-96
-31
20
43
49
75
111
133
131
141
197
276
345
393
447
517
589
642
652
599
486
360
290
297
340
376
383
350
271
167
69
-14
-99
-192
-258
-266
-212
-144
-125
-147
-169
-162
-163
-183
-178
-100
24
126
183
233
324
443
538
570
541
486
445
437
463
506
537
519
434
311
186
59
-87
-235
-344
-396
-399
-372
-334
-321
-366
-458
-519
-469
-310
-115
53
175
261
320
354
356
322
272
247
266
298
295
227
105
-39
-168
-250
-249
-162
-36
52
55
-3
-89
-195
-321
-413
-406
-306
-193
-111
-44
39
116
154
163
172
185
186
168
152
138
102
9
-119
-227
-259
-222
-176
-180
-241
-314
-383
-439
-471
-436
-322
-177
-73
-41
-47
-50
-19
55
167
295
400
453
450
425
425
467
522
545
531
488
410
272
86
-99
-238
-311
-334
-323
-305
-309
-340
-396
-453
-470
-405
-253
-77
53
104
100
84
93
139
195
213
179
114
39
-45
-120
-159
-164
-169
-191
-220
-233
-230
-223
-212
-196
-183
-193
-221
-234
-216
-182
-164
-159
-153
-127
-80
-29
22
73
117
135
119
90
93
148
221
252
221
176
162
175
203
254
344
440
482
442
350
261
209
208
228
244
225
171
87
-26
-153
-287
-397
-470
-494
-458
-384
-314
-290
-285
-255
-186
-105
-47
-26
-50
-87
-108
-112
-123
-149
-150
-105
-52
-39
-71
-95
-83
-21
72
171
243
263
245
214
197
200
215
223
222
232
266
299
306
296
285
287
300
334
383
419
421
398
382
383
387
383
364
346
341
363
394
404
377
323
257
174
82
-12
-100
-183
-256
-308
-348
-392
-437
-474
-498
-515
-517
-517
-529
-564
-602
-634
-672
-731
-807
-880
-939
-991
-1045
-1104
-1155
-1188
-1193
-1166
-1104
-1013
-909
-797
-688
-573
-461
-368
-294
-220
-123
-16
79
168
276
405
528
610
645
662
720
848
1025
1197
1331
1421
1460
1461
1453
1463
1487
1497
1471
1399
1280
1141
1016
919
828
728
625
552
518
517
537
571
589
558
472
357
228
86
-60
-194
-332
-513
-752
-1005
-1209
-1333
-1409
-1509
-1676
-1900
-2125
-2298
-2388
-2411
-2390
-2342
-2262
-2140
-1970
-1749
-1493
-1217
-938
-649
-341
-23
269
527
755
947
1086
1193
1290
1372
1416
1426
1437
1461
1484
1501
1519
1534
1538
1553
1597
1662
1713
1745
1793
1873
1961
2037
2112
2155
2138
2072
2014
2002
1991
1921
1762
1530
1293
1101
952
769
470
20
-571
-1231
-1874
-2413
-2836
-3168
-3453
-3696
-3868
-3932
-3870
-3712
-3470
-3167
-2825
-2501
-2252
-2104
-2049
-2025
-1948
-1779
-1558
-1344
-1141
-939
-756
-630
-552
-471
-351
-195
-21
158
324
466
585
681
741
777
850
993
1175
1309
1347
1306
1259
1276
1388
1576
1781
1963
2109
2252
2388
2476
2480
2435
2421
2466
2506
2480
2375
2230
2074
1938
1860
1844
1853
1832
1762
1658
1527
1372
1184
970
753
553
361
148
-105
-399
-714
-1026
-1290
-1468
-1587
-1748
-2052
-2501
-2978
-3347
-3557
-3660
-3741
-3838
-3944
-3989
-3914
-3703
-3417
-3115
-2789
-2400
-1952
-1512
-1144
-877
-695
-551
-387
-161
98
306
402
394
360
342
336
335
365
439
517
577
624
674
702
694
674
688
749
849
972
1086
1151
1174
1241
1433
1749
2103
2420
2671
2857
2989
3088
3180
3271
3357
3429
3467
3432
3286
3022
2695
2367
2075
1818
1573
1320
1052
778
510
255
13
-217
-431
-641
-839
-1025
-1183
-1304
-1383
-1448
-1593
-1904
-2381
-2891
-3284
-3499
-3609
-3717
-3871
-4027
-4128
-4136
-4053
-3897
-3664
-3343
-2922
-2435
-1957
-1574
-1329
-1190
-1065
-889
-655
-416
-215
-70
15
59
96
175
328
530
726
852
900
889
845
800
804
892
1070
1303
1541
1731
1842
1897
1962
2098
2316
2579
2813
2986
3110
3225
3333
3405
3451
3492
3521
3473
3316
3086
2852
2655
2480
2300
2112
1949
1806
1637
1360
951
469
28
-275
-460
-638
-937
-1418
-2063
-2784
-3453
-3982
-4362
-4649
-4892
-5096
-5224
-5248
-5152
-4926
-4558
-4058
-3466
-2846
-2262
-1771
-1395
-1114
-857
-569
-246
57
279
388
393
331
252
202
191
200
215
251
293
291
209
109
76
122
188
234
280
333
362
369
418
584
851
1142
1417
1684
1961
2237
2487
2710
2914
3137
3408
3703
3952
4098
4143
4107
4019
3907
3812
3747
3689
3597
3464
3313
3146
2898
2481
1885
1211
593
88
-343
-827
-1475
-2322
-3263
-4130
-4811
-5322
-5737
-6103
-6380
-6495
-6410
-6143
-5767
-5329
-4812
-4151
-3332
-2441
-1619
-951
-434
-10
371
748
1109
1417
1631
1741
1763
1719
1627
1499
1341
1163
995
858
733
586
395
175
-50
-250
-389
-429
-365
-239
-111
-3
103
229
396
644
1002
1429
1850
2226
2573
2905
3211
3481
3705
3879
3998
4071
4109
4114
4077
3977
3814
3615
3422
3258
3097
2883
2555
2075
1453
767
121
-419
-903
-1460
-2205
-3114
-4036
-4811
-5397
-5859
-6251
-6553
-6716
-6708
-6527
-6206
-5785
-5291
-4694
-3956
-3087
-2175
-1347
-685
-189
219
616
1035
1455
1836
2103
2190
2091
1879
1640
1421
1228
1052
884
716
542
336
63
-270
-581
-748
-722
-564
-408
-347
-372
-384
-290
-76
210
525
863
1242
1679
2153
2610
2991
3303
3595
3911
4232
4483
4625
4670
4664
4616
4492
4284
4051
3867
3728
3562
3296
2898
2369
1736
1062
427
-147
-726
-1385
-2161
-3023
-3905
-4728
-5418
-5960
-6388
-6715
-6886
-6846
-6613
-6248
-5795
-5229
-4516
-3648
-2672
-1676
-762
4
625
1150
1635
2093
2485
2762
2909
2942
2874
2711
2468
2174
1869
1576
1296
1019
760
529
288
-14
-371
-690
-900
-974
-971
-954
-971
-1014
-1025
-962
-823
-634
-395
-82
315
750
1157
1494
1785
2088
2437
2823
3227
3636
4006
4263
4341
4252
4091
3964
3955
4076
4264
4336
4069
3331
2222
1052
185
-196
-235
-363
-1027
-2390
-4178
-5876
-7059
-7608
-7694
-7570
-7443
-7388
-7375
-7277
-6940
-6218
-5050
-3500
-1777
-180
1053
1866
2405
2898
3504
4214
4857
5232
5211
4778
4013
3089
2218
1521
1005
619
325
67
-253
-712
-1287
-1832
-2173
-2216
-1987
-1593
-1163
-835
-729
-849
-1020
-967
-556
87
685
1062
1245
1357
1510
1770
2181
2744
3370
3911
4282
4535
4791
5080
5317
5421
5425
5418
5440
5428
5268
4799
3861
2398
581
-1193
-2550
-3406
-4025
-4782
-5891
-7280
-8648
-9646
-10066
-9943
-9471
-8834
-8107
-7274
-6287
-5109
-3735
-2204
-604
962
2411
3682
4716
5433
5776
5764
5547
5328
5217
5121
4826
4198
3311
2401
1663
1132
700
269
-149
-483
-682
-757
-758
-747
-773
-812
-779
-665
-544
-517
-592
-728
-855
-887
-774
-553
-333
-168
6
310
812
1499
2283
3045
3695
4243
4803
5442
6070
6525
6720
6676
6453
6088
5602
5016
4337
3483
2277
589
-1481
-3595
-5437
-6850
-7869
-8631
-9315
-10007
-10627
-10989
-10951
-10463
-9544
-8281
-6778
-5131
-3374
-1574
161
1751
3186
4449
5480
6228
6723
6960
6837
6272
5372
4395
3519
2737
1959
1141
319
-451
-1110
-1605
-1931
-2105
-2096
-1825
-1289
-639
-70
296
477
561
622
673
708
702
611
414
194
75
104
218
347
498
733
1133
1741
2522
3353
4135
4857
5562
6259
6872
7301
7440
7231
6711
6026
5327
4658
3931
2981
1644
-154
-2290
-4479
-6419
-7948
-9061
-9872
-10525
-11069
-11400
-11356
-10889
-10070
-8995
-7700
-6176
-4436
-2531
-578
1290
2964
4407
5608
6544
7173
7483
7468
7086
6299
5196
3978
2827
1799
877
19
-803
-1590
-2277
-2792
-3068
-3088
-2866
-2447
-1901
-1303
-711
-135
398
843
1123
1234
1216
1103
894
624
390
272
267
329
426
554
738
1071
1644
2470
3433
4408
5323
6161
6920
7561
7998
8145
7963
7495
6826
6055
5266
4430
3386
1936
44
-2130
-4333
-6344
-8006
-9269
-10199
-10940
-11512
-11779
-11614
-11071
-10287
-9307
-8085
-6588
-4831
-2854
-772
1249
3066
4624
5860
6713
7187
7354
7218
6679
5714
4487
3261
2214
1364
620
-121
-892
-1612
-2191
-2598
-2858
-2953
-2832
-2495
-2002
-1416
-765
-101
501
959
1230
1288
1148
843
439
20
-279
-346
-184
94
359
578
773
1018
1408
2036
2901
3923
4998
6072
7095
7976
8574
8750
8474
7839
7038
6220
5453
4682
3764
2510
809
-1272
-3508
-5642
-7497
-8995
-10149
-11014
-11648
-12012
-12032
-11666
-10950
-9938
-8658
-7147
-5464
-3667
-1791
141
2064
3882
5469
6701
7502
7863
7820
7390
6565
5403
4086
2845
1801
941
197
-464
-1045
-1530
-1900
-2152
-2308
-2387
-2377
-2237
-1917
-1387
-671
122
833
1328
1547
1481
1148
623
29
-475
-776
-780
-477
32
560
980
1298
1611
2017
2587
3364
4340
5477
6694
7870
8805
9295
9234
8652
7692
6532
5354
4258
3211
2061
651
-1054
-2988
-5014
-6995
-8788
-10286
-11438
-12224
-12603
-12513
-11967
-11080
-9986
-8749
-7373
-5842
-4165
-2362
-494
1389
3241
5004
6557
7743
8429
8547
8095
7154
5916
4606
3419
2423
1590
881
317
-92
-429
-808
-1265
-1712
-2053
-2231
-2218
-1968
-1467
-776
-29
625
1091
1343
1355
1075
506
-226
-946
-1538
-1913
-1982
-1723
-1239
-668
-73
566
1250
1965
2710
3535
4500
5625
6837
7971
8843
9315
9302
8793
7865
6678
5375
4025
2607
1073
-609
-2411
-4235
-5977
-7595
-9093
-10439
-11527
-12222
-12432
-12129
-11348
-10189
-8789
-7244
-5577
-3799
-1958
-128
1658
3369
4943
6297
7388
8174
8555
8407
7685
6520
5166
3886
2797
1846
934
63
-678
-1218
-1593
-1877
-2139
-2379
-2554
-2599
-2482
-2217
-1821
-1306
-696
-65
471
826
956
872
588
118
-479
-1052
-1428
-1517
-1337
-917
-266
571
1473
2331
3132
3931
4783
5691
6634
7535
8279
8751
8874
8615
7970
7005
5842
4556
3137
1530
-249
-2117
-3967
-5723
-7327
-8750
-9968
-10974
-11732
-12182
-12232
-11839
-11011
-9826
-8377
-6710
-4871
-2911
-959
898
2612
4192
5609
6814
7761
8401
8651
8422
7701
6612
5353
4079
2843
1643
528
-396
-1013
-1312
-1389
-1408
-1465
-1579
-1699
-1775
-1751
-1576
-1219
-683
-32
647
1237
1631
1744
1519
956
147
-732
-1446
-1848
-1900
-1674
-1204
-512
340
1230
2047
2786
3529
4375
5341
6338
7222
7875
8214
8184
7754
6957
5894
4662
3328
1892
353
-1277
-2943
-4596
-6196
-7702
-9073
-10266
-11237
-11908
-12197
-12039
-11412
-10328
-8845
-7055
-5108
-3145
-1268
487
2100
3552
4827
5934
6888
7661
8184
8326
7994
7182
6035
4715
3344
1960
647
-482
-1310
-1805
-2010
-2019
-1950
-1898
-1894
-1898
-1850
-1705
-1443
-1049
-521
128
831
1478
1934
2092
1865
1246
357
-548
-1227
-1570
-1602
-1367
-864
-132
719
1570
2370
3125
3869
4639
5466
6307
7057
7576
7761
7555
6969
6090
5035
3889
2668
1345
-97
-1651
-3257
-4846
-6342
-7688
-8854
-9841
-10649
-11231
-11498
-11355
-10730
-9584
-7945
-5964
-3849
-1776
174
1947
3515
4848
5945
6838
7573
8148
8443
8336
7802
6958
5905
4715
3406
2006
596
-669
-1615
-2163
-2354
-2305
-2164
-2044
-1980
-1915
-1798
-1612
-1330
-931
-424
131
682
1147
1424
1398
1001
265
-661
-1521
-2110
-2370
-2353
-2094
-1580
-843
23
910
1758
2546
3303
4094
4953
5843
6641
7195
7381
7147
6528
5627
4549
3382
2172
904
-472
-1975
-3533
-5050
-6448
-7693
-8773
-9698
-10471
-11038
-11292
-11135
-10505
-9388
-7839
-5983
-3960
-1857
236
2192
3869
5206
6230
7032
7651
8062
8195
8028
7570
6839
5846
4639
3291
1886
520
-676
-1577
-2126
-2349
-2327
-2152
-1921
-1686
-1479
-1276
-1034
-725
-363
38
488
985
1455
1744
1733
1402
854
227
-360
-844
-1178
-1311
-1191
-788
-144
652
1498
2312
3056
3750
4454
5198
5932
6539
6889
6914
6617
6061
5325
4456
3448
2261
880
-656
-2285
-3922
-5477
-6878
-8093
-9138
-10015
-10708
-11166
-11348
-11198
-10653
-9662
-8256
-6508
-4531
-2445
-385
1520
3187
4579
5702
6565
7177
7542
7672
7575
7231
6624
5748
4633
3349
2014
781
-242
-1022
-1576
-1905
-2011
-1933
-1754
-1547
-1348
-1144
-900
-592
-203
272
816
1347
1746
1906
1782
1400
851
244
-328
-800
-1095
-1139
-918
-484
85
746
1469
2211
2908
3539
4159
4834
5550
6191
6597
6669
6398
5858
5141
4304
3351
2269
1057
-261
-1647
-3078
-4528
-5960
-7301
-8504
-9532
-10378
-11009
-11341
-11243
-10615
-9467
-7918
-6110
-4162
-2159
-189
1641
3218
4480
5448
6202
6818
7310
7633
7687
7383
6680
5629
4334
2930
1552
332
-644
-1343
-1796
-2061
-2197
-2253
-2243
-2168
-2025
-1809
-1495
-1074
-552
25
602
1101
1448
1585
1468
1102
546
-94
-719
-1224
-1507
-1509
-1252
-814
-260
367
1034
1727
2449
3229
4084
4986
5842
6516
6904
6972
6743
6265
5596
4787
3854
2761
1485
44
-1521
-3159
-4791
-6315
-7668
-8831
-9802
-10547
-11018
-11154
-10890
-10174
-8998
-7423
-5552
-3517
-1439
567
2396
3984
5296
6333
7090
7594
7882
7981
7830
7359
6562
5503
4290
3009
1760
626
-311
-1016
-1484
-1745
-1860
-1902
-1931
-1950
-1913
-1771
-1509
-1148
-716
-233
242
625
843
839
571
29
-701
-1457
-2090
-2496
-2625
-2481
-2140
-1685
-1142
-466
374
1341
2374
3417
4435
5373
6162
6739
7082
7179
7014
6578
5897
5051
4102
3034
1779
314
-1289
-2920
-4485
-5933
-7237
-8382
-9369
-10180
-10769
-11032
-10847
-10142
-8922
-7281
-5340
-3239
-1121
872
2634
4123
5330
6279
6983
7457
7689
7667
7366
6777
5923
4861
3664
2401
1164
62
-809
-1405
-1741
-1864
-1836
-1728
-1602
-1509
-1440
-1363
-1202
-935
-571
-163
227
530
696
691
476
29
-615
-1309
-1899
-2285
-2461
-2434
-2213
-1827
-1310
-687
45
892
1853
2897
3963
4979
5870
6561
6977
7074
6854
6375
5709
4906
3981
2923
1711
341
-1150
-2699
-4254
-5764
-7180
-8446
-9510
-10301
-10750
-10815
-10484
-9732
-8534
-6910
-4954
-2816
-665
1332
3054
4463
5581
6443
7066
7447
7575
7454
7113
6565
5820
4895
3839
2718
1597
538
-382
-1087
-1537
-1770
-1885
-1958
-2010
-2023
-1980
-1865
-1641
-1289
-824
-310
188
605
875
943
775
369
-232
-927
-1587
-2107
-2432
-2545
-2448
-2151
-1670
-1018
-222
674
1651
2685
3729
4712
5565
6226
6621
6697
6429
5849
5044
4140
3228
2291
1256
81
-1212
-2574
-3954
-5306
-6599
-7815
-8911
-9795
-10354
-10488
-10136
-9289
-7998
-6336
-4380
-2236
-70
1907
3551
4819
5758
6446
6953
7300
7454
7388
7108
6628
5951
5105
4156
3143
2092
1064
154
-575
-1129
-1535
-1808
-1969
-2052
-2096
-2122
-2106
-1986
-1723
-1349
-914
-468
-71
166
146
-151
-669
-1309
-1948
-2475
-2820
-2962
-2900
-2638
-2202
-1605
-845
55
1033
2019
2995
3965
4878
5620
6093
6264
6165
5847
5375
4792
4102
3270
2278
1121
-168
-1529
-2892
-4212
-5478
-6697
-7853
-8875
-9659
-10102
-10136
-9706
-8804
-7476
-5782
-3793
-1651
447
2350
3986
5312
6277
6908
7271
7391
7240
6838
6266
5587
4835
4059
3305
2580
1859
1130
405
-270
-841
-1268
-1571
-1796
-1973
-2108
-2197
-2198
-2067
-1785
-1399
-952
-498
-114
85
41
-233
-670
-1188
-1689
-2101
-2401
-2554
-2504
-2206
-1672
-929
-32
939
1894
2808
3694
4521
5199
5651
5844
5777
5485
5028
4468
3838
3112
2233
1157
-87
-1411
-2729
-3996
-5215
-6399
-7546
-8569
-9331
-9730
-9739
-9353
-8560
-7368
-5830
-4026
-2059
-66
1806
3436
4762
5783
6534
7053
7333
7351
7113
6646
6002
5253
4477
3714
2954
2207
1518
916
372
-149
-642
-1090
-1496
-1867
-2191
-2437
-2547
-2477
-2206
-1813
-1382
-948
-494
-77
173
151
-146
-632
-1210
-1789
-2297
-2644
-2735
-2498
-1951
-1185
-295
662
1651
2631
3548
4340
4945
5318
5446
5352
5082
4705
4271
3781
3175
2361
1304
67
-1228
-2492
-3696
-4872
-6027
-7133
-8108
-8856
-9296
-9387
-9106
-8452
-7435
-6093
-4478
-2667
-766
1098
2795
4237
5391
6278
6909
7266
7309
7025
6464
5731
4935
4138
3356
2584
1832
1130
514
-10
-462
-875
-1235
-1515
-1719
-1884
-2027
-2110
-2084
-1922
-1633
-1232
-762
-290
103
330
330
98
-292
-748
-1201
-1597
-1873
-1952
-1795
-1411
-845
-137
659
1503
2358
3208
4013
4677
5096
5209
5054
4714
4286
3822
3285
2585
1658
557
-623
-1824
-3022
-4176
-5244
-6243
-7214
-8104
-8782
-9123
-9075
-8638
-7839
-6742
-5397
-3834
-2092
-277
1465
3031
4364
5447
6279
6835
7073
6962
6536
5888
5122
4342
3625
2984
2374
1755
1131
537
2
-460
-860
-1212
-1509
-1731
-1872
-1965
-2008
-1948
-1714
-1309
-802
-264
227
589
740
670
410
26
-417
-843
-1207
-1480
-1607
-1508
-1164
-626
34
768
1544
2308
3017
3631
4127
4480
4665
4668
4513
4234
3853
3304
2500
1399
101
-1233
-2478
-3599
-4590
-5483
-6318
-7100
-7743
-8153
-8307
-8221
-7880
-7252
-6358
-5239
-3905
-2353
-643
1117
2802
4303
5529
6425
6953
7062
6725
6023
5142
4272
3536
2960
2496
2073
1665
1275
878
402
-172
-788
-1361
-1846
-2192
-2344
-2288
-2064
-1716
-1249
-681
-91
409
731
858
810
610
279
-126
-527
-882
-1179
-1391
-1457
-1343
-1084
-737
-336
128
664
1281
1968
2678
3312
3787
4058
4136
4051
3813
3382
2678
1676
466
-800
-1988
-3051
-3986
-4829
-5618
-6350
-6991
-7524
-7921
-8115
-8001
-7530
-6725
-5632
-4299
-2765
-1071
720
2491
4091
5417
6452
7194
7587
7561
7134
6459
5709
5010
4401
3865
3348
2772
2100
1336
521
-323
-1161
-1906
-2435
-2693
-2691
-2484
-2105
-1612
-1081
-569
-100
339
744
1110
1392
1539
1530
1387
1161
861
495
99
-255
-507
-649
-689
-616
-376
64
657
1267
1754
2065
2250
2368
2435
2405
2207
1775
1081
200
-728
-1605
-2421
-3201
-3958
-4694
-5398
-6020
-6507
-6873
-7148
-7278
-7148
-6698
-5946
-4942
-3745
-2435
-1063
358
1802
3173
4353
5287
5953
6315
6338
6081
5665
5189
4685
4158
3609
3013
2349
1640
945
290
-320
-855
-1271
-1540
-1668
-1670
-1569
-1386
-1119
-760
-311
190
678
1104
1435
1663
1773
1747
1576
1288
912
465
-36
-542
-978
-1264
-1333
-1171
-829
-390
76
495
790
925
968
1046
1205
1353
1319
995
402
-326
-1064
-1770
-2473
-3188
-3890
-4533
-5074
-5496
-5814
-6058
-6189
-6115
-5767
-5182
-4462
-3672
-2789
-1765
-611
595
1757
2845
3872
4827
5616
6122
6274
6114
5759
5331
4909
4470
3946
3284
2519
1752
1087
566
158
-180
-459
-645
-735
-776
-812
-819
-710
-410
75
650
1210
1697
2088
2357
2473
2436
2248
1904
1426
907
451
84
-216
-460
-610
-657
-643
-637
-690
-812
-976
-1126
-1206
-1184
-1079
-962
-936
-1090
-1431
-1875
-2303
-2622
-2806
-2923
-3093
-3408
-3857
-4341
-4735
-4938
-4899
-4640
-4241
-3783
-3290
-2725
-2037
-1218
-307
614
1481
2263
2979
3644
4231
4673
4922
4996
4945
4792
4534
4182
3741
3197
2563
1918
1375
990
752
614
510
381
227
92
-5
-74
-86
34
325
745
1195
1569
1757
1710
1474
1146
776
354
-111
-561
-935
-1211
-1392
-1511
-1621
-1764
-1942
-2090
-2158
-2127
-2023
-1872
-1697
-1525
-1411
-1392
-1435
-1456
-1393
-1258
-1108
-988
-916
-888
-900
-946
-1043
-1195
-1377
-1554
-1713
-1858
-1992
-2076
-2040
-1842
-1510
-1109
-699
-284
164
665
1199
1719
2212
2703
3197
3642
3968
4114
4076
3898
3650
3367
3062
2750
2450
2149
1806
1388
910
432
23
-272
-435
-458
-338
-105
187
476
699
821
835
769
636
435
191
-48
-246
-428
-621
-833
-1059
-1308
-1585
-1880
-2149
-2333
-2414
-2403
-2330
-2211
-2077
-1959
-1853
-1747
-1630
-1517
-1407
-1287
-1152
-1018
-902
-799
-687
-563
-458
-410
-422
-482
-578
-691
-797
-889
-974
-1036
-1042
-965
-786
-503
-126
283
679
1066
1476
1906
2312
2670
2993
3284
3516
3674
3771
3835
3862
3814
3653
3357
2917
2349
1706
1071
523
134
-64
-95
-32
49
123
175
201
158
35
-164
-405
-667
-916
-1116
-1263
-1363
-1439
-1504
-1576
-1675
-1810
-1973
-2149
-2318
-2462
-2565
-2629
-2654
-2637
-2564
-2452
-2331
-2221
-2107
-1961
-1775
-1561
-1347
-1132
-923
-727
-569
-458
-402
-414
-482
-551
-557
-504
-442
-426
-456
-488
-473
-383
-212
51
395
787
1171
1521
1844
2157
2467
2772
3069
3354
3629
3902
4154
4342
4419
4374
4199
3892
3454
2913
2318
1738
1245
884
662
533
442
338
210
57
-121
-318
-538
-767
-988
-1179
-1348
-1490
-1585
-1612
-1585
-1545
-1523
-1537
-1604
-1743
-1960
-2222
-2459
-2626
-2720
-2756
-2753
-2720
-2680
-2639
-2604
-2551
-2450
-2279
-2069
-1867
-1681
-1501
-1317
-1154
-1021
-897
-739
-522
-280
-87
4
12
-1
19
89
227
442
733
1078
1443
1800
2108
2349
2533
2689
2838
2993
3177
3400
3651
3892
4069
4126
4052
3863
3578
3205
2763
2281
1780
1312
941
699
546
421
316
242
194
148
74
-47
-224
-433
-652
-903
-1207
-1521
-1742
-1811
-1757
-1665
-1618
-1659
-1780
-1945
-2155
-2441
-2793
-3138
-3390
-3533
-3591
-3594
-3565
-3518
-3461
-3377
-3234
-3008
-2684
-2290
-1866
-1470
-1134
-858
-607
-353
-106
95
218
290
368
500
676
852
986
1085
1196
1372
1636
1947
2242
2448
2533
2512
2451
2424
2483
2632
2841
3067
3288
3484
3614
3611
3443
3123
2692
2222
1775
1403
1104
863
682
591
592
651
718
749
700
546
297
7
-261
-475
-644
-788
-927
-1075
-1240
-1428
-1629
-1842
-2039
-2197
-2309
-2412
-2549
-2738
-2975
-3255
-3547
-3790
-3926
-3932
-3826
-3638
-3392
-3096
-2755
-2395
-2055
-1751
-1464
-1172
-853
-524
-204
95
374
630
835
972
1045
1084
1130
1230
1417
1669
1931
2141
2268
2303
2267
2193
2131
2120
2185
2326
2507
2706
2909
3120
3318
3436
3409
3214
2899
2539
2185
1857
1560
1306
1104
950
825
711
611
529
459
368
236
73
-104
-279
-461
-663
-910
-1197
-1475
-1697
-1860
-1988
-2090
-2163
-2241
-2388
-2628
-2921
-3214
-3473
-3674
-3793
-3839
-3841
-3825
-3794
-3729
-3616
-3440
-3171
-2773
-2257
-1699
-1195
-776
-411
-61
261
533
757
941
1082
1187
1291
1420
1577
1743
1902
2030
2103
2113
2058
1942
1797
1698
1720
1870
2067
2223
2303
2339
2369
2404
2431
2439
2417
2353
2239
2097
1949
1805
1656
1510
1386
1276
1170
1059
950
848
765
706
648
553
394
173
-82
-348
-612
-868
-1110
-1313
-1471
-1603
-1747
-1927
-2140
-2367
-2581
-2766
-2921
-3051
-3170
-3279
-3398
-3514
-3604
-3617
-3529
-3341
-3070
-2732
-2333
-1894
-1444
-1014
-626
-275
47
318
508
609
669
743
854
1011
1207
1431
1632
1764
1794
1726
1581
1406
1252
1169
1177
1264
1399
1557
1745
1962
2159
2273
2297
2290
2297
2312
2298
2222
2077
1866
1623
1400
1225
1111
1047
1017
1001
998
1005
997
942
840
707
535
318
82
-152
-386
-642
-906
-1159
-1405
-1657
-1909
-2132
-2297
-2404
-2485
-2587
-2749
-2956
-3168
-3350
-3494
-3601
-3650
-3617
-3497
-3282
-2968
-2563
-2098
-1616
-1183
-861
-641
-467
-284
-88
113
321
531
729
901
1078
1284
1502
1671
1745
1741
1698
1640
1551
1441
1358
1356
1439
1587
1773
1971
2155
2304
2421
2486
2472
2393
2296
2225
2145
2014
1830
1636
1462
1314
1199
1124
1077
1039
996
941
849
707
534
368
230
84
-97
-320
-567
-833
-1103
-1338
-1513
-1650
-1791
-1932
-2050
-2133
-2206
-2298
-2427
-2598
-2795
-2990
-3136
-3210
-3216
-3160
-3033
-2816
-2495
-2086
-1641
-1238
-925
-719
-583
-484
-404
-334
-265
-164
-9
214
479
723
900
1019
1124
1219
1276
1288
1289
1303
1340
1402
1490
1594
1712
1849
1997
2131
2227
2280
2280
2243
2180
2106
2012
1895
1767
1640
1515
1386
1267
1169
1083
984
878
797
777
815
856
822
678
448
185
-78
-346
-618
-883
-1133
-1377
-1632
-1884
-2104
-2281
-2410
-2491
-2518
-2519
-2535
-2593
-2711
-2884
-3060
-3165
-3148
-3000
-2749
-2437
-2091
-1729
-1371
-1052
-801
-608
-441
-294
-184
-103
-10
138
325
520
705
890
1079
1251
1370
1419
1436
1483
1601
1751
1879
1967
2053
2164
2285
2379
2428
2437
2405
2340
2263
2194
2119
2001
1829
1637
1469
1344
1245
1143
1022
905
824
793
803
841
875
883
852
775
638
428
155
-157
-458
-726
-984
-1285
-1641
-1994
-2272
-2444
-2536
-2594
-2662
-2759
-2878
-2996
-3108
-3208
-3288
-3321
-3263
-3105
-2874
-2629
-2404
-2190
-1961
-1705
-1439
-1195
-995
-851
-750
-668
-578
-451
-290
-123
28
174
328
484
636
796
985
1200
1421
1638
1835
2019
2197
2372
2524
2627
2671
2665
2625
2582
2546
2507
2439
2328
2197
2085
2012
1950
1854
1723
1595
1496
1411
1334
1284
1285
1326
1372
1390
1351
1235
1029
756
459
148
-187
-550
-922
-1273
-1594
-1877
-2111
-2289
-2421
-2553
-2701
-2851
-2948
-2969
-2947
-2932
-2938
-2927
-2867
-2757
-2619
-2469
-2312
-2153
-1996
-1848
-1707
-1563
-1415
-1276
-1151
-1036
-919
-792
-643
-454
-224
31
275
501
707
898
1097
1342
1632
1922
2170
2387
2604
2805
2963
3055
3067
2981
2799
2569
2333
2129
1982
1899
1869
1853
1826
1764
1661
1519
1382
1281
1232
1224
1252
1303
1343
1334
1246
1081
845
554
238
-75
-367
-638
-894
-1152
-1416
-1677
-1929
-2166
-2388
-2593
-2796
-2995
-3165
-3275
-3309
-3284
-3218
-3127
-3014
-2856
-2667
-2485
-2356
-2278
-2208
-2134
-2056
-1988
-1926
-1848
-1741
-1605
-1444
-1249
-1007
-739
-464
-200
69
360
673
1001
1337
1675
2000
2292
2556
2790
2990
3143
3257
3337
3375
3353
3270
3132
2963
2787
2617
2449
2285
2144
2029
1938
1848
1760
1679
1611
1563
1535
1533
1548
1578
1594
1572
1491
1330
1069
714
303
-107
-478
-793
-1054
-1283
-1507
-1751
-2009
-2260
-2499
-2740
-2989
-3220
-3389
-3461
-3420
-3277
-3074
-2872
-2690
-2521
-2358
-2227
-2139
-2062
-1969
-1871
-1799
-1762
-1733
-1683
-1591
-1481
-1382
-1305
-1219
-1088
-920
-740
-540
-288
28
374
713
1031
1337
1651
1951
2195
2361
2482
2585
2667
2718
2744
2739
2676
2546
2371
2193
2039
1922
1830
1737
1621
1487
1356
1251
1176
1144
1175
1273
1409
1516
1556
1537
1474
1361
1178
944
697
450
184
-118
-432
-732
-1016
-1296
-1574
-1826
-2029
-2188
-2327
-2458
-2556
-2606
-2597
-2535
-2414
-2249
-2087
-1966
-1890
-1819
-1732
-1637
-1586
-1608
-1691
-1781
-1821
-1793
-1711
-1597
-1466
-1322
-1178
-1047
-935
-824
-670
-449
-153
197
591
986
1346
1636
1864
2062
2244
2408
2531
2604
2637
2650
2641
2585
2470
2310
2147
2009
1890
1764
1608
1436
1280
1169
1122
1143
1213
1300
1378
1429
1437
1393
1312
1198
1039
823
586
364
140
-122
-409
-675
-905
-1120
-1332
-1533
-1725
-1913
-2092
-2239
-2347
-2418
-2465
-2483
-2453
-2368
-2237
-2098
-1994
-1950
-1947
-1944
-1923
-1909
-1927
-1938
-1901
-1822
-1767
-1753
-1749
-1701
-1597
-1456
-1293
-1108
-896
-641
-318
78
498
894
1249
1585
1916
2210
2440
2596
2679
2702
2693
2685
2698
2713
2707
2665
2569
2407
2187
1952
1745
1577
1450
1357
1296
1257
1259
1305
1365
1392
1367
1322
1279
1237
1180
1095
970
803
598
362
97
-195
-514
-850
-1171
-1446
-1658
-1841
-2023
-2198
-2328
-2401
-2438
-2455
-2435
-2373
-2290
-2225
-2181
-2128
-2051
-1978
-1928
-1901
-1881
-1854
-1826
-1800
-1780
-1734
-1645
-1517
-1387
-1267
-1129
-937
-699
-450
-198
83
405
749
1069
1322
1512
1678
1864
2054
2216
2332
2396
2421
2411
2391
2356
2293
2191
2051
1878
1704
1559
1449
1349
1243
1149
1093
1078
1078
1073
1061
1039
997
919
822
724
650
601
566
512
399
201
-57
-331
-592
-845
-1105
-1366
-1621
-1843
-2012
-2130
-2217
-2301
-2358
-2353
-2291
-2212
-2156
-2124
-2098
-2047
-1949
-1842
-1773
-1770
-1791
-1787
-1744
-1680
-1620
-1565
-1496
-1385
-1221
-1022
-798
-571
-353
-140
87
353
636
894
1093
1239
1368
1498
1636
1781
1929
2075
2206
2305
2362
2363
2316
2250
2184
2109
2004
1864
1715
1587
1493
1420
1357
1310
1304
1345
1414
1482
1513
1486
1397
1270
1148
1069
1017
944
808
619
410
191
-46
-287
-511
-727
-943
-1161
-1361
-1533
-1682
-1800
-1877
-1905
-1913
-1955
-2049
-2168
-2251
-2263
-2210
-2129
-2058
-2014
-1999
-2007
-2015
-2002
-1953
-1885
-1802
-1696
-1555
-1393
-1227
-1070
-911
-728
-515
-283
-57
157
382
635
907
1163
1375
1535
1662
1779
1892
1988
2031
2022
1984
1943
1894
1812
1696
1570
1471
1398
1331
1273
1245
1258
1293
1333
1366
1382
1355
1298
1249
1228
1207
1136
996
809
616
439
279
124
-47
-272
-561
-877
-1160
-1401
-1631
-1863
-2079
-2254
-2364
-2385
-2351
-2325
-2336
-2347
-2324
-2266
-2181
-2075
-1965
-1871
-1791
-1709
-1614
-1514
-1422
-1360
-1324
-1284
-1189
-1017
-795
-573
-396
-268
-150
7
210
429
630
817
1014
1227
1440
1628
1785
1904
2001
2086
2172
2251
2309
2333
2321
2293
2243
2165
2066
1975
1884
1765
1614
1475
1377
1308
1258
1247
1286
1350
1399
1403
1352
1253
1137
1026
911
773
611
426
223
11
-198
-407
-624
-855
-1082
-1286
-1465
-1632
-1821
-2039
-2249
-2389
-2424
-2393
-2380
-2427
-2494
-2515
-2466
-2387
-2322
-2284
-2251
-2200
-2133
-2066
-2021
-1991
-1947
-1851
-1699
-1534
-1391
-1256
-1086
-870
-638
-420
-217
-3
239
498
750
992
1235
1468
1651
1772
1875
1995
2117
2208
2268
2313
2355
2395
2421
2426
2390
2321
2222
2115
2009
1889
1747
1591
1456
1337
1212
1078
966
893
851
828
810
775
699
588
463
337
220
108
-22
-207
-458
-756
-1065
-1332
-1520
-1626
-1688
-1718
-1718
-1704
-1701
-1706
-1704
-1701
-1721
-1774
-1824
-1849
-1856
-1870
-1900
-1916
-1896
-1831
-1747
-1666
-1582
-1472
-1315
-1121
-906
-703
-543
-421
-302
-161
-27
75
157
269
429
628
857
1104
1340
1532
1652
1702
1705
1692
1674
1642
1595
1544
1516
1527
1578
1648
1700
1706
1680
1653
1640
1614
1549
1462
1390
1353
1332
1308
1266
1201
1111
980
789
549
304
108
-40
-202
-432
-720
-1013
-1261
-1451
-1584
-1673
-1746
-1814
-1870
-1893
-1878
-1833
-1781
-1760
-1773
-1793
-1790
-1788
-1798
-1795
-1735
-1619
-1486
-1382
-1339
-1357
-1392
-1379
-1276
-1099
-913
-772
-670
-558
-411
-268
-161
-62
81
285
528
793
1056
1285
1468
1611
1720
1786
1812
1817
1807
1795
1790
1794
1801
1798
1768
1700
1602
1507
1425
1349
1278
1235
1234
1254
1256
1223
1157
1065
975
913
882
832
715
542
363
208
51
-133
-348
-569
-753
-871
-929
-981
-1059
-1163
-1266
-1351
-1397
-1383
-1326
-1278
-1278
-1311
-1364
-1438
-1544
-1655
-1736
-1775
-1769
-1730
-1675
-1628
-1595
-1560
-1513
-1453
-1380
-1283
-1155
-1010
-862
-721
-578
-424
-259
-82
111
335
581
819
1026
1204
1356
1466
1531
1574
1610
1616
1575
1505
1441
1387
1329
1265
1212
1167
1114
1051
1014
1022
1054
1088
1113
1123
1086
1007
929
889
867
823
748
669
596
524
436
331
213
84
-53
-181
-281
-365
-469
-616
-786
-955
-1109
-1245
-1363
-1460
-1549
-1632
-1708
-1769
-1809
-1821
-1808
-1782
-1759
-1756
-1753
-1719
-1641
-1550
-1486
-1450
-1414
-1347
-1242
-1099
-951
-805
-657
-465
-215
65
343
617
910
1205
1464
1660
1813
1937
2034
2093
2116
2101
2040
1952
1859
1776
1682
1570
1478
1450
1467
1477
1434
1340
1220
1117
1070
1091
1130
1121
1058
969
902
852
802
722
613
483
329
150
-40
-209
-360
-513
-683
-827
-918
-966
-1009
-1072
-1137
-1200
-1282
-1407
-1556
-1678
-1739
-1740
-1698
-1637
-1593
-1602
-1653
-1684
-1648
-1557
-1470
-1432
-1431
-1421
-1384
-1346
-1342
-1355
-1355
-1311
-1204
-1028
-807
-578
-382
-228
-96
51
231
427
597
726
844
983
1136
1269
1362
1408
1402
1349
1272
1188
1091
988
902
854
848
885
947
1005
1025
1007
951
877
805
742
685
635
617
634
658
646
595
527
458
391
337
309
290
232
124
5
-91
-171
-274
-402
-532
-643
-735
-831
-926
-1012
-1054
-1045
-1011
-982
-966
-941
-917
-907
-901
-870
-819
-783
-777
-773
-749
-737
-738
-715
-618
-451
-269
-103
40
170
279
374
481
634
829
1026
1184
1306
1421
1540
1632
1659
1621
1551
1478
1421
1373
1323
1252
1169
1091
1014
934
841
757
698
667
643
598
529
442
346
222
69
-78
-155
-141
-78
-51
-104
-220
-350
-462
-547
-607
-665
-740
-844
-969
-1102
-1216
-1280
-1300
-1318
-1377
-1476
-1585
-1668
-1710
-1726
-1751
-1796
-1837
-1838
-1795
-1724
-1652
-1600
-1560
-1517
-1452
-1382
-1315
-1248
-1162
-1052
-929
-807
-669
-470
-192
138
447
686
847
962
1060
1152
1236
1330
1442
1552
1618
1627
1616
1606
1604
1581
1538
1483
1447
1440
1444
1438
1414
1386
1346
1282
1205
1151
1150
1187
1209
1178
1104
1022
942
841
712
580
455
332
208
112
48
-18
-120
-255
-394
-541
-701
-860
-993
-1087
-1142
-1160
-1144
-1128
-1125
-1133
-1134
-1140
-1170
-1206
-1236
-1263
-1295
-1303
-1266
-1208
-1181
-1185
-1179
-1137
-1068
-987
-894
-793
-679
-549
-383
-185
27
202
314
376
433
515
617
722
816
894
953
989
988
954
913
909
947
991
1007
995
980
980
998
1029
1068
1108
1111
1042
926
841
830
841
803
696
580
495
430
348
249
158
95
48
-20
-126
-250
-368
-478
-586
-684
-765
-845
-934
-1019
-1085
-1117
-1108
-1060
-996
-951
-930
-930
-944
-978
-1017
-1042
-1054
-1076
-1125
-1174
-1187
-1175
-1161
-1142
-1084
-972
-821
-653
-496
-370
-293
-236
-165
-58
87
245
417
578
716
827
928
1030
1133
1234
1331
1404
1442
1469
1496
1515
1483
1398
1282
1158
1026
892
806
789
791
730
610
520
505
529
536
509
477
448
430
426
442
463
458
394
258
111
8
-35
-68
-133
-233
-349
-460
-556
-632
-688
-729
-773
-844
-952
-1070
-1181
-1292
-1416
-1540
-1632
-1684
-1713
-1726
-1704
-1624
-1499
-1368
-1262
-1178
-1084
-956
-789
-608
-441
-317
-229
-163
-103
-50
2
66
150
240
322
399
474
545
610
680
769
870
952
995
1000
980
941
891
848
836
877
945
996
1011
1001
994
994
989
976
967
979
1007
1001
923
786
659
602
596
563
458
307
166
50
-69
-185
-276
-321
-342
-376
-447
-544
-623
-666
-701
-767
-846
-889
-885
-879
-896
-929
-967
-1011
-1034
-1007
-961
-949
-983
-1014
-1015
-995
-951
-854
-707
-557
-464
-421
-380
-292
-160
-30
78
177
311
469
596
644
635
647
713
807
891
967
1058
1148
1203
1203
1158
1096
1043
1021
1022
1029
1012
975
935
907
883
835
742
636
558
513
444
321
173
62
20
26
42
45
24
-28
-130
-273
-427
-562
-669
-737
-758
-760
-788
-849
-888
-870
-829
-825
-866
-911
-918
-892
-890
-946
-1042
-1113
-1129
-1122
-1138
-1185
-1222
-1224
-1213
-1231
-1262
-1239
-1137
-994
-873
-786
-721
-644
-533
-380
-205
-33
110
238
368
503
621
699
749
814
920
1043
1121
1117
1066
1037
1072
1139
1180
1173
1138
1116
1123
1134
1101
1008
897
815
782
779
784
763
710
646
596
555
500
446
432
486
571
642
655
606
523
449
401
354
268
124
-48
-217
-361
-479
-588
-701
-819
-921
-981
-1006
-1037
-1098
-1168
-1215
-1232
-1256
-1312
-1378
-1394
-1324
-1176
-1021
-919
-873
-819
-697
-506
-287
-91
69
209
349
491
612
690
710
697
696
714
708
634
516
428
418
452
484
485
475
479
494
521
566
623
645
613
551
500
467
425
355
286
274
348
458
516
488
415
347
283
218
161
115
42
-92
-261
-408
-491
-520
-522
-522
-552
-620
-701
-770
-822
-865
-893
-890
-841
-771
-745
-803
-910
-972
-955
-909
-903
-937
-947
-883
-777
-698
-700
-755
-778
-700
-543
-399
-328
-288
-195
-32
138
240
254
231
233
273
327
360
382
424
505
615
724
805
835
838
859
940
1071
1219
1331
1356
1276
1155
1107
1157
1221
1200
1095
980
903
854
795
700
573
451
370
334
315
285
224
138
43
-69
-205
-362
-490
-544
-537
-532
-567
-634
-695
-736
-766
-793
-795
-766
-716
-680
-681
-717
-788
-865
-907
-898
-869
-865
-880
-881
-836
-734
-596
-463
-373
-324
-286
-216
-86
77
189
168
46
-54
-45
58
180
291
381
460
534
618
702
770
823
875
923
941
921
881
846
820
794
759
724
677
614
531
451
392
345
290
234
199
185
155
98
28
-24
-41
-27
4
28
8
-83
-292
-612
-961
-1198
-1216
-1084
-983
-1046
-1200
-1249
-1081
-816
-636
-615
-629
-512
-180
275
640
752
641
508
511
641
777
828
742
514
183
-161
-424
-552
-551
-480
-439
-504
-666
-846
-947
-943
-876
-809
-740
-600
-347
-24
262
457
564
661
827
1107
1459
1752
1870
1790
1588
1343
1054
666
179
-316
-712
-1014
-1281
-1538
-1742
-1853
-1857
-1765
-1582
-1295
-874
-320
277
777
1118
1363
1581
1756
1815
1736
1580
1414
1261
1084
850
569
291
41
-182
-364
-451
-396
-198
72
300
403
389
390
553
868
1067
763
-228
-1692
-3150
-4161
-4515
-4310
-3910
-3719
-3840
-4034
-4005
-3631
-2907
-1835
-466
1049
2473
3567
4143
4189
3905
3534
3174
2761
2186
1379
358
-772
-1831
-2695
-3297
-3570
-3399
-2730
-1673
-522
382
852
974
1065
1427
2121
2952
3676
4146
4310
4171
3786
3290
2858
2657
2785
3209
3772
4261
4493
4368
3951
3504
3298
3215
2656
1046
-1560
-4411
-6559
-7427
-7133
-6438
-6200
-6650
-7188
-6990
-5756
-3773
-1520
714
2802
4634
5947
6383
5814
4597
3345
2414
1658
636
-1021
-3356
-5975
-8200
-9400
-9327
-8113
-6119
-3806
-1663
-29
1014
1650
2183
2901
3893
4940
5623
5598
4746
3151
1065
-1040
-2555
-3048
-2537
-1512
-619
-245
-285
-287
163
1167
2560
4094
5536
6690
7392
7509
6942
5741
4253
2952
1986
931
-808
-3357
-6087
-7985
-8330
-7305
-5942
-5276
-5399
-5451
-4531
-2454
247
2834
4750
5804
6066
5651
4630
3221
1807
636
-411
-1668
-3365
-5477
-7632
-9136
-9267
-7794
-5178
-2260
263
2095
3267
3934
4217
4226
4106
4022
3947
3578
2485
478
-2181
-4821
-6605
-6917
-5694
-3522
-1298
259
1000
1342
1924
3116
4763
6383
7532
8043
7991
7562
6890
5975
4724
3226
1832
810
-87
-1444
-3516
-5824
-7369
-7312
-5678
-3579
-2417
-2597
-3136
-2667
-703
2106
4659
6163
6489
6006
5106
3903
2448
1000
-145
-1079
-2241
-3967
-6091
-7985
-8895
-8341
-6386
-3581
-662
1786
3466
4325
4472
4153
3702
3346
3045
2512
1439
-293
-2505
-4741
-6445
-7165
-6728
-5281
-3306
-1466
-255
293
638
1354
2688
4320
5624
6127
5819
5046
4213
3546
2993
2304
1306
179
-721
-1337
-2092
-3367
-4978
-6142
-6042
-4487
-2308
-932
-1183
-2379
-2900
-1670
965
3681
5233
5182
4006
2560
1436
765
489
471
320
-535
-2362
-4769
-6878
-7817
-7172
-5189
-2618
-258
1456
2520
3162
3574
3823
3852
3581
2995
2118
949
-526
-2205
-3805
-4978
-5438
-5039
-3847
-2150
-401
1038
2061
2833
3617
4532
5420
5978
6056
5779
5416
5098
4677
3849
2441
736
-658
-1368
-1711
-2381
-3640
-4971
-5470
-4600
-2701
-930
-401
-1139
-1910
-1386
645
3211
5145
5885
5603
4770
3707
2494
1239
246
-320
-794
-1792
-3522
-5523
-6993
-7326
-6433
-4655
-2476
-244
1832
3532
4596
4898
4571
3878
3018
2058
1002
-159
-1419
-2743
-4023
-5076
-5627
-5342
-4058
-2027
93
1634
2361
2572
2819
3492
4516
5428
5712
5178
4003
2564
1210
131
-650
-1102
-1137
-893
-984
-2058
-4040
-5954
-6580
-5358
-2892
-762
-357
-1639
-3082
-3128
-1455
1061
3329
4676
4914
4153
2673
901
-573
-1197
-987
-721
-1361
-3183
-5532
-7296
-7629
-6381
-4063
-1406
1028
2887
3910
4014
3466
2797
2468
2574
2780
2537
1441
-445
-2544
-4113
-4644
-4055
-2588
-621
1428
3108
4009
3977
3322
2724
2751
3438
4302
4751
4531
3804
2938
2132
1325
431
-292
-434
-40
98
-878
-2963
-5140
-6128
-5320
-3285
-1493
-1101
-1881
-2456
-1768
16
1975
3449
4306
4606
4292
3279
1727
171
-843
-1348
-2013
-3414
-5322
-6852
-7239
-6376
-4705
-2752
-763
1236
3139
4587
5179
4801
3746
2553
1692
1285
1060
545
-525
-1971
-3230
-3726
-3158
-1622
444
2433
3807
4305
3971
3180
2502
2433
3013
3828
4339
4251
3571
2511
1368
403
-187
-205
384
1076
893
-799
-3530
-5921
-6619
-5196
-2555
-486
-314
-1734
-3171
-3311
-2060
-114
1806
3177
3546
2667
795
-1253
-2502
-2490
-1732
-1408
-2374
-4433
-6508
-7497
-6975
-5241
-2902
-450
1772
3397
4058
3606
2353
976
185
267
853
1177
641
-714
-2238
-3088
-2736
-1248
811
2740
4033
4542
4401
3919
3421
3182
3330
3761
4169
4257
3947
3361
2649
1929
1302
893
842
1101
1208
412
-1579
-4084
-5777
-5641
-3728
-1311
-109
-948
-2907
-4039
-3087
-484
2303
4057
4400
3576
2076
436
-875
-1554
-1607
-1470
-1851
-3211
-5286
-7170
-7874
-6936
-4634
-1708
1045
3053
4020
3919
2980
1653
534
122
472
1040
1032
49
-1570
-2979
-3373
-2471
-631
1392
2917
3656
3694
3300
2799
2488
2510
2788
3122
3310
3258
3010
2704
2396
2020
1553
1180
1191
1581
1756
847
-1427
-4215
-5998
-5746
-3759
-1510
-547
-1240
-2471
-2715
-1461
496
2101
3004
3450
3574
3143
1959
322
-1071
-1737
-1926
-2424
-3763
-5651
-7176
-7522
-6491
-4451
-1936
607
2804
4279
4766
4223
2926
1446
422
136
278
196
-550
-1834
-3048
-3504
-2875
-1376
401
1863
2681
2815
2438
1879
1529
1662
2252
2972
3401
3325
2894
2449
2156
1904
1576
1315
1420
1834
1848
574
-2093
-5013
-6530
-5719
-3187
-790
-268
-1750
-3552
-3713
-1750
1124
3361
4313
4282
3744
2847
1596
307
-427
-352
-86
-694
-2644
-5232
-7095
-7275
-5754
-3254
-602
1668
3310
4189
4237
3543
2435
1416
880
788
659
19
-1126
-2263
-2790
-2446
-1420
-134
1080
2114
2961
3457
3336
2547
1450
618
392
654
1016
1225
1326
1477
1646
1603
1204
669
533
1130
1977
1834
-207
-3616
-6564
-7330
-5620
-2868
-1164
-1587
-3257
-4215
-3306
-1094
1117
2619
3505
3877
3461
2048
116
-1267
-1322
-437
-7
-1203
-3832
-6465
-7602
-6709
-4271
-1166
1820
4100
5245
5102
3952
2484
1470
1315
1725
1886
1132
-473
-2193
-3178
-2954
-1591
399
2321
3628
4105
3833
3060
2164
1562
1471
1725
1900
1718
1311
1064
1232
1696
2105
2223
2109
2110
2550
3219
3159
1399
-1941
-5327
-6860
-5698
-2843
-593
-762
-3019
-5099
-4947
-2473
739
3093
4009
3766
2835
1558
228
-709
-853
-384
-223
-1300
-3585
-5996
-7280
-6915
-5219
-2867
-384
1914
3675
4462
4055
2756
1300
348
48
43
-159
-783
-1714
-2589
-2969
-2499
-1111
870
2852
4187
4454
3653
2288
1102
641
896
1372
1543
1300
956
870
1136
1624
2156
2585
2830
2977
3214
3409
2843
756
-2680
-6052
-7586
-6495
-3748
-1513
-1460
-3312
-5091
-4923
-2550
698
3217
4221
3888
2808
1480
236
-587
-746
-421
-380
-1410
-3531
-5804
-7001
-6487
-4513
-1895
589
2492
3629
3910
3409
2496
1727
1458
1582
1578
944
-336
-1714
-2478
-2287
-1275
200
1748
2935
3306
2654
1287
-9
-424
265
1499
2394
2499
2049
1604
1537
1908
2651
3647
4648
5253
5108
4290
3248
2235
870
-1382
-4283
-6606
-7024
-5296
-2698
-1232
-1993
-4093
-5373
-4375
-1520
1496
3259
3494
2775
1725
578
-557
-1346
-1470
-1199
-1376
-2555
-4341
-5713
-5903
-4865
-3045
-944
1083
2735
3685
3735
3085
2235
1565
1076
559
-100
-828
-1497
-2064
-2555
-2862
-2604
-1480
206
1503
1611
678
-240
-106
1156
2670
3419
3072
2097
1234
948
1209
1780
2594
3693
4807
5260
4556
3073
1882
1665
1816
954
-1544
-4614
-6299
-5500
-3021
-932
-748
-2103
-3194
-2612
-596
1470
2546
2671
2389
1865
833
-760
-2365
-3263
-3276
-2980
-3108
-3826
-4616
-4822
-4238
-3070
-1566
218
2185
3969
5034
5065
4204
2900
1579
496
-277
-807
-1262
-1790
-2402
-2934
-3123
-2784
-1963
-898
137
1020
1787
2483
3027
3249
3084
2689
2347
2235
2292
2323
2280
2347
2757
3450
4016
4016
3392
2616
2319
2643
2886
1935
-670
-4100
-6645
-6942
-4954
-2119
-422
-946
-2937
-4415
-3911
-1650
908
2420
2528
1711
626
-344
-1095
-1548
-1699
-1830
-2453
-3821
-5533
-6780
-6912
-5789
-3729
-1231
1217
3234
4517
4893
4420
3397
2192
1033
-29
-1046
-2091
-3177
-4217
-4999
-5225
-4594
-3036
-909
1108
2463
3066
3251
3403
3683
3925
3832
3279
2482
1784
1320
933
493
244
681
2037
3822
5054
5048
4073
3169
3161
3698
3332
919
-2969
-6146
-6599
-4235
-1089
305
-1052
-3811
-5463
-4464
-1376
1858
3671
3861
3167
2212
1123
-72
-1080
-1595
-1808
-2383
-3739
-5409
-6266
-5507
-3330
-657
1667
3392
4658
5515
5682
4907
3358
1562
-63
-1433
-2687
-3900
-4916
-5365
-4923
-3587
-1660
459
2348
3576
3881
3403
2664
2190
2158
2287
2047
1105
-339
-1643
-2181
-1752
-604
815
2134
3218
4116
4791
5000
4488
3412
2392
2107
2647
3166
2318
-571
-4561
-7507
-7705
-5288
-2151
-488
-1164
-3156
-4505
-3910
-1609
1136
3124
3779
3002
950
-1746
-3912
-4391
-2992
-814
513
64
-1746
-3607
-4348
-3645
-1975
-60
1565
2596
2816
2138
788
-648
-1530
-1538
-869
-115
101
-474
-1567
-2536
-2789
-2107
-759
693
1678
1873
1313
339
-535
-885
-568
231
1147
1836
2148
2148
2011
1884
1860
2025
2463
3148
3892
4401
4430
3918
3084
2366
2206
2666
3141
2550
195
-3362
-6401
-7238
-5509
-2477
-153
124
-1450
-3423
-4329
-3669
-1953
15
1687
2773
3021
2274
766
-782
-1513
-1102
-117
318
-576
-2541
-4485
-5261
-4374
-2098
832
3611
5595
6368
5815
4277
2457
984
-20
-867
-1892
-3150
-4436
-5421
-5797
-5336
-3981
-1971
115
1576
2091
1967
1850
2147
2684
2906
2424
1396
368
-220
-270
106
780
1602
2386
3017
3599
4324
5137
5630
5362
4344
3120
2375
2421
2903
2930
1627
-1140
-4483
-6973
-7560
-6268
-4160
-2648
-2519
-3444
-4300
-3977
-2128
626
3093
4248
3708
1810
-600
-2501
-3151
-2486
-1178
-266
-481
-1723
-3117
-3639
-2854
-1130
752
2202
3054
3354
3005
1751
-438
-2974
-4823
-5213
-4296
-3058
-2517
-2921
-3629
-3696
-2662
-908
707
1519
1488
991
424
65
137
795
1968
3274
4142
4132
3315
2312
1886
2311
3169
3747
3650
3123
2780
3067
3877
4652
4811
4209
3242
2509
2308
2354
1946
455
-2092
-4859
-6668
-6848
-5665
-4095
-3166
-3328
-4116
-4490
-3654
-1623
970
3443
5233
5799
4717
2151
-973
-3343
-4091
-3364
-2221
-1794
-2470
-3739
-4759
-4931
-4032
-2072
648
3348
4936
4633
2566
-268
-2577
-3542
-3185
-2233
-1540
-1609
-2431
-3552
-4253
-3848
-2105
476
2834
4000
3777
2853
2188
2284
2907
3463
3567
3308
2988
2729
2489
2331
2492
3030
3608
3712
3223
2627
2603
3327
4244
4557
3962
2902
2125
2004
2256
2303
1727
413
-1587
-4030
-6301
-7484
-6897
-4737
-2218
-891
-1522
-3398
-4833
-4547
-2708
-628
474
369
-392
-1243
-1934
-2282
-1996
-978
308
974
328
-1567
-3868
-5468
-5647
-4392
-2253
2
1647
2247
1899
1203
836
1008
1323
1152
165
-1445
-3166
-4492
-5047
-4629
-3306
-1512
136
1218
1829
2480
3582
4958
5909
5847
4796
3345
2157
1516
1252
1076
942
1054
1496
2047
2375
2460
2701
3589
5158
6784
7556
6937
5180
3104
1479
561
145
-75
-382
-1168
-2852
-5398
-7957
-9224
-8401
-5901
-3194
-1771
-2028
-3005
-3264
-2130
-140
1569
2238
1862
815
-642
-2351
-3957
-4795
-4320
-2638
-628
672
794
61
-827
-1319
-1245
-729
-32
552
809
667
257
-195
-534
-776
-1037
-1413
-1936
-2582
-3239
-3664
-3528
-2595
-901
1215
3273
4911
5992
6535
6605
6320
5833
5262
4628
3867
2875
1648
486
-75
342
1572
3041
4194
4820
5080
5255
5456
5503
5073
4007
2456
821
-517
-1373
-1853
-2232
-2775
-3609
-4702
-5878
-6790
-7040
-6456
-5342
-4309
-3933
-4305
-4888
-4747
-3324
-982
1190
2244
1987
958
-104
-810
-1198
-1442
-1601
-1706
-1902
-2340
-2937
-3327
-3123
-2268
-1138
-263
89
76
81
338
705
810
380
-502
-1453
-2028
-1925
-1151
-1
1105
1880
2225
2206
2017
1913
2076
2530
3173
3790
4070
3759
2864
1758
1001
1061
2037
3564
4973
5618
5237
4112
2889
2167
2204
2844
3631
3973
3422
1911
-192
-2186
-3324
-3193
-2033
-644
128
-62
-962
-2116
-3342
-4701
-6083
-7029
-7047
-6126
-4844
-4069
-4320
-5245
-5781
-4998
-2917
-462
1332
2021
1807
1105
216
-668
-1271
-1262
-587
299
717
383
-287
-573
-125
795
1686
2237
2419
2311
1920
1162
69
-1054
-1728
-1713
-1257
-887
-934
-1230
-1284
-701
470
1833
2935
3528
3604
3360
3101
3094
3414
3910
4293
4288
3801
2994
2208
1784
1888
2438
3134
3633
3711
3370
2782
2208
1853
1754
1757
1608
1110
274
-681
-1497
-2025
-2259
-2289
-2294
-2516
-3126
-4123
-5335
-6528
-7471
-7942
-7828
-7150
-6116
-4931
-3735
-2486
-1088
512
2165
3563
4389
4534
4115
3301
2173
824
-489
-1409
-1727
-1623
-1513
-1675
-1954
-1985
-1608
-1039
-587
-293
87
700
1285
1341
611
-614
-1657
-1938
-1371
-391
448
882
1010
1030
979
754
358
79
347
1337
2722
3906
4509
4606
4535
4519
4530
4416
4101
3603
2910
1936
625
-835
-2036
-2530
-2180
-1237
-223
442
644
507
179
-255
-706
-1064
-1269
-1379
-1530
-1850
-2353
-2913
-3314
-3387
-3050
-2420
-1794
-1602
-1995
-2607
-2704
-1907
-655
84
-316
-1516
-2434
-2055
-272
2055
3762
4254
3713
2691
1605
637
-52
-257
30
431
385
-340
-1390
-2149
-2285
-1984
-1635
-1407
-1152
-703
-147
246
309
184
206
565
1067
1269
922
245
-306
-459
-302
-40
259
654
1131
1539
1759
1868
2070
2416
2717
2680
2170
1334
529
88
96
344
498
355
-10
-332
-396
-164
244
643
838
668
107
-671
-1354
-1695
-1700
-1571
-1455
-1250
-769
-48
582
806
644
360
125
-181
-718
-1344
-1586
-1057
92
1208
1657
1314
632
231
426
1016
1515
1593
1257
728
185
-199
-232
223
983
1509
1176
-223
-2247
-4053
-4951
-4778
-3884
-2817
-2018
-1666
-1714
-1944
-2029
-1622
-582
841
2099
2659
2306
1226
-128
-1234
-1690
-1388
-571
290
801
889
773
732
846
950
822
435
-9
-301
-360
-206
135
591
1004
1163
934
412
-120
-388
-305
8
344
546
640
831
1318
2089
2963
3683
3991
3701
2879
1915
1263
1092
1138
960
389
-299
-702
-776
-821
-1018
-1173
-930
-229
503
644
-68
-1200
-2020
-2116
-1673
-1145
-816
-660
-577
-608
-869
-1254
-1393
-988
-184
437
312
-661
-2053
-3291
-4020
-4164
-3776
-2963
-1946
-1043
-513
-398
-472
-433
-190
58
53
-242
-598
-726
-490
-43
317
405
313
264
401
698
1029
1301
1537
1795
2032
2121
2020
1822
1639
1496
1337
1091
725
287
-47
-51
406
1215
2051
2560
2612
2330
1978
1800
1885
2110
2216
1996
1403
573
-203
-610
-515
-50
491
849
906
683
270
-256
-807
-1176
-1179
-821
-364
-151
-417
-1120
-1934
-2441
-2432
-1985
-1353
-776
-440
-462
-836
-1342
-1598
-1349
-734
-260
-422
-1334
-2600
-3573
-3782
-3272
-2520
-2049
-2050
-2374
-2709
-2775
-2424
-1644
-587
442
1085
1144
739
228
-40
68
435
803
941
804
503
206
48
135
506
1047
1483
1512
1089
555
441
1015
2018
2839
3004
2511
1782
1274
1179
1417
1816
2250
2607
2753
2599
2206
1809
1666
1876
2294
2663
2810
2743
2548
2269
1899
1476
1100
869
786
755
663
452
124
-339
-930
-1534
-1931
-1968
-1707
-1461
-1597
-2211
-2941
-3217
-2760
-1792
-862
-415
-604
-1278
-2196
-3099
-3700
-3679
-2940
-1867
-1203
-1512
-2687
-4000
-4636
-4249
-3127
-1897
-1062
-762
-863
-1160
-1408
-1346
-830
-13
700
897
427
-480
-1333
-1691
-1449
-803
-46
598
993
1116
1087
1092
1250
1555
1929
2267
2443
2379
2102
1776
1566
1496
1460
1352
1217
1259
1681
2487
3403
4029
4139
3826
3423
3177
3041
2803
2345
1774
1311
1100
1097
1114
983
725
501
456
609
854
1032
1014
773
338
-264
-1039
-1890
-2576
-2862
-2739
-2452
-2302
-2472
-2928
-3410
-3531
-3070
-2170
-1253
-712
-703
-1117
-1679
-2068
-2070
-1710
-1206
-842
-832
-1235
-1888
-2470
-2756
-2758
-2630
-2458
-2231
-1926
-1541
-1062
-493
105
659
1119
1421
1474
1283
982
726
600
601
685
751
699
531
381
422
724
1193
1637
1867
1859
1738
1672
1703
1791
1940
2166
2386
2406
2139
1755
1570
1753
2172
2486
2428
2023
1558
1315
1335
1464
1560
1600
1599
1514
1266
832
354
57
71
307
550
609
431
138
-62
-100
-179
-621
-1552
-2751
-3812
-4412
-4497
-4252
-3993
-3947
-4085
-4103
-3658
-2685
-1482
-539
-226
-563
-1232
-1778
-1904
-1604
-1078
-589
-352
-501
-1049
-1837
-2579
-2988
-2941
-2571
-2171
-2005
-2133
-2356
-2324
-1744
-635
639
1579
1909
1777
1609
1751
2222
2782
3136
3106
2705
2113
1577
1290
1344
1687
2091
2241
1963
1372
829
719
1219
2169
3163
3799
3918
3666
3317
3075
3001
3072
3205
3229
2949
2328
1540
897
649
864
1375
1891
2175
2167
1942
1609
1277
993
718
344
-212
-945
-1722
-2324
-2566
-2470
-2301
-2398
-2950
-3810
-4572
-4845
-4557
-3958
-3424
-3236
-3431
-3760
-3868
-3576
-2997
-2404
-2013
-1900
-1990
-2105
-2038
-1667
-1050
-432
-87
-139
-495
-922
-1204
-1276
-1253
-1312
-1530
-1807
-1938
-1735
-1169
-403
310
825
1182
1493
1823
2179
2563
2943
3223
3265
2979
2419
1780
1259
919
725
638
666
786
934
1071
1232
1499
1929
2484
3017
3325
3269
2890
2389
1995
1808
1794
1833
1788
1600
1319
1054
836
601
277
-114
-448
-591
-497
-238
3
15
-304
-851
-1366
-1604
-1477
-1069
-545
-97
126
14
-481
-1358
-2465
-3448
-3920
-3757
-3234
-2831
-2906
-3404
-3857
-3724
-2810
-1428
-144
620
794
584
230
-82
-233
-160
77
296
305
35
-418
-861
-1108
-1111
-943
-727
-539
-435
-447
-538
-576
-428
-100
266
540
706
853
1067
1367
1718
2056
2330
2502
2567
2520
2348
2073
1760
1505
1362
1329
1361
1382
1316
1154
960
847
861
951
1021
1022
989
982
1051
1201
1385
1511
1536
1469
1326
1083
751
411
163
43
-10
-106
-324
-623
-855
-890
-723
-466
-230
-69
36
114
149
80
-177
-655
-1299
-1912
-2245
-2201
-1963
-1858
-2078
-2546
-2994
-3111
-2743
-2025
-1313
-955
-1069
-1496
-1956
-2200
-2136
-1826
-1472
-1317
-1511
-1997
-2513
-2783
-2683
-2296
-1778
-1268
-874
-661
-639
-731
-828
-820
-641
-292
132
493
723
871
1064
1407
1922
2494
2923
3060
2928
2668
2418
2249
2194
2263
2417
2579
2664
2587
2304
1881
1515
1390
1524
1752
1918
1987
2023
2089
2211
2369
2518
2629
2716
2801
2877
2896
2832
2709
2548
2322
1950
1377
624
-185
-850
-1218
-1292
-1252
-1301
-1525
-1865
-2185
-2390
-2486
-2561
-2716
-2952
-3168
-3202
-3016
-2784
-2797
-3207
-3875
-4498
-4827
-4778
-4418
-3910
-3460
-3196
-3120
-3138
-3122
-2912
-2381
-1568
-749
-258
-240
-595
-1082
-1459
-1557
-1359
-986
-611
-348
-222
-187
-147
19
390
937
1506
1908
2061
2061
2100
2300
2648
3020
3278
3367
3362
3401
3528
3679
3772
3785
3738
3647
3530
3402
3229
2978
2667
2395
2229
2138
2048
1910
1716
1465
1181
934
802
789
820
806
713
584
500
557
760
982
1047
878
512
44
-445
-902
-1317
-1707
-2086
-2464
-2842
-3204
-3510
-3750
-3915
-3989
-3977
-3922
-3836
-3670
-3423
-3188
-3076
-3083
-3115
-3055
-2859
-2612
-2497
-2630
-2887
-2993
-2773
-2287
-1694
-1047
-297
512
1179
1515
1558
1535
1645
1865
1969
1744
1196
583
188
98
195
344
509
727
990
1232
1388
1503
1696
2024
2406
2703
2829
2825
2803
2833
2860
2793
2629
2458
2345
2251
2094
1848
1593
1446
1429
1444
1372
1193
966
744
535
321
116
-34
-76
-17
47
23
-85
-197
-273
-356
-507
-764
-1090
-1411
-1648
-1793
-1885
-1952
-2012
-2080
-2185
-2314
-2411
-2429
-2343
-2182
-1996
-1840
-1753
-1757
-1848
-1985
-2092
-2088
-1936
-1714
-1569
-1613
-1807
-1970
-1925
-1644
-1285
-1033
-957
-972
-925
-734
-428
-95
217
510
784
992
1105
1190
1346
1591
1813
1896
1831
1741
1767
1942
2166
2296
2266
2098
1875
1692
1601
1603
1655
1728
1799
1868
1932
1989
2031
2070
2103
2104
2020
1793
1430
1018
689
506
434
409
419
497
630
740
759
677
528
353
189
12
-243
-596
-919
-1053
-1003
-963
-1117
-1459
-1814
-1975
-1884
-1636
-1412
-1319
-1348
-1436
-1557
-1728
-1944
-2142
-2229
-2154
-1971
-1814
-1758
-1714
-1521
-1138
-724
-498
-521
-679
-795
-802
-765
-777
-864
-966
-1001
-942
-839
-754
-683
-551
-307
-5
228
327
349
383
417
356
172
-33
-119
-69
34
76
38
-9
51
271
595
918
1176
1389
1600
1814
1968
1981
1821
1537
1223
958
782
724
796
952
1066
1016
804
577
509
670
965
1225
1307
1196
991
813
749
823
1009
1227
1345
1232
853
307
-205
-497
-508
-361
-272
-389
-670
-934
-1005
-820
-446
-35
226
231
-4
-356
-672
-862
-900
-824
-703
-629
-662
-786
-906
-921
-816
-691
-675
-803
-999
-1168
-1250
-1238
-1147
-1038
-950
-862
-714
-465
-161
103
232
194
40
-141
-273
-330
-334
-312
-286
-257
-221
-179
-133
-71
32
169
296
370
411
488
653
854
993
1011
961
934
967
1022
1042
1018
977
920
805
610
391
253
257
343
379
283
94
-52
-70
33
152
198
172
153
216
316
348
261
94
-92
-290
-516
-746
-921
-991
-965
-897
-849
-808
-698
-446
-67
335
658
834
838
650
287
-166
-543
-717
-684
-583
-571
-717
-933
-1057
-997
-807
-622
-537
-549
-598
-619
-583
-486
-305
-15
348
640
706
525
216
-24
-67
82
301
454
495
452
365
254
169
176
315
538
761
920
1028
1103
1134
1087
956
771
578
434
369
370
379
359
312
253
188
117
43
-26
-87
-153
-228
-312
-382
-426
-433
-399
-314
-173
7
185
352
480
542
495
345
124
-130
-382
-613
-796
-916
-953
-929
-916
-1001
-1199
-1441
-1611
-1627
-1472
-1195
-876
-593
-389
-255
-169
-129
-161
-255
-340
-367
-383
-494
-731
-990
-1111
-1017
-761
-470
-221
-6
226
473
691
827
878
899
925
958
948
879
797
798
930
1127
1270
1284
1194
1054
898
744
626
583
631
736
838
899
943
1001
1053
1042
953
842
765
726
678
585
450
350
339
400
438
392
290
198
155
123
45
-88
-202
-213
-123
-18
9
-39
-71
-27
35
-14
-257
-648
-1091
-1488
-1765
-1882
-1840
-1683
-1475
-1298
-1216
-1224
-1249
-1224
-1165
-1156
-1258
-1445
-1616
-1694
-1680
-1616
-1516
-1342
-1071
-746
-472
-318
-256
-206
-137
-90
-78
-53
27
139
234
291
301
278
277
359
527
695
792
829
859
925
1025
1140
1245
1325
1381
1401
1376
1311
1234
1170
1133
1131
1154
1192
1229
1259
1270
1276
1319
1424
1536
1524
1317
986
694
540
501
485
419
275
63
-182
-411
-586
-695
-751
-770
-780
-806
-854
-913
-964
-1006
-1037
-1054
-1031
-972
-929
-976
-1136
-1342
-1489
-1491
-1357
-1198
-1129
-1175
-1256
-1288
-1236
-1120
-996
-951
-1027
-1181
-1308
-1344
-1275
-1119
-888
-604
-313
-75
92
203
303
409
514
626
752
885
977
993
966
974
1070
1253
1496
1776
2032
2226
2345
2391
2342
2179
1959
1760
1631
1553
1501
1464
1425
1353
1223
1049
883
770
691
595
465
336
218
93
-50
-180
-247
-246
-244
-327
-500
-691
-805
-829
-802
-779
-797
-872
-1012
-1215
-1463
-1745
-2026
-2244
-2315
-2233
-2094
-2000
-1974
-1950
-1866
-1704
-1508
-1317
-1159
-1073
-1089
-1170
-1197
-1086
-840
-548
-322
-213
-203
-190
-129
-11
118
263
406
528
575
504
293
10
-172
-125
109
332
418
382
360
417
539
634
629
521
406
383
481
649
833
1004
1119
1133
1053
961
933
998
1116
1224
1268
1229
1143
1058
1022
1054
1147
1240
1244
1116
886
624
387
200
60
-28
-54
9
143
281
347
323
282
306
401
483
462
329
156
17
-87
-203
-359
-534
-686
-758
-738
-676
-654
-687
-710
-671
-584
-517
-520
-579
-644
-684
-735
-822
-910
-937
-875
-771
-677
-615
-561
-485
-401
-352
-365
-404
-398
-312
-168
-32
61
128
212
341
503
657
738
723
654
568
450
283
134
68
62
22
-69
-144
-130
-33
55
35
-113
-296
-407
-426
-393
-348
-284
-206
-155
-156
-193
-219
-210
-171
-120
-54
25
86
114
126
140
136
112
96
102
88
22
-91
-216
-322
-380
-381
-355
-325
-294
-226
-105
56
209
311
360
385
409
414
365
225
28
-142
-197
-143
-45
9
-13
-84
-162
-208
-206
-134
9
183
319
388
406
411
437
480
510
491
414
292
146
2
-105
-146
-100
16
143
236
291
347
424
506
558
559
494
386
270
171
86
-9
-106
-194
-251
-286
-340
-447
-587
-699
-758
-792
-840
-903
-952
-968
-948
-897
-807
-678
-549
-488
-507
-546
-529
-426
-256
-49
179
409
620
764
824
814
796
811
863
902
861
712
475
234
80
44
68
70
31
-1
12
93
238
421
585
687
721
702
653
568
462
364
311
307
326
344
359
383
439
544
675
764
760
658
500
333
206
125
47
-79
-244
-384
-457
-455
-409
-364
-343
-368
-440
-558
-690
-797
-871
-944
-1060
-1199
-1282
-1247
-1123
-994
-919
-883
-860
-841
-841
-840
-798
-690
-540
-416
-367
-400
-448
-437
-322
-139
34
122
97
-6
-103
-120
-38
103
239
331
361
328
251
171
158
221
322
405
452
461
413
326
229
175
173
236
368
548
700
765
757
749
775
807
783
672
501
362
339
436
580
684
697
632
543
500
526
594
676
755
817
826
765
626
425
198
10
-90
-115
-116
-139
-185
-238
-271
-291
-302
-319
-329
-340
-391
-504
-634
-724
-795
-927
-1131
-1324
-1412
-1365
-1222
-1052
-925
-851
-792
-698
-582
-484
-416
-350
-246
-105
22
63
9
-57
-42
45
106
58
-69
-179
-208
-153
-19
167
360
493
558
560
483
311
116
6
12
52
32
-61
-182
-274
-311
-283
-198
-91
8
84
168
277
417
561
672
721
707
654
597
566
562
544
479
386
316
293
300
321
356
405
446
435
363
260
189
180
225
300
377
427
429
416
422
422
341
169
-20
-134
-162
-171
-219
-323
-425
-477
-468
-417
-329
-206
-97
-66
-153
-307
-448
-527
-541
-510
-443
-350
-252
-176
-128
-85
-33
24
67
81
64
15
-65
-159
-240
-300
-354
-399
-405
-374
-360
-409
-491
-532
-505
-425
-312
-174
-26
92
122
19
-213
-490
-709
-791
-726
-569
-414
-326
-302
-270
-167
-2
174
310
382
388
336
256
191
172
212
310
442
555
597
564
514
509
552
589
558
458
332
235
186
176
178
192
221
267
318
348
358
343
316
273
189
56
-102
-214
-228
-141
-9
106
163
164
132
99
84
105
182
305
422
463
390
230
41
-113
-204
-250
-312
-432
-585
-701
-725
-659
-546
-421
-320
-265
-261
-288
-323
-330
-303
-265
-250
-276
-333
-405
-475
-535
-563
-558
-526
-467
-357
-191
-38
5
-69
-183
-268
-323
-354
-342
-276
-169
-58
39
114
180
262
369
492
627
759
850
892
936
1027
1130
1169
1125
1044
955
843
705
593
570
645
752
806
772
687
597
551
563
617
684
754
834
885
848
702
501
299
111
-56
-203
-343
-480
-593
-664
-712
-771
-840
-880
-872
-834
-823
-888
-1020
-1151
-1227
-1243
-1226
-1203
-1175
-1162
-1167
-1188
-1219
-1269
-1338
-1396
-1414
-1385
-1341
-1319
-1327
-1338
-1295
-1166
-971
-764
-583
-455
-402
-407
-388
-274
-74
149
319
385
345
281
315
491
740
952
1077
1131
1135
1106
1073
1095
1195
1325
1413
1440
1452
1491
1569
1660
1755
1823
1816
1707
1554
1446
1418
1420
1382
1285
1156
1050
997
997
1004
962
827
620
437
386
466
568
554
372
82
-209
-438
-617
-789
-974
-1159
-1291
-1298
-1168
-991
-904
-969
-1133
-1297
-1401
-1458
-1483
-1474
-1421
-1348
-1282
-1227
-1183
-1159
-1154
-1136
-1097
-1058
-1029
-982
-907
-837
-799
-785
-793
-852
-962
-1054
-1033
-867
-629
-420
-305
-256
-214
-142
-49
52
174
317
464
612
794
1009
1186
1244
1189
1095
1032
1017
1029
1047
1071
1101
1126
1134
1127
1125
1132
1132
1082
954
774
586
427
284
157
75
82
186
341
481
539
488
360
215
91
-6
-60
-48
2
29
8
-43
-95
-146
-202
-260
-305
-323
-308
-275
-245
-227
-224
-259
-371
-553
-751
-881
-894
-808
-656
-470
-284
-144
-95
-140
-250
-372
-469
-520
-535
-520
-470
-383
-266
-145
-43
22
52
58
40
14
14
59
110
97
0
-133
-242
-311
-345
-361
-360
-319
-198
13
245
379
364
231
70
-53
-111
-130
-140
-118
-48
73
178
221
186
138
137
188
244
281
333
404
445
420
365
332
306
257
186
131
125
167
220
241
219
183
165
162
142
85
-1
-82
-132
-153
-154
-138
-94
-34
8
-12
-106
-236
-333
-334
-251
-141
-68
-19
50
140
201
214
210
225
254
265
238
173
123
150
256
365
406
389
350
329
348
417
492
496
400
247
115
47
32
49
75
89
60
-19
-123
-202
-224
-192
-152
-137
-156
-208
-288
-392
-485
-539
-522
-447
-369
-338
-345
-333
-273
-180
-106
-80
-98
-138
-176
-209
-218
-173
-65
60
119
83
-15
-109
-163
-179
-171
-167
-185
-238
-297
-310
-245
-142
-102
-170
-273
-297
-205
-43
125
251
306
273
181
68
-44
-152
-226
-235
-175
-96
-57
-75
-111
-111
-76
-28
10
38
80
155
233
237
126
-50
-197
-263
-253
-199
-121
-44
14
50
82
107
93
2
-154
-300
-350
-296
-212
-172
-186
-205
-176
-75
72
213
305
349
366
353
303
226
160
117
100
107
120
112
106
152
256
356
400
412
414
403
368
330
309
313
329
337
328
306
289
297
329
364
370
350
349
399
474
516
504
466
452
469
494
490
460
428
416
392
337
277
252
261
274
296
329
335
250
87
-81
-196
-258
-297
-323
-349
-389
-437
-474
-478
-444
-387
-347
-360
-420
-491
-547
-586
-627
-672
-729
-788
-820
-791
-703
-626
-631
-724
-830
-869
-843
-809
-821
-840
-817
-747
-674
-634
-629
-639
-615
-531
-423
-370
-383
-381
-293
-149
-23
42
70
103
170
232
251
234
226
240
252
259
294
351
388
374
343
341
377
435
501
572
611
584
489
378
305
291
313
346
374
404
447
517
609
686
692
613
481
357
291
295
353
417
455
435
352
221
92
15
3
34
78
112
95
11
-119
-238
-302
-318
-306
-278
-232
-175
-119
-87
-71
-43
9
60
72
36
-27
-73
-68
6
116
202
225
211
211
237
242
200
123
49
-11
-65
-102
-105
-91
-115
-212
-335
-399
-345
-194
-23
88
101
32
-62
-117
-93
-2
86
96
21
-69
-102
-61
15
95
186
297
389
395
272
37
-225
-403
-432
-354
-253
-178
-134
-107
-114
-145
-169
-161
-137
-149
-213
-292
-323
-280
-185
-71
22
54
6
-99
-219
-320
-379
-391
-353
-296
-255
-265
-325
-394
-441
-445
-418
-365
-288
-180
-63
18
56
77
115
155
162
123
67
23
-14
-65
-117
-130
-80
10
95
145
166
177
176
146
77
-5
-51
-35
35
132
226
283
299
299
314
364
432
498
555
617
676
695
643
548
464
426
426
444
459
464
469
477
469
412
305
180
87
53
69
93
84
26
-79
-209
-338
-431
-461
-435
-392
-374
-381
-393
-384
-363
-323
-260
-187
-135
-116
-118
-142
-193
-245
-268
-260
-250
-245
-231
-203
-176
-159
-163
-198
-265
-322
-338
-324
-325
-369
-430
-459
-429
-343
-241
-165
-128
-102
-57
5
67
130
199
250
251
200
153
151
184
199
203
246
353
495
604
648
614
533
450
398
369
321
231
123
56
60
104
127
80
-33
-155
-234
-248
-221
-161
-79
-1
27
-22
-124
-224
-261
-228
-168
-135
-133
-152
-176
-212
-235
-224
-182
-131
-89
-64
-57
-46
-6
67
143
194
198
153
81
31
26
64
115
145
127
81
68
111
173
206
224
256
300
311
264
173
80
33
36
65
75
45
-30
-118
-177
-188
-177
-187
-215
-237
-232
-215
-218
-258
-319
-355
-348
-312
-269
-217
-138
-56
5
35
42
17
-44
-110
-127
-81
-14
17
-3
-31
-30
-4
6
-40
-135
-224
-245
-202
-132
-61
33
150
262
342
381
393
400
416
444
469
482
477
440
383
314
233
134
33
-32
-51
-60
-93
-145
-202
-259
-299
-295
-242
-180
-154
-173
-221
-277
-322
-335
-313
-262
-209
-170
-151
-159
-205
-304
-415
-450
-355
-169
-6
61
39
-15
-52
-51
-21
17
41
41
24
-2
-21
-33
-33
-27
-19
-12
-19
-38
-76
-113
-128
-85
24
184
334
422
424
374
331
339
404
492
550
550
508
467
461
472
486
499
503
477
416
355
337
360
379
341
242
133
71
74
115
165
201
205
175
123
62
2
-47
-84
-117
-149
-158
-126
-68
-8
49
98
114
84
26
-44
-122
-219
-335
-465
-570
-624
-633
-649
-680
-689
-653
-601
-570
-574
-631
-745
-860
-899
-837
-739
-682
-684
-710
-703
-636
-504
-353
-234
-188
-208
-240
-218
-132
-35
21
35
46
54
43
22
15
31
59
105
185
300
429
554
667
754
792
752
656
570
540
551
556
540
530
549
601
685
787
867
889
872
854
840
796
695
563
456
401
374
316
205
75
-26
-91
-141
-197
-278
-384
-502
-588
-623
-624
-622
-607
-547
-454
-386
-384
-430
-476
-513
-545
-559
-537
-482
-419
-363
-318
-289
-278
-261
-228
-175
-144
-173
-262
-352
-364
-288
-179
-87
-33
-14
-28
-70
-111
-130
-107
-76
-82
-132
-166
-136
-72
-39
-58
-67
2
153
312
415
446
459
504
600
700
757
759
733
695
650
588
518
461
430
427
440
449
428
377
318
284
281
299
327
353
352
306
222
119
15
-87
-163
-204
-215
-229
-269
-313
-337
-342
-368
-421
-490
-547
-589
-612
-606
-584
-560
-544
-503
-429
-355
-317
-301
-269
-197
-102
-10
52
82
97
92
54
-27
-128
-222
-277
-285
-264
-262
-289
-314
-304
-272
-242
-207
-144
-58
25
84
121
133
135
135
129
116
106
102
79
33
-11
-28
-7
47
132
228
326
432
551
665
743
765
717
602
457
339
288
294
321
331
305
246
176
116
75
62
78
103
117
110
90
43
-41
-150
-250
-319
-347
-324
-269
-210
-161
-95
-5
77
97
44
-62
-196
-330
-432
-476
-478
-472
-474
-481
-482
-469
-432
-386
-380
-438
-523
-569
-549
-494
-446
-422
-410
-386
-324
-220
-107
-31
-34
-101
-172
-196
-172
-133
-93
-40
41
143
248
338
405
430
427
408
387
366
341
311
279
253
236
206
151
99
99
173
281
388
480
564
638
698
730
701
629
546
484
434
382
330
278
233
191
143
74
-7
-85
-136
-134
-82
-20
10
15
38
91
148
182
194
193
177
167
174
194
201
187
162
125
61
-19
-85
-118
-128
-140
-159
-182
-211
-253
-306
-364
-421
-470
-499
-500
-482
-457
-413
-339
-252
-193
-178
-184
-189
-184
-196
-229
-272
-311
-340
-377
-416
-453
-471
-473
-470
-480
-494
-479
-402
-285
-176
-98
-43
11
83
193
326
437
474
426
323
211
122
68
42
17
-8
-22
-9
25
64
101
131
141
124
80
17
-62
-126
-138
-71
48
153
186
154
125
148
210
268
286
254
193
157
188
272
356
401
407
378
315
234
164
125
113
120
133
127
77
7
-31
-34
-58
-143
-251
-307
-273
-177
-69
