27
39
68
104
153
200
231
235
230
231
250
283
319
341
336
292
202
79
-47
-135
-166
-141
-94
-53
-55
-94
-137
-144
-115
-61
7
97
200
278
275
174
32
-89
-175
-249
-289
-260
-162
-48
37
76
71
55
56
74
71
28
-5
9
46
24
-73
-171
-193
-123
-9
89
144
149
135
128
152
177
152
61
-57
-144
-183
-202
-221
-229
-216
-168
-85
40
179
297
349
309
203
96
37
7
-18
-33
-25
-15
-24
-45
-61
-70
-86
-119
-167
-220
-270
-302
-282
-202
-93
-24
-27
-76
-121
-118
-71
-11
17
6
-19
-56
-120
-201
-269
-305
-308
-280
-212
-137
-91
-92
-138
-210
-284
-309
-266
-169
-68
-9
-5
-22
-21
-11
-31
-91
-156
-184
-163
-124
-108
-131
-180
-217
-222
-204
-188
-194
-214
-216
-165
-73
-8
-24
-102
-187
-249
-275
-251
-176
-83
-17
25
77
163
261
323
314
244
149
92
101
166
254
351
474
618
745
824
845
826
764
673
571
485
417
349
272
213
212
263
323
337
282
183
105
80
104
146
194
237
248
218
169
134
115
85
24
-59
-141
-187
-196
-175
-151
-150
-175
-201
-209
-203
-219
-252
-263
-217
-140
-96
-119
-179
-217
-208
-157
-101
-63
-48
-29
11
49
56
27
-5
-13
2
11
-14
-64
-98
-88
-51
-31
-47
-74
-88
-73
-52
-41
-46
-50
-38
-18
5
50
146
279
377
372
264
108
-22
-92
-109
-120
-163
-230
-289
-326
-348
-365
-380
-397
-416
-410
-359
-274
-194
-153
-167
-231
-315
-361
-335
-269
-219
-216
-229
-204
-114
23
159
250
262
181
44
-106
-216
-258
-228
-146
-56
12
56
92
129
164
198
241
281
296
265
204
134
89
105
171
231
224
164
109
96
113
137
155
145
86
-21
-134
-213
-245
-236
-211
-181
-155
-126
-103
-101
-124
-152
-165
-172
-193
-234
-280
-299
-267
-171
-29
121
217
222
164
104
80
74
70
52
28
-9
-49
-91
-125
-147
-141
-88
4
99
164
207
245
258
220
144
80
56
70
131
217
299
338
329
295
274
312
415
524
558
497
385
282
230
224
232
202
121
34
-18
-27
-10
40
146
289
422
483
470
427
380
316
214
82
-59
-195
-298
-341
-340
-340
-369
-406
-420
-384
-290
-164
-44
47
100
107
50
-60
-181
-262
-282
-242
-164
-82
-29
-23
-47
-67
-44
34
121
129
3
-193
-343
-369
-288
-177
-105
-99
-117
-103
-53
-12
-30
-89
-139
-150
-135
-116
-100
-76
-42
-3
6
-28
-100
-158
-178
-177
-183
-210
-230
-219
-168
-121
-108
-138
-179
-194
-183
-165
-181
-227
-260
-241
-192
-164
-171
-174
-147
-108
-107
-143
-150
-95
4
98
168
210
228
236
262
282
266
201
124
62
12
-31
-53
-49
-27
-5
6
19
40
77
115
146
142
88
1
-81
-124
-124
-74
13
119
209
260
272
272
279
286
255
176
92
65
112
181
204
159
88
50
75
127
151
113
47
16
38
71
67
36
23
54
115
192
282
375
428
419
375
349
358
360
326
257
198
170
175
197
209
197
160
130
141
192
248
242
158
30
-78
-124
-113
-77
-52
-48
-36
6
60
65
-4
-121
-250
-400
-558
-676
-679
-559
-395
-282
-263
-300
-335
-348
-352
-343
-313
-260
-194
-133
-108
-143
-217
-281
-305
-286
-233
-163
-108
-106
-142
-170
-155
-97
-14
74
135
136
77
4
-41
-59
-67
-63
-20
41
67
30
-24
-46
-19
38
89
106
106
122
152
158
106
1
-144
-292
-389
-406
-373
-324
-241
-106
40
130
163
169
148
70
-47
-143
-161
-99
-3
74
97
79
54
67
141
261
380
448
471
464
420
313
156
14
-57
-71
-70
-81
-101
-103
-81
-55
-63
-112
-175
-201
-178
-149
-154
-171
-150
-89
-57
-100
-184
-235
-230
-208
-205
-201
-148
-42
61
113
99
56
24
52
142
241
288
263
198
134
101
109
146
191
215
220
217
222
232
246
264
291
328
354
350
302
232
171
146
160
208
264
298
313
330
348
329
258
165
83
27
-4
4
59
154
237
263
221
145
89
72
88
112
105
54
-18
-81
-113
-123
-107
-93
-91
-86
-64
-37
-42
-93
-182
-264
-305
-300
-276
-256
-252
-278
-333
-391
-402
-356
-268
-183
-140
-142
-168
-175
-146
-101
-87
-144
-255
-357
-385
-316
-185
-67
-44
-125
-228
-264
-215
-127
-33
46
97
73
-42
-219
-385
-477
-488
-443
-400
-397
-426
-445
-442
-425
-398
-337
-237
-121
-21
33
39
2
-68
-131
-146
-95
-17
43
95
162
238
259
203
99
19
-5
8
29
39
34
33
60
118
178
216
246
292
366
438
491
516
514
461
347
209
119
142
259
397
480
486
437
380
370
423
477
457
366
274
231
218
220
254
316
375
384
340
261
164
88
64
78
84
56
21
4
10
22
29
19
-13
-56
-87
-98
-101
-108
-126
-134
-131
-112
-93
-86
-95
-101
-66
5
57
31
-50
-125
-141
-96
-20
39
38
-28
-119
-173
-179
-168
-176
-186
-183
-175
-198
-228
-214
-137
-16
113
236
302
284
179
39
-92
-192
-237
-222
-150
-71
-41
-84
-160
-206
-205
-196
-214
-253
-293
-324
-367
-420
-463
-471
-444
-401
-346
-285
-239
-243
-270
-256
-176
-81
-31
-17
-20
-36
-81
-147
-203
-229
-227
-205
-155
-67
38
135
199
225
210
163
131
130
134
102
38
-24
-49
-47
-43
-62
-94
-123
-119
-71
33
160
236
217
141
90
96
134
155
161
170
206
265
313
333
333
343
373
405
434
480
533
556
509
388
213
12
-180
-328
-419
-461
-486
-527
-588
-618
-586
-514
-508
-614
-741
-723
-481
-161
36
30
-28
49
323
707
1050
1256
1316
1298
1248
1186
1118
1064
1021
935
747
451
107
-209
-476
-709
-907
-1046
-1100
-1094
-1058
-1013
-959
-891
-792
-639
-422
-144
182
529
832
1016
1038
938
798
698
644
574
432
226
-8
-252
-506
-733
-889
-962
-994
-1012
-988
-869
-649
-422
-312
-358
-460
-474
-321
-74
143
226
182
92
37
32
39
44
75
148
250
324
328
253
151
115
196
365
539
668
760
842
962
1144
1363
1538
1613
1586
1497
1380
1292
1283
1341
1361
1213
887
498
186
-9
-184
-508
-1109
-1950
-2807
-3395
-3567
-3413
-3189
-3141
-3316
-3550
-3595
-3339
-2868
-2328
-1795
-1289
-850
-465
-20
624
1463
2291
2804
2810
2413
1942
1700
1714
1747
1565
1163
795
761
1167
1854
2497
2794
2650
2289
2176
2673
3703
4655
4617
2892
-278
-3405
-4705
-3711
-1902
-1484
-3425
-6508
-8270
-7184
-4020
-1091
-81
-799
-1738
-1503
286
2952
5382
6773
6933
6162
5066
4416
4631
5192
4854
2726
-831
-4371
-6444
-6671
-5945
-5579
-6194
-7409
-8365
-8301
-6850
-4260
-1485
317
627
79
50
1508
4045
6088
6307
4835
3095
2481
3270
4621
5454
5321
4530
3635
3021
2917
3447
4477
5360
5058
2839
-637
-3248
-3107
-651
1419
610
-2963
-6587
-7376
-4917
-1590
-229
-1564
-3969
-5278
-4494
-2119
488
2059
2066
936
-241
-327
1078
3095
3979
2560
-558
-3371
-4253
-3385
-2379
-2543
-3714
-4743
-4805
-3987
-2815
-1579
-284
916
1595
1599
1509
2136
3531
4772
4894
3968
3042
3156
4375
5736
6063
4969
3217
2018
1757
1411
-382
-3584
-6378
-6944
-5465
-4005
-4329
-6003
-6899
-5520
-2583
-127
688
516
727
1912
3624
5111
6003
6367
6336
5895
5045
4031
3111
2096
407
-2191
-5030
-6953
-7431
-7144
-7301
-8307
-9234
-8792
-6754
-4232
-2487
-1679
-948
450
2379
4102
5068
5296
5127
4845
4656
4802
5354
5928
5947
5424
5070
5400
5972
5918
5034
3864
2685
1074
-1140
-3077
-3571
-2723
-2156
-3369
-5882
-7400
-6224
-3262
-1154
-1462
-3151
-3906
-2451
479
3020
3850
3170
2264
2169
2861
3571
3537
2419
336
-2146
-4155
-4987
-4681
-4123
-4363
-5584
-6719
-6391
-4370
-1923
-502
-277
-185
744
2401
3895
4551
4411
3955
3582
3510
3868
4520
4962
4794
4320
4263
4810
5284
5005
4027
2726
1058
-1122
-3205
-4055
-3440
-2698
-3479
-5775
-7574
-6867
-3939
-1270
-908
-2363
-3370
-2322
394
3155
4645
4750
4320
4222
4584
4922
4700
3609
1585
-1085
-3671
-5362
-5924
-5962
-6399
-7526
-8534
-8159
-6039
-3290
-1509
-1081
-830
488
2647
4271
4526
3975
3662
3832
3988
3849
3736
3914
4116
4070
4096
4711
5682
6083
5421
4246
3230
2163
479
-1521
-2733
-2756
-2598
-3551
-5452
-6588
-5654
-3495
-2285
-2929
-4084
-3851
-1852
723
2504
3047
2934
3070
3821
4734
5059
4362
2677
356
-2034
-3909
-5017
-5656
-6398
-7499
-8525
-8656
-7426
-5294
-3312
-2141
-1393
-183
1751
3739
4991
5405
5390
5205
4764
4107
3708
4004
4734
5138
4920
4606
4711
4936
4680
4020
3469
2808
1088
-1793
-4289
-4763
-3538
-2723
-3897
-6232
-7297
-5797
-3115
-1682
-2213
-3209
-2952
-1187
1133
3005
4071
4543
4745
4784
4625
4303
3811
2897
1244
-1084
-3529
-5414
-6406
-6704
-6836
-7185
-7527
-7186
-5795
-3829
-2148
-1060
-168
907
1998
2760
3225
3667
4075
4077
3523
2890
2855
3541
4475
5302
6056
6657
6648
5916
5181
5060
4849
3199
123
-2558
-3285
-2745
-3005
-4925
-6991
-7105
-5188
-3365
-3319
-4256
-4123
-2193
318
1936
2358
2379
2902
4102
5310
5626
4690
2838
720
-1121
-2463
-3420
-4327
-5437
-6706
-7688
-7746
-6545
-4593
-3055
-2678
-2864
-2176
-27
2486
3732
3384
2675
2846
3760
4310
3939
3335
3451
4258
4930
5056
5103
5518
5984
5973
5454
4598
3126
855
-1425
-2481
-2286
-2343
-3922
-6358
-7564
-6404
-4130
-3064
-3876
-4889
-4234
-1968
392
1736
2189
2506
3208
4204
4985
5065
4280
2713
661
-1361
-2863
-3785
-4534
-5504
-6612
-7303
-7054
-5880
-4448
-3526
-3252
-2930
-1822
-177
942
991
780
1405
2740
3544
3120
2342
2650
4305
6051
6652
6301
6146
6706
7391
7512
6999
5881
3830
955
-1553
-2429
-1995
-2040
-3791
-6358
-7615
-6574
-4493
-3402
-3797
-4415
-4019
-2660
-1086
284
1450
2449
3260
3855
4145
3974
3250
2012
488
-994
-2249
-3435
-4789
-6168
-7052
-7021
-6136
-4913
-4006
-3705
-3553
-2664
-743
1309
2201
1755
1242
1955
3698
5023
4941
4012
3577
4154
5052
5506
5661
6036
6478
6361
5723
5298
5194
4345
2007
-815
-2274
-1958
-1474
-2500
-4714
-6134
-5504
-3722
-2680
-3055
-3892
-3989
-3000
-1340
316
1353
1641
1712
2242
3239
3912
3434
1767
-256
-1703
-2352
-2750
-3512
-4707
-5909
-6585
-6420
-5522
-4486
-3969
-3950
-3619
-2354
-648
364
371
346
1335
3106
4453
4654
4270
4345
5158
6075
6545
6736
7027
7244
6900
6094
5404
4813
3441
941
-1579
-2701
-2563
-2774
-4419
-6614
-7399
-6100
-4191
-3574
-4358
-5049
-4455
-2750
-826
615
1343
1602
1949
2800
3951
4636
4156
2454
225
-1627
-2712
-3356
-4146
-5252
-6354
-6945
-6738
-5833
-4736
-3996
-3606
-2979
-1728
-353
369
509
1045
2559
4352
5204
4813
4178
4442
5638
6755
6968
6499
6057
5855
5575
5148
4772
4177
2606
72
-2107
-2656
-2015
-1912
-3329
-5287
-5994
-4952
-3465
-3011
-3557
-3927
-3363
-2203
-1118
-372
210
907
1873
2950
3665
3532
2517
1140
91
-408
-830
-1851
-3569
-5278
-6095
-5719
-4653
-3714
-3463
-3794
-3997
-3286
-1671
-141
330
-40
21
1360
3416
4825
4962
4545
4719
5720
6772
7220
7261
7377
7443
7038
6267
5585
4809
3170
631
-1594
-2423
-2360
-2899
-4596
-6265
-6423
-5143
-3986
-4054
-4748
-4732
-3580
-1998
-748
46
666
1393
2369
3447
4134
3864
2618
1027
-181
-892
-1637
-2904
-4538
-5881
-6453
-6321
-5895
-5536
-5422
-5420
-5031
-3760
-1812
-158
481
547
1174
2792
4569
5420
5244
4915
5169
5820
6171
6026
5880
6065
6163
5689
4929
4440
3887
2359
-35
-1875
-2166
-1743
-2202
-3862
-5302
-5148
-3791
-2963
-3625
-4863
-5186
-4240
-2878
-1944
-1581
-1417
-902
303
1911
3064
3061
2113
1052
484
180
-561
-2039
-3752
-4932
-5341
-5326
-5263
-5253
-5259
-5142
-4609
-3481
-2129
-1238
-1002
-718
466
2497
4305
4938
4639
4550
5389
6679
7475
7490
7237
7129
6952
6440
5871
5530
4880
3101
502
-1416
-1701
-1171
-1416
-2853
-4295
-4482
-3597
-2944
-3269
-3990
-4159
-3621
-2842
-2145
-1500
-799
120
1373
2697
3433
3158
2251
1469
1090
589
-641
-2484
-4158
-5048
-5282
-5363
-5522
-5621
-5526
-5255
-4761
-3883
-2655
-1423
-488
286
1262
2546
3788
4589
4909
5102
5513
6106
6495
6456
6230
6150
6112
5811
5328
4901
4226
2658
391
-1381
-1702
-1101
-1003
-2214
-3939
-4695
-4064
-3182
-3305
-4301
-5104
-5011
-4189
-3097
-2106
-1371
-799
-85
906
1900
2447
2394
1962
1401
663
-448
-1831
-3050
-3798
-4275
-4796
-5334
-5573
-5449
-5274
-5215
-4947
-4048
-2687
-1509
-804
-49
1421
3454
5083
5580
5310
5318
6119
7155
7561
7201
6623
6180
5752
5293
4952
4408
2854
208
-2176
-2773
-1767
-1032
-2086
-4291
-5561
-4740
-2911
-2024
-2733
-4007
-4522
-3877
-2553
-1316
-609
-279
227
1200
2322
2957
2818
2192
1556
1006
194
-1068
-2444
-3393
-3884
-4363
-5142
-5959
-6329
-6133
-5622
-4959
-4051
-2890
-1772
-894
9
1394
3243
4893
5686
5674
5573
5916
6537
6935
6927
6675
6219
5511
4825
4585
4535
3680
1615
-597
-1413
-711
-87
-999
-2937
-3984
-3289
-2200
-2526
-4188
-5475
-5176
-3750
-2467
-2026
-2098
-1795
-560
1303
2920
3610
3370
2696
2050
1508
849
-39
-1030
-2024
-3158
-4483
-5627
-6041
-5694
-5292
-5543
-6218
-6260
-4976
-2891
-1102
-11
941
2352
4055
5387
6041
6344
6705
7059
7093
6827
6565
6332
5814
5049
4490
4141
3174
1146
-930
-1489
-513
162
-1019
-3376
-4716
-4031
-2626
-2448
-3736
-5052
-5175
-4249
-3101
-2227
-1643
-1143
-446
650
1915
2801
2950
2568
2064
1586
915
-80
-1247
-2339
-3361
-4434
-5409
-5903
-5858
-5782
-6094
-6489
-6172
-4831
-3004
-1469
-372
748
2221
3736
4787
5323
5724
6193
6518
6500
6294
6195
6150
5832
5194
4693
4557
4137
2634
498
-730
-298
593
154
-1837
-3715
-3900
-2695
-1859
-2567
-4221
-5329
-5047
-3745
-2368
-1601
-1406
-1131
-146
1460
2887
3392
3014
2400
2006
1651
915
-248
-1531
-2669
-3679
-4577
-5299
-5816
-6262
-6681
-6801
-6209
-4884
-3371
-2245
-1443
-322
1502
3588
5036
5446
5267
5291
5817
6477
6776
6620
6255
5822
5381
5198
5490
5691
4681
2327
179
-172
840
1164
-394
-2767
-3951
-3387
-2514
-2922
-4464
-5611
-5390
-4261
-3207
-2601
-2112
-1266
101
1680
2886
3317
3119
2786
2566
2199
1310
-64
-1496
-2724
-3874
-5112
-6267
-7022
-7356
-7504
-7586
-7322
-6309
-4553
-2622
-1133
-87
1056
2617
4197
5070
5041
4718
4853
5519
6087
6073
5658
5328
5230
5306
5533
5637
4882
2968
966
389
1264
1779
397
-2233
-3888
-3382
-2018
-2030
-3907
-5880
-6137
-4767
-3233
-2528
-2396
-2040
-1005
587
2223
3324
3613
3357
3090
2999
2700
1732
188
-1346
-2482
-3424
-4553
-5827
-6803
-7175
-7095
-6838
-6325
-5267
-3732
-2275
-1257
-332
1056
2806
4138
4487
4183
4115
4791
5803
6372
6258
5905
5800
5991
6347
6691
6555
5347
3290
1631
1321
1683
1095
-980
-3236
-4041
-3416
-2975
-3942
-5666
-6497
-5699
-4037
-2618
-1872
-1594
-1313
-436
1336
3362
4404
3893
2660
1960
2066
2044
925
-1176
-3212
-4381
-4877
-5411
-6253
-7008
-7262
-7033
-6508
-5592
-4132
-2461
-1209
-500
242
1438
2695
3299
3199
3091
3547
4315
4671
4409
4186
4709
5771
6435
6213
5551
5037
4557
3768
2925
2502
2242
1241
-694
-2575
-3279
-2956
-2887
-3950
-5557
-6305
-5576
-3988
-2583
-1861
-1619
-1200
0
1898
3543
3985
3346
2724
2876
3273
2729
894
-1216
-2403
-2697
-3206
-4561
-6058
-6603
-6134
-5563
-5413
-5151
-4121
-2577
-1332
-633
41
1085
2158
2684
2702
2847
3511
4344
4766
4782
4975
5691
6536
6823
6486
6091
5941
5504
4238
2587
1469
992
303
-1118
-2804
-3920
-4304
-4487
-4953
-5506
-5508
-4704
-3547
-2670
-2186
-1744
-968
189
1439
2252
2350
2076
2107
2539
2585
1486
-430
-1939
-2368
-2420
-3289
-4975
-6229
-6163
-5367
-4929
-4980
-4749
-3819
-2649
-1848
-1438
-989
-261
555
1156
1535
1925
2526
3313
4167
4972
5679
6252
6671
6916
7050
7170
7060
6231
4495
2613
1562
1396
1021
-503
-2842
-4664
-4976
-4183
-3562
-3906
-4692
-4896
-4133
-2878
-1730
-957
-495
-62
672
1716
2600
2928
2813
2624
2254
1357
12
-1132
-1722
-2221
-3245
-4637
-5586
-5704
-5399
-5188
-4998
-4555
-3929
-3433
-3055
-2478
-1541
-523
156
406
581
1187
2380
3770
4747
5109
5290
5877
6874
7648
7590
6857
6166
5821
5235
3777
1918
770
597
301
-1074
-3014
-4086
-3693
-2752
-2541
-3262
-3902
-3505
-2211
-1064
-821
-1259
-1445
-708
725
1869
1984
1335
854
1012
1332
1073
87
-1097
-1955
-2443
-2915
-3550
-4159
-4455
-4445
-4368
-4404
-4474
-4328
-3823
-3140
-2679
-2532
-2275
-1394
41
1418
2237
2660
3291
4506
6004
7050
7222
6853
6685
6959
7206
6816
5659
4058
2507
1444
884
338
-719
-2126
-3149
-3248
-2672
-2236
-2511
-3209
-3494
-3004
-2254
-1956
-2151
-2323
-2038
-1323
-481
112
253
100
63
349
608
336
-531
-1465
-1978
-2164
-2553
-3380
-4265
-4678
-4575
-4391
-4500
-4857
-5071
-4799
-4109
-3449
-3058
-2599
-1545
19
1442
2262
2755
3584
4986
6379
6903
6457
5963
6312
7138
7175
5955
4427
3654
3399
2734
1485
404
-30
-245
-800
-1593
-2018
-1895
-1693
-1939
-2522
-2921
-2882
-2607
-2366
-2198
-2058
-1852
-1467
-840
-191
237
458
716
1058
1184
775
-57
-739
-878
-761
-1084
-2023
-3003
-3390
-3296
-3351
-3867
-4448
-4506
-3981
-3308
-2771
-2115
-1017
375
1575
2424
3198
4166
5155
5773
5893
5820
6002
6494
6864
6589
5770
5008
4671
4332
3421
2091
1041
598
315
-305
-1249
-2000
-2199
-2022
-2097
-2771
-3672
-4119
-3856
-3278
-2953
-3142
-3473
-3238
-2133
-818
-227
-403
-471
109
765
664
-184
-993
-1304
-1464
-2050
-3005
-3688
-3755
-3655
-4045
-4846
-5298
-4909
-4016
-3229
-2689
-2078
-1186
-84
1079
2202
3095
3609
3939
4499
5342
5928
5833
5422
5479
6113
6538
6182
5413
4878
4466
3641
2470
1629
1372
1053
15
-1439
-2289
-2142
-1862
-2526
-3944
-4827
-4512
-3777
-3729
-4321
-4576
-3879
-2666
-1723
-1309
-1056
-589
51
565
688
376
-207
-677
-832
-942
-1499
-2509
-3395
-3703
-3620
-3669
-4008
-4301
-4078
-3229
-2085
-1173
-686
-280
520
1669
2618
3048
3307
3917
4795
5301
5091
4745
5135
6309
7216
6923
5773
4952
4922
4846
3883
2378
1309
924
589
-228
-1333
-2135
-2361
-2352
-2666
-3446
-4270
-4628
-4360
-3756
-3347
-3437
-3661
-3273
-2131
-1054
-829
-1151
-1097
-499
-207
-791
-1611
-1683
-1142
-1097
-2059
-3174
-3385
-2831
-2507
-2879
-3412
-3433
-2877
-2091
-1348
-742
-235
341
1183
2205
3035
3402
3515
3861
4604
5360
5690
5652
5696
6057
6475
6482
5970
5321
4842
4297
3353
2313
1709
1404
687
-612
-1844
-2343
-2268
-2412
-3244
-4311
-4765
-4488
-4151
-4285
-4628
-4668
-4259
-3654
-3138
-2855
-2707
-2441
-1926
-1355
-1066
-1094
-1174
-1071
-899
-901
-1130
-1386
-1519
-1572
-1650
-1750
-1787
-1757
-1684
-1473
-975
-267
374
782
1119
1565
2119
2627
3050
3507
4101
4702
5012
5002
5031
5437
6002
6161
5652
4909
4471
4240
3606
2483
1518
1147
938
248
-905
-1878
-2122
-1929
-2190
-3284
-4370
-4453
-3795
-3582
-4287
-5139
-5297
-4789
-4248
-4031
-4008
-3812
-3281
-2552
-1911
-1503
-1257
-1050
-829
-646
-549
-558
-595
-543
-391
-275
-304
-388
-297
117
722
1089
968
710
959
1809
2588
2735
2510
2619
3270
3989
4278
4220
4241
4552
4967
5165
4971
4498
4080
3841
3501
2768
1895
1281
937
533
-54
-685
-1189
-1536
-1930
-2567
-3290
-3677
-3745
-4006
-4762
-5594
-5941
-5716
-5272
-4956
-4818
-4637
-4097
-3147
-2095
-1358
-970
-596
25
648
827
519
207
330
756
1011
833
431
162
227
537
834
887
766
784
1088
1457
1605
1589
1701
2093
2591
2909
2969
2979
3186
3578
3874
3829
3503
3284
3429
3620
3235
2228
1417
1421
1798
1570
549
-474
-700
-343
-446
-1690
-3521
-4700
-4845
-4738
-5246
-6231
-6984
-7029
-6409
-5485
-4678
-4102
-3381
-2181
-784
133
393
464
836
1415
1803
1817
1692
1724
1894
1929
1657
1294
1171
1346
1499
1383
1127
1058
1214
1299
1120
884
989
1451
1871
1897
1730
1801
2186
2576
2746
2757
2719
2671
2726
3017
3368
3300
2592
1784
1575
1921
1968
1142
-157
-1100
-1390
-1603
-2405
-3781
-5014
-5625
-5880
-6307
-6881
-7154
-6902
-6319
-5659
-4919
-4020
-2983
-1988
-1143
-439
206
821
1426
2020
2465
2574
2385
2277
2532
2943
2998
2533
1951
1691
1692
1554
1098
533
131
-46
-55
34
149
196
195
338
729
1143
1250
1141
1294
1988
2895
3440
3373
3048
3032
3404
3576
3055
2192
1692
1633
1417
704
-213
-905
-1388
-2012
-2968
-4017
-4726
-5013
-5161
-5450
-5826
-6049
-5846
-5120
-4093
-3226
-2710
-2211
-1320
-115
871
1330
1531
2021
2880
3622
3787
3544
3414
3571
3670
3337
2630
1885
1367
1064
816
453
-64
-609
-959
-1030
-981
-1021
-1159
-1179
-900
-358
192
509
576
650
1027
1723
2387
2578
2292
2053
2281
2631
2400
1622
1087
1195
1317
726
-387
-1145
-1172
-1104
-1769
-3058
-3994
-4069
-3934
-4449
-5421
-5852
-5253
-4178
-3466
-3258
-2962
-2026
-616
616
1312
1764
2401
3178
3720
3823
3642
3416
3259
3083
2699
2052
1358
842
457
-7
-546
-972
-1216
-1398
-1589
-1700
-1667
-1557
-1489
-1456
-1374
-1162
-815
-414
-109
-14
-32
108
618
1332
1782
1700
1466
1675
2274
2606
2409
2177
2261
2308
1901
1233
790
666
445
-280
-1400
-2305
-2614
-2662
-3024
-3718
-4208
-4081
-3406
-2598
-2010
-1650
-1169
-271
857
1707
2013
2049
2263
2728
3032
2824
2292
1949
1941
1853
1319
570
129
58
-88
-630
-1312
-1706
-1789
-1935
-2366
-2815
-2897
-2658
-2558
-2757
-2824
-2334
-1545
-1040
-947
-862
-417
380
1277
2010
2493
2913
3564
4400
4947
4821
4333
4114
4255
4203
3579
2697
2080
1837
1584
987
140
-551
-951
-1315
-1877
-2516
-2975
-3142
-3020
-2771
-2602
-2503
-2150
-1407
-632
-244
-176
-19
385
821
1049
1107
1164
1252
1198
822
158
-535
-1009
-1299
-1676
-2319
-3031
-3446
-3483
-3466
-3664
-3923
-3894
-3554
-3227
-3123
-3071
-2783
-2224
-1587
-1043
-546
101
1045
2173
3151
3732
4053
4564
5458
6274
6320
5642
5139
5406
5952
5812
4796
3632
3093
3121
2897
1823
251
-895
-1323
-1615
-2399
-3563
-4534
-4949
-4844
-4503
-4186
-3996
-3735
-3104
-2083
-1121
-696
-698
-523
95
620
395
-418
-984
-913
-732
-1153
-2127
-2892
-2918
-2560
-2630
-3378
-4155
-4247
-3745
-3351
-3446
-3683
-3447
-2571
-1536
-939
-799
-527
310
1472
2363
2748
2942
3449
4449
5570
6247
6350
6417
6966
7745
7948
7255
6380
6187
6522
6339
5092
3484
2616
2629
2523
1332
-716
-2380
-2877
-2794
-3286
-4576
-5720
-5850
-5155
-4555
-4601
-4953
-4873
-4129
-3243
-2823
-2909
-3001
-2667
-1955
-1374
-1389
-1892
-2238
-2006
-1563
-1586
-2199
-2790
-2802
-2370
-2135
-2413
-2821
-2771
-2204
-1634
-1448
-1474
-1209
-450
482
1076
1270
1547
2362
3517
4387
4714
4882
5380
6167
6777
6869
6564
6307
6445
6875
7066
6545
5440
4481
4285
4583
4431
3296
1790
949
977
1035
239
-1351
-2899
-3692
-3932
-4431
-5643
-7073
-7838
-7678
-7130
-6894
-7068
-7153
-6596
-5511
-4612
-4430
-4628
-4428
-3584
-2635
-2213
-2328
-2447
-2098
-1380
-835
-833
-1108
-1049
-422
360
699
545
457
949
1809
2351
2300
2126
2408
3065
3543
3524
3294
3325
3701
4053
4062
3826
3636
3641
3809
4080
4314
4353
4243
4294
4696
5179
5264
4790
4130
3779
3823
3810
3253
2218
1293
880
702
133
-1046
-2438
-3542
-4240
-4875
-5733
-6812
-7793
-8355
-8432
-8199
-7971
-7820
-7545
-6819
-5679
-4575
-3921
-3608
-3095
-2096
-857
107
676
1125
1738
2435
2913
3096
3169
3359
3620
3769
3722
3619
3616
3665
3562
3220
2822
2601
2554
2426
2057
1572
1214
1041
898
678
436
280
227
256
373
560
780
1028
1333
1665
1997
2379
2872
3370
3658
3667
3533
3457
3437
3270
2775
2012
1220
548
-47
-765
-1777
-3046
-4235
-5027
-5508
-6090
-6967
-7791
-8085
-7731
-7105
-6573
-6159
-5551
-4529
-3247
-2087
-1298
-735
-83
834
1810
2511
2837
3088
3613
4362
4929
5001
4729
4488
4445
4374
3943
3113
2220
1621
1264
758
-125
-1128
-1813
-2100
-2317
-2800
-3461
-3909
-3880
-3557
-3319
-3249
-3033
-2410
-1546
-805
-296
200
872
1681
2468
3167
3828
4526
5235
5793
6007
5874
5683
5650
5578
5065
4076
3069
2406
1953
1231
-14
-1597
-3041
-4028
-4736
-5578
-6680
-7613
-7934
-7632
-7043
-6398
-5646
-4669
-3483
-2292
-1233
-275
654
1496
2165
2721
3254
3708
3918
3867
3698
3562
3432
3136
2567
1819
1137
645
199
-449
-1347
-2245
-2866
-3213
-3562
-4140
-4842
-5290
-5269
-4950
-4657
-4452
-4071
-3318
-2306
-1321
-483
349
1366
2584
3796
4795
5600
6425
7391
8326
8910
9031
8921
8825
8689
8246
7434
6499
5697
4976
4048
2769
1328
87
-858
-1803
-3070
-4560
-5814
-6581
-7048
-7513
-7962
-8196
-8120
-7788
-7253
-6556
-5774
-4939
-4019
-3009
-2012
-1155
-462
130
672
1095
1275
1188
986
842
697
353
-267
-928
-1347
-1520
-1749
-2263
-2903
-3299
-3307
-3184
-3249
-3507
-3638
-3372
-2765
-2145
-1762
-1504
-979
29
1220
2072
2467
2847
3661
4847
5942
6622
7016
7485
8136
8690
8856
8735
8640
8643
8552
8188
7568
6758
5831
4891
4014
3155
2142
928
-339
-1444
-2430
-3538
-4871
-6162
-7043
-7528
-7947
-8523
-9048
-9210
-9000
-8674
-8376
-7971
-7298
-6379
-5368
-4388
-3453
-2527
-1618
-810
-182
272
631
962
1274
1517
1584
1424
1144
961
941
885
574
48
-389
-519
-449
-511
-841
-1179
-1151
-781
-472
-485
-601
-426
123
814
1407
1897
2435
3136
3934
4668
5257
5743
6196
6629
7032
7354
7527
7538
7462
7349
7128
6734
6219
5705
5194
4496
3455
2196
1071
230
-595
-1791
-3308
-4636
-5375
-5761
-6378
-7414
-8390
-8768
-8590
-8378
-8454
-8595
-8355
-7574
-6518
-5533
-4699
-3829
-2739
-1477
-277
612
1158
1588
2112
2657
2954
2919
2728
2571
2458
2282
1970
1519
1021
611
331
106
-196
-572
-917
-1117
-1141
-1070
-1004
-996
-962
-770
-411
-54
132
238
505
1027
1632
2154
2625
3184
3846
4515
5130
5701
6185
6481
6576
6578
6569
6448
6085
5515
4934
4460
4019
3413
2539
1538
716
241
-106
-707
-1695
-2764
-3555
-4012
-4404
-5016
-5838
-6587
-6938
-6901
-6770
-6793
-6856
-6631
-6008
-5196
-4518
-4036
-3565
-2894
-2025
-1198
-663
-480
-408
-178
246
611
673
480
292
305
442
465
211
-275
-735
-952
-954
-997
-1228
-1531
-1692
-1653
-1537
-1465
-1456
-1443
-1346
-1098
-701
-251
147
524
1036
1740
2490
3142
3753
4444
5168
5768
6213
6623
7065
7438
7600
7543
7384
7225
7014
6660
6177
5693
5273
4844
4286
3540
2648
1763
1031
407
-341
-1371
-2545
-3574
-4304
-4861
-5497
-6328
-7190
-7786
-8022
-8088
-8234
-8478
-8605
-8366
-7701
-6810
-6009
-5422
-4864
-4065
-3024
-2029
-1354
-998
-720
-301
267
763
993
999
980
1021
1015
877
650
437
289
225
241
274
272
257
327
527
790
999
1102
1216
1507
1991
2479
2803
3065
3490
4104
4672
5025
5312
5793
6482
7105
7432
7519
7586
7714
7740
7491
7001
6507
6143
5824
5326
4562
3655
2827
2136
1409
454
-705
-1818
-2715
-3451
-4227
-5154
-6127
-6939
-7480
-7893
-8408
-9054
-9593
-9772
-9619
-9365
-9193
-9053
-8726
-8049
-7024
-5876
-4853
-4014
-3177
-2137
-962
78
779
1242
1732
2401
3111
3558
3643
3549
3534
3600
3581
3402
3128
2856
2629
2461
2309
2082
1738
1340
1014
804
627
398
165
94
258
549
810
1082
1561
2287
3033
3548
3899
4350
5004
5689
6163
6367
6386
6331
6211
5960
5579
5141
4693
4150
3457
2683
1923
1193
463
-250
-956
-1722
-2606
-3561
-4469
-5267
-6007
-6774
-7517
-8045
-8246
-8251
-8299
-8458
-8576
-8471
-8116
-7615
-7035
-6365
-5525
-4463
-3206
-1877
-638
443
1401
2322
3173
3839
4241
4444
4584
4744
4894
4935
4779
4430
3980
3535
3106
2614
1998
1314
687
203
-147
-430
-688
-914
-1082
-1196
-1270
-1319
-1341
-1278
-1057
-656
-131
455
1072
1720
2411
3157
3914
4565
5027
5325
5541
5715
5814
5777
5575
5271
4957
4649
4253
3720
3109
2495
1872
1189
451
-282
-959
-1624
-2400
-3352
-4347
-5136
-5648
-6088
-6667
-7296
-7667
-7637
-7409
-7277
-7264
-7073
-6463
-5545
-4669
-4028
-3492
-2814
-1898
-860
102
844
1384
1882
2452
3005
3339
3346
3116
2832
2615
2453
2239
1910
1491
1043
592
166
-206
-563
-981
-1466
-1856
-1987
-1882
-1754
-1763
-1827
-1714
-1297
-695
-144
273
729
1436
2364
3219
3769
4089
4450
4998
5597
6020
6169
6130
6027
5900
5678
5275
4685
4022
3416
2897
2381
1779
1116
457
-182
-846
-1563
-2306
-3009
-3616
-4123
-4581
-5030
-5405
-5609
-5651
-5649
-5677
-5667
-5505
-5196
-4849
-4552
-4310
-4064
-3754
-3330
-2825
-2369
-2037
-1744
-1288
-646
-12
405
671
1025
1580
2173
2558
2706
2796
2972
3164
3179
2948
2583
2232
1932
1630
1314
979
587
114
-307
-519
-535
-525
-563
-548
-393
-159
31
126
217
420
754
1128
1458
1755
2040
2297
2533
2794
3054
3196
3188
3178
3289
3435
3375
3032
2594
2315
2221
2068
1656
1054
509
116
-258
-779
-1435
-2078
-2634
-3141
-3628
-4012
-4204
-4247
-4259
-4262
-4178
-3971
-3700
-3420
-3138
-2874
-2666
-2521
-2352
-2053
-1624
-1198
-887
-624
-236
323
920
1418
1826
2211
2559
2774
2818
2791
2826
2903
2846
2547
2103
1688
1310
829
177
-495
-977
-1234
-1436
-1734
-2051
-2206
-2145
-1986
-1842
-1714
-1584
-1436
-1247
-997
-718
-443
-158
174
552
950
1357
1789
2242
2667
2978
3146
3241
3334
3367
3237
2948
2628
2363
2102
1770
1364
929
483
32
-376
-693
-927
-1139
-1364
-1597
-1838
-2083
-2322
-2528
-2674
-2737
-2704
-2573
-2400
-2255
-2195
-2180
-2119
-1992
-1834
-1677
-1479
-1221
-915
-612
-334
-83
185
525
921
1268
1452
1463
1426
1458
1527
1477
1242
942
744
653
532
282
-59
-405
-700
-932
-1093
-1187
-1260
-1341
-1385
-1333
-1202
-1092
-1057
-1042
-921
-659
-372
-190
-103
61
403
830
1171
1412
1697
2099
2498
2764
2919
3090
3286
3373
3238
2953
2693
2522
2346
2079
1785
1567
1421
1233
933
565
226
-48
-278
-509
-746
-999
-1267
-1529
-1739
-1889
-2039
-2205
-2339
-2356
-2266
-2142
-2053
-1995
-1885
-1654
-1313
-961
-696
-522
-367
-144
148
436
644
765
852
937
1005
1033
1007
903
701
425
152
-54
-198
-350
-578
-893
-1239
-1525
-1697
-1797
-1913
-2059
-2151
-2139
-2083
-2047
-1999
-1868
-1668
-1474
-1293
-1043
-651
-163
304
677
1014
1422
1896
2298
2507
2580
2661
2792
2876
2825
2677
2525
2391
2226
2009
1769
1529
1295
1075
900
746
565
329
60
-187
-388
-546
-675
-768
-816
-865
-969
-1088
-1110
-985
-800
-678
-667
-718
-772
-815
-856
-925
-1010
-1074
-1063
-984
-902
-871
-859
-771
-549
-254
-38
19
23
150
391
562
524
361
229
168
90
-81
-316
-562
-768
-918
-988
-1006
-1051
-1171
-1298
-1321
-1231
-1133
-1091
-1050
-929
-737
-562
-442
-293
6
426
813
1048
1194
1390
1663
1882
1926
1854
1846
2002
2234
2373
2337
2173
2010
1945
1960
1946
1792
1499
1161
899
730
546
229
-190
-526
-689
-788
-972
-1216
-1378
-1385
-1308
-1232
-1175
-1109
-1025
-935
-836
-708
-554
-404
-297
-243
-195
-109
44
214
347
443
574
800
1081
1314
1399
1339
1238
1223
1286
1248
949
442
-53
-359
-497
-628
-886
-1234
-1493
-1575
-1603
-1756
-2073
-2446
-2735
-2860
-2845
-2799
-2811
-2839
-2771
-2566
-2283
-1997
-1737
-1476
-1173
-819
-465
-145
177
557
985
1383
1707
1975
2221
2432
2537
2483
2303
2084
1853
1582
1291
1070
970
905
753
512
312
260
297
294
219
169
223
357
527
723
933
1124
1275
1408
1538
1637
1647
1546
1401
1314
1338
1390
1344
1162
933
756
637
507
307
41
-251
-506
-681
-805
-958
-1205
-1526
-1839
-2075
-2235
-2389
-2591
-2838
-3047
-3118
-3031
-2889
-2835
-2886
-2938
-2895
-2789
-2721
-2712
-2681
-2515
-2188
-1778
-1388
-1062
-766
-426
-23
387
720
970
1200
1470
1782
2096
2357
2532
2630
2689
2736
2756
2743
2716
2705
2717
2712
2630
2476
2322
2220
2142
2046
1962
1922
1910
1876
1807
1701
1575
1477
1428
1375
1236
1057
956
977
995
892
686
493
380
295
142
-133
-466
-750
-931
-1068
-1268
-1540
-1808
-1994
-2110
-2224
-2382
-2553
-2687
-2777
-2862
-2944
-2980
-2947
-2888
-2841
-2768
-2614
-2414
-2298
-2331
-2428
-2445
-2337
-2198
-2130
-2127
-2103
-1968
-1740
-1502
-1316
-1151
-932
-642
-314
0
276
498
664
813
1018
1316
1656
1938
2102
2199
2327
2503
2657
2733
2791
2937
3169
3357
3373
3249
3131
3100
3090
2983
2775
2551
2406
2347
2302
2184
1962
1712
1515
1409
1351
1278
1147
966
777
611
454
296
126
-41
-191
-308
-415
-578
-848
-1182
-1472
-1659
-1795
-1969
-2189
-2377
-2460
-2452
-2427
-2442
-2507
-2622
-2784
-2985
-3171
-3304
-3404
-3543
-3741
-3907
-3949
-3886
-3831
-3836
-3825
-3687
-3414
-3086
-2761
-2423
-2039
-1614
-1174
-729
-298
91
410
691
996
1356
1723
2017
2243
2501
2874
3306
3642
3800
3836
3869
3946
4040
4119
4171
4197
4206
4225
4259
4288
4287
4237
4114
3884
3594
3340
3186
3061
2860
2559
2250
2005
1789
1513
1152
772
416
84
-239
-537
-817
-1117
-1434
-1720
-1954
-2179
-2440
-2728
-3004
-3252
-3476
-3683
-3882
-4053
-4154
-4161
-4114
-4070
-4040
-3999
-3933
-3841
-3738
-3633
-3536
-3434
-3318
-3180
-3032
-2851
-2604
-2263
-1868
-1508
-1239
-1035
-825
-569
-286
-16
230
490
804
1156
1486
1743
1937
2109
2303
2536
2798
3054
3288
3490
3657
3771
3855
3938
4009
4002
3867
3669
3523
3475
3428
3246
2915
2575
2374
2298
2188
1926
1547
1178
897
683
461
169
-195
-571
-888
-1127
-1335
-1539
-1713
-1829
-1910
-2008
-2130
-2238
-2304
-2336
-2368
-2425
-2516
-2609
-2651
-2631
-2608
-2627
-2640
-2577
-2448
-2329
-2243
-2139
-1974
-1783
-1635
-1545
-1453
-1292
-1078
-895
-775
-676
-556
-434
-342
-255
-133
-7
56
41
19
62
165
272
332
337
349
450
680
973
1228
1396
1512
1620
1732
1825
1882
1920
1970
2041
2124
2215
2308
2374
2370
2286
2158
2040
1955
1878
1774
1635
1496
1371
1254
1144
1060
1006
930
769
516
235
7
-138
-235
-347
-481
-594
-637
-619
-596
-596
-611
-621
-653
-736
-851
-945
-992
-998
-959
-878
-776
-692
-638
-602
-580
-577
-590
-612
-642
-686
-730
-748
-722
-692
-724
-837
-979
-1071
-1105
-1136
-1227
-1347
-1396
-1306
-1131
-995
-960
-988
-992
-938
-824
-683
-549
-457
-394
-325
-217
-84
16
14
-78
-146
-81
105
288
378
397
445
589
796
964
1031
1021
1005
1010
1021
1015
991
959
920
872
814
755
691
627
572
557
571
586
604
665
771
854
857
790
699
615
569
580
628
666
686
711
757
792
804
806
800
757
650
504
394
349
304
154
-112
-407
-643
-809
-954
-1113
-1275
-1386
-1422
-1423
-1467
-1562
-1648
-1667
-1656
-1693
-1805
-1925
-1967
-1918
-1847
-1827
-1847
-1848
-1789
-1698
-1629
-1593
-1551
-1463
-1333
-1188
-1045
-874
-638
-348
-68
147
323
519
745
931
1031
1098
1246
1506
1775
1913
1889
1809
1788
1848
1918
1936
1905
1892
1968
2131
2298
2385
2392
2364
2336
2286
2200
2102
2024
1969
1930
1895
1846
1781
1721
1686
1649
1556
1369
1104
819
556
317
74
-194
-457
-689
-889
-1086
-1282
-1436
-1526
-1591
-1705
-1903
-2171
-2449
-2678
-2823
-2912
-2992
-3067
-3098
-3054
-2959
-2853
-2756
-2649
-2526
-2409
-2317
-2225
-2080
-1853
-1595
-1389
-1274
-1209
-1134
-1034
-936
-856
-773
-655
-472
-240
-16
136
229
328
487
688
864
970
1030
1107
1221
1350
1458
1544
1619
1695
1785
1868
1901
1871
1825
1803
1806
1819
1851
1914
1981
2008
1980
1914
1839
1764
1694
1620
1540
1464
1406
1378
1362
1322
1242
1158
1118
1103
1035
847
559
252
-7
-208
-376
-524
-664
-828
-1013
-1173
-1268
-1344
-1481
-1682
-1874
-1989
-2033
-2054
-2079
-2088
-2045
-1930
-1789
-1696
-1684
-1712
-1710
-1669
-1665
-1766
-1914
-1974
-1893
-1767
-1715
-1743
-1757
-1681
-1534
-1410
-1359
-1337
-1249
-1053
-793
-553
-372
-220
-19
255
537
727
801
846
954
1139
1350
1546
1724
1893
2046
2173
2280
2380
2500
2646
2790
2878
2894
2874
2868
2882
2887
2851
2772
2669
2562
2453
2344
2240
2162
2121
2111
2094
2044
1963
1873
1767
1612
1388
1129
882
653
404
97
-252
-604
-921
-1206
-1463
-1716
-2000
-2346
-2745
-3136
-3470
-3731
-3929
-4066
-4139
-4163
-4153
-4103
-4013
-3904
-3810
-3728
-3622
-3468
-3295
-3135
-2973
-2765
-2517
-2272
-2050
-1827
-1580
-1322
-1080
-859
-654
-450
-250
-56
113
239
323
396
517
712
949
1160
1312
1434
1593
1827
2117
2411
2664
2855
2987
3088
3186
3266
3283
3222
3143
3113
3148
3212
3243
3207
3110
3002
2900
2777
2601
2396
2220
2088
1961
1785
1544
1269
1001
747
499
246
-16
-291
-583
-865
-1109
-1298
-1444
-1565
-1686
-1820
-1949
-2059
-2172
-2320
-2505
-2697
-2888
-3053
-3156
-3171
-3126
-3074
-3025
-2974
-2913
-2853
-2779
-2672
-2523
-2335
-2134
-1938
-1773
-1636
-1513
-1376
-1230
-1085
-938
-775
-620
-492
-387
-288
-204
-127
3
224
483
688
805
894
1017
1182
1349
1485
1620
1806
2055
2319
2560
2763
2941
3105
3279
3479
3687
3861
3954
3963
3940
3931
3910
3811
3633
3442
3279
3089
2823
2503
2212
1977
1759
1488
1164
839
550
296
50
-200
-469
-750
-1030
-1290
-1536
-1774
-1993
-2176
-2334
-2513
-2737
-2968
-3133
-3232
-3346
-3530
-3734
-3876
-3941
-3964
-3972
-3958
-3918
-3864
-3813
-3755
-3667
-3517
-3314
-3093
-2874
-2642
-2366
-2059
-1766
-1523
-1316
-1095
-830
-554
-318
-147
-17
121
290
479
658
803
942
1123
1359
1601
1807
1984
2175
2388
2596
2757
2864
2952
3057
3188
3313
3415
3479
3517
3546
3573
3586
3548
3447
3300
3133
2971
2818
2677
2522
2315
2047
1756
1479
1213
927
617
311
20
-278
-595
-909
-1181
-1397
-1582
-1745
-1876
-1970
-2063
-2188
-2320
-2401
-2424
-2454
-2532
-2612
-2611
-2516
-2390
-2313
-2292
-2288
-2249
-2178
-2108
-2037
-1950
-1847
-1763
-1705
-1648
-1576
-1502
-1429
-1332
-1182
-997
-821
-692
-596
-484
-333
-167
-9
159
353
545
696
794
862
933
1033
1173
1345
1530
1704
1856
1976
2067
2142
2225
2313
2348
2298
2192
2102
2063
2041
1979
1868
1768
1734
1749
1746
1703
1646
1600
1537
1421
1255
1080
948
843
718
549
382
253
146
25
-108
-228
-345
-485
-652
-828
-1000
-1157
-1265
-1302
-1298
-1316
-1388
-1480
-1564
-1634
-1703
-1764
-1789
-1780
-1760
-1747
-1731
-1707
-1693
-1704
-1737
-1769
-1783
-1767
-1713
-1626
-1510
-1388
-1297
-1255
-1235
-1189
-1106
-1013
-938
-868
-761
-602
-411
-238
-106
-10
66
138
222
328
437
540
612
638
637
667
756
862
918
926
938
1010
1136
1279
1387
1445
1481
1542
1646
1758
1826
1830
1788
1725
1653
1574
1485
1389
1305
1248
1213
1195
1185
1158
1067
903
705
537
424
349
296
264
252
230
175
96
41
44
78
75
-6
-119
-183
-177
-160
-202
-299
-410
-518
-626
-732
-827
-928
-1045
-1169
-1271
-1330
-1351
-1358
-1387
-1438
-1509
-1578
-1630
-1655
-1667
-1706
-1766
-1788
-1704
-1523
-1327
-1191
-1114
-1031
-917
-800
-726
-675
-597
-490
-393
-344
-340
-353
-358
-347
-329
-322
-338
-362
-346
-254
-90
117
339
552
730
841
877
879
919
1040
1202
1346
1443
1517
1610
1750
1943
2139
2286
2369
2420
2459
2487
2478
2414
2294
2160
2063
2018
1991
1947
1885
1810
1722
1602
1461
1301
1127
925
691
450
244
93
-41
-210
-417
-630
-815
-1005
-1230
-1476
-1690
-1836
-1945
-2054
-2185
-2304
-2385
-2433
-2503
-2618
-2734
-2797
-2822
-2851
-2868
-2825
-2722
-2631
-2604
-2603
-2548
-2410
-2221
-2044
-1900
-1770
-1610
-1411
-1198
-1017
-891
-786
-669
-531
-395
-277
-174
-62
75
251
453
651
817
946
1066
1198
1350
1512
1678
1840
1980
2090
2181
2284
2434
2641
2864
3026
3084
3090
3135
3245
3361
3415
3399
3336
3246
3142
3031
2904
2738
2534
2320
2114
1889
1602
1235
822
450
179
-14
-201
-414
-614
-760
-878
-1014
-1181
-1379
-1619
-1916
-2228
-2476
-2624
-2714
-2818
-2949
-3054
-3089
-3062
-3011
-2966
-2938
-2899
-2826
-2728
-2642
-2588
-2544
-2485
-2409
-2344
-2309
-2305
-2323
-2340
-2318
-2234
-2114
-2000
-1892
-1756
-1578
-1386
-1186
-970
-737
-510
-300
-77
180
465
747
1031
1335
1659
1975
2259
2521
2770
3007
3220
3413
3581
3719
3849
4007
4183
4314
4343
4283
4184
4082
3964
3793
3572
3353
3180
3043
2893
2705
2494
2271
2034
1772
1490
1216
973
758
538
303
68
-152
-356
-543
-711
-860
-1003
-1174
-1404
-1707
-2042
-2337
-2555
-2716
-2877
-3069
-3284
-3489
-3656
-3796
-3929
-4061
-4164
-4191
-4145
-4075
-4046
-4057
-4066
-4029
-3943
-3819
-3667
-3484
-3270
-3043
-2837
-2640
-2391
-2044
-1638
-1260
-946
-658
-356
-58
195
406
628
894
1192
1488
1765
2037
2319
2590
2807
2944
3038
3149
3288
3426
3514
3559
3580
3617
3689
3785
3869
3890
3825
3688
3533
3399
3303
3233
3171
3101
3002
2853
2657
2429
2185
1923
1645
1375
1142
946
752
528
271
11
-238
-481
-731
-970
-1190
-1415
-1680
-1972
-2232
-2418
-2559
-2704
-2876
-3050
-3199
-3313
-3405
-3496
-3592
-3689
-3763
-3791
-3768
-3721
-3677
-3650
-3622
-3571
-3484
-3359
-3203
-3018
-2821
-2618
-2394
-2122
-1795
-1450
-1121
-817
-526
-237
62
379
686
943
1138
1328
1572
1874
2189
2461
2660
2797
2921
3069
3228
3337
3368
3354
3358
3402
3465
3517
3543
3530
3481
3403
3308
3183
3031
2871
2731
2601
2457
2286
2105
1936
1777
1613
1432
1245
1078
949
820
625
329
-13
-321
-561
-756
-939
-1122
-1301
-1472
-1624
-1776
-1946
-2142
-2356
-2562
-2734
-2857
-2951
-3030
-3089
-3131
-3172
-3228
-3270
-3274
-3243
-3220
-3233
-3271
-3295
-3271
-3209
-3139
-3071
-2969
-2808
-2617
-2446
-2306
-2156
-1960
-1713
-1425
-1113
-796
-487
-219
-5
167
336
521
744
1023
1345
1640
1845
1981
2119
2304
2490
2610
2644
2634
2628
2642
2679
2751
2860
2985
3098
3182
3226
3226
3172
3078
2957
2833
2729
2645
2580
2513
2425
2295
2123
1940
1774
1636
1509
1365
1168
894
576
292
106
8
-77
-215
-422
-643
-806
-895
-962
-1082
-1269
-1489
-1699
-1886
-2069
-2247
-2395
-2496
-2579
-2674
-2776
-2866
-2939
-2984
-2989
-2966
-2949
-2935
-2881
-2757
-2589
-2429
-2291
-2154
-1987
-1790
-1603
-1459
-1357
-1259
-1113
-901
-642
-394
-188
-19
141
300
438
542
637
772
974
1214
1430
1583
1700
1819
1947
2052
2109
2145
2204
2303
2408
2462
2447
2405
2365
2318
2235
2123
2011
1925
1863
1802
1727
1645
1593
1601
1628
1598
1472
1279
1088
924
786
647
493
312
96
-149
-405
-644
-850
-1011
-1131
-1220
-1297
-1365
-1406
-1419
-1432
-1478
-1557
-1615
-1630
-1619
-1626
-1650
-1669
-1679
-1709
-1770
-1820
-1814
-1752
-1688
-1660
-1653
-1632
-1587
-1562
-1566
-1560
-1501
-1400
-1298
-1188
-1059
-922
-790
-655
-497
-340
-209
-108
-23
58
148
272
423
554
631
655
656
651
668
727
828
940
1035
1102
1155
1202
1254
1310
1360
1391
1403
1402
1383
1337
1253
1153
1081
1057
1047
1026
994
978
958
905
831
769
749
760
769
746
685
621
596
622
662
668
620
545
473
401
308
193
85
8
-44
-91
-141
-205
-294
-413
-551
-696
-837
-949
-1018
-1044
-1046
-1051
-1064
-1062
-1040
-1024
-1045
-1075
-1066
-1028
-1024
-1079
-1149
-1179
-1168
-1142
-1116
-1082
-1038
-988
-941
-881
-801
-706
-610
-522
-441
-354
-258
-177
-138
-135
-137
-122
-86
-39
12
53
104
183
295
404
467
475
451
450
522
670
844
977
1048
1085
1144
1241
1344
1403
1408
1397
1404
1442
1500
1557
1583
1568
1534
1513
1496
1444
1344
1223
1121
1035
958
877
786
677
555
447
345
224
80
-58
-161
-239
-321
-441
-608
-787
-925
-999
-1054
-1149
-1275
-1373
-1415
-1442
-1512
-1632
-1755
-1814
-1796
-1748
-1734
-1782
-1865
-1943
-1983
-1971
-1917
-1846
-1780
-1716
-1631
-1528
-1430
-1364
-1318
-1266
-1192
-1085
-960
-830
-708
-579
-430
-282
-167
-77
22
162
320
457
552
623
710
852
1054
1274
1472
1635
1788
1932
2048
2115
2155
2197
2241
2254
2211
2143
2108
2131
2186
2215
2207
2198
2219
2260
2267
2197
2044
1849
1662
1521
1407
1269
1075
845
633
453
268
41
-207
-420
-570
-695
-837
-999
-1159
-1300
-1433
-1564
-1694
-1831
-1959
-2059
-2100
-2099
-2087
-2088
-2087
-2068
-2034
-2016
-2027
-2063
-2099
-2108
-2086
-2048
-2015
-1984
-1924
-1824
-1707
-1601
-1483
-1315
-1109
-933
-814
-722
-607
-460
-295
-136
8
158
339
559
779
970
1127
1259
1370
1458
1537
1616
1709
1815
1914
1986
2036
2094
2174
2249
2294
2319
2345
2360
2336
2281
2216
2159
2098
2013
1890
1735
1571
1406
1235
1057
885
737
595
438
244
23
-192
-358
-460
-525
-588
-679
-788
-885
-946
-998
-1071
-1171
-1254
-1314
-1372
-1452
-1540
-1616
-1681
-1741
-1795
-1842
-1894
-1969
-2057
-2115
-2117
-2078
-2049
-2042
-2009
-1922
-1817
-1758
-1736
-1682
-1551
-1369
-1199
-1082
-1025
-998
-950
-848
-708
-566
-428
-271
-88
88
218
316
437
602
773
899
987
1081
1200
1343
1487
1607
1688
1727
1756
1800
1851
1895
1936
1991
2052
2085
2076
2037
1987
1944
1919
1901
1870
1817
1751
1674
1578
1469
1364
1267
1173
1075
956
793
593
391
190
-36
-283
-506
-662
-781
-911
-1063
-1201
-1286
-1321
-1346
-1390
-1438
-1462
-1470
-1514
-1606
-1708
-1763
-1748
-1665
-1549
-1455
-1413
-1386
-1315
-1209
-1128
-1110
-1121
-1116
-1080
-1027
-975
-915
-844
-762
-673
-577
-484
-391
-288
-167
-41
69
163
248
326
402
491
612
772
950
1105
1214
1296
1373
1438
1468
1472
1491
1530
1548
1505
1411
1304
1222
1194
1228
1278
1301
1290
1282
1299
1312
1268
1147
978
815
692
596
477
310
122
-38
-163
-280
-405
-527
-643
-761
-902
-1061
-1218
-1342
-1433
-1502
-1563
-1617
-1641
-1621
-1565
-1500
-1449
-1420
-1414
-1427
-1450
-1446
-1381
-1259
-1112
-988
-886
-792
-693
-607
-553
-515
-463
-374
-270
-189
-140
-119
-120
-136
-153
-154
-128
-74
6
96
173
236
290
333
355
368
394
446
508
553
572
584
619
677
740
798
862
949
1058
1168
1250
1292
1306
1313
1302
1258
1188
1133
1106
1077
1022
941
863
792
725
654
572
491
429
396
364
303
219
143
90
50
7
-35
-79
-132
-212
-315
-411
-461
-464
-465
-497
-549
-576
-560
-524
-506
-502
-489
-440
-370
-319
-322
-387
-473
-531
-552
-570
-600
-635
-666
-695
-720
-737
-761
-803
-833
-820
-766
-703
-646
-604
-576
-559
-521
-442
-331
-212
-111
-45
-16
-6
27
103
209
297
339
352
363
393
441
510
599
711
844
971
1037
1020
942
861
801
749
674
569
464
387
342
302
250
193
147
110
56
-39
-171
-307
-414
-479
-508
-525
-533
-528
-492
-422
-334
-249
-182
-142
-129
-136
-127
-76
15
111
163
149
92
34
1
-13
-24
-26
-9
27
51
45
22
23
61
94
77
6
-72
-112
-118
-129
-176
-244
-305
-337
-340
-331
-332
-355
-400
-454
-500
-512
-489
-437
-377
-315
-268
-238
-208
-156
-75
16
97
165
239
309
359
371
359
342
320
289
256
226
202
189
197
206
185
136
88
56
26
-7
-26
-20
2
51
120
186
205
179
163
186
224
236
230
228
240
244
223
191
161
133
110
111
170
269
352
379
358
310
232
137
69
61
101
153
179
165
112
37
-29
-65
-80
-98
-136
-178
-205
-221
-236
-261
-273
-244
-169
-90
-66
-103
-162
-194
-188
-160
-130
-108
-80
-28
41
97
103
58
-12
-78
-121
-130
-110
-83
-68
-62
-45
-9
26
29
-13
-66
-83
-53
-12
20
55
102
139
150
141
127
102
58
-7
-88
-160
-195
-177
-139
-129
-158
-197
-192
-127
-30
49
82
82
61
32
2
-18
-15
-5
-9
-43
-101
-159
-200
-221
-213
-174
-130
-115
-133
-157
-163
-149
-128
-106
-97
-106
-141
-194
-239
-256
-241
-222
-232
-265
-280
-261
-235
-235
-256
-272
-273
-279
-286
-271
-226
-169
-127
-101
-83
-78
-78
-76
-67
-48
-10
62
162
269
357
407
408
386
384
424
476
500
509
526
551
578
600
611
589
529
459
403
348
283
222
196
202
219
239
274
334
401
448
461
455
448
440
408
338
256
215
239
292
325
311
264
185
81
-27
-102
-116
-75
7
95
163
167
77
-98
-296
-452
-543
-596
-642
-688
-731
-754
-763
-760
-743
-703
-640
-576
-519
-487
-487
-520
-556
-562
-532
-493
-474
-464
-445
-411
-375
-352
-333
-292
-214
-103
17
134
251
357
434
478
501
517
520
504
483
481
489
479
427
344
270
231
236
274
325
380
429
468
487
483
460
437
425
418
377
295
177
60
-34
-111
-175
-234
-278
-289
-261
-222
-217
-256
-293
-287
-240
-201
-202
-243
-309
-383
-453
-509
-555
-590
-620
-633
-641
-660
-699
-735
-727
-659
-549
-446
-391
-389
-411
-412
-377
-327
-292
-298
-344
-399
-424
-407
-361
-306
-245
-185
-111
1
149
292
396
477
555
630
687
745
839
961
1058
1087
1074
1065
1057
1035
1008
992
963
896
818
766
750
746
744
732
692
623
539
462
392
326
257
189
128
91
80
77
63
27
-36
-122
-202
-254
-273
-280
-297
-345
-430
-533
-620
-687
-739
-765
-739
-663
-579
-525
-508
-505
-509
-521
-544
-562
-564
-542
-483
-402
-335
-319
-348
-399
-444
-463
-426
-339
-243
-183
-157
-134
-101
-67
-33
4
35
52
75
127
189
204
160
124
161
269
381
456
490
496
477
443
422
441
516
630
735
786
768
709
643
592
547
494
430
382
363
354
321
259
179
92
9
-61
-117
-162
-187
-182
-174
-196
-259
-346
-429
-503
-581
-683
-797
-882
-904
-874
-842
-843
-867
-863
-813
-733
-664
-628
-617
-616
-618
-625
-626
-600
-542
-469
-415
-388
-375
-370
-360
-329
-266
-177
-86
-12
31
69
119
176
212
217
220
255
326
405
470
525
591
663
721
745
758
787
837
866
848
786
706
630
558
503
470
454
436
409
390
387
402
416
427
430
426
409
380
348
335
353
389
403
368
297
205
119
40
-18
-49
-44
-1
48
59
14
-70
-139
-157
-116
-61
-48
-92
-169
-229
-244
-202
-134
-85
-66
-63
-72
-119
-214
-325
-417
-479
-517
-543
-563
-569
-554
-515
-476
-442
-396
-335
-288
-286
-315
-343
-340
-375
-665
-1301
-1843
-1534
-234
1143
1544
904
111
-84
294
665
522
-167
-982
-1466
-1432
-883
127
1315
2030
1752
702
-317
-740
-675
-587
-755
-1034
-962
-184
1115
2265
2697
2444
1903
1299
546
-349
-992
-953
-288
354
366
-162
-575
-475
-238
-454
-1126
-1634
-1601
-1262
-1023
-800
-169
904
1851
2059
1613
1121
1044
1261
1397
1316
1141
984
730
273
-287
-695
-915
-1216
-1845
-2619
-3011
-2683
-1800
-878
-355
-350
-654
-909
-848
-456
92
579
835
839
769
899
1303
1782
1981
1638
753
-290
-897
-746
-85
494
608
284
-153
-374
-231
122
379
293
-136
-711
-1121
-1112
-684
-113
216
123
-297
-722
-823
-478
119
595
666
360
-8
-79
251
718
966
839
462
37
-257
-300
-61
300
511
367
-73
-508
-628
-382
-32
109
-80
-414
-612
-503
-157
183
296
139
-123
-294
-281
-145
38
246
442
534
465
323
293
447
645
668
479
258
170
209
269
302
334
387
441
450
384
293
252
268
227
43
-192
-295
-229
-157
-207
-296
-289
-227
-261
-440
-636
-683
-515
-218
19
71
4
-16
47
68
-48
-220
-323
-349
-360
-327
-175
70
272
288
113
-128
-253
-181
-27
3
-152
-353
-400
-243
-11
123
94
-11
-107
-216
-404
-590
-603
-421
-250
-255
-344
-326
-168
-25
-6
-54
-17
181
434
576
556
495
503
526
430
204
-15
-95
-45
36
83
98
145
248
347
328
165
-12
-59
-19
-63
-245
-411
-415
-304
-246
-296
-367
-387
-399
-474
-551
-480
-219
87
243
220
169
227
360
409
322
197
143
131
87
45
108
283
401
303
24
-227
-285
-190
-87
-66
-87
-99
-106
-151
-206
-221
-201
-222
-335
-469
-498
-360
-112
119
248
278
268
281
324
385
443
480
479
462
490
584
705
797
816
731
557
370
279
297
360
395
413
457
512
515
425
300
206
151
90
1
-61
-57
-11
-8
-92
-239
-380
-456
-455
-403
-342
-267
-134
25
98
27
-103
-172
-185
-229
-345
-471
-532
-477
-316
-128
-11
-31
-156
-336
-535
-732
-866
-858
-717
-533
-383
-249
-105
18
36
-75
-265
-435
-507
-456
-347
-273
-245
-202
-123
-98
-176
-283
-305
-250
-225
-260
-265
-163
-12
93
143
192
240
231
153
59
7
47
191
398
586
671
629
503
368
283
258
231
134
-27
-138
-88
100
279
364
397
435
455
407
310
215
146
94
65
41
1
-59
-107
-141
-206
-314
-428
-487
-477
-421
-354
-273
-144
26
193
285
291
259
246
255
215
82
-87
-157
-84
31
55
12
22
97
83
-132
-428
-568
-439
-174
-3
-14
-103
-132
-90
-61
-85
-109
-103
-95
-110
-84
84
401
726
887
840
697
590
533
474
382
292
235
200
158
118
109
138
166
150
73
-21
-53
22
160
237
185
50
-35
6
141
263
284
177
-23
-242
-402
-433
-292
-18
237
320
217
80
42
77
77
5
-98
-194
-293
-396
-443
-367
-199
-84
-128
-272
-366
-352
-309
-315
-318
-227
-66
41
24
-33
-20
50
53
-85
-268
-350
-289
-173
-76
14
102
132
60
-61
-137
-129
-66
0
17
-31
-88
-66
44
139
116
-14
-175
-294
-335
-286
-195
-135
-122
-122
-147
-249
-385
-436
-376
-331
-429
-631
-793
-793
-621
-356
-109
33
66
33
-39
-135
-212
-208
-122
-38
-29
-65
-42
106
325
490
525
454
350
250
192
222
368
557
672
681
641
617
618
629
616
549
419
284
210
218
276
326
300
164
-16
-104
-39
118
242
277
244
211
218
250
260
221
174
162
161
100
-23
-103
-52
63
108
18
-123
-221
-271
-326
-402
-453
-443
-398
-376
-374
-332
-211
-76
-35
-112
-220
-264
-251
-242
-271
-307
-310
-282
-260
-261
-249
-139
75
278
339
258
155
138
219
349
450
447
349
244
209
218
205
156
106
66
32
16
38
102
158
158
73
-55
-124
-43
169
391
496
476
396
316
254
218
208
200
167
117
92
112
168
225
238
174
39
-127
-286
-429
-561
-645
-630
-504
-346
-235
-185
-164
-187
-298
-490
-672
-751
-716
-620
-513
-402
-288
-200
-186
-256
-353
-409
-414
-428
-498
-599
-660
-644
-598
-556
-497
-377
-229
-141
-130
-118
-24
119
206
176
58
-49
-81
-54
-46
-97
-166
-189
-160
-101
-12
109
220
262
217
138
127
257
493
720
822
780
673
571
506
477
492
554
618
616
530
444
451
533
580
534
441
379
351
318
246
134
2
-119
-191
-188
-92
85
280
390
357
245
172
179
203
153
3
-194
-357
-438
-447
-405
-300
-135
10
26
-110
-306
-446
-469
-397
-287
-183
-99
-32
14
36
36
26
4
-29
-40
5
102
194
230
196
120
41
-3
-16
-28
-52
-69
-67
-72
-91
-112
-104
-56
26
105
146
149
157
211
298
402
499
570
583
541
482
441
412
391
384
369
293
155
19
-57
-94
-143
-225
-314
-372
-368
-279
-127
12
38
-68
-229
-331
-315
-201
-82
-62
-167
-305
-368
-353
-345
-397
-485
-576
-651
-690
-653
-547
-440
-407
-469
-580
-656
-633
-520
-402
-356
-357
-351
-323
-325
-351
-317
-166
73
250
223
-58
-431
-626
-518
-238
-51
-31
-80
-65
33
126
126
42
2
118
313
403
290
76
-55
-4
197
416
511
429
244
124
172
383
621
722
633
474
407
453
548
633
672
584
352
110
7
79
230
364
428
428
432
457
445
349
245
229
267
251
135
-28
-176
-250
-223
-127
-51
-56
-108
-140
-122
-77
-36
-12
12
46
39
-69
-232
-304
-211
-49
37
22
-3
26
80
80
-2
-91
-103
-47
-24
-83
-165
-193
-165
-141
-148
-166
-181
-201
-230
-262
-275
-246
-149
-4
122
183
198
198
171
93
-8
-78
-88
-61
-33
-33
-59
-76
-51
-9
7
-17
-53
-82
-108
-153
-204
-217
-155
-56
-4
-13
-32
8
97
191
239
227
198
187
201
202
183
159
139
99
33
-14
-14
7
-19
-101
-187
-247
-319
-421
-500
-479
-376
-290
-281
-308
-287
-216
-163
-176
-226
-251
-232
-191
-176
-196
-203
-150
-60
-38
-123
-236
-260
-186
-96
-48
-21
18
68
97
94
89
121
195
242
199
80
-4
37
163
238
162
-26
-201
-254
-181
-32
119
214
220
148
81
105
238
415
539
556
473
352
270
264
302
311
266
203
158
139
139
156
174
181
167
125
42
-58
-105
-67
20
91
124
114
60
-17
-48
-7
57
55
-32
-123
-122
2
166
251
198
68
-14
12
97
126
55
-59
-100
-26
114
227
259
215
121
15
-59
-64
15
136
215
182
47
-102
-182
-181
-144
-105
-81
-85
-131
-198
-241
-244
-244
-294
-376
-421
-381
-315
-313
-397
-484
-474
-372
-269
-248
-291
-313
-267
-202
-193
-234
-248
-191
-100
-25
30
89
127
114
61
21
23
69
141
200
230
253
303
366
393
365
320
293
266
227
199
227
288
325
292
215
151
135
161
195
192
113
-21
-142
-181
-126
-12
92
123
63
-40
-107
-94
-22
28
17
-24
-34
-17
-18
-57
-101
-111
-96
-109
-196
-341
-458
-457
-339
-188
-90
-47
-11
37
45
-18
-129
-211
-218
-168
-106
-69
-92
-197
-353
-466
-461
-364
-277
-264
-306
-334
-308
-235
-151
-97
-85
-89
-83
-86
-129
-209
-291
-352
-389
-385
-315
-172
15
210
365
417
349
223
146
165
245
340
442
541
598
561
431
295
246
303
384
404
363
334
381
498
640
767
824
775
625
456
348
335
394
462
464
394
309
287
316
334
292
201
121
92
113
111
35
-107
-253
-361
-413
-393
-311
-217
-158
-138
-122
-92
-58
-39
-49
-94
-172
-259
-334
-384
-416
-422
-393
-347
-333
-365
-407
-412
-389
-371
-346
-269
-111
67
173
170
123
99
91
39
-54
-118
-115
-102
-137
-214
-263
-250
-193
-119
-57
-39
-83
-172
-265
-327
-338
-303
-261
-235
-225
-216
-198
-167
-129
-98
-102
-136
-162
-167
-168
-192
-228
-250
-238
-196
-144
-109
-82
-17
99
217
280
297
308
321
300
239
170
121
93
76
70
68
55
2
-105
-227
-304
-292
-236
-202
-194
-157
-73
6
31
18
-2
-30
-97
-194
-284
-322
-284
-192
-89
-26
-1
6
25
75
171
281
347
345
299
248
207
189
218
287
357
396
408
424
467
525
551
507
404
312
305
398
521
567
496
353
236
202
249
344
452
541
575
538
460
395
368
367
361
322
239
131
30
-26
-41
-36
-53
-109
-185
-220
-174
-65
40
