201
223
266
306
324
326
325
326
310
271
258
302
377
415
409
383
342
284
220
175
140
120
133
176
205
201
195
221
272
302
288
256
258
311
354
336
275
224
189
141
91
70
84
97
86
46
-35
-147
-260
-346
-429
-526
-622
-681
-698
-693
-667
-595
-480
-351
-253
-213
-226
-254
-245
-206
-195
-239
-278
-269
-222
-184
-162
-149
-153
-174
-204
-227
-251
-270
-267
-244
-222
-209
-179
-109
-5
81
105
64
16
22
90
157
172
146
122
128
141
130
68
-47
-160
-207
-171
-106
-67
-57
-43
10
95
185
241
246
207
134
33
-75
-157
-200
-228
-268
-325
-374
-398
-400
-389
-376
-364
-351
-315
-241
-128
-10
71
89
94
156
268
348
334
265
209
184
174
160
136
116
134
210
292
313
268
216
201
196
159
89
24
5
35
95
161
212
248
274
297
313
330
356
391
402
377
312
228
146
79
40
13
-10
-39
-72
-84
-67
-27
-1
-18
-74
-152
-209
-205
-136
-48
7
22
15
4
-14
-42
-60
-31
61
159
196
157
115
133
182
177
88
-20
-81
-88
-73
-50
-21
-13
-47
-99
-121
-99
-67
-48
-35
-20
-11
-16
-23
-27
-30
-48
-92
-142
-156
-117
-70
-61
-93
-117
-104
-49
30
105
143
128
80
49
72
148
235
278
253
176
87
16
-49
-135
-237
-306
-317
-290
-260
-230
-170
-85
14
93
134
128
109
112
123
111
84
89
124
114
0
-174
-299
-310
-218
-105
-38
-50
-118
-209
-282
-305
-279
-248
-251
-277
-305
-329
-349
-348
-309
-247
-192
-161
-149
-139
-112
-75
-62
-104
-170
-203
-174
-105
-27
49
112
145
137
103
65
47
54
83
120
154
192
228
247
255
266
292
314
307
276
226
171
140
158
205
217
143
3
-125
-173
-145
-100
-82
-89
-98
-101
-102
-105
-120
-157
-210
-248
-248
-233
-244
-269
-262
-177
-20
165
312
374
353
296
274
297
326
309
251
183
131
97
84
94
114
130
133
144
183
239
270
240
154
59
-1
-15
1
37
98
181
260
313
336
357
380
396
390
371
348
314
282
259
245
213
156
85
16
-50
-95
-113
-111
-107
-110
-97
-69
-32
-7
-9
-53
-132
-218
-264
-246
-195
-185
-257
-366
-412
-359
-275
-258
-316
-365
-331
-227
-119
-65
-72
-111
-156
-179
-175
-147
-126
-125
-136
-131
-111
-100
-110
-138
-171
-206
-238
-249
-231
-206
-195
-186
-144
-65
10
45
63
93
126
101
0
-136
-243
-286
-278
-252
-229
-217
-224
-239
-262
-290
-310
-295
-234
-167
-136
-140
-137
-115
-80
-47
-28
-24
-22
-19
-24
-50
-86
-118
-140
-135
-87
7
116
217
294
356
406
430
398
307
189
105
86
137
231
330
407
450
458
428
364
288
239
247
297
346
365
359
351
354
358
330
264
204
202
244
259
207
122
71
57
26
-46
-109
-115
-89
-97
-142
-170
-142
-80
-12
46
75
55
9
-12
14
76
131
162
154
113
67
48
80
136
174
165
112
53
28
50
75
48
-30
-90
-63
19
82
75
21
-39
-69
-67
-57
-73
-114
-164
-218
-278
-312
-292
-222
-146
-92
-62
-45
-44
-60
-84
-103
-109
-122
-165
-238
-314
-355
-339
-269
-201
-186
-235
-289
-287
-217
-141
-113
-123
-106
-27
55
87
67
47
48
49
24
-34
-99
-121
-95
-70
-78
-101
-108
-111
-126
-142
-142
-137
-148
-190
-248
-302
-315
-274
-213
-188
-222
-271
-269
-198
-112
-70
-76
-92
-80
-42
-1
18
16
12
15
-1
-50
-109
-131
-90
4
118
221
296
342
351
325
287
269
270
265
248
241
270
336
425
497
512
466
412
411
454
468
424
367
345
345
290
175
57
19
55
90
70
13
-2
41
100
100
33
-47
-88
-69
-25
-4
-38
-94
-124
-108
-72
-38
-1
23
-4
-103
-240
-332
-328
-271
-259
-331
-426
-453
-392
-295
-225
-197
-176
-121
-33
45
78
83
96
130
159
157
130
96
76
73
91
138
200
246
251
220
175
137
106
76
35
8
29
100
172
188
158
136
182
259
278
177
16
-83
-66
7
31
-34
-137
-185
-137
-41
26
37
22
-7
-61
-133
-201
-240
-260
-255
-233
-205
-185
-166
-135
-82
-8
68
121
133
110
68
17
-30
-78
-134
-204
-259
-265
-220
-155
-105
-76
-70
-86
-129
-183
-219
-212
-157
-85
-47
-65
-115
-153
-141
-74
2
40
22
-7
11
71
123
128
103
93
127
179
192
147
67
-3
-49
-73
-76
-50
10
62
37
-77
-207
-264
-230
-163
-115
-105
-103
-86
-51
-29
-28
-41
-49
-59
-83
-119
-148
-166
-186
-223
-266
-277
-233
-129
-15
43
3
-88
-156
-164
-145
-138
-140
-122
-54
53
163
230
226
160
87
59
77
105
131
167
225
279
315
354
419
508
604
698
772
806
792
744
673
591
510
435
358
270
220
242
298
300
213
96
22
15
45
62
37
-13
-43
-50
-64
-117
-193
-253
-290
-311
-326
-318
-282
-232
-199
-202
-215
-192
-127
-75
-108
-226
-350
-394
-342
-274
-264
-327
-391
-378
-285
-169
-89
-32
27
90
117
94
52
26
22
2
-66
-162
-229
-239
-217
-214
-227
-214
-163
-97
-47
-14
20
71
130
152
125
102
136
203
226
195
168
200
269
304
264
165
63
-11
-68
-141
-228
-285
-275
-207
-130
-95
-127
-187
-197
-121
-26
-3
-66
-150
-213
-267
-325
-364
-348
-281
-213
-182
-189
-198
-187
-177
-200
-252
-303
-330
-337
-324
-291
-247
-203
-162
-99
-12
108
239
349
392
368
327
327
361
363
284
155
69
79
151
201
186
145
134
159
158
93
17
14
88
152
131
50
3
36
104
140
119
80
75
123
191
231
238
232
226
204
160
106
70
84
159
264
318
305
281
323
411
456
406
289
183
135
150
196
234
234
186
110
29
-43
-88
-82
-28
31
52
52
71
114
144
133
85
35
1
-23
-42
-52
-47
-60
-92
-129
-135
-109
-70
-42
-46
-56
-31
49
129
127
35
-71
-122
-120
-111
-120
-135
-145
-162
-204
-264
-319
-343
-350
-368
-413
-443
-415
-344
-294
-301
-318
-291
-201
-106
-45
-14
-4
-10
-51
-88
-91
-75
-78
-130
-220
-328
-395
-366
-245
-121
-86
-142
-217
-255
-248
-235
-233
-244
-235
-162
-21
123
188
167
112
68
24
-28
-76
-90
-72
-50
-49
-74
-111
-148
-176
-191
-191
-169
-120
-48
11
20
-14
-50
-53
-28
13
58
109
159
182
151
86
59
111
198
246
233
207
215
252
282
292
314
361
408
421
388
344
320
322
319
271
188
112
82
77
59
15
-40
-79
-93
-72
-14
49
74
58
48
70
99
101
78
59
49
32
-2
-23
-20
-5
18
63
118
150
137
90
37
1
14
84
171
217
201
195
251
340
369
312
223
189
228
282
298
260
196
134
108
135
185
219
223
226
252
275
249
163
50
-45
-106
-136
-156
-188
-239
-295
-331
-338
-324
-319
-320
-308
-261
-201
-166
-165
-169
-155
-139
-155
-201
-243
-251
-214
-168
-153
-192
-254
-275
-228
-166
-163
-230
-313
-371
-408
-432
-438
-406
-338
-267
-231
-243
-270
-275
-267
-290
-341
-357
-302
-210
-144
-126
-134
-147
-159
-157
-137
-110
-100
-108
-118
-100
-53
4
35
28
10
12
36
39
-3
-62
-87
-69
-38
-7
18
44
65
82
99
118
150
173
159
104
64
93
180
262
299
288
254
216
197
220
280
346
385
364
292
206
151
132
115
76
15
-36
-68
-81
-85
-82
-61
-2
102
230
337
386
365
310
266
263
307
387
479
537
526
468
410
383
367
324
251
183
166
208
283
355
387
357
283
213
191
215
251
269
243
165
72
18
35
89
132
151
169
195
199
157
72
-32
-115
-163
-199
-253
-318
-358
-359
-348
-354
-367
-346
-271
-182
-136
-153
-209
-283
-368
-448
-500
-505
-461
-394
-357
-393
-473
-522
-509
-454
-405
-371
-345
-313
-268
-227
-211
-231
-254
-244
-204
-171
-165
-146
-86
-27
-48
-152
-243
-249
-181
-118
-124
-193
-265
-277
-242
-202
-179
-163
-135
-125
-133
-141
-115
-41
70
170
212
181
129
99
100
96
82
71
65
55
28
15
38
92
143
169
180
191
221
267
302
293
238
169
124
121
128
111
55
0
-18
9
49
81
119
169
209
199
141
87
98
172
257
296
268
167
23
-101
-169
-192
-213
-235
-241
-217
-169
-117
-62
-5
62
118
147
145
121
67
-33
-132
-170
-110
-10
68
86
56
35
72
160
226
218
158
93
39
9
49
201
426
622
706
696
663
659
661
616
491
298
93
-64
-132
-138
-138
-176
-236
-262
-208
-65
117
269
325
255
101
-15
20
200
399
481
384
148
-125
-318
-386
-378
-372
-387
-370
-264
-93
38
45
-20
-7
187
503
776
862
748
534
347
261
254
256
196
57
-119
-289
-466
-659
-857
-1005
-1052
-975
-799
-619
-517
-508
-494
-371
-114
207
471
601
575
424
190
-84
-350
-559
-668
-688
-682
-745
-890
-1052
-1124
-1062
-915
-774
-722
-761
-823
-799
-659
-475
-339
-261
-182
-78
36
148
281
444
603
722
793
850
899
926
927
949
1025
1137
1267
1432
1637
1799
1825
1718
1604
1639
1841
2023
1809
898
-598
-2097
-2934
-2935
-2561
-2520
-3168
-4238
-5096
-5266
-4756
-3934
-3145
-2518
-2041
-1655
-1241
-620
338
1606
2933
3943
4357
4237
3962
3877
3968
3902
3367
2338
1078
-60
-869
-1343
-1571
-1598
-1415
-1065
-610
-34
747
1751
2854
3867
4690
5388
6013
6257
5455
3328
718
-820
-511
683
777
-1397
-4981
-7754
-8123
-6529
-4842
-4505
-5375
-6224
-5983
-4445
-2107
440
2855
4940
6385
6911
6766
6728
7316
8016
7661
5651
2645
-33
-1643
-2627
-3966
-6019
-8130
-9460
-9941
-10137
-10292
-9958
-8658
-6577
-4401
-2610
-1074
695
2939
5329
7322
8730
9828
10891
11812
12194
11727
10514
9044
7834
6864
5428
2720
-1145
-4894
-7058
-7343
-6945
-7473
-9444
-11743
-12602
-11238
-8521
-6072
-4802
-4340
-3622
-1865
863
3860
6402
8147
9046
9144
8665
8098
7863
7739
6860
4514
1002
-2444
-4656
-5526
-5982
-7028
-8771
-10412
-11040
-10367
-8793
-6935
-5155
-3441
-1616
378
2457
4519
6483
8217
9495
10159
10274
10200
10326
10588
10328
8913
6571
4292
2673
1135
-1323
-4659
-7500
-8546
-8060
-7697
-8732
-10536
-11113
-9277
-6021
-3493
-2814
-3140
-2665
-384
3097
6220
7898
8273
8172
8161
8254
8265
7984
7068
5147
2257
-913
-3368
-4601
-5101
-5949
-7764
-10015
-11455
-11243
-9645
-7633
-5984
-4778
-3666
-2271
-337
2201
5024
7396
8624
8727
8557
9056
10310
11441
11473
10201
8235
6433
5321
4684
3567
1036
-2705
-6134
-7697
-7357
-6667
-7263
-9245
-11043
-10964
-8862
-6178
-4442
-3970
-3909
-3147
-1079
2030
5218
7444
8231
7879
7198
7029
7592
8105
7311
4667
1018
-2109
-3808
-4439
-5070
-6410
-8217
-9687
-10218
-9768
-8578
-6887
-4979
-3260
-2010
-1010
404
2706
5477
7556
8123
7646
7471
8407
9897
10686
10103
8535
6822
5506
4663
4008
2894
601
-2855
-6238
-7940
-7558
-6474
-6608
-8436
-10423
-10605
-8688
-6215
-4766
-4418
-4060
-2756
-532
1928
4057
5783
7202
8106
8201
7694
7224
6978
6282
4382
1489
-1254
-2924
-3726
-4674
-6370
-8252
-9218
-8842
-7760
-6827
-6190
-5321
-3826
-1979
-356
913
2249
3930
5573
6526
6708
6773
7411
8586
9571
9700
8940
7719
6469
5485
4833
4016
2092
-1248
-4829
-6787
-6484
-5351
-5525
-7581
-9826
-10119
-8197
-5771
-4491
-4345
-4120
-2894
-777
1525
3518
5149
6442
7210
7377
7264
7210
6926
5659
3159
231
-1898
-2836
-3419
-4771
-6969
-8873
-9347
-8454
-7231
-6455
-5941
-5029
-3447
-1522
286
1839
3287
4704
5906
6705
7222
7767
8465
9092
9372
9266
8844
8007
6637
5068
3941
3228
1806
-1286
-5269
-7928
-7912
-6350
-5796
-7461
-9824
-10335
-8255
-5287
-3481
-3169
-3132
-2191
-217
2122
4167
5685
6678
7114
7070
6905
6908
6740
5643
3351
617
-1430
-2422
-3065
-4287
-6165
-7861
-8603
-8475
-8077
-7648
-6882
-5587
-4101
-2877
-1873
-617
1153
3113
4677
5601
6143
6679
7295
7841
8316
8903
9488
9383
7985
5823
4317
4070
3762
1573
-2406
-5885
-6818
-5739
-5175
-6743
-9268
-10185
-8538
-5933
-4528
-4734
-5190
-4478
-2415
150
2306
3742
4642
5280
5867
6585
7355
7582
6567
4364
2021
648
235
-347
-2101
-4715
-6818
-7436
-6995
-6698
-7076
-7463
-6942
-5436
-3701
-2361
-1332
-190
1167
2519
3794
5192
6675
7724
7889
7551
7746
8925
10093
9665
7430
5016
4021
3905
2645
-644
-4396
-6344
-6131
-5608
-6591
-8718
-10005
-9277
-7449
-6195
-6011
-6013
-5218
-3457
-1183
1079
2966
4278
5004
5430
6056
7055
7833
7400
5474
2982
1219
505
-66
-1539
-3893
-6061
-7094
-7102
-6960
-7171
-7367
-6905
-5730
-4331
-3075
-1859
-462
1038
2394
3606
4926
6403
7622
8142
8169
8493
9499
10416
9988
8091
6170
5540
5531
4089
432
-3626
-5491
-4738
-3680
-4811
-7938
-10401
-10104
-7761
-5803
-5626
-6462
-6636
-5296
-2860
-306
1708
3085
4016
4736
5518
6547
7568
7824
6732
4579
2404
991
121
-1072
-3048
-5274
-6828
-7335
-7258
-7249
-7466
-7526
-6978
-5727
-4015
-2205
-578
726
1787
2904
4366
6111
7638
8431
8510
8531
9044
9693
9432
7884
6142
5588
5894
4981
1512
-3077
-5746
-5217
-3483
-3662
-6522
-9707
-10474
-8605
-6271
-5409
-5937
-6405
-5698
-3829
-1488
661
2252
3213
3743
4283
5197
6311
6852
6097
4204
2242
1153
734
-98
-2037
-4537
-6381
-6910
-6545
-6186
-6317
-6704
-6770
-6101
-4643
-2666
-679
766
1520
2127
3366
5394
7428
8476
8380
8051
8478
9519
9965
8973
7247
6258
6261
5673
2978
-1076
-3939
-4148
-3141
-3685
-6631
-9869
-10738
-9000
-6866
-6314
-7092
-7494
-6416
-4161
-1637
590
2353
3565
4250
4795
5748
7177
8296
8027
6135
3629
1839
1062
398
-1112
-3418
-5615
-6930
-7374
-7422
-7423
-7337
-6946
-6071
-4671
-2899
-1076
494
1737
2897
4328
6114
7862
8966
9196
9023
9165
9776
10118
9324
7530
5814
4770
3540
957
-2569
-5086
-5351
-4498
-4867
-7252
-9827
-10189
-8136
-5824
-5211
-6037
-6518
-5421
-2992
-278
1891
3266
4001
4423
4899
5701
6713
7288
6654
4744
2453
819
-30
-909
-2550
-4776
-6744
-7824
-8056
-7859
-7537
-7126
-6467
-5359
-3736
-1874
-217
1075
2287
3740
5297
6465
6973
7172
7695
8723
9663
9662
8439
6685
5521
5338
5123
3341
-218
-3779
-5253
-4529
-3690
-4772
-7511
-9633
-9372
-7349
-5660
-5491
-6100
-6060
-4770
-2688
-535
1283
2659
3594
4133
4505
5020
5668
5872
4986
3114
1201
54
-527
-1427
-3092
-5012
-6328
-6761
-6714
-6616
-6438
-5908
-4974
-3755
-2288
-581
1100
2356
3135
3881
5013
6335
7175
7191
6891
7147
8149
9003
8611
6983
5460
5180
5463
4336
1048
-2595
-4049
-3030
-1947
-3188
-6347
-8643
-8137
-5922
-4647
-5363
-6638
-6610
-5018
-2948
-1321
-146
962
2055
2885
3476
4178
5030
5398
4611
2887
1265
502
237
-552
-2297
-4278
-5425
-5502
-5263
-5426
-5860
-5941
-5373
-4271
-2747
-892
822
1711
1716
1759
2897
5015
6751
6917
5935
5508
6708
8672
9416
8017
5769
4798
5503
5861
3832
5
-2867
-3065
-1893
-2097
-4650
-7679
-8686
-7378
-5744
-5564
-6593
-7295
-6680
-4958
-2850
-921
526
1377
1829
2387
3434
4724
5408
4807
3162
1540
802
718
236
-1326
-3493
-5182
-5863
-5921
-5940
-6006
-5867
-5440
-4806
-3859
-2372
-542
950
1681
2107
3077
4740
6293
6927
6812
6893
7773
8947
9258
8184
6556
5659
5554
4821
2370
-896
-2911
-2874
-2255
-3114
-5646
-7939
-8235
-6931
-5883
-6120
-6943
-7124
-6224
-4566
-2576
-579
1012
1901
2343
3074
4474
5919
6270
5065
3113
1707
1307
1091
-65
-2258
-4372
-5363
-5419
-5549
-6177
-6664
-6297
-5267
-4273
-3499
-2436
-757
1101
2433
3154
3894
5168
6713
7800
8078
7958
8090
8583
8817
8184
6919
5841
5158
4014
1698
-1107
-2843
-2968
-2699
-3694
-6074
-8171
-8403
-7018
-5705
-5594
-6276
-6589
-5860
-4180
-2032
22
1520
2350
2880
3667
4831
5757
5634
4352
2753
1743
1326
615
-1069
-3377
-5232
-5966
-5923
-5960
-6469
-7014
-6886
-5853
-4331
-2832
-1508
-195
1156
2428
3538
4588
5670
6667
7298
7441
7401
7670
8292
8576
7816
6304
5207
5074
4882
3153
-36
-2812
-3526
-2652
-2307
-3908
-6514
-7870
-6969
-5107
-4228
-4795
-5685
-5638
-4318
-2245
-302
846
1257
1662
2694
4141
5107
4910
3718
2357
1538
1191
621
-741
-2680
-4417
-5369
-5706
-6026
-6587
-6958
-6602
-5593
-4496
-3618
-2650
-1270
306
1554
2430
3415
4780
6032
6466
6137
5946
6654
7885
8404
7425
5645
4604
4930
5361
4102
1062
-1752
-2463
-1530
-1257
-3123
-6005
-7482
-6598
-4898
-4404
-5356
-6240
-5769
-4049
-2040
-486
463
1059
1711
2674
3835
4713
4857
4159
2970
1851
1156
661
-247
-1862
-3747
-5175
-5948
-6390
-6700
-6679
-6257
-5803
-5524
-4928
-3328
-937
1069
1818
1853
2525
4336
6297
7118
6719
6231
6655
7803
8573
8063
6500
5133
4972
5463
4848
2267
-930
-2492
-1817
-722
-1477
-4263
-6875
-7167
-5457
-3972
-4219
-5546
-6283
-5504
-3554
-1426
17
565
758
1312
2449
3687
4322
3993
2932
1787
1066
655
-45
-1423
-3189
-4700
-5620
-6109
-6388
-6412
-6132
-5763
-5481
-4925
-3514
-1345
605
1450
1495
1954
3540
5562
6716
6612
6170
6484
7592
8525
8371
7166
5903
5599
6133
6075
4119
819
-1660
-1790
-518
-361
-2661
-5991
-7653
-6672
-4724
-4102
-5249
-6703
-6815
-5185
-2674
-558
410
508
724
1801
3464
4649
4496
3191
1748
1043
944
510
-973
-3178
-5105
-6103
-6378
-6517
-6739
-6854
-6638
-6073
-5112
-3651
-1809
-111
967
1549
2270
3563
5126
6227
6501
6333
6413
7059
7938
8424
8050
6943
5888
5666
5982
5400
3006
-106
-1718
-1106
-89
-1008
-3938
-6559
-6852
-5376
-4380
-5095
-6529
-6932
-5730
-3772
-2132
-1167
-584
83
1092
2332
3334
3622
3130
2294
1684
1452
1156
158
-1604
-3451
-4628
-5081
-5297
-5628
-6013
-6277
-6230
-5590
-4193
-2405
-979
-302
53
864
2363
3957
4880
5054
5101
5533
6240
6889
7471
8052
8282
7706
6689
6230
6567
6407
4426
1246
-923
-918
-160
-925
-3593
-6208
-6884
-5909
-5116
-5561
-6460
-6428
-5133
-3370
-1967
-1129
-588
65
1150
2595
3849
4287
3822
2983
2357
1951
1239
-153
-1907
-3303
-4081
-4632
-5364
-6126
-6519
-6424
-5944
-5092
-3910
-2739
-1948
-1441
-669
682
2250
3341
3750
3975
4565
5403
6005
6344
6896
7731
8096
7337
6003
5420
5933
6161
4518
1388
-1107
-1539
-916
-1339
-3502
-5983
-6995
-6307
-5220
-4975
-5490
-5797
-5218
-3927
-2443
-1166
-279
277
884
1898
3098
3765
3493
2651
1815
1091
183
-977
-2119
-3047
-3906
-4824
-5608
-5983
-6007
-5908
-5620
-4852
-3660
-2583
-1984
-1516
-506
1089
2462
2898
2763
3142
4434
5744
6013
5426
5200
6042
7247
7561
6627
5377
4891
5131
4906
3294
820
-1051
-1526
-1320
-1705
-3136
-4782
-5491
-4936
-3894
-3360
-3566
-3920
-3675
-2621
-1177
-101
173
-14
243
1392
2842
3535
3034
1819
688
92
-133
-540
-1614
-3214
-4650
-5322
-5275
-5000
-4820
-4707
-4507
-4154
-3589
-2704
-1491
-243
602
873
996
1654
3054
4547
5257
5050
4741
5224
6460
7524
7547
6586
5472
5025
5318
5575
4714
2423
-261
-1764
-1579
-939
-1523
-3655
-5769
-6003
-4262
-2471
-2461
-3877
-4723
-3711
-1616
-127
-21
-575
-576
489
2001
2825
2354
1068
46
-133
88
-266
-1625
-3452
-4744
-5025
-4661
-4366
-4428
-4615
-4587
-4235
-3614
-2773
-1832
-1046
-597
-265
419
1636
2997
3960
4367
4547
4926
5599
6251
6467
6193
5827
5772
5931
5790
5080
4115
3328
2591
1482
88
-881
-1073
-1113
-1803
-3010
-3694
-3233
-2257
-1952
-2611
-3306
-3140
-2282
-1581
-1435
-1509
-1326
-855
-445
-391
-588
-674
-538
-531
-1022
-1881
-2602
-2884
-2897
-2964
-3202
-3462
-3581
-3563
-3559
-3616
-3544
-3119
-2438
-1839
-1445
-997
-196
903
1963
2709
3196
3741
4586
5551
6133
6050
5695
5822
6649
7379
6920
5186
3450
3051
3753
3805
1948
-905
-2518
-1872
-402
-341
-2174
-4110
-4258
-2809
-1666
-2113
-3469
-4224
-3765
-2753
-2042
-1926
-2120
-2167
-1745
-935
-186
60
-264
-810
-1161
-1150
-1023
-1157
-1703
-2424
-2984
-3190
-3117
-3065
-3338
-3885
-4193
-3825
-2888
-1911
-1138
-382
620
1799
2902
3814
4596
5298
5821
6070
6125
6160
6162
5994
5690
5450
5262
4806
3997
3272
3007
2756
1702
-55
-1265
-970
82
171
-1346
-3117
-3336
-1985
-929
-1626
-3322
-4173
-3597
-2713
-2594
-3034
-3198
-2824
-2287
-1938
-1709
-1377
-932
-616
-663
-963
-1178
-1156
-1187
-1564
-2162
-2620
-2876
-3165
-3536
-3707
-3445
-2858
-2141
-1375
-563
238
1068
2042
3096
3837
3998
3885
4143
4930
5612
5528
4861
4497
4930
5696
5853
5046
3799
3019
3089
3476
3125
1590
-305
-1187
-619
264
-41
-1766
-3462
-3600
-2369
-1556
-2437
-4225
-5090
-4365
-3194
-2950
-3679
-4300
-4033
-3062
-2084
-1493
-1263
-1218
-1223
-1122
-784
-386
-416
-1180
-2288
-3002
-3049
-2890
-2979
-3166
-2998
-2416
-1771
-1252
-630
316
1366
2138
2611
3178
3994
4637
4624
4168
4045
4645
5418
5485
4682
3780
3651
4289
4796
4306
2976
1905
1918
2493
2234
635
-1131
-1554
-702
-151
-1057
-2818
-3831
-3359
-2268
-1982
-2903
-4157
-4695
-4323
-3632
-3277
-3479
-3880
-3850
-3082
-1981
-1238
-1081
-1130
-988
-705
-597
-785
-1080
-1236
-1253
-1304
-1400
-1270
-778
-268
-181
-338
-45
951
2032
2474
2340
2290
2666
3158
3403
3495
3694
3920
3916
3746
3755
3984
4033
3633
3113
2978
3150
2952
2063
1133
991
1395
1135
-245
-1613
-1546
-288
441
-484
-2220
-2968
-2175
-1115
-1338
-2817
-4210
-4534
-4107
-3795
-4007
-4529
-4894
-4735
-4006
-3104
-2502
-2258
-1950
-1313
-618
-306
-362
-293
188
793
1004
785
609
897
1499
1924
1876
1548
1342
1426
1649
1809
1883
1922
1930
1906
1959
2143
2293
2187
1881
1714
1838
1990
1856
1539
1423
1594
1668
1322
825
770
1228
1468
890
12
-96
707
1265
608
-855
-1872
-1932
-1788
-2413
-3784
-4927
-5222
-5072
-5243
-5766
-5972
-5379
-4250
-3204
-2511
-1916
-1075
-72
717
1099
1358
1812
2384
2702
2623
2388
2256
2213
2044
1679
1240
894
643
398
146
-31
-75
1
187
449
660
704
679
797
1102
1369
1396
1235
1092
1062
1089
1137
1276
1488
1531
1275
1112
1630
2677
3241
2546
1183
480
909
1447
840
-871
-2428
-2837
-2532
-2715
-3878
-5206
-5634
-5040
-4211
-3838
-3878
-3817
-3225
-2116
-891
-42
335
637
1342
2391
3193
3303
2958
2786
3021
3295
3096
2404
1646
1199
996
696
167
-367
-698
-889
-1070
-1166
-1063
-915
-956
-1119
-1048
-635
-233
-145
-147
223
929
1365
1133
653
740
1630
2655
2983
2520
1996
2118
2716
2867
1952
484
-480
-544
-377
-787
-1831
-2818
-3083
-2690
-2322
-2538
-3111
-3387
-3084
-2596
-2420
-2580
-2608
-2047
-971
77
650
917
1401
2298
3160
3423
3023
2439
2101
1953
1632
983
225
-421
-981
-1560
-2067
-2370
-2519
-2681
-2829
-2737
-2307
-1779
-1452
-1255
-839
-115
470
481
127
96
702
1441
1560
953
334
470
1328
2128
2146
1432
725
782
1655
2522
2395
1189
38
115
1268
2147
1751
522
-256
120
1015
1248
402
-762
-1298
-1126
-882
-1006
-1321
-1462
-1268
-871
-486
-252
-97
155
529
785
675
304
78
196
300
-143
-1121
-1976
-2139
-1856
-1904
-2576
-3198
-2946
-1955
-1239
-1455
-2079
-2064
-1141
-150
-40
-749
-1302
-976
-69
536
395
-116
-296
161
955
1531
1640
1557
1786
2500
3332
3754
3712
3706
4076
4414
4065
3246
2955
3644
4412
4099
2807
1876
2223
3078
2827
1018
-935
-1502
-936
-832
-2006
-3556
-4106
-3426
-2508
-2291
-2688
-2876
-2400
-1667
-1421
-1823
-2356
-2453
-2110
-1776
-1833
-2237
-2585
-2544
-2141
-1786
-1848
-2323
-2793
-2860
-2524
-2191
-2189
-2383
-2366
-1975
-1505
-1240
-1047
-605
55
587
864
1153
1726
2448
2953
3093
3160
3533
4227
4834
4955
4673
4487
4863
5690
6263
5912
4869
4199
4593
5384
5224
3731
1945
1137
1343
1424
320
-1708
-3348
-3691
-3275
-3404
-4608
-6096
-6651
-5958
-4865
-4526
-5121
-5674
-5208
-3921
-2933
-2903
-3378
-3453
-2844
-2093
-1896
-2342
-2876
-2937
-2539
-2145
-2094
-2278
-2315
-1958
-1324
-790
-597
-566
-260
512
1448
2042
2191
2319
2859
3669
4174
4125
3884
4013
4589
5172
5280
4905
4546
4671
5156
5363
4944
4340
4279
4772
4953
4082
2603
1773
2184
2976
2794
1406
-53
-390
192
296
-1059
-3207
-4611
-4708
-4465
-5071
-6486
-7683
-7848
-7161
-6387
-6052
-6023
-5812
-5151
-4183
-3306
-2811
-2694
-2589
-2133
-1354
-707
-488
-454
-130
592
1273
1462
1217
1154
1754
2785
3496
3493
3213
3356
4027
4629
4606
4054
3565
3533
3776
3784
3299
2558
2040
1990
2169
2119
1677
1171
1035
1322
1687
1843
1836
1919
2217
2566
2628
2222
1604
1272
1426
1623
1222
119
-1046
-1606
-1671
-2064
-3317
-4962
-6047
-6297
-6392
-7017
-7984
-8491
-8100
-7157
-6339
-5938
-5626
-4867
-3544
-2169
-1327
-1005
-658
98
1081
1887
2366
2698
3121
3703
4301
4681
4732
4590
4489
4500
4438
4051
3325
2560
2085
1923
1758
1285
524
-179
-493
-450
-384
-543
-825
-962
-849
-616
-455
-437
-479
-412
-107
391
880
1175
1283
1416
1819
2546
3242
3328
2565
1542
1176
1616
1947
1235
-278
-1435
-1475
-966
-1198
-2695
-4524
-5319
-4935
-4528
-5072
-6171
-6670
-6037
-4823
-3860
-3360
-2841
-1790
-286
1148
2112
2695
3202
3816
4470
4964
5106
4878
4498
4181
3897
3446
2797
2130
1613
1221
835
404
-41
-482
-949
-1435
-1863
-2201
-2501
-2782
-2966
-3033
-3084
-3166
-3137
-2828
-2330
-1921
-1754
-1650
-1297
-626
91
560
822
1184
1833
2626
3319
3869
4429
5037
5482
5531
5275
5112
5192
5190
4678
3729
2763
2032
1406
612
-481
-1785
-3012
-3931
-4550
-5035
-5478
-5809
-5891
-5627
-5039
-4286
-3561
-2910
-2223
-1418
-577
145
703
1188
1696
2171
2450
2468
2354
2257
2140
1817
1187
354
-461
-1122
-1645
-2160
-2753
-3385
-3941
-4333
-4546
-4620
-4615
-4569
-4453
-4177
-3738
-3266
-2890
-2523
-1926
-1000
66
993
1736
2499
3458
4506
5411
6079
6642
7205
7681
7889
7859
7842
7976
8033
7643
6773
5837
5281
5028
4526
3398
1913
664
-112
-767
-1818
-3372
-4978
-6043
-6473
-6775
-7400
-8128
-8359
-7834
-6905
-6114
-5624
-5113
-4189
-2908
-1767
-1129
-810
-375
261
739
752
434
210
313
524
423
-115
-735
-1020
-1000
-1098
-1588
-2248
-2602
-2421
-1971
-1727
-1862
-2027
-1705
-779
276
838
832
883
1585
2712
3423
3365
3112
3421
4295
5066
5273
5163
5324
5911
6490
6620
6382
6177
6173
6194
6020
5640
5158
4620
3974
3186
2368
1615
826
-183
-1345
-2386
-3175
-3859
-4693
-5768
-6930
-7835
-8296
-8471
-8666
-8965
-9139
-8912
-8164
-7049
-5894
-4933
-4063
-2993
-1631
-215
933
1683
2146
2582
3168
3811
4211
4191
3867
3505
3252
3035
2658
2010
1200
496
63
-169
-426
-807
-1178
-1310
-1155
-899
-768
-760
-641
-231
355
815
1028
1205
1626
2250
2761
2951
2985
3184
3624
4067
4272
4285
4303
4375
4379
4217
3908
3515
3092
2707
2392
1991
1275
239
-711
-1143
-1185
-1492
-2476
-3687
-4340
-4261
-4124
-4620
-5662
-6465
-6401
-5722
-5256
-5438
-5814
-5647
-4731
-3490
-2453
-1778
-1209
-383
744
1779
2284
2256
2117
2249
2606
2785
2516
1994
1660
1643
1594
1156
433
-136
-336
-421
-791
-1465
-2042
-2149
-1905
-1734
-1847
-2040
-2010
-1720
-1360
-1138
-1113
-1170
-1098
-766
-295
115
431
846
1504
2294
2959
3372
3682
4104
4655
5084
5175
5008
4878
4977
5181
5232
5015
4696
4480
4375
4151
3582
2750
1990
1492
974
27
-1301
-2452
-2975
-3102
-3505
-4520
-5650
-6101
-5733
-5247
-5322
-5796
-5962
-5450
-4568
-3844
-3446
-3150
-2656
-1943
-1222
-704
-417
-253
-91
152
463
713
769
653
504
414
335
140
-240
-739
-1204
-1569
-1919
-2334
-2700
-2837
-2707
-2428
-2101
-1705
-1193
-580
58
676
1314
2010
2687
3254
3725
4239
4873
5559
6100
6316
6224
6095
6176
6370
6350
5990
5530
5254
5180
5089
4813
4377
3941
3598
3288
2854
2173
1240
266
-507
-1077
-1752
-2763
-3941
-4885
-5387
-5666
-6146
-7032
-7991
-8488
-8440
-8324
-8529
-8810
-8669
-7974
-7060
-6223
-5442
-4507
-3354
-2186
-1250
-580
30
719
1401
1904
2196
2440
2743
3024
3091
2915
2663
2481
2323
2049
1646
1211
850
581
376
220
140
182
366
656
966
1221
1445
1746
2170
2618
2954
3176
3410
3747
4105
4310
4287
4185
4256
4591
4968
5065
4799
4454
4349
4429
4260
3536
2485
1625
1193
917
417
-372
-1173
-1734
-2116
-2584
-3260
-3979
-4530
-4912
-5317
-5844
-6401
-6808
-7011
-7149
-7374
-7623
-7640
-7275
-6663
-6073
-5614
-5102
-4241
-2937
-1511
-406
312
1024
2033
3143
3913
4219
4353
4608
4947
5106
4959
4656
4395
4159
3762
3130
2376
1641
990
447
25
-313
-632
-958
-1248
-1449
-1549
-1569
-1511
-1335
-1045
-734
-477
-187
288
930
1522
1930
2298
2828
3479
3969
4126
4075
4060
4126
4104
3889
3587
3327
3037
2562
1938
1397
1059
760
287
-303
-760
-967
-1127
-1519
-2225
-3041
-3663
-3997
-4264
-4763
-5447
-5919
-5889
-5525
-5286
-5417
-5677
-5582
-4934
-4064
-3440
-3119
-2718
-1935
-883
106
839
1413
2018
2725
3390
3825
3974
3907
3701
3391
3032
2624
2117
1468
772
170
-297
-718
-1174
-1606
-1891
-2026
-2153
-2350
-2476
-2347
-2034
-1788
-1687
-1490
-955
-206
400
724
1020
1576
2338
2974
3289
3433
3686
4120
4538
4726
4689
4600
4548
4440
4169
3777
3378
2993
2532
1975
1397
854
303
-305
-921
-1469
-1950
-2433
-2918
-3300
-3555
-3787
-4090
-4311
-4254
-3985
-3822
-3914
-3999
-3718
-3067
-2481
-2315
-2396
-2181
-1422
-552
-192
-387
-555
-213
468
972
1063
988
1101
1459
1810
1884
1702
1483
1386
1335
1206
1007
830
704
566
394
186
-43
-282
-493
-631
-726
-838
-968
-982
-768
-393
-71
92
247
599
1148
1642
1889
1981
2161
2506
2780
2742
2430
2164
2144
2250
2188
1837
1375
1093
1088
1138
923
403
-124
-350
-334
-416
-815
-1347
-1605
-1441
-1181
-1271
-1723
-2082
-1985
-1640
-1575
-1983
-2445
-2442
-1985
-1576
-1604
-1904
-2022
-1729
-1277
-1096
-1313
-1594
-1491
-976
-421
-174
-200
-213
31
558
1162
1572
1711
1757
1916
2174
2355
2297
2035
1724
1496
1317
1044
637
172
-261
-684
-1114
-1512
-1845
-2149
-2423
-2574
-2518
-2321
-2129
-1993
-1849
-1606
-1262
-899
-591
-328
-35
350
822
1298
1683
1911
1982
1947
1920
1968
2042
1976
1691
1324
1104
1090
1060
764
251
-144
-198
-87
-166
-501
-759
-612
-136
239
258
106
153
468
754
753
515
321
348
513
576
413
178
106
210
239
-11
-438
-725
-670
-393
-211
-297
-481
-470
-169
234
494
542
519
604
796
919
839
614
402
250
106
-71
-298
-594
-954
-1273
-1458
-1559
-1719
-1981
-2212
-2257
-2129
-1983
-1904
-1813
-1602
-1299
-1040
-861
-667
-378
-34
271
505
708
942
1216
1494
1740
1960
2139
2203
2137
2036
2016
2046
2011
1853
1629
1410
1203
975
734
555
492
502
480
391
311
308
346
322
230
188
237
235
30
-264
-380
-255
-149
-301
-639
-895
-917
-828
-850
-1063
-1309
-1376
-1253
-1137
-1202
-1382
-1443
-1261
-930
-655
-532
-476
-345
-107
96
134
19
-122
-180
-145
-111
-213
-500
-884
-1211
-1445
-1673
-1945
-2203
-2359
-2414
-2419
-2384
-2256
-2015
-1726
-1466
-1219
-889
-441
18
356
576
817
1184
1629
2002
2225
2371
2559
2808
3014
3079
2997
2832
2675
2588
2558
2480
2253
1879
1492
1223
1065
883
598
328
246
351
438
358
205
193
376
556
508
279
152
290
490
437
115
-183
-272
-306
-547
-1013
-1443
-1599
-1522
-1488
-1668
-1963
-2132
-2081
-1893
-1668
-1420
-1128
-809
-497
-242
-104
-144
-339
-551
-613
-514
-454
-623
-954
-1186
-1214
-1224
-1432
-1772
-1957
-1842
-1617
-1549
-1648
-1657
-1400
-977
-612
-395
-208
96
523
944
1249
1412
1491
1576
1748
2001
2226
2330
2340
2383
2534
2715
2768
2637
2468
2424
2463
2412
2203
1954
1774
1618
1378
1051
764
635
627
571
370
123
7
37
56
-78
-337
-574
-682
-705
-782
-1003
-1297
-1512
-1546
-1454
-1369
-1373
-1401
-1321
-1119
-944
-925
-999
-985
-828
-630
-489
-395
-315
-285
-355
-512
-664
-759
-833
-971
-1174
-1334
-1383
-1397
-1494
-1674
-1844
-1963
-2044
-2105
-2135
-2143
-2136
-2053
-1842
-1558
-1346
-1259
-1165
-877
-382
124
458
658
937
1402
1906
2203
2244
2228
2366
2602
2682
2468
2138
1991
2072
2137
1947
1555
1238
1194
1329
1371
1149
775
526
575
834
1054
1079
966
917
1044
1234
1260
1029
716
590
694
797
657
332
85
67
166
154
-60
-354
-522
-505
-447
-544
-813
-1101
-1239
-1183
-1010
-848
-790
-825
-863
-851
-841
-941
-1181
-1469
-1673
-1730
-1720
-1788
-2010
-2315
-2563
-2666
-2647
-2621
-2683
-2798
-2788
-2501
-1988
-1472
-1148
-981
-767
-360
165
591
828
987
1257
1680
2119
2392
2450
2416
2440
2556
2657
2623
2476
2355
2379
2515
2600
2520
2327
2196
2230
2345
2378
2298
2194
2138
2086
1978
1820
1671
1548
1409
1210
976
767
584
362
61
-265
-540
-774
-1056
-1416
-1770
-1985
-2057
-2110
-2277
-2533
-2738
-2803
-2783
-2779
-2787
-2717
-2504
-2195
-1882
-1631
-1437
-1274
-1122
-995
-925
-949
-1076
-1268
-1451
-1565
-1630
-1731
-1902
-2057
-2096
-2028
-1952
-1947
-1975
-1916
-1680
-1316
-963
-689
-404
13
513
921
1131
1245
1436
1742
2037
2188
2206
2227
2359
2589
2804
2895
2833
2690
2594
2612
2683
2683
2559
2366
2208
2138
2099
1960
1670
1330
1090
997
942
825
643
493
448
489
499
374
120
-144
-308
-355
-378
-500
-751
-1034
-1220
-1279
-1297
-1357
-1456
-1527
-1524
-1446
-1331
-1241
-1206
-1187
-1095
-888
-638
-507
-603
-829
-981
-988
-1017
-1261
-1650
-1950
-2044
-2042
-2104
-2240
-2323
-2250
-2076
-1961
-1985
-2059
-2034
-1863
-1597
-1288
-978
-711
-483
-209
173
601
965
1236
1495
1811
2163
2447
2602
2701
2867
3095
3228
3154
2973
2861
2860
2871
2807
2686
2580
2523
2487
2417
2302
2160
2006
1828
1630
1441
1284
1140
975
787
616
498
427
344
195
-11
-224
-410
-568
-692
-791
-906
-1078
-1279
-1435
-1503
-1544
-1638
-1826
-2053
-2235
-2329
-2353
-2383
-2482
-2667
-2861
-2942
-2858
-2713
-2679
-2797
-2913
-2826
-2532
-2221
-2078
-2091
-2075
-1885
-1571
-1316
-1236
-1260
-1224
-1052
-814
-607
-444
-269
-51
213
514
831
1115
1332
1512
1730
2019
2320
2547
2684
2792
2940
3107
3207
3180
3058
2925
2814
2716
2611
2502
2394
2285
2166
2024
1827
1554
1196
806
457
185
-46
-312
-609
-851
-946
-917
-883
-949
-1099
-1228
-1257
-1211
-1177
-1198
-1228
-1199
-1107
-1022
-1025
-1143
-1307
-1413
-1415
-1370
-1349
-1365
-1395
-1401
-1363
-1275
-1145
-992
-827
-666
-516
-373
-235
-109
3
120
215
229
139
6
-66
-36
44
74
21
-34
6
129
235
294
362
506
695
840
891
881
881
913
937
922
903
918
967
1025
1069
1084
1064
1010
926
819
714
623
546
490
473
474
423
291
144
74
90
109
75
6
-37
-25
-11
-54
-140
-188
-151
-70
-17
-4
8
49
79
38
-79
-183
-178
-65
63
113
84
40
47
125
245
330
329
266
217
202
157
10
-227
-459
-620
-702
-774
-892
-1082
-1299
-1469
-1530
-1486
-1405
-1345
-1330
-1334
-1328
-1303
-1280
-1259
-1204
-1105
-1013
-990
-1021
-1021
-937
-812
-737
-740
-737
-635
-440
-280
-224
-211
-113
99
334
492
560
597
645
704
765
840
923
986
1009
1038
1115
1229
1315
1334
1294
1241
1215
1220
1217
1183
1164
1216
1327
1420
1449
1413
1325
1192
1028
880
818
874
974
979
824
607
457
393
322
170
-48
-264
-415
-516
-643
-841
-1041
-1130
-1087
-1010
-998
-1061
-1133
-1166
-1165
-1195
-1296
-1431
-1490
-1395
-1212
-1117
-1216
-1435
-1575
-1538
-1419
-1373
-1440
-1495
-1419
-1225
-1040
-939
-876
-763
-587
-411
-267
-131
31
201
359
500
669
893
1156
1387
1520
1544
1498
1433
1392
1407
1454
1479
1463
1468
1542
1650
1704
1671
1592
1534
1527
1553
1582
1619
1703
1830
1947
1993
1945
1806
1611
1415
1264
1153
1025
835
588
354
190
80
-69
-320
-631
-906
-1096
-1242
-1392
-1561
-1716
-1804
-1807
-1764
-1761
-1841
-1966
-2052
-2048
-1995
-2004
-2149
-2372
-2529
-2547
-2496
-2491
-2559
-2624
-2617
-2550
-2495
-2456
-2381
-2220
-2014
-1843
-1718
-1528
-1168
-683
-259
-40
-9
-9
98
304
509
654
802
1034
1333
1598
1770
1894
2046
2242
2420
2515
2518
2483
2467
2493
2559
2633
2652
2551
2347
2118
1934
1805
1709
1645
1610
1592
1553
1473
1369
1274
1199
1085
876
597
372
283
294
277
154
-44
-217
-320
-406
-560
-807
-1086
-1328
-1493
-1605
-1724
-1901
-2096
-2208
-2167
-1999
-1810
-1686
-1633
-1590
-1486
-1337
-1238
-1256
-1338
-1350
-1232
-1059
-954
-965
-1039
-1091
-1070
-984
-891
-840
-804
-716
-554
-388
-300
-316
-370
-342
-170
99
362
578
779
993
1210
1398
1535
1624
1687
1758
1836
1901
1931
1923
1890
1834
1754
1662
1582
1520
1457
1359
1224
1075
941
833
751
704
707
762
821
818
717
559
422
363
364
371
341
294
267
244
179
52
-76
-151
-189
-260
-408
-617
-841
-1030
-1172
-1275
-1364
-1448
-1508
-1520
-1487
-1457
-1488
-1590
-1724
-1825
-1849
-1813
-1776
-1792
-1850
-1896
-1916
-1943
-1992
-2022
-1983
-1871
-1733
-1626
-1567
-1517
-1428
-1294
-1146
-1005
-855
-683
-480
-249
10
278
540
787
1007
1206
1401
1600
1757
1834
1858
1911
2030
2161
2224
2200
2154
2151
2181
2180
2133
2083
2068
2055
1991
1870
1735
1627
1543
1466
1393
1344
1338
1362
1379
1353
1302
1266
1253
1221
1117
928
681
423
182
-23
-196
-378
-631
-979
-1354
-1668
-1898
-2102
-2327
-2536
-2657
-2673
-2662
-2713
-2835
-2933
-2908
-2740
-2522
-2360
-2276
-2199
-2068
-1913
-1792
-1704
-1603
-1455
-1291
-1166
-1100
-1053
-975
-866
-770
-699
-607
-456
-247
-23
182
356
511
669
835
991
1121
1248
1402
1587
1770
1928
2036
2089
2106
2141
2241
2386
2501
2522
2439
2292
2148
2063
2041
2052
2030
1949
1844
1778
1778
1790
1741
1618
1481
1383
1325
1284
1240
1162
1037
893
769
665
542
381
197
10
-186
-409
-667
-946
-1213
-1447
-1643
-1815
-1961
-2072
-2181
-2327
-2501
-2612
-2617
-2578
-2582
-2628
-2625
-2518
-2364
-2275
-2292
-2317
-2248
-2081
-1927
-1873
-1884
-1847
-1699
-1509
-1391
-1372
-1366
-1267
-1060
-822
-641
-548
-493
-415
-293
-153
-17
125
303
525
745
906
992
1061
1190
1396
1619
1784
1887
1995
2148
2313
2411
2426
2404
2407
2455
2508
2512
2452
2391
2394
2450
2472
2390
2213
2024
1879
1759
1613
1430
1279
1194
1137
1036
870
692
546
425
266
23
-284
-578
-802
-975
-1163
-1425
-1753
-2079
-2350
-2563
-2762
-2962
-3117
-3182
-3177
-3168
-3191
-3220
-3189
-3088
-2947
-2798
-2639
-2476
-2336
-2223
-2094
-1914
-1692
-1449
-1203
-972
-783
-632
-468
-246
17
252
402
478
531
609
729
860
971
1056
1131
1247
1431
1665
1887
2056
2200
2372
2594
2823
3006
3125
3180
3178
3138
3100
3081
3044
2938
2760
2560
2377
2210
2046
1873
1685
1486
1284
1080
857
620
404
224
69
-77
-200
-291
-380
-497
-652
-826
-985
-1103
-1186
-1260
-1357
-1461
-1543
-1595
-1644
-1720
-1813
-1905
-1975
-2042
-2134
-2261
-2382
-2451
-2450
-2418
-2387
-2362
-2327
-2258
-2153
-2018
-1878
-1730
-1561
-1387
-1242
-1132
-1004
-814
-593
-413
-318
-278
-236
-155
-41
83
194
284
368
454
552
655
745
793
789
769
778
834
909
959
957
917
882
898
973
1070
1127
1123
1098
1104
1168
1272
1374
1433
1438
1420
1423
1452
1473
1457
1414
1362
1307
1225
1110
989
894
817
718
601
499
449
439
436
416
386
359
315
210
27
-193
-388
-507
-570
-629
-741
-900
-1043
-1124
-1170
-1245
-1363
-1475
-1533
-1533
-1511
-1518
-1571
-1645
-1686
-1660
-1577
-1468
-1369
-1292
-1235
-1191
-1148
-1080
-944
-745
-521
-318
-143
-6
75
109
145
220
301
326
278
217
222
305
398
439
425
419
454
519
576
639
742
872
972
1020
1056
1121
1203
1250
1253
1250
1301
1393
1452
1431
1365
1321
1295
1234
1128
1018
953
927
916
899
880
858
819
749
653
573
526
493
443
360
262
170
102
57
15
-53
-133
-197
-233
-279
-387
-577
-812
-1028
-1196
-1323
-1430
-1529
-1645
-1782
-1928
-2058
-2170
-2251
-2277
-2241
-2154
-2036
-1901
-1786
-1709
-1656
-1586
-1485
-1372
-1277
-1196
-1105
-994
-860
-725
-614
-552
-541
-548
-529
-465
-358
-237
-135
-81
-70
-51
4
81
138
196
301
458
596
655
673
738
901
1130
1377
1605
1808
1980
2127
2253
2363
2444
2484
2473
2414
2309
2178
2085
2064
2093
2089
2008
1876
1759
1699
1677
1647
1568
1456
1333
1208
1093
998
924
826
671
477
279
92
-110
-339
-600
-891
-1192
-1474
-1718
-1934
-2130
-2298
-2432
-2551
-2671
-2791
-2895
-2974
-3008
-2984
-2886
-2747
-2615
-2521
-2460
-2375
-2227
-2013
-1773
-1544
-1334
-1144
-986
-848
-705
-548
-409
-307
-211
-91
44
152
224
263
279
272
266
306
421
590
751
866
939
1019
1138
1307
1483
1637
1762
1901
2082
2284
2463
2581
2639
2640
2614
2595
2595
2607
2619
2642
2671
2656
2556
2388
2202
2035
1872
1693
1490
1265
1032
801
576
356
132
-109
-372
-644
-903
-1143
-1372
-1591
-1776
-1882
-1912
-1915
-1964
-2090
-2281
-2486
-2680
-2850
-2984
-3053
-3028
-2926
-2803
-2703
-2618
-2514
-2365
-2199
-2062
-1971
-1909
-1851
-1785
-1708
-1608
-1474
-1319
-1168
-1050
-971
-928
-914
-930
-969
-994
-956
-835
-681
-558
-486
-417
-293
-100
136
387
668
1003
1383
1755
2084
2369
2616
2820
2975
3115
3282
3484
3691
3854
3945
3957
3917
3846
3744
3602
3437
3288
3164
3025
2819
2540
2233
1957
1728
1519
1291
1045
823
660
551
446
308
132
-53
-227
-394
-563
-720
-854
-983
-1173
-1464
-1824
-2167
-2423
-2586
-2705
-2833
-3002
-3202
-3387
-3512
-3570
-3581
-3575
-3564
-3526
-3434
-3289
-3151
-3064
-3005
-2910
-2740
-2506
-2247
-2003
-1811
-1653
-1498
-1326
-1162
-1026
-914
-810
-683
-504
-261
3
210
341
458
631
850
1066
1255
1458
1723
2034
2318
2516
2657
2805
2992
3178
3319
3439
3590
3777
3933
3987
3923
3807
3707
3633
3550
3417
3242
3053
2878
2713
2531
2301
2026
1744
1487
1244
991
707
387
47
-266
-503
-671
-830
-1039
-1302
-1571
-1796
-1958
-2083
-2218
-2385
-2559
-2705
-2829
-2972
-3168
-3390
-3567
-3642
-3627
-3578
-3538
-3516
-3501
-3468
-3406
-3322
-3209
-3052
-2857
-2672
-2528
-2395
-2217
-1983
-1732
-1498
-1296
-1116
-955
-807
-668
-531
-392
-241
-77
96
258
391
504
633
820
1054
1293
1497
1668
1842
2038
2251
2453
2634
2789
2942
3114
3303
3479
3601
3646
3621
3572
3539
3517
3470
3370
3233
3096
2974
2862
2743
2628
2521
2390
2198
1950
1695
1463
1245
1026
812
605
398
173
-99
-414
-706
-899
-977
-1028
-1141
-1337
-1571
-1794
-1996
-2174
-2324
-2425
-2491
-2569
-2698
-2876
-3063
-3224
-3343
-3415
-3445
-3426
-3377
-3291
-3171
-3030
-2910
-2831
-2762
-2666
-2546
-2433
-2326
-2186
-1984
-1730
-1464
-1222
-1035
-906
-788
-621
-374
-99
146
342
510
674
831
974
1124
1297
1490
1668
1816
1952
2104
2280
2461
2622
2760
2902
3062
3230
3377
3486
3539
3524
3453
3362
3274
3183
3077
2971
2876
2776
2639
2452
2220
1969
1728
1516
1312
1065
755
421
118
-128
-330
-509
-671
-828
-999
-1188
-1357
-1489
-1591
-1675
-1751
-1822
-1905
-2005
-2109
-2215
-2319
-2413
-2499
-2588
-2690
-2803
-2911
-2998
-3040
-3046
-3048
-3064
-3075
-3049
-2970
-2848
-2701
-2550
-2406
-2262
-2123
-1987
-1839
-1628
-1337
-1007
-701
-441
-211
-3
193
369
522
647
766
903
1071
1250
1415
1560
1692
1829
1967
2116
2289
2504
2721
2893
2993
3041
3080
3133
3182
3190
3140
3072
3025
2986
2916
2809
2689
2574
2445
2280
2075
1856
1644
1447
1268
1108
972
847
705
521
294
58
-168
-371
-560
-737
-902
-1049
-1197
-1377
-1580
-1762
-1879
-1935
-1954
-1964
-1997
-2078
-2194
-2290
-2329
-2338
-2377
-2461
-2546
-2598
-2614
-2614
-2601
-2575
-2550
-2550
-2572
-2587
-2556
-2475
-2374
-2269
-2144
-1979
-1787
-1586
-1384
-1195
-1027
-875
-711
-512
-281
-27
231
481
712
915
1102
1291
1500
1710
1886
2001
2079
2166
2268
2364
2441
2512
2579
2632
2669
2686
2664
2611
2576
2594
2620
2589
2497
2404
2336
2266
2156
2005
1852
1730
1650
1583
1508
1411
1294
1152
979
792
632
520
431
313
157
9
-92
-173
-286
-448
-610
-747
-879
-1034
-1208
-1361
-1477
-1563
-1648
-1758
-1896
-2043
-2177
-2307
-2466
-2666
-2855
-2953
-2934
-2860
-2824
-2867
-2955
-3021
-3021
-2956
-2842
-2689
-2509
-2338
-2213
-2138
-2068
-1947
-1752
-1525
-1318
-1162
-1031
-878
-693
-489
-289
-75
166
443
720
954
1111
1211
1322
1468
1623
1752
1876
2016
2161
2287
2372
2393
2348
2285
2295
2386
2489
2542
2565
2623
2733
2855
2921
2901
2817
2721
2651
2593
2511
2401
2288
2198
2109
1988
1812
1592
1367
1157
976
813
677
557
419
226
-13
-256
-470
-648
-804
-965
-1153
-1376
-1598
-1790
-1951
-2107
-2277
-2462
-2656
-2838
-2984
-3091
-3187
-3291
-3386
-3434
-3430
-3413
-3415
-3408
-3351
-3233
-3094
-2968
-2855
-2722
-2551
-2337
-2100
-1837
-1533
-1203
-880
-610
-403
-240
-71
136
384
634
844
992
1114
1256
1431
1621
1795
1963
2126
2279
2404
2505
2590
2676
2760
2837
2899
2966
3073
3219
3338
3359
3289
3194
3126
3067
2996
2908
2822
2743
2640
2503
2330
2138
1928
1708
1493
1304
1135
963
777
582
369
121
-158
-419
-630
-810
-1010
-1261
-1539
-1805
-2043
-2257
-2445
-2608
-2767
-2939
-3131
-3320
-3476
-3563
-3571
-3547
-3546
-3590
-3655
-3701
-3716
-3692
-3638
-3565
-3491
-3412
-3295
-3128
-2918
-2698
-2473
-2234
-1977
-1705
-1435
-1168
-907
-638
-350
-49
255
545
818
1061
1266
1446
1634
1850
2069
2255
2399
2507
2581
2619
2635
2641
2637
2622
2606
2615
2652
2712
2769
2801
2820
2848
2895
2931
2919
2860
2800
2766
2741
2687
2590
2459
2317
2172
2037
1904
1744
1536
1301
1079
884
709
538
350
139
-93
-328
-567
-811
-1033
-1225
-1412
-1639
-1891
-2119
-2306
-2484
-2672
-2846
-2965
-3027
-3048
-3060
-3095
-3155
-3210
-3224
-3187
-3112
-3028
-2960
-2917
-2875
-2812
-2713
-2592
-2470
-2360
-2253
-2104
-1889
-1632
-1372
-1124
-879
-629
-376
-130
98
283
422
542
692
903
1156
1402
1598
1744
1864
1991
2136
2291
2435
2561
2680
2802
2913
3000
3064
3108
3119
3104
3102
3134
3184
3192
3132
3024
2904
2811
2748
2678
2557
2367
2139
1913
1712
1532
1345
1133
896
641
372
86
-204
-474
-706
-925
-1164
-1436
-1718
-1978
-2201
-2396
-2587
-2782
-2967
-3118
-3227
-3299
-3334
-3352
-3380
-3427
-3473
-3521
-3587
-3651
-3666
-3594
-3454
-3293
-3139
-2981
-2801
-2600
-2396
-2203
-2013
-1807
-1575
-1329
-1100
-912
-744
-564
-369
-172
32
251
477
694
914
1132
1303
1401
1466
1569
1732
1936
2154
2374
2568
2718
2815
2873
2907
2933
2973
3038
3118
3181
3201
3189
3163
3133
3089
3020
2939
2869
2813
2730
2592
2405
2214
2048
1910
1779
1621
1417
1184
956
737
508
264
33
-159
-324
-499
-713
-956
-1188
-1383
-1554
-1750
-1969
-2164
-2297
-2380
-2454
-2521
-2584
-2645
-2710
-2752
-2737
-2651
-2510
-2369
-2279
-2265
-2299
-2330
-2304
-2212
-2071
-1914
-1776
-1672
-1598
-1528
-1449
-1365
-1274
-1151
-984
-792
-625
-503
-425
-373
-322
-245
-118
49
235
426
621
803
945
1036
1097
1158
1228
1316
1422
1531
1641
1763
1904
2029
2090
2089
2071
2096
2143
2166
2149
2120
2108
2106
2104
2101
2094
2057
1970
1852
1750
1692
1637
1519
1319
1073
829
596
374
158
-57
-281
-505
-706
-882
-1054
-1240
-1421
-1556
-1625
-1653
-1695
-1783
-1891
-1969
-1998
-2008
-2045
-2108
-2160
-2161
-2114
-2060
-2029
-2016
-1987
-1919
-1813
-1698
-1603
-1538
-1499
-1475
-1455
-1428
-1381
-1293
-1140
-922
-690
-513
-417
-359
-282
-179
-72
29
141
282
456
633
770
852
909
980
1078
1197
1329
1457
1561
1637
1698
1750
1781
1777
1745
1725
1760
1861
1984
2069
2079
2038
1997
1990
2004
2001
1962
1884
1792
1685
1558
1405
1246
1099
956
801
659
571
532
474
322
79
-188
-413
-576
-708
-846
-994
-1130
-1207
-1226
-1230
-1253
-1281
-1292
-1313
-1376
-1461
-1517
-1531
-1525
-1510
-1467
-1390
-1317
-1287
-1297
-1292
-1244
-1176
-1134
-1123
-1115
-1087
-1055
-1051
-1075
-1092
-1059
-974
-888
-859
-901
-965
-979
-904
-764
-613
-497
-423
-345
-221
-55
99
215
320
450
604
746
835
872
901
970
1084
1203
1312
1422
1519
1562
1542
1493
1455
1434
1415
1384
1345
1309
1279
1259
1252
1249
1226
1172
1086
989
898
810
715
600
483
381
305
244
175
68
-93
-300
-511
-684
-792
-838
-829
-792
-747
-728
-757
-824
-886
-901
-867
-820
-799
-818
-865
-931
-1021
-1127
-1209
-1225
-1168
-1090
-1041
-1028
-1017
-988
-964
-973
-1010
-1043
-1034
-972
-874
-766
-666
-579
-516
-489
-482
-461
-414
-343
-262
-164
-46
93
242
401
553
679
758
786
810
869
965
1058
1130
1201
1282
1362
1417
1443
1455
1472
1512
1559
1598
1638
1696
1755
1765
1692
1563
1420
1281
1154
1048
958
873
782
695
604
489
356
242
160
66
-78
-248
-375
-428
-441
-477
-557
-661
-752
-815
-850
-870
-882
-887
-881
-874
-886
-931
-987
-1023
-1029
-1020
-1006
-997
-1003
-1024
-1053
-1079
-1094
-1100
-1108
-1141
-1212
-1297
-1350
-1331
-1255
-1156
-1066
-999
-961
-938
-904
-839
-748
-651
-548
-421
-270
-126
-16
80
195
332
462
568
661
741
806
846
889
954
1048
1148
1239
1323
1401
1446
1438
1382
1315
1279
1280
1298
1284
1225
1134
1052
985
933
899
881
865
834
793
735
642
504
338
170
32
-57
-87
-104
-164
-270
-382
-458
-491
-505
-524
-549
-574
-591
-603
-625
-675
-762
-869
-949
-981
-977
-973
-984
-1021
-1084
-1157
-1217
-1235
-1229
-1214
-1200
-1174
-1132
-1085
-1042
-1003
-963
-923
-886
-841
-787
-727
-676
-638
-600
-543
-454
-328
-176
-17
127
248
348
442
548
694
886
1088
1237
1300
1306
1317
1364
1422
1449
1423
1366
1307
1255
1211
1187
1180
1176
1165
1174
1224
1276
1286
1248
1199
1139
1056
966
894
833
748
631
506
398
305
231
173
117
46
-37
-116
-196
-291
-393
-483
-554
-625
-711
-792
-832
-820
-797
-796
-827
-867
-906
-940
-961
-957
-914
-853
-812
-834
-924
-1042
-1139
-1186
-1198
-1180
-1134
-1059
-985
-956
-992
-1067
-1124
-1112
-1010
-851
-694
-573
-475
-374
-259
-142
-33
64
149
200
223
251
340
495
663
785
841
863
890
925
934
902
870
894
973
1043
1055
1024
993
982
977
961
944
942
938
909
832
718
601
517
459
411
372
347
320
248
126
-13
-115
-162
-173
-165
-141
-93
-43
-24
-53
-122
-209
-296
-373
-436
-486
-522
-547
-572
-614
-676
-744
-792
-811
-803
-801
-836
-899
-944
-939
-912
-920
-970
-1010
-992
-933
-881
-846
-786
-687
-576
-476
-392
-326
-276
-232
-172
-94
-2
92
204
352
536
699
784
794
781
787
819
876
957
1037
1075
1060
1026
1013
1026
1033
996
902
780
679
613
556
487
426
405
414
416
367
267
151
63
21
10
5
-8
-14
7
50
78
61
15
-40
-97
-163
-224
-232
-177
-107
-97
-168
-271
-333
-326
-273
-224
-202
-193
-183
-197
-269
-385
-476
-497
-470
-450
-451
-446
-411
-361
-320
-293
-259
-219
-194
-226
-320
-440
-528
-561
-553
-517
-460
-386
-316
-251
-189
-119
-51
10
64
114
158
183
191
201
230
263
270
243
199
167
165
205
259
290
295
307
343
371
364
341
325
324
320
307
279
226
139
28
-69
-114
-97
-56
-33
-36
-55
-79
-109
-146
-192
-229
-229
-186
-119
-78
-72
-91
-116
-160
-225
-287
-313
-299
-269
-230
-177
-112
-79
-103
-183
-281
-366
-402
-381
-321
-290
-324
-400
-456
-455
-401
-316
-233
-175
-152
-155
-170
-176
-156
-109
-50
9
75
153
233
300
348
393
439
484
526
560
593
621
647
673
703
731
744
726
676
608
565
588
660
712
700
643
598
586
582
556
514
476
442
387
284
149
47
32
76
103
64
-28
-129
-192
-209
-205
-207
-201
-161
-105
-80
-106
-133
-115
-56
-25
-65
-175
-312
-420
-468
-455
-408
-355
-322
-313
-326
-351
-375
-391
-392
-383
-380
-395
-421
-446
-461
-460
-428
-383
-361
-380
-413
-429
-420
-386
-326
-228
-122
-43
-7
10
48
104
152
163
142
106
71
43
35
49
52
15
-61
-137
-180
-173
-118
-29
74
150
163
113
50
32
64
119
167
188
176
129
68
10
-12
1
10
-35
-140
-255
-335
-382
-422
-459
-470
-430
-361
-310
-304
-319
-308
-245
-141
-42
12
19
20
47
82
93
77
46
6
-39
-70
-71
-46
-24
-15
-4
17
35
36
38
75
141
187
179
129
80
69
90
120
131
134
143
157
150
118
95
118
199
313
430
518
559
554
536
550
607
679
725
731
711
688
684
704
742
775
789
781
751
701
627
529
408
285
192
128
73
22
-18
-38
-48
-61
-89
-134
-162
-134
-47
34
46
-24
-128
-228
-309
-365
-378
-348
-305
-280
-278
-292
-320
-366
-407
-433
-451
-460
-465
-458
-452
-444
-444
-458
-477
-474
-437
-393
-384
-410
-433
-418
-367
-311
-280
-282
-311
-356
-408
-447
-458
-446
-430
-423
-415
-401
-383
-362
-323
-259
-181
-106
-39
19
71
111
124
89
14
-60
-84
-59
-32
-30
-22
23
108
180
187
114
-6
-89
-70
61
225
334
355
331
305
289
273
274
311
374
420
417
372
323
291
279
287
305
324
325
306
275
252
236
213
173
123
79
29
-30
-83
-88
-23
87
184
223
195
123
43
-21
-55
-78
-109
-147
-175
-181
-176
-180
-205
-237
-251
-233
-197
-167
-162
-186
-232
-284
-323
-324
-256
-114
80
257
350
338
269
209
196
225
269
307
329
325
300
267
246
245
240
212
178
163
163
156
131
98
57
13
-33
-75
-108
-114
-79
-2
91
164
201
188
138
90
80
103
128
139
128
87
9
-75
-131
-144
-134
-111
-69
-15
15
-8
-70
-133
-169
-174
-153
-116
-75
-45
-23
3
26
17
-41
-118
-174
-204
-234
-275
-313
-344
-361
-366
-360
-360
-365
-344
-278
-198
-146
-129
-118
-98
-78
-65
-56
-38
-18
-17
-45
-83
-96
-60
6
74
113
110
89
71
62
46
23
-9
-60
-124
-186
-226
-232
-194
-137
-109
-138
-192
-205
-154
-72
16
102
185
248
262
219
144
83
52
48
46
35
37
83
160
219
235
251
303
374
413
407
368
312
257
210
154
70
-16
-60
-60
-63
-104
-167
-212
-231
-236
-241
-246
-232
-194
-144
-125
-146
-187
-213
-203
-163
-117
-93
-99
-124
-167
-233
-300
-330
-312
-267
-207
-139
-77
-43
-50
-83
-104
-77
-4
84
145
168
153
116
64
26
26
67
118
154
173
185
201
234
298
380
449
470
443
401
374
366
362
355
341
325
323
353
409
467
514
566
629
676
690
685
687
693
673
617
548
499
471
434
352
220
79
-28
-99
-147
-168
-140
-86
-66
-119
-211
-283
-306
-298
-289
-286
-284
-271
-251
-231
-225
-253
-333
-453
-571
-646
-666
-658
-656
-658
-655
-636
-616
-611
-619
-615
-572
-497
-433
-418
-453
-499
-519
-504
-475
-460
-467
-489
-510
-510
-474
-421
-385
-381
-393
-399
-394
-366
-316
-255
-190
-134
-88
-67
-62
-41
19
89
124
118
112
135
189
253
306
327
303
247
183
142
139
172
215
240
249
255
268
308
388
496
594
663
713
743
730
669
602
575
583
594
569
502
437
413
439
466
454
404
340
271
200
148
129
125
109
70
29
-1
-8
-5
-9
-42
-109
-180
-222
-221
-200
-190
-197
-209
-211
-214
-249
-320
-390
-399
-343
-265
-214
-198
-183
-147
-95
-46
-12
9
29
68
124
190
244
260
220
124
10
-106
-210
-285
-301
-238
-132
-30
27
44
40
23
12
33
104
190
252
286
311
336
353
358
358
345
319
295
283
282
270
247
226
220
215
202
197
205
204
158
67
-30
-87
-106
-109
-113
-112
-112
-123
-150
-180
-211
-245
-291
-346
-399
-438
-468
-509
-561
-603
-607
-578
-537
-501
-476
-471
-485
-489
-456
-406
-385
-413
-455
-467
-446
-404
-356
-311
-294
-303
-302
-263
-203
-157
-135
-120
-82
-33
1
-14
-77
-148
-176
-133
-45
25
48
42
39
44
48
63
116
217
333
419
444
413
363
329
331
347
355
352
357
366
349
293
218
167
152
161
186
233
300
373
431
456
430
336
212
125
120
164
196
181
127
74
51
69
122
211
326
440
512
507
447
372
297
222
161
147
156
133
60
-22
-47
-16
34
43
-17
-105
-162
-153
-91
-11
40
40
-16
-111
-236
-367
-460
-484
-462
-452
-482
-516
-502
-432
-346
-296
-310
-362
-390
-361
-303
-264
-235
-194
-139
-93
-61
-22
22
70
116
149
150
121
89
85
110
147
185
219
252
273
266
224
157
100
86
121
166
176
122
33
-35
-56
-31
-2
10
11
19
29
29
39
79
152
229
316
401
441
382
262
224
341
538
624
529
345
242
258
298
275
204
151
110
44
-36
-69
-39
-5
-15
-82
-170
-246
-278
-279
-293
-356
-462
-565
-630
-675
-727
-797
-842
-828
-757
-668
-592
-540
-511
-508
-537
-596
-654
-675
-657
-632
-638
-657
-647
-581
-482
-389
-309
-236
-175
-132
-96
-28
74
180
245
247
216
184
177
191
215
241
267
302
355
421
484
507
487
447
418
401
378
340
298
281
317
401
504
574
592
564
499
429
391
413
481
552
580
563
524
482
445
399
337
247
161
121
127
134
109
77
69
89
110
114
98
82
78
78
41
-41
-130
-180
-197
-223
-279
-331
-337
-296
-234
-183
-158
-146
-119
-64
0
46
76
95
116
135
161
209
255
260
210
131
55
-7
-49
-64
-41
19
88
128
115
54
-25
-116
-201
-257
-273
-258
-228
-184
-144
-129
-136
-122
-65
7
46
25
-35
-80
-76
-52
-64
-146
-254
-337
-370
-364
-344
-323
-322
-333
-342
-322
-265
-184
-120
-96
-99
-94
-66
-37
-18
-7
16
41
43
7
-52
-89
-95
-83
-68
-50
-46
-81
-173
-303
-420
-468
-446
-401
-394
-426
-453
-439
-377
-288
-193
-117
-60
-26
-19
-35
-52
-55
-58
-96
-180
-282
-344
-341
-297
-256
-234
-205
-141
-50
27
71
65
-23
-279
-737
-1259
-1459
-959
104
1003
1114
675
486
931
1532
1494
598
-493
-738
264
1767
2621
2512
2098
1982
1958
1462
441
-461
-602
-124
166
-171
-515
66
1466
2422
1949
590
-213
136
768
608
-236
-690
-110
990
1510
951
-37
-402
7
191
-629
-1933
-2507
-1893
-796
-207
-460
-1032
-1196
-867
-646
-929
-1287
-1061
-314
226
82
-438
-683
-394
58
99
-411
-1016
-1138
-735
-271
-142
-272
-393
-454
-613
-954
-1306
-1389
-1069
-571
-291
-392
-591
-493
-7
585
913
854
583
446
605
928
1157
1215
1246
1334
1406
1355
1224
1139
1130
1099
914
583
258
137
264
464
519
356
55
-276
-542
-645
-525
-246
-12
-32
-316
-628
-654
-328
106
300
132
-196
-369
-242
33
207
183
41
-111
-242
-338
-352
-227
-4
121
-37
-435
-765
-766
-506
-298
-356
-606
-818
-864
-805
-748
-687
-539
-358
-341
-574
-838
-823
-484
-114
-14
-168
-309
-259
-67
169
412
633
745
694
502
262
122
217
487
666
571
343
250
353
462
428
295
190
129
28
-104
-149
6
299
539
549
324
69
14
184
360
351
196
92
174
406
636
753
772
774
772
689
524
400
425
549
608
534
439
493
706
871
785
487
224
173
257
253
81
-123
-193
-177
-249
-496
-776
-865
-686
-422
-361
-561
-770
-723
-467
-273
-286
-420
-531
-602
-690
-802
-841
-724
-508
-334
-287
-301
-269
-184
-154
-255
-423
-512
-488
-443
-446
-438
-356
-240
-202
-292
-452
-572
-592
-524
-422
-320
-245
-227
-254
-268
-206
-65
84
155
94
-51
-130
-33
181
333
327
230
161
164
213
274
343
427
516
569
552
507
521
612
686
633
462
266
128
68
83
160
240
257
192
81
-18
-52
12
127
176
94
-38
-72
35
177
227
162
46
-49
-91
-81
-27
32
60
41
-29
-139
-251
-308
-294
-245
-201
-161
-115
-63
-1
62
98
74
11
-47
-81
-99
-105
-83
-31
66
175
218
112
-97
-241
-212
-85
-6
-5
9
122
293
388
293
55
-138
-159
-72
-45
-135
-244
-241
-115
40
133
173
220
287
314
234
71
-53
-25
141
299
329
279
261
275
201
-36
-319
-429
-260
50
245
220
100
79
198
297
200
-85
-337
-337
-107
108
128
28
28
188
333
272
36
-162
-165
-48
-8
-134
-286
-251
27
352
461
324
171
237
471
586
403
52
-174
-143
6
39
-107
-252
-199
-4
58
-174
-529
-672
-496
-230
-154
-294
-420
-340
-131
-41
-205
-460
-519
-308
-39
46
-17
-6
192
416
411
138
-151
-178
38
199
93
-175
-308
-181
38
85
-73
-210
-134
53
77
-160
-459
-537
-336
-59
58
2
-36
79
264
314
188
29
-10
53
93
44
-35
-24
110
269
321
238
112
60
100
157
119
-47
-254
-366
-330
-230
-188
-222
-255
-227
-182
-225
-381
-536
-547
-384
-176
-73
-102
-165
-178
-171
-233
-378
-508
-524
-446
-362
-321
-280
-204
-128
-128
-230
-344
-343
-200
-20
61
26
-13
46
172
264
273
246
256
302
328
303
283
337
448
505
418
219
57
97
347
620
728
661
572
567
611
616
563
509
514
576
635
627
568
550
598
622
524
366
301
392
513
518
400
262
168
94
17
-42
-14
139
358
495
448
275
135
110
133
86
-61
-233
-321
-286
-177
-67
20
83
87
-13
-187
-362
-472
-490
-410
-283
-200
-204
-240
-234
-172
-100
-80
-124
-212
-272
-271
-229
-193
-185
-208
-292
-445
-611
-677
-592
-430
-327
-342
-422
-460
-426
-372
-355
-348
-295
-207
-168
-224
-311
-329
-254
-169
-160
-223
-262
-203
-82
-15
-81
-231
-345
-361
-313
-251
-179
-73
57
162
188
112
-8
-75
-35
55
104
80
30
12
15
-12
-92
-185
-223
-192
-135
-84
-26
46
91
24
-163
-371
-440
-318
-113
8
-24
-123
-154
-73
37
72
10
-90
-184
-268
-324
-308
-193
-31
77
69
-12
-69
-68
-60
-77
-74
0
143
298
423
487
511
528
529
464
327
197
155
202
277
341
394
469
564
636
634
550
446
393
419
466
478
463
501
641
814
901
823
631
456
404
448
478
434
369
366
435
497
470
360
263
261
308
284
174
77
98
187
214
127
6
-7
105
215
176
-17
-215
-293
-263
-237
-270
-311
-313
-311
-377
-499
-589
-574
-467
-344
-273
-267
-275
-260
-255
-299
-380
-443
-497
-591
-711
-773
-726
-624
-560
-559
-572
-540
-467
-415
-438
-535
-645
-711
-717
-683
-617
-509
-386
-297
-290
-332
-355
-327
-268
-216
-167
-114
-43
48
163
267
303
261
184
103
13
-81
-125
-91
-18
41
67
71
68
77
116
167
194
181
152
137
145
148
114
44
-8
5
75
176
283
370
395
330
209
96
62
115
208
260
245
199
181
201
229
228
186
147
155
195
193
136
93
119
163
137
40
-50
-74
-47
-21
-32
-71
-82
-26
68
138
156
159
183
191
116
-32
-155
-166
-61
96
235
301
299
286
312
360
367
320
287
329
434
535
579
569
551
559
573
528
420
330
335
395
413
357
286
254
260
264
257
247
229
184
110
34
-25
-65
-100
-143
-190
-206
-163
-88
-63
-116
-197
-218
-167
-119
-156
-283
-408
-465
-466
-473
-529
-613
-687
-715
-704
-681
-642
-593
-553
-549
-553
-520
-460
-422
-430
-459
-479
-491
-514
-557
-611
-643
-611
-517
-429
-421
-484
-538
-536
-504
-510
-566
-638
-664
-652
-645
-666
-645
-519
-333
-201
-169
-164
-83
96
292
407
424
408
408
401
348
298
337
486
647
696
609
489
443
477
500
446
329
244
273
395
495
496
463
501
632
746
735
591
425
365
411
454
408
342
381
533
667
679
596
498
418
337
260
213
221
273
326
329
283
257
318
435
505
467
371
304
284
227
82
-124
-289
-349
-298
-188
-95
-67
-100
-152
-225
-322
-430
-488
-455
-346
-236
-183
-171
-137
-52
40
87
72
13
-61
-120
-173
-239
-321
-363
-320
-247
-234
-310
-386
-382
-317
-282
-328
-399
-399
-300
-177
-117
-122
-109
-49
-19
-95
-227
-300
-282
-239
-241
-265
-237
-96
121
294
318
205
74
6
-25
-70
-93
-15
174
363
435
385
297
249
251
260
235
179
133
128
147
163
148
102
38
-21
-77
-156
-258
-348
-411
-470
-541
-591
-587
-520
-419
-317
-253
-240
-264
-292
-300
-291
-268
-245
-244
-287
-343
-371
-369
-359
-354
-329
-298
-296
-325
-337
-296
-227
-174
-145
-124
-103
-58
30
153
259
321
353
376
386
394
425
485
546
568
540
508
545
661
769
758
626
470
381
361
358
350
356
403
464
476
412
307
229
201
191
129
20
-56
-14
117
213
207
129
63
16
-54
-149
-201
-157
-69
-31
-68
-132
-166
-175
-196
-248
-349
-481
-583
-603
-527
-392
-235
-104
-25
13
37
58
65
66
66
52
6
-76
-165
-213
-204
-159
-126
-136
-182
-210
-162
-49
55
88
70
44
31
17
5
3
13
27
41
65
115
185
254
292
308
333
383
426
432
410
398
426
456
416
265
74
-34
-16
66
122
116
89
95
144
190
167
77
-4
-20
0
-19
-87
-152
-163
-125
-107
-166
-289
-398
-445
-427
-366
-284
-202
-128
-55
1
11
-25
-79
-117
-157
-208
-268
-302
-308
-299
-296
-289
-263
-240
-257
-323
-403
-445
-414
-314
-184
-88
-60
-90
-116
-122
-126
-178
-258
-299
-261
-181
-142
-180
-264
-335
-379
-410
-443
-448
-389
-261
-102
25
87
89
89
150
284
435
527
528
461
384
337
329
341
360
385
402
392
355
334
349
381
383
347
300
258
218
165
97
49
70
167
268
290
241
204
238
290
289
222
139
79
36
-29
-119
-188
-150
-1
148
194
129
26
-68
-144
-200
-225
-213
-166
-109
-82
-112
-172
-204
-188
-167
-170
-163
-115
-35
46
105
128
99
41
9
16
28
28
45
107
202
272
272
177
25
-103
-156
-153
-142
-142
-127
-78
-13
35
66
98
139
177
190
162
91
10
-46
-55
-40
-27
-32
-48
-60
-72
-104
-166
-234
-246
-178
-61
40
90
106
129
174
202
159
47
-70
-140
-169
-195
-202
-170
-104
-54
-48
-82
-121
-115
-33
90
177
188
163
165
187
178
94
-25
-119
-158
-166
-191
-235
-276
-294
-306
-336
-363
-348
-266
-155
-69
-51
-95
-150
-163
-129
-101
-105
-100
-38
57
102
62
-12
-29
30
97
111
84
86
146
221
247
205
128
63
19
-11
-40
-59
-56
-37
-27
-54
-92
-71
46
197
285
279
244
220
193
146
102
74
47
-3
-76
-163
-235
-268
-250
-211
-187
-181
-173
-146
-102
-52
-22
-20
-27
4
86
190
256
249
178
96
55
60
102
157
201
179
83
-37
-110
-122
-125
-154
-192
-198
-156
-100
-66
-54
-27
25
76
86
53
