-193
-155
-139
-147
-171
-223
-302
-392
-455
-466
-395
-224
-8
142
142
37
-86
-183
-241
-236
-145
-31
30
29
23
41
48
10
-45
-60
-1
93
170
206
227
271
335
387
396
390
431
534
639
658
576
445
313
194
82
-4
-31
29
172
337
447
452
385
308
249
203
162
147
144
113
50
20
92
234
348
354
256
121
50
49
54
-9
-117
-186
-168
-83
18
101
155
176
179
199
257
316
302
190
22
-118
-191
-196
-163
-136
-148
-197
-231
-201
-143
-138
-215
-311
-374
-401
-386
-312
-203
-143
-172
-234
-252
-220
-194
-219
-274
-310
-324
-349
-411
-478
-485
-405
-282
-176
-116
-90
-83
-106
-165
-244
-295
-294
-271
-265
-262
-213
-109
-16
2
-51
-117
-146
-134
-107
-97
-112
-125
-106
-41
39
89
66
-49
-208
-313
-267
-86
142
312
388
393
365
320
255
203
201
266
378
492
552
535
468
418
399
354
229
70
-29
-48
-28
12
104
245
386
487
556
588
544
404
198
-20
-188
-255
-204
-81
40
109
118
85
53
49
85
119
104
18
-90
-141
-91
36
184
319
434
505
511
474
439
426
398
330
243
164
88
4
-92
-202
-319
-390
-355
-238
-148
-152
-199
-186
-90
24
83
87
80
86
78
16
-118
-286
-422
-465
-389
-240
-92
-22
-49
-143
-240
-292
-271
-198
-141
-160
-255
-339
-338
-259
-174
-144
-171
-220
-247
-244
-241
-286
-378
-458
-469
-415
-355
-314
-298
-319
-405
-512
-540
-444
-305
-248
-307
-423
-483
-401
-180
49
118
-2
-193
-297
-237
-22
245
426
433
327
236
235
295
355
370
336
281
259
295
364
423
426
378
313
291
319
350
322
223
95
-5
-35
4
78
130
128
82
40
30
36
4
-100
-238
-289
-161
74
218
175
50
5
52
102
106
114
155
184
144
37
-54
-47
66
216
324
362
361
352
351
354
342
289
204
178
273
433
525
475
325
166
51
5
52
163
275
318
287
227
195
220
270
272
182
45
-63
-96
-58
7
44
24
-34
-66
-57
-25
-30
-103
-233
-357
-409
-358
-220
-57
57
64
-23
-140
-206
-212
-210
-232
-242
-172
-37
66
47
-74
-196
-213
-90
112
289
330
201
-58
-325
-472
-446
-317
-225
-259
-406
-548
-585
-501
-368
-276
-256
-285
-317
-328
-324
-312
-291
-264
-250
-269
-280
-220
-104
-40
-106
-250
-365
-415
-448
-481
-489
-464
-443
-432
-385
-275
-153
-84
-76
-74
-27
56
83
-24
-242
-429
-482
-400
-251
-99
2
-2
-105
-226
-274
-213
-96
-7
6
-17
-20
6
40
73
101
102
69
34
43
103
193
291
375
419
431
457
529
607
635
608
572
542
493
436
414
435
445
404
371
441
637
872
1003
974
833
697
631
625
639
645
605
511
410
379
427
494
500
418
292
204
187
208
196
116
-18
-153
-226
-221
-176
-149
-162
-200
-249
-279
-254
-174
-117
-156
-259
-308
-231
-76
47
69
23
1
75
231
388
455
396
253
115
59
85
125
110
23
-114
-256
-356
-370
-320
-303
-394
-564
-711
-762
-705
-589
-478
-407
-345
-247
-122
-41
-60
-145
-248
-338
-422
-477
-474
-421
-367
-385
-503
-679
-811
-829
-752
-670
-661
-726
-785
-739
-568
-372
-273
-292
-341
-327
-245
-157
-141
-214
-321
-359
-287
-158
-58
-5
29
48
37
-5
-56
-108
-144
-137
-112
-111
-120
-58
112
321
479
552
560
555
570
598
616
610
602
601
605
602
573
499
387
266
184
176
240
317
357
368
402
470
528
549
541
520
484
443
429
475
566
654
685
651
583
519
436
313
172
68
27
50
124
219
256
178
9
-148
-203
-169
-119
-92
-45
55
163
201
129
-5
-134
-217
-269
-327
-403
-477
-516
-512
-477
-422
-347
-257
-170
-119
-102
-109
-117
-113
-98
-86
-88
-98
-114
-142
-185
-204
-138
15
177
257
233
161
96
42
-48
-177
-286
-319
-287
-220
-103
72
249
338
310
241
210
236
245
180
59
-46
-93
-112
-161
-262
-374
-441
-454
-461
-492
-520
-491
-397
-295
-253
-271
-292
-277
-255
-274
-341
-425
-498
-551
-569
-553
-506
-446
-376
-311
-274
-286
-327
-344
-302
-202
-91
-14
15
16
6
-5
-14
-7
21
52
85
143
240
345
422
465
470
423
331
246
208
189
124
-8
-160
-268
-287
-212
-77
59
134
125
57
-20
-52
-31
19
79
149
240
338
420
432
368
279
245
293
358
364
263
110
-15
-45
18
134
255
323
300
211
141
161
279
444
595
710
786
809
770
692
618
537
413
231
46
-73
-92
-12
119
244
309
307
257
200
162
164
224
325
413
417
297
89
-105
-169
-86
40
83
3
-141
-279
-379
-460
-548
-638
-684
-655
-572
-502
-480
-489
-495
-491
-502
-554
-634
-701
-713
-658
-552
-423
-298
-208
-166
-165
-185
-195
-159
-58
69
142
101
-32
-171
-235
-197
-69
79
162
140
64
31
74
159
241
305
352
390
422
436
404
316
189
60
-25
-40
14
85
101
10
-163
-310
-335
-224
-33
172
325
368
284
136
13
-48
-76
-113
-140
-152
-155
-185
-234
-288
-339
-372
-372
-323
-249
-190
-172
-186
-190
-163
-99
-34
-8
-45
-121
-161
-134
-83
-91
-152
-184
-120
2
95
102
55
14
23
88
188
291
365
407
441
507
593
647
606
477
341
305
384
477
464
329
154
32
14
88
193
267
306
343
366
316
170
-12
-146
-206
-215
-214
-227
-244
-222
-146
-63
-53
-126
-222
-260
-227
-163
-125
-147
-224
-308
-351
-351
-353
-381
-397
-361
-298
-266
-273
-272
-244
-203
-168
-121
-31
100
237
332
368
372
375
401
453
518
574
574
491
351
238
220
292
402
507
583
609
561
431
261
121
57
57
59
22
-52
-125
-169
-199
-238
-280
-285
-261
-266
-343
-477
-608
-699
-736
-719
-673
-641
-661
-709
-720
-661
-558
-467
-426
-436
-456
-418
-300
-151
-33
28
43
37
56
144
287
409
425
329
175
28
-68
-102
-101
-106
-109
-73
32
172
281
302
225
111
56
108
194
232
191
112
17
-98
-209
-265
-226
-113
37
198
334
389
332
204
80
16
8
10
-7
-54
-119
-187
-238
-250
-213
-139
-67
-38
-48
-63
-60
-56
-68
-91
-76
11
159
296
329
220
8
-187
-258
-175
-21
92
120
107
128
206
302
348
319
267
275
367
483
560
566
507
417
359
365
415
474
532
567
550
474
376
312
296
287
225
105
-14
-55
-2
107
195
180
33
-181
-334
-355
-280
-193
-142
-126
-129
-150
-171
-166
-125
-52
19
42
-3
-88
-162
-217
-261
-307
-331
-309
-241
-137
-20
75
112
96
70
62
48
-6
-83
-135
-137
-91
-31
-4
-53
-180
-333
-450
-474
-404
-287
-213
-232
-320
-390
-376
-294
-201
-134
-81
-33
-10
-32
-96
-180
-251
-282
-277
-261
-245
-235
-265
-374
-540
-671
-690
-595
-437
-292
-228
-267
-343
-374
-340
-277
-225
-183
-159
-154
-168
-161
-104
16
169
304
389
436
478
526
564
580
567
533
495
490
519
536
491
392
295
238
219
223
247
291
350
398
401
331
210
121
145
268
386
402
337
254
207
199
207
171
45
-124
-212
-146
13
141
176
167
186
263
354
384
313
186
84
46
44
43
41
29
-12
-81
-135
-130
-58
40
121
153
139
105
89
103
120
106
45
-44
-116
-156
-189
-254
-354
-451
-499
-467
-378
-304
-300
-343
-370
-347
-290
-248
-258
-304
-335
-327
-300
-277
-258
-256
-305
-393
-445
-401
-288
-189
-167
-194
-186
-82
92
237
267
181
63
0
5
55
118
204
288
332
317
261
203
163
152
168
196
241
318
420
510
564
606
650
656
585
467
360
275
159
-37
-291
-500
-576
-522
-439
-439
-550
-697
-768
-713
-564
-389
-233
-110
-14
63
117
130
107
87
81
46
-60
-231
-415
-539
-557
-465
-316
-170
-60
-10
-13
-45
-69
-60
-13
84
208
324
404
452
475
450
362
235
106
-7
-109
-204
-299
-389
-451
-471
-479
-519
-595
-659
-678
-678
-706
-729
-636
-387
-95
74
84
33
43
160
379
644
893
1042
1043
910
723
576
502
454
364
220
49
-83
-148
-147
-118
-73
-29
-24
-67
-95
-26
145
338
498
631
779
959
1145
1291
1342
1295
1188
1074
986
911
801
598
302
-9
-256
-443
-621
-812
-987
-1129
-1255
-1369
-1439
-1457
-1443
-1368
-1186
-907
-631
-424
-234
46
431
816
1057
1119
1068
1010
966
899
776
632
514
417
315
196
116
115
199
326
489
704
950
1091
1017
807
701
832
1039
1024
589
-230
-1260
-2225
-2840
-2979
-2839
-2823
-3205
-3885
-4464
-4556
-4020
-3027
-1947
-1151
-770
-575
-137
798
2112
3390
4230
4452
4148
3601
3111
2793
2528
2101
1425
625
-4
-164
267
1105
1903
2200
1881
1382
1415
2348
3811
4830
4437
2257
-1015
-3773
-4572
-3452
-2117
-2455
-4847
-7806
-9332
-8557
-6231
-3823
-2315
-1739
-1508
-921
525
2907
5742
8113
9138
8607
7245
6180
5900
5722
4450
1595
-2103
-5316
-7192
-7867
-8124
-8604
-9367
-10025
-10141
-9380
-7571
-4896
-2015
264
1657
2659
4095
6301
8732
10391
10717
10079
9396
9323
9742
9957
9209
7320
4845
2437
64
-2664
-5394
-6990
-6972
-6477
-7142
-9142
-10766
-10186
-7409
-4285
-2569
-2287
-2034
-642
1796
4391
6460
7901
8766
8906
8212
7035
5984
5133
3746
1070
-2588
-5937
-7852
-8399
-8583
-9261
-10266
-10696
-9886
-8025
-5774
-3549
-1327
961
3174
5123
6784
8265
9500
10188
10053
9239
8318
7783
7620
7364
6500
4804
2530
173
-2062
-4379
-6696
-8261
-8453
-7858
-7858
-9043
-10330
-9997
-7553
-4306
-2025
-1214
-853
302
2499
4993
6981
8246
8975
9277
9071
8389
7429
6209
4396
1725
-1481
-4384
-6352
-7481
-8409
-9587
-10769
-11241
-10512
-8810
-6830
-5085
-3532
-1789
408
2964
5481
7451
8522
8729
8513
8411
8620
8853
8708
8139
7410
6559
5342
3705
1902
-31
-2337
-4792
-6450
-6672
-6149
-6349
-7806
-9319
-9172
-7036
-4346
-2714
-2341
-2082
-869
1286
3571
5331
6549
7461
8054
8130
7698
6957
5875
4108
1484
-1529
-4121
-5834
-6952
-8096
-9493
-10676
-10914
-9938
-8189
-6343
-4640
-2793
-522
2010
4366
6290
7769
8722
8962
8584
8132
8047
8080
7644
6674
5738
5184
4692
3787
2289
137
-2553
-5012
-6114
-5625
-4829
-5344
-7330
-9080
-8791
-6546
-4220
-3299
-3387
-3053
-1575
587
2632
4223
5493
6583
7392
7761
7726
7324
6261
4152
1213
-1642
-3619
-4797
-5924
-7534
-9368
-10550
-10381
-8989
-7187
-5661
-4337
-2635
-211
2632
5271
7276
8583
9220
9196
8708
8189
7910
7628
6992
6100
5342
4690
3763
2386
679
-1382
-3736
-5705
-6422
-6003
-5736
-6703
-8464
-9355
-8320
-6054
-4211
-3555
-3416
-2717
-1105
1018
3093
4798
6078
7016
7710
8185
8305
7731
6138
3581
654
-1891
-3767
-5280
-6897
-8666
-10138
-10737
-10273
-9095
-7767
-6486
-4901
-2608
245
2975
5043
6468
7570
8409
8785
8666
8336
7984
7528
6992
6716
6807
6694
5765
4140
2349
493
-1520
-3245
-3962
-3864
-4198
-5884
-8192
-9290
-8270
-6208
-4941
-4992
-5283
-4623
-2917
-804
1207
2989
4543
5858
6983
7963
8628
8508
7124
4501
1368
-1333
-3215
-4649
-6217
-8028
-9627
-10422
-10202
-9259
-8019
-6548
-4528
-1826
1116
3603
5388
6779
8067
8980
9037
8298
7410
6854
6505
6141
5842
5568
4828
3346
1564
44
-1323
-2829
-4167
-4764
-4871
-5499
-7090
-8624
-8599
-6886
-5031
-4466
-4878
-4775
-3312
-1017
1125
2708
3989
5311
6715
7951
8694
8625
7512
5379
2655
-16
-2200
-3954
-5598
-7358
-9114
-10438
-10810
-10044
-8506
-6818
-5202
-3252
-541
2701
5644
7644
8732
9306
9499
9188
8422
7508
6614
5686
4830
4282
3893
3132
1903
685
-316
-1570
-3217
-4443
-4463
-3862
-4119
-5792
-7589
-7712
-5928
-3849
-3036
-3391
-3650
-2918
-1317
550
2249
3691
4999
6272
7383
7985
7720
6505
4563
2268
-114
-2429
-4549
-6324
-7750
-8943
-9855
-10143
-9543
-8219
-6537
-4554
-2053
938
3867
6127
7616
8656
9415
9636
9118
8090
6926
5703
4466
3640
3562
3682
3000
1439
1
-712
-1343
-2553
-3806
-4099
-3668
-3908
-5527
-7275
-7309
-5529
-3770
-3530
-4268
-4398
-3184
-1167
857
2580
4107
5533
6775
7682
8137
7968
6906
4857
2184
-512
-2851
-4843
-6631
-8274
-9699
-10711
-11041
-10527
-9250
-7424
-5177
-2562
236
2826
4868
6387
7635
8637
9016
8505
7355
6081
4957
4068
3609
3658
3718
3059
1735
589
85
-413
-1576
-2966
-3540
-3293
-3474
-4904
-6614
-6899
-5546
-4109
-3865
-4341
-4276
-3196
-1586
78
1722
3412
5084
6590
7762
8389
8189
6998
4987
2622
290
-1890
-3931
-5772
-7365
-8715
-9705
-10021
-9466
-8208
-6590
-4738
-2514
118
2821
5072
6620
7581
8089
8105
7664
6993
6244
5366
4512
4108
4251
4289
3549
2347
1595
1429
815
-918
-2874
-3553
-2965
-2809
-4318
-6483
-7193
-5856
-4039
-3410
-3871
-4149
-3421
-1858
22
1872
3571
5066
6295
7147
7531
7331
6405
4686
2364
-195
-2613
-4654
-6287
-7714
-9115
-10277
-10682
-10061
-8738
-7202
-5480
-3196
-281
2674
4947
6439
7539
8423
8824
8603
7997
7191
6141
5080
4582
4747
4733
3739
2206
1253
1036
367
-1508
-3617
-4339
-3694
-3475
-4933
-6939
-7301
-5555
-3497
-2885
-3475
-3763
-2859
-1087
854
2587
4029
5098
5825
6395
6909
6972
5954
3668
714
-2011
-3987
-5305
-6409
-7671
-9091
-10210
-10413
-9407
-7525
-5436
-3544
-1661
544
2959
5065
6574
7602
8209
8176
7455
6437
5514
4710
3978
3534
3442
3288
2592
1655
1248
1456
1175
-440
-2541
-3374
-2615
-2029
-3203
-5405
-6407
-5401
-3867
-3548
-4321
-4825
-4240
-2875
-1259
408
2047
3429
4438
5237
5978
6375
5836
4124
1676
-693
-2418
-3495
-4440
-5778
-7516
-8952
-9287
-8323
-6674
-5109
-3804
-2267
-85
2437
4541
5840
6576
7073
7286
7081
6610
6124
5698
5320
5092
5058
5027
4690
4071
3586
3463
3113
1674
-660
-2466
-2728
-2275
-2793
-4648
-6286
-6219
-4848
-3862
-4083
-4727
-4600
-3382
-1533
407
2144
3545
4611
5487
6235
6628
6259
4928
2786
338
-1792
-3203
-4126
-5201
-6777
-8422
-9284
-8909
-7612
-6110
-4818
-3545
-1918
32
1921
3458
4620
5352
5518
5229
4855
4632
4478
4319
4249
4358
4551
4608
4350
3935
3753
3738
3021
996
-1518
-2922
-2820
-2606
-3719
-5854
-7403
-7439
-6591
-6043
-6111
-6205
-5680
-4388
-2509
-413
1478
2941
4146
5252
6039
6154
5507
4169
2262
195
-1423
-2426
-3368
-4836
-6650
-7945
-8029
-7040
-5738
-4646
-3609
-2221
-518
1100
2447
3603
4467
4730
4476
4252
4413
4717
4804
4703
4763
5255
6053
6603
6377
5633
5164
5073
4280
2097
-488
-1764
-1587
-1601
-3161
-5582
-7052
-6835
-5909
-5418
-5331
-4971
-4051
-2775
-1234
513
2336
3970
5236
5984
6267
6179
5597
4255
2347
545
-820
-2123
-3813
-5657
-7008
-7434
-7076
-6347
-5540
-4590
-3378
-2018
-716
568
1889
2907
3164
2845
2754
3307
4084
4437
4297
4096
4316
5126
6228
6887
6581
5662
4963
4592
3625
1464
-1060
-2498
-2698
-3036
-4637
-6807
-7917
-7444
-6543
-6420
-6863
-6703
-5295
-3133
-1112
289
1263
2240
3519
4990
6143
6247
4954
2861
1184
534
204
-1025
-3453
-6044
-7478
-7382
-6551
-5947
-5786
-5559
-4855
-3689
-2214
-584
777
1325
1179
1269
2362
4078
5307
5447
5017
5009
5892
7250
8258
8329
7436
6155
5211
4767
3992
2018
-803
-2954
-3562
-3567
-4616
-6895
-8757
-8715
-7154
-5754
-5386
-5407
-4662
-2867
-613
1328
2629
3422
4079
4792
5300
5139
4252
3142
2191
1190
-327
-2301
-4148
-5311
-5786
-5919
-5943
-5716
-5111
-4336
-3680
-2965
-1723
2
1422
1878
1745
2113
3522
5218
5992
5614
5113
5513
6724
7851
8251
7888
7015
5960
5166
4779
4134
2314
-460
-2603
-2998
-2589
-3362
-5751
-7925
-8008
-6333
-4865
-4759
-5300
-5085
-3635
-1581
118
1023
1386
1820
2596
3426
3839
3695
3160
2342
1240
-88
-1412
-2522
-3326
-3932
-4475
-4948
-5106
-4766
-4082
-3456
-3058
-2591
-1686
-494
373
720
1180
2359
3811
4550
4456
4455
5221
6412
7301
7700
7818
7628
6874
5791
5002
4502
3270
748
-1974
-3266
-3145
-3347
-5082
-7463
-8529
-7665
-6178
-5658
-6072
-6206
-5259
-3643
-2151
-1148
-465
165
905
1781
2706
3426
3550
2915
1818
843
230
-259
-995
-1976
-2915
-3536
-3776
-3720
-3530
-3396
-3310
-2995
-2269
-1442
-928
-576
243
1654
2957
3505
3653
4336
5817
7291
7907
7871
7979
8357
8208
7149
5993
5583
5262
3504
219
-2673
-3459
-2879
-3206
-5376
-7770
-8319
-7017
-5649
-5419
-5797
-5728
-4856
-3482
-1959
-672
111
566
1318
2630
3930
4357
3758
2840
2252
1871
1101
-183
-1441
-2163
-2513
-2951
-3522
-3903
-3993
-3989
-3901
-3453
-2593
-1725
-1198
-821
-123
985
2143
3130
4158
5379
6472
7055
7290
7707
8383
8702
8002
6545
5346
4890
4229
2142
-977
-3251
-3606
-3257
-4163
-6524
-8463
-8446
-7052
-6095
-6322
-6882
-6628
-5328
-3576
-2088
-1203
-632
242
1707
3238
4088
4080
3747
3496
3168
2383
1258
308
-280
-956
-2124
-3399
-4031
-3950
-3928
-4423
-4843
-4334
-3071
-2096
-1920
-1818
-838
976
2704
3722
4303
5096
6294
7508
8321
8685
8698
8266
7294
6165
5451
5019
3889
1477
-1263
-2715
-2572
-2456
-3934
-6477
-7958
-7373
-6050
-5814
-6683
-7159
-6311
-4690
-3370
-2739
-2318
-1398
200
1925
3042
3425
3564
3860
4111
3870
3103
2232
1585
987
53
-1189
-2210
-2622
-2716
-3012
-3501
-3631
-3174
-2598
-2463
-2605
-2262
-1033
578
1736
2315
2968
4290
6063
7540
8207
8261
8223
8273
8070
7407
6600
5958
5056
3227
728
-1189
-1735
-1749
-2775
-5128
-7397
-8170
-7640
-7148
-7389
-7796
-7580
-6739
-5762
-4755
-3377
-1592
29
968
1496
2323
3581
4580
4692
4104
3451
2976
2380
1366
29
-1242
-2160
-2735
-3243
-3927
-4700
-5167
-5064
-4615
-4242
-3999
-3486
-2421
-1013
342
1614
3048
4635
5927
6616
6971
7519
8320
8798
8341
7093
5985
5732
5809
4802
2220
-602
-1968
-2014
-2498
-4471
-6952
-8319
-8236
-7690
-7512
-7629
-7623
-7296
-6507
-5018
-3019
-1329
-582
-266
727
2703
4616
5326
4873
4315
4335
4524
4073
2784
1174
-205
-1171
-1886
-2593
-3487
-4463
-5135
-5157
-4658
-4103
-3748
-3363
-2555
-1197
508
2177
3500
4456
5329
6312
7286
8052
8633
8983
8777
7886
6928
6727
7086
6617
4279
937
-1330
-1599
-1301
-2529
-5469
-8107
-8602
-7359
-6365
-6779
-7808
-7944
-6673
-4784
-3352
-2777
-2534
-1744
-30
2030
3467
3889
3833
4081
4748
5213
4804
3526
1995
840
142
-568
-1773
-3353
-4639
-5144
-5101
-5062
-5185
-5143
-4606
-3628
-2520
-1539
-646
436
1881
3497
4894
5892
6655
7426
8261
8878
8878
8132
7171
6759
6838
6232
3939
715
-1475
-1740
-1492
-2723
-5534
-8000
-8496
-7489
-6753
-7281
-8396
-8797
-7911
-6203
-4529
-3493
-3079
-2649
-1416
731
2925
4152
4360
4464
5063
5648
5333
4129
2869
2029
1220
-50
-1588
-2824
-3565
-4098
-4664
-5105
-5131
-4786
-4386
-4058
-3478
-2329
-783
683
1881
3066
4439
5836
6955
7771
8457
8974
8948
8204
7210
6721
6783
6411
4594
1675
-674
-1273
-894
-1495
-3844
-6673
-8153
-7951
-7330
-7541
-8502
-9078
-8411
-6721
-4994
-3965
-3492
-2774
-1295
638
2265
3269
3942
4623
5269
5652
5660
5281
4492
3313
1959
696
-370
-1393
-2551
-3750
-4651
-5016
-4960
-4765
-4521
-4069
-3244
-2106
-910
161
1208
2469
3930
5251
6206
6965
7778
8533
8844
8486
7620
6673
6025
5737
5373
4281
2303
218
-968
-1286
-1949
-3818
-6219
-7712
-7841
-7544
-7828
-8595
-8917
-8224
-6798
-5388
-4477
-3970
-3315
-1984
-22
1888
3059
3573
4132
5130
6060
6156
5311
4112
3011
1960
707
-778
-2312
-3630
-4484
-4785
-4747
-4756
-4937
-4954
-4353
-3197
-2044
-1299
-691
352
1936
3540
4640
5311
5985
6835
7541
7744
7459
6974
6547
6286
6188
6022
5303
3650
1419
-381
-1140
-1496
-2714
-5076
-7400
-8311
-7809
-7123
-7261
-7949
-8171
-7379
-5959
-4622
-3676
-2937
-2051
-791
800
2358
3488
4144
4661
5184
5391
4875
3706
2373
1223
162
-1028
-2237
-3098
-3486
-3691
-3947
-4101
-3903
-3500
-3225
-3060
-2597
-1574
-263
796
1340
1690
2430
3756
5186
6025
6100
5970
6350
7299
7991
7536
6141
5081
5238
5831
5108
2450
-629
-2052
-1616
-1267
-2763
-5599
-7631
-7519
-6079
-5149
-5552
-6414
-6365
-5034
-3284
-2178
-1872
-1587
-581
992
2312
2838
2799
2769
2992
3232
3122
2537
1647
747
36
-441
-783
-1167
-1731
-2371
-2762
-2711
-2444
-2347
-2499
-2626
-2491
-2134
-1682
-1109
-267
861
2003
2783
3147
3483
4196
5212
6021
6232
5909
5420
5087
4976
4908
4535
3493
1712
-277
-1573
-1838
-1826
-2630
-4282
-5582
-5487
-4407
-3777
-4292
-5093
-4849
-3461
-2127
-1878
-2453
-2784
-2245
-1177
-336
-56
-22
267
903
1530
1780
1679
1517
1459
1388
1091
558
-12
-428
-704
-1044
-1622
-2316
-2712
-2516
-1975
-1685
-1839
-1940
-1446
-501
341
886
1416
2089
2702
3089
3430
3900
4346
4508
4434
4346
4171
3630
2841
2428
2680
2882
2036
321
-814
-393
662
556
-1085
-2735
-2914
-2038
-1723
-2734
-4137
-4614
-4008
-3307
-3386
-4137
-4748
-4501
-3397
-2112
-1449
-1495
-1514
-710
787
2014
2202
1565
980
961
1198
1018
261
-559
-841
-618
-423
-623
-1024
-1190
-931
-424
-11
80
-61
-28
466
1216
1642
1492
1151
1233
1836
2449
2532
2200
2077
2490
3054
3207
3054
3245
4087
4955
4935
3967
3119
3322
4118
4039
2396
148
-1134
-1059
-785
-1658
-3638
-5337
-5663
-5031
-4739
-5313
-6062
-6056
-5231
-4158
-3299
-2608
-1835
-870
131
904
1310
1401
1358
1325
1374
1413
1268
873
489
465
760
876
483
-66
-167
153
112
-797
-2066
-2685
-2358
-1792
-1765
-2220
-2429
-1863
-673
554
1337
1718
2193
3195
4521
5466
5601
5325
5421
6148
6860
6622
5235
3608
2826
2809
2367
722
-1448
-2935
-3490
-3922
-4868
-6010
-6634
-6617
-6511
-6682
-6778
-6356
-5574
-4943
-4533
-3926
-2893
-1739
-870
-249
480
1447
2312
2729
2874
3210
3781
4071
3676
2826
2060
1554
1002
113
-1000
-1999
-2709
-3225
-3677
-4019
-4056
-3650
-2889
-2030
-1294
-646
118
1163
2364
3393
3991
4240
4512
5094
5841
6272
6089
5573
5284
5436
5666
5404
4427
3095
2101
1735
1493
576
-1035
-2461
-2961
-2917
-3386
-4768
-6231
-6655
-5993
-5266
-5310
-5791
-5762
-4796
-3426
-2346
-1654
-867
296
1569
2503
2996
3277
3485
3575
3361
2767
1842
840
-36
-748
-1418
-2059
-2535
-2710
-2618
-2439
-2273
-2071
-1708
-1243
-842
-620
-476
-227
263
949
1610
2023
2157
2232
2506
3079
3764
4226
4220
3899
3701
3916
4325
4423
4001
3318
2738
2250
1634
813
-61
-912
-1758
-2514
-3001
-3200
-3377
-3672
-3911
-3797
-3429
-3150
-3173
-3336
-3340
-3024
-2465
-1948
-1648
-1479
-1124
-542
-17
123
-28
-118
75
416
619
566
350
181
112
45
-196
-580
-912
-1061
-1155
-1366
-1639
-1796
-1825
-1902
-2031
-2021
-1691
-1151
-617
-212
169
728
1533
2384
2951
3182
3368
3850
4477
4713
4215
3393
3032
3401
3875
3646
2692
1808
1741
2331
2682
2107
920
62
36
336
39
-1169
-2654
-3488
-3443
-3168
-3431
-4205
-4811
-4691
-3949
-3097
-2515
-2173
-1688
-806
293
1050
1188
1020
1083
1410
1480
955
159
-338
-537
-910
-1648
-2303
-2457
-2306
-2370
-2717
-2834
-2360
-1616
-1204
-1190
-1102
-582
157
707
916
978
1154
1554
2086
2535
2777
2890
3144
3699
4399
4818
4686
4221
3983
4268
4722
4722
4055
3126
2461
2205
2040
1590
821
62
-332
-377
-397
-701
-1234
-1660
-1732
-1614
-1667
-1999
-2349
-2517
-2686
-3118
-3685
-3930
-3707
-3416
-3554
-4064
-4375
-4024
-3205
-2574
-2512
-2710
-2569
-1941
-1225
-912
-1081
-1428
-1538
-1263
-862
-738
-953
-1067
-670
54
483
368
181
511
1258
1773
1721
1511
1744
2407
2904
2782
2266
1958
2141
2515
2648
2481
2311
2404
2816
3482
4223
4795
5034
5045
5051
5157
5274
5219
4851
4193
3457
2806
2201
1355
79
-1548
-3137
-4318
-5097
-5774
-6629
-7503
-8031
-7982
-7579
-7201
-6951
-6582
-5881
-4978
-4181
-3676
-3339
-2970
-2416
-1735
-1043
-479
-47
329
735
1109
1297
1352
1491
1853
2170
2149
1820
1555
1561
1660
1498
994
467
271
408
537
486
420
643
1158
1734
2144
2426
2799
3357
3932
4289
4449
4601
4800
4893
4849
4797
4812
4783
4646
4413
4026
3440
2779
2240
1740
1011
-24
-1114
-1991
-2726
-3610
-4717
-5726
-6330
-6674
-7169
-7898
-8471
-8491
-8029
-7480
-7062
-6534
-5578
-4293
-3103
-2249
-1539
-752
67
767
1359
1908
2367
2664
2869
3163
3589
3930
3898
3512
3126
3068
3232
3239
2900
2424
2084
1862
1560
1096
586
157
-170
-436
-669
-877
-1057
-1144
-1023
-651
-156
270
593
996
1662
2484
3093
3272
3251
3452
3989
4557
4794
4555
3931
3203
2729
2581
2327
1411
-132
-1595
-2326
-2533
-3084
-4442
-6017
-6839
-6800
-6693
-7186
-7974
-8287
-7755
-6744
-5797
-5032
-4136
-2816
-1217
293
1493
2483
3453
4491
5451
6082
6219
5940
5493
5075
4693
4187
3436
2495
1556
688
-193
-1116
-1924
-2456
-2792
-3147
-3605
-3974
-4018
-3744
-3452
-3402
-3495
-3364
-2775
-1934
-1263
-955
-725
-170
744
1659
2231
2477
2691
3126
3741
4246
4390
4240
4093
4165
4356
4374
3989
3277
2539
2002
1641
1268
778
198
-365
-842
-1217
-1532
-1820
-2102
-2389
-2651
-2836
-2906
-2955
-3047
-3115
-2930
-2411
-1745
-1244
-1003
-798
-385
215
726
980
1027
1016
984
897
730
476
128
-328
-806
-1167
-1349
-1470
-1726
-2181
-2670
-2954
-2969
-2881
-2918
-3110
-3308
-3337
-3155
-2847
-2516
-2186
-1784
-1246
-575
154
894
1624
2343
3067
3802
4513
5162
5774
6394
6984
7434
7724
7976
8282
8535
8512
8103
7482
6922
6463
5842
4826
3518
2227
1122
73
-1134
-2492
-3764
-4763
-5550
-6303
-7038
-7620
-7945
-8027
-7885
-7529
-7000
-6393
-5783
-5103
-4255
-3293
-2507
-2058
-1786
-1389
-868
-536
-604
-894
-1043
-985
-1038
-1497
-2207
-2736
-2829
-2651
-2531
-2655
-2910
-2995
-2687
-2082
-1515
-1207
-1000
-551
270
1200
1861
2183
2474
3056
3895
4647
5052
5167
5299
5687
6269
6705
6748
6552
6515
6791
7113
7068
6537
5796
5253
5005
4728
4069
3111
2277
1765
1282
398
-868
-2044
-2735
-3117
-3767
-4958
-6291
-7153
-7472
-7752
-8354
-9045
-9308
-8991
-8393
-7864
-7415
-6793
-5843
-4685
-3587
-2636
-1755
-853
50
920
1757
2517
3080
3372
3492
3596
3702
3653
3365
2962
2634
2376
2022
1512
1024
763
678
559
335
214
380
743
1001
992
861
886
1161
1551
1877
2084
2265
2578
3108
3734
4195
4358
4432
4745
5271
5548
5204
4483
3995
3992
4080
3704
2804
1779
1010
467
-99
-849
-1747
-2665
-3428
-3880
-4050
-4202
-4622
-5229
-5640
-5570
-5244
-5145
-5424
-5676
-5435
-4749
-4066
-3641
-3270
-2618
-1679
-760
-130
231
494
771
1020
1166
1204
1178
1134
1085
1018
865
579
208
-113
-320
-484
-701
-975
-1195
-1283
-1269
-1259
-1296
-1330
-1305
-1229
-1146
-1100
-1122
-1192
-1219
-1120
-946
-823
-710
-392
241
985
1563
1937
2292
2779
3367
3956
4477
4928
5328
5669
5923
6088
6206
6312
6395
6366
6117
5589
4887
4241
3766
3241
2319
980
-329
-1188
-1691
-2340
-3412
-4616
-5442
-5748
-5865
-6120
-6477
-6655
-6510
-6155
-5781
-5415
-4942
-4301
-3597
-2973
-2445
-1957
-1501
-1127
-815
-515
-277
-232
-363
-495
-506
-534
-746
-1138
-1544
-1878
-2156
-2382
-2497
-2462
-2346
-2213
-2047
-1717
-1152
-441
214
690
1049
1473
2122
2990
3880
4563
5019
5441
6002
6627
7063
7151
6977
6825
6867
6967
6809
6324
5822
5619
5597
5350
4734
4067
3707
3561
3215
2433
1475
725
268
-195
-953
-1986
-3025
-3840
-4452
-5061
-5870
-6845
-7743
-8294
-8494
-8626
-8923
-9284
-9360
-8986
-8361
-7803
-7368
-6801
-5886
-4731
-3644
-2766
-1953
-1039
-64
803
1488
2060
2607
3123
3516
3734
3842
3948
4054
4044
3860
3635
3539
3541
3460
3200
2867
2601
2425
2291
2144
1954
1738
1618
1687
1880
2018
2042
2086
2294
2639
2955
3136
3231
3361
3566
3763
3834
3737
3540
3340
3187
3054
2837
2436
1842
1222
763
482
156
-385
-1064
-1655
-2114
-2582
-3129
-3669
-4127
-4608
-5213
-5845
-6258
-6419
-6593
-7025
-7544
-7733
-7429
-6942
-6651
-6529
-6212
-5413
-4268
-3138
-2243
-1457
-504
699
1921
2833
3349
3700
4172
4747
5134
5136
4896
4732
4759
4777
4484
3801
2936
2197
1703
1303
766
45
-667
-1154
-1374
-1475
-1645
-1943
-2235
-2295
-2034
-1623
-1314
-1131
-828
-241
488
1079
1460
1821
2332
2953
3471
3766
3931
4128
4360
4437
4226
3813
3438
3223
3091
2880
2531
2131
1806
1584
1330
890
245
-500
-1243
-1968
-2639
-3223
-3775
-4407
-5089
-5576
-5697
-5581
-5562
-5760
-5925
-5720
-5157
-4566
-4193
-3922
-3463
-2723
-1822
-913
-48
757
1472
2092
2642
3131
3479
3614
3554
3411
3267
3066
2687
2098
1420
822
358
-65
-574
-1136
-1574
-1750
-1747
-1759
-1848
-1897
-1799
-1584
-1304
-956
-508
8
546
1105
1707
2304
2820
3243
3646
4082
4469
4693
4743
4698
4605
4469
4326
4200
4000
3616
3076
2522
1998
1414
732
62
-493
-991
-1609
-2369
-3081
-3532
-3723
-3863
-4142
-4538
-4825
-4788
-4464
-4151
-4101
-4239
-4215
-3855
-3395
-3207
-3312
-3339
-2981
-2380
-1936
-1828
-1817
-1534
-910
-232
186
366
614
1131
1749
2145
2238
2258
2443
2739
2882
2738
2474
2342
2355
2288
1958
1420
900
572
423
281
11
-327
-543
-530
-405
-378
-513
-677
-676
-496
-277
-137
-43
109
341
612
873
1106
1305
1487
1696
1952
2200
2325
2264
2100
1962
1875
1707
1376
961
584
242
-143
-566
-955
-1238
-1435
-1598
-1769
-1894
-1894
-1798
-1753
-1867
-2036
-2044
-1769
-1346
-1053
-1040
-1168
-1148
-847
-443
-221
-265
-339
-157
265
606
634
512
593
1000
1471
1698
1665
1632
1775
1963
1929
1602
1193
938
838
684
319
-145
-470
-569
-633
-880
-1271
-1589
-1698
-1686
-1708
-1798
-1878
-1853
-1718
-1547
-1418
-1340
-1225
-988
-637
-296
-57
147
488
1000
1513
1829
1920
1905
1871
1821
1723
1571
1361
1102
846
677
614
566
434
238
96
61
68
27
-58
-114
-64
92
280
395
380
266
136
45
-43
-201
-422
-576
-565
-447
-378
-400
-408
-319
-208
-212
-338
-441
-418
-355
-428
-655
-866
-894
-775
-671
-644
-585
-371
-46
242
410
477
480
422
296
141
-14
-182
-430
-767
-1096
-1304
-1408
-1536
-1734
-1903
-1929
-1824
-1682
-1560
-1444
-1292
-1097
-899
-738
-623
-511
-371
-227
-113
40
336
762
1142
1351
1459
1653
2017
2410
2589
2447
2183
2091
2242
2375
2237
1904
1660
1655
1715
1568
1153
703
494
550
635
538
301
147
207
368
423
286
94
36
183
402
496
372
151
47
117
220
173
-9
-176
-230
-244
-369
-641
-936
-1108
-1135
-1118
-1133
-1191
-1273
-1336
-1334
-1267
-1236
-1335
-1517
-1624
-1574
-1464
-1423
-1456
-1449
-1343
-1211
-1190
-1336
-1528
-1573
-1399
-1160
-1071
-1156
-1217
-1070
-751
-455
-308
-241
-84
211
510
694
809
989
1247
1456
1538
1581
1718
1928
2032
1930
1739
1666
1733
1758
1607
1374
1235
1226
1225
1149
1049
1028
1058
1002
811
647
711
969
1177
1162
1016
927
919
828
540
169
-74
-141
-210
-446
-800
-1051
-1100
-1057
-1104
-1254
-1380
-1383
-1316
-1324
-1425
-1512
-1428
-1171
-870
-670
-621
-629
-583
-441
-293
-271
-401
-554
-571
-463
-454
-721
-1180
-1512
-1547
-1435
-1461
-1705
-1975
-2046
-1835
-1473
-1179
-1064
-1014
-836
-515
-230
-119
-110
-17
261
639
934
1032
1016
1100
1393
1760
1937
1844
1699
1789
2129
2422
2400
2128
1906
1929
2079
2090
1865
1554
1362
1322
1300
1188
1019
902
874
857
764
586
414
321
276
168
-46
-247
-292
-194
-131
-215
-361
-369
-176
38
4
-312
-646
-722
-590
-558
-811
-1188
-1380
-1291
-1135
-1160
-1374
-1542
-1503
-1347
-1303
-1485
-1785
-2014
-2061
-2019
-2065
-2274
-2511
-2600
-2510
-2345
-2186
-2021
-1804
-1541
-1259
-995
-766
-546
-270
102
506
812
945
983
1088
1334
1617
1773
1771
1758
1866
2048
2152
2125
2070
2086
2154
2189
2164
2147
2195
2266
2259
2127
1961
1874
1877
1866
1759
1582
1447
1444
1524
1540
1383
1118
909
818
722
499
185
-91
-265
-401
-580
-810
-997
-1076
-1092
-1158
-1313
-1481
-1568
-1561
-1530
-1545
-1609
-1655
-1608
-1454
-1257
-1123
-1117
-1197
-1273
-1301
-1349
-1496
-1767
-2086
-2352
-2513
-2608
-2714
-2852
-2962
-2973
-2849
-2606
-2316
-2049
-1821
-1562
-1225
-834
-472
-188
39
265
497
674
776
872
1048
1283
1493
1628
1719
1800
1874
1918
1923
1911
1919
1958
2009
2036
2032
2026
2057
2118
2164
2161
2141
2164
2243
2315
2284
2150
2017
2003
2071
2088
1973
1767
1530
1254
918
550
204
-108
-411
-717
-1017
-1284
-1514
-1716
-1882
-1983
-2003
-1961
-1896
-1831
-1749
-1644
-1517
-1362
-1179
-1000
-871
-803
-776
-795
-881
-1034
-1205
-1353
-1461
-1548
-1656
-1799
-1953
-2079
-2183
-2268
-2294
-2201
-1996
-1739
-1493
-1242
-947
-611
-329
-144
27
332
765
1148
1361
1488
1698
2031
2377
2632
2788
2886
2953
2991
3014
3033
3018
2921
2749
2592
2526
2502
2400
2158
1880
1718
1723
1759
1638
1324
956
712
625
571
408
140
-104
-252
-353
-490
-649
-788
-920
-1112
-1342
-1514
-1563
-1541
-1572
-1717
-1918
-2038
-2035
-2010
-2094
-2272
-2378
-2304
-2131
-2042
-2091
-2178
-2181
-2108
-2067
-2128
-2233
-2285
-2233
-2114
-2017
-1985
-2016
-2065
-2102
-2121
-2125
-2088
-1971
-1756
-1478
-1189
-921
-656
-366
-53
275
608
938
1234
1501
1778
2066
2301
2451
2585
2779
2999
3148
3202
3232
3291
3357
3358
3261
3122
3030
3017
3017
2942
2743
2478
2228
2040
1875
1670
1407
1147
966
866
771
634
506
469
496
471
310
67
-136
-261
-389
-629
-976
-1305
-1488
-1549
-1629
-1841
-2130
-2357
-2431
-2404
-2393
-2469
-2570
-2553
-2340
-2029
-1812
-1761
-1754
-1613
-1344
-1141
-1157
-1316
-1397
-1288
-1104
-1032
-1112
-1190
-1111
-871
-610
-450
-386
-327
-199
-23
185
414
660
875
1028
1144
1267
1396
1498
1571
1671
1837
2055
2275
2476
2697
2944
3134
3152
2993
2784
2639
2521
2313
1950
1489
1036
648
340
70
-206
-495
-738
-863
-893
-930
-1052
-1212
-1289
-1254
-1202
-1246
-1371
-1482
-1521
-1518
-1553
-1673
-1840
-1945
-1926
-1841
-1789
-1771
-1715
-1570
-1399
-1294
-1310
-1397
-1433
-1334
-1128
-932
-820
-738
-581
-339
-108
14
67
163
362
598
772
848
858
851
849
848
827
779
714
669
666
707
729
685
594
531
523
511
436
331
286
318
355
326
244
179
168
201
241
240
184
107
66
51
13
-58
-101
-88
-67
-115
-233
-345
-398
-411
-428
-459
-482
-492
-490
-468
-395
-270
-142
-59
-33
-26
17
131
310
517
715
892
1051
1197
1343
1505
1674
1799
1841
1831
1841
1857
1783
1600
1416
1346
1353
1298
1108
847
637
524
439
279
30
-233
-435
-587
-738
-930
-1141
-1337
-1485
-1598
-1703
-1815
-1918
-1977
-1978
-1930
-1876
-1832
-1771
-1651
-1498
-1390
-1355
-1333
-1255
-1125
-1028
-1028
-1093
-1126
-1061
-898
-698
-515
-375
-258
-125
20
130
152
131
163
314
534
714
791
797
809
878
985
1066
1082
1074
1124
1263
1427
1543
1601
1642
1685
1721
1747
1772
1797
1813
1811
1770
1674
1542
1436
1400
1411
1409
1352
1265
1188
1089
889
564
199
-114
-364
-604
-874
-1157
-1404
-1567
-1654
-1721
-1828
-1951
-2022
-2018
-1988
-1993
-2044
-2132
-2215
-2256
-2250
-2236
-2253
-2307
-2373
-2411
-2395
-2316
-2191
-2025
-1816
-1577
-1325
-1064
-792
-518
-262
-37
160
332
491
647
781
862
896
925
975
1016
994
902
808
800
895
1019
1097
1137
1198
1295
1395
1478
1563
1673
1795
1895
1940
1930
1900
1893
1930
1980
1994
1948
1874
1835
1858
1889
1830
1640
1407
1253
1201
1144
987
757
554
403
242
38
-161
-310
-433
-583
-743
-853
-907
-963
-1065
-1195
-1313
-1390
-1439
-1488
-1578
-1709
-1847
-1959
-2049
-2140
-2243
-2333
-2352
-2264
-2117
-2006
-1963
-1941
-1888
-1799
-1697
-1588
-1443
-1252
-1058
-919
-826
-715
-537
-325
-137
0
108
214
317
407
491
588
686
759
813
898
1044
1211
1345
1424
1464
1471
1460
1473
1556
1698
1821
1852
1810
1774
1802
1860
1859
1768
1665
1622
1617
1571
1485
1423
1418
1418
1346
1181
966
764
627
568
528
437
248
0
-237
-410
-516
-591
-695
-855
-1058
-1265
-1441
-1581
-1712
-1855
-1980
-2047
-2044
-2022
-2051
-2179
-2382
-2564
-2632
-2591
-2541
-2551
-2589
-2566
-2464
-2338
-2238
-2148
-2019
-1822
-1561
-1279
-1021
-828
-675
-493
-226
87
345
507
636
809
1005
1133
1152
1137
1191
1341
1520
1659
1770
1888
2003
2052
2014
1946
1924
1963
2023
2060
2078
2124
2222
2338
2409
2409
2366
2344
2371
2430
2457
2424
2364
2325
2305
2234
2059
1806
1561
1382
1252
1112
912
662
409
168
-84
-371
-677
-954
-1185
-1395
-1613
-1836
-2041
-2245
-2471
-2699
-2871
-2965
-3008
-3030
-3062
-3133
-3243
-3337
-3377
-3364
-3323
-3246
-3119
-2944
-2745
-2550
-2391
-2271
-2138
-1925
-1627
-1322
-1077
-895
-736
-581
-447
-355
-291
-227
-139
-26
105
233
343
446
574
743
929
1114
1306
1522
1767
2028
2269
2442
2524
2550
2599
2709
2848
2944
2979
2998
3062
3178
3292
3333
3262
3106
2947
2848
2795
2703
2509
2238
1958
1713
1461
1149
784
447
202
39
-122
-360
-679
-1005
-1254
-1406
-1503
-1604
-1726
-1853
-1971
-2091
-2238
-2400
-2539
-2596
-2572
-2531
-2563
-2685
-2818
-2883
-2865
-2820
-2793
-2764
-2668
-2468
-2222
-2029
-1916
-1831
-1718
-1571
-1413
-1250
-1100
-983
-896
-806
-682
-516
-316
-91
143
375
619
889
1159
1359
1436
1420
1405
1466
1586
1673
1683
1658
1677
1782
1940
2084
2167
2204
2248
2343
2461
2534
2532
2480
2446
2448
2447
2382
2243
2073
1913
1778
1641
1479
1291
1114
963
814
628
394
160
-29
-167
-293
-443
-595
-712
-809
-930
-1077
-1191
-1240
-1274
-1367
-1549
-1762
-1956
-2125
-2276
-2398
-2472
-2515
-2574
-2669
-2767
-2812
-2790
-2719
-2625
-2526
-2411
-2250
-2024
-1764
-1542
-1390
-1283
-1160
-1002
-849
-732
-655
-589
-515
-429
-325
-211
-98
4
112
254
437
636
840
1042
1234
1386
1503
1611
1740
1879
1990
2038
2012
1959
1959
2069
2246
2384
2411
2392
2426
2535
2636
2657
2604
2535
2475
2401
2264
2044
1788
1564
1397
1247
1058
826
599
433
329
231
90
-96
-298
-484
-639
-763
-883
-1019
-1182
-1354
-1504
-1617
-1688
-1742
-1809
-1899
-1983
-2036
-2040
-2016
-1985
-1967
-1969
-1988
-2012
-2018
-1986
-1915
-1829
-1751
-1705
-1699
-1715
-1725
-1700
-1617
-1473
-1302
-1165
-1072
-975
-823
-607
-365
-115
144
401
615
739
771
772
806
876
943
1001
1075
1154
1196
1174
1127
1113
1153
1212
1235
1208
1167
1163
1180
1165
1101
1031
987
957
909
851
821
838
898
967
1015
1024
1004
983
968
949
898
822
753
714
690
653
589
503
412
334
271
197
78
-72
-204
-301
-380
-452
-499
-512
-507
-491
-474
-475
-515
-585
-656
-717
-777
-837
-903
-992
-1108
-1214
-1252
-1214
-1157
-1139
-1159
-1177
-1146
-1052
-904
-756
-686
-723
-809
-848
-808
-747
-742
-815
-916
-982
-979
-926
-866
-816
-758
-667
-559
-473
-417
-323
-128
151
417
579
631
650
710
828
969
1081
1165
1236
1318
1407
1473
1496
1498
1528
1605
1697
1774
1820
1824
1792
1733
1671
1616
1567
1535
1513
1482
1417
1328
1259
1227
1226
1223
1189
1116
990
815
592
368
193
69
-73
-300
-594
-886
-1130
-1338
-1528
-1698
-1831
-1923
-1981
-2015
-2037
-2071
-2133
-2218
-2287
-2301
-2254
-2189
-2148
-2143
-2152
-2153
-2148
-2130
-2082
-1991
-1871
-1725
-1542
-1319
-1111
-983
-937
-896
-813
-725
-701
-731
-737
-659
-489
-275
-83
20
43
84
239
486
718
865
973
1121
1323
1532
1685
1777
1832
1909
2041
2187
2280
2301
2303
2322
2358
2391
2423
2451
2473
2480
2463
2410
2332
2243
2168
2101
2025
1929
1830
1753
1703
1654
1554
1372
1124
869
648
451
250
43
-146
-319
-491
-663
-804
-904
-995
-1119
-1281
-1456
-1620
-1754
-1849
-1924
-2017
-2134
-2241
-2308
-2348
-2401
-2473
-2554
-2639
-2721
-2792
-2832
-2829
-2780
-2693
-2586
-2481
-2406
-2365
-2312
-2187
-1971
-1716
-1475
-1261
-1075
-914
-762
-571
-325
-65
151
300
418
554
736
933
1098
1216
1342
1519
1733
1939
2123
2287
2440
2574
2692
2816
2978
3199
3442
3617
3672
3639
3593
3551
3479
3349
3183
3010
2817
2587
2331
2095
1897
1711
1484
1181
830
501
255
83
-91
-322
-601
-884
-1166
-1487
-1861
-2220
-2477
-2610
-2695
-2808
-2949
-3065
-3118
-3120
-3100
-3074
-3038
-3007
-3004
-3030
-3069
-3101
-3134
-3170
-3195
-3184
-3129
-3049
-2963
-2876
-2777
-2668
-2558
-2446
-2307
-2129
-1942
-1768
-1601
-1422
-1221
-996
-741
-460
-166
146
480
820
1147
1464
1791
2114
2402
2656
2908
3171
3421
3630
3801
3944
4064
4145
4173
4144
4090
4069
4100
4138
4105
3957
3729
3490
3292
3131
2971
2785
2586
2397
2230
2067
1875
1646
1390
1146
960
846
768
660
493
278
55
-159
-364
-572
-779
-980
-1165
-1330
-1471
-1598
-1743
-1928
-2129
-2321
-2515
-2726
-2923
-3056
-3123
-3166
-3230
-3327
-3464
-3620
-3758
-3847
-3880
-3882
-3861
-3829
-3772
-3664
-3478
-3234
-2993
-2797
-2645
-2486
-2290
-2048
-1775
-1484
-1193
-931
-707
-491
-222
120
502
848
1138
1416
1727
2056
2347
2568
2741
2905
3078
3245
3391
3500
3568
3597
3590
3555
3500
3424
3336
3259
3216
3203
3183
3135
3070
3008
2948
2871
2773
2651
2499
2290
2008
1673
1334
1038
777
500
172
-190
-520
-772
-955
-1141
-1392
-1705
-2015
-2257
-2435
-2589
-2748
-2912
-3060
-3197
-3339
-3493
-3629
-3710
-3728
-3720
-3721
-3730
-3731
-3700
-3636
-3532
-3407
-3290
-3214
-3183
-3147
-3037
-2829
-2578
-2361
-2186
-1998
-1740
-1417
-1081
-778
-518
-274
-24
251
562
908
1257
1552
1802
2054
2320
2555
2736
2899
3092
3319
3548
3749
3889
3946
3937
3894
3847
3788
3704
3593
3485
3423
3403
3388
3323
3195
3014
2811
2605
2415
2242
2076
1904
1721
1537
1352
1170
998
845
720
609
492
367
228
72
-110
-310
-502
-669
-827
-1021
-1264
-1526
-1762
-1954
-2104
-2214
-2293
-2347
-2387
-2418
-2445
-2474
-2502
-2515
-2518
-2554
-2662
-2827
-2982
-3079
-3134
-3181
-3226
-3243
-3206
-3132
-3046
-2950
-2827
-2676
-2504
-2298
-2054
-1799
-1554
-1325
-1107
-911
-729
-525
-289
-48
160
322
452
581
745
944
1161
1373
1573
1762
1948
2145
2329
2467
2553
2628
2725
2847
2962
3014
2969
2851
2741
2705
2720
2707
2621
2485
2367
2279
2171
1994
1780
1615
1531
1482
1380
1197
961
736
565
446
350
239
92
-89
-271
-414
-520
-646
-846
-1119
-1404
-1654
-1871
-2088
-2295
-2454
-2545
-2586
-2613
-2642
-2673
-2698
-2697
-2661
-2599
-2546
-2524
-2513
-2480
-2391
-2262
-2129
-2037
-1963
-1868
-1710
-1515
-1326
-1181
-1081
-989
-878
-738
-571
-362
-115
136
357
538
711
895
1084
1261
1430
1623
1850
2089
2291
2437
2544
2651
2772
2894
2987
3054
3104
3145
3152
3100
2990
2839
2664
2477
2307
2171
2062
1948
1812
1685
1609
1583
1549
1453
1305
1169
1079
1028
979
898
774
611
411
178
-71
-311
-526
-706
-841
-920
-968
-1021
-1128
-1293
-1474
-1611
-1686
-1743
-1828
-1963
-2130
-2295
-2410
-2483
-2557
-2680
-2829
-2950
-3005
-2998
-2964
-2946
-2949
-2944
-2911
-2870
-2853
-2840
-2799
-2725
-2651
-2581
-2501
-2378
-2194
-1954
-1685
-1415
-1146
-863
-561
-267
-3
240
480
714
913
1078
1240
1428
1615
1775
1895
2011
2142
2281
2399
2494
2585
2701
2833
2934
2967
2932
2858
2759
2634
2497
2382
2318
2296
2276
2221
2122
1995
1871
1786
1743
1725
1720
1712
1682
1604
1490
1398
1358
1330
1252
1094
874
620
356
107
-111
-311
-505
-706
-910
-1115
-1330
-1563
-1820
-2094
-2371
-2616
-2813
-2976
-3118
-3222
-3258
-3230
-3168
-3081
-2963
-2832
-2729
-2664
-2619
-2584
-2552
-2495
-2369
-2183
-1985
-1826
-1731
-1693
-1676
-1624
-1498
-1307
-1090
-870
-628
-357
-86
132
285
429
615
853
1110
1368
1621
1860
2066
2216
2310
2360
2401
2443
2489
2519
2527
2525
2527
2538
2539
2532
2507
2481
2478
2514
2580
2632
2642
2611
2563
2510
2444
2351
2206
2022
1837
1699
1612
1539
1460
1365
1265
1140
962
706
379
33
-274
-502
-691
-915
-1220
-1575
-1920
-2230
-2512
-2770
-2978
-3102
-3153
-3180
-3226
-3290
-3353
-3410
-3450
-3457
-3418
-3361
-3316
-3285
-3258
-3221
-3174
-3102
-3001
-2869
-2690
-2461
-2210
-1972
-1739
-1489
-1241
-1052
-932
-821
-650
-411
-152
91
305
493
656
797
940
1113
1338
1611
1907
2202
2475
2714
2912
3072
3200
3299
3388
3489
3599
3682
3700
3672
3638
3607
3552
3457
3342
3236
3127
2986
2793
2578
2380
2223
2087
1932
1727
1465
1163
866
599
359
112
-155
-438
-720
-983
-1218
-1436
-1665
-1916
-2174
-2405
-2588
-2723
-2844
-2991
-3177
-3372
-3535
-3659
-3744
-3779
-3772
-3740
-3704
-3630
-3486
-3263
-2986
-2693
-2429
-2235
-2099
-1987
-1884
-1791
-1710
-1623
-1519
-1393
-1242
-1090
-963
-865
-757
-602
-378
-93
201
454
654
829
1000
1172
1345
1538
1742
1928
2076
2183
2253
2294
2343
2439
2600
2807
3028
3232
3397
3527
3625
3691
3701
3640
3521
3380
3249
3142
3052
2962
2832
2646
2426
2207
2025
1876
1737
1571
1361
1138
950
789
607
354
27
-327
-655
-930
-1175
-1428
-1709
-1991
-2246
-2444
-2574
-2644
-2680
-2713
-2754
-2795
-2826
-2841
-2854
-2895
-2968
-3032
-3037
-2977
-2898
-2813
-2722
-2618
-2514
-2417
-2316
-2191
-2045
-1902
-1771
-1641
-1494
-1350
-1249
-1197
-1144
-1026
-841
-652
-526
-465
-424
-361
-259
-112
80
318
597
899
1199
1456
1640
1762
1881
2042
2240
2433
2594
2734
2864
2969
3031
3029
2978
2908
2843
2792
2756
2720
2657
2566
2463
2352
2222
2065
1892
1720
1567
1429
1282
1092
891
728
609
488
316
94
-175
-463
-732
-945
-1111
-1277
-1465
-1653
-1829
-2013
-2229
-2461
-2648
-2750
-2767
-2748
-2732
-2717
-2672
-2597
-2527
-2484
-2444
-2388
-2328
-2287
-2257
-2200
-2072
-1880
-1664
-1480
-1362
-1303
-1277
-1246
-1180
-1065
-918
-756
-584
-398
-211
-62
28
63
70
101
196
375
597
837
1068
1270
1415
1520
1652
1849
2091
2319
2499
2619
2689
2715
2717
2715
2724
2742
2765
2789
2814
2825
2795
2717
2623
2553
2513
2482
2423
2307
2130
1929
1746
1579
1366
1076
743
449
236
70
-106
-322
-536
-716
-868
-1021
-1176
-1323
-1454
-1555
-1612
-1649
-1719
-1866
-2060
-2231
-2336
-2371
-2374
-2379
-2411
-2471
-2527
-2527
-2444
-2313
-2174
-2059
-1976
-1932
-1894
-1827
-1714
-1579
-1454
-1378
-1373
-1408
-1414
-1338
-1220
-1109
-1017
-900
-744
-565
-376
-157
75
261
357
396
461
591
759
904
995
1053
1106
1166
1221
1274
1331
1421
1550
1692
1783
1809
1803
1808
1844
1901
1963
1994
1974
1900
1807
1718
1647
1573
1470
1330
1178
1055
982
924
825
665
473
299
153
43
-38
-89
-143
-227
-340
-456
-549
-633
-718
-816
-909
-996
-1065
-1106
-1123
-1141
-1174
-1205
-1210
-1178
-1119
-1051
-1014
-1034
-1105
-1179
-1216
-1210
-1175
-1132
-1101
-1115
-1179
-1239
-1238
-1179
-1108
-1034
-935
-816
-716
-669
-642
-582
-467
-337
-261
-234
-178
-32
183
381
493
528
545
600
696
812
938
1057
1170
1272
1381
1485
1560
1603
1632
1664
1707
1774
1872
1975
2039
2030
1969
1884
1794
1689
1577
1489
1422
1333
1175
948
697
465
291
174
103
55
14
-27
-83
-154
-231
-288
-339
-409
-504
-602
-696
-807
-952
-1113
-1255
-1363
-1433
-1489
-1549
-1617
-1672
-1694
-1669
-1598
-1512
-1465
-1483
-1538
-1587
-1617
-1651
-1682
-1699
-1686
-1654
-1602
-1526
-1433
-1344
-1254
-1149
-1020
-878
-746
-631
-536
-432
-301
-165
-59
-5
42
140
294
450
533
535
507
512
593
743
934
1120
1279
1413
1530
1637
1719
1780
1829
1874
1888
1867
1809
1715
1573
1398
1257
1211
1274
1398
1512
1559
1508
1380
1224
1095
996
900
782
660
573
516
446
329
184
65
-4
-33
-63
-116
-187
-259
-329
-412
-497
-575
-639
-706
-776
-850
-933
-1039
-1160
-1275
-1373
-1445
-1479
-1478
-1480
-1526
-1613
-1685
-1690
-1628
-1538
-1454
-1387
-1328
-1254
-1133
-974
-836
-786
-830
-906
-939
-888
-766
-617
-494
-425
-394
-341
-220
-46
120
239
312
372
442
511
552
558
555
585
671
799
950
1104
1255
1385
1490
1581
1671
1761
1833
1876
1877
1836
1759
1679
1612
1540
1432
1298
1170
1073
998
932
842
708
527
328
160
50
-23
-99
-203
-322
-429
-509
-577
-646
-713
-769
-824
-870
-877
-797
-651
-522
-486
-537
-609
-656
-690
-729
-768
-803
-858
-965
-1109
-1244
-1338
-1384
-1381
-1342
-1286
-1240
-1192
-1125
-1040
-960
-898
-852
-810
-747
-656
-548
-436
-329
-234
-153
-59
75
239
393
523
649
789
925
1015
1048
1050
1061
1088
1100
1053
959
875
843
849
846
817
785
779
815
889
979
1040
1054
1040
1035
1037
1001
901
755
602
463
334
202
64
-75
-197
-275
-295
-271
-221
-168
-139
-160
-230
-318
-395
-451
-497
-542
-592
-651
-713
-764
-781
-773
-782
-846
-948
-1035
-1063
-1047
-1015
-983
-958
-949
-972
-1015
-1037
-990
-884
-792
-780
-819
-848
-846
-848
-865
-849
-768
-640
-518
-422
-334
-220
-69
99
249
360
430
467
464
433
391
378
421
517
647
791
961
1158
1355
1506
1592
1646
1699
1737
1702
1556
1345
1162
1072
1043
1005
941
900
909
947
983
1012
1025
1007
949
866
794
740
704
669
622
558
471
357
191
-5
-193
-315
-365
-374
-377
-402
-468
-562
-645
-697
-733
-771
-802
-823
-863
-933
-1002
-1033
-1029
-1023
-1011
-969
-895
-823
-784
-770
-768
-782
-811
-845
-860
-867
-890
-938
-977
-969
-911
-858
-850
-864
-817
-684
-523
-399
-315
-230
-148
-100
-89
-85
-70
-42
5
80
152
171
115
11
-72
-90
-51
10
77
176
314
446
514
510
488
493
524
558
579
594
606
606
596
576
545
504
472
468
473
450
377
286
209
162
126
102
120
190
275
318
297
209
80
-62
-174
-230
-225
-184
-139
-111
-91
-55
0
43
44
0
-66
-148
-225
-278
-285
-268
-262
-277
-286
-261
-201
-119
-27
84
213
342
434
470
458
411
344
265
199
183
223
297
352
359
335
325
349
393
444
521
639
761
827
820
786
789
848
918
940
888
786
652
498
331
196
128
144
223
314
333
252
103
-50
-166
-223
-211
-160
-132
-174
-275
-398
-523
-644
-749
-803
-772
-654
-484
-333
-265
-319
-468
-633
-751
-815
-867
-927
-982
-1022
-1051
-1066
-1064
-1055
-1071
-1110
-1139
-1102
-981
-806
-639
-533
-483
-460
-437
-409
-369
-317
-271
-264
-304
-363
-425
-484
-523
-480
-325
-106
75
158
160
147
156
172
147
64
-35
-66
21
185
335
395
374
338
340
388
454
517
575
639
703
751
760
729
675
641
653
693
724
724
688
614
517
429
361
288
199
131
126
188
276
348
384
386
369
350
354
398
463
484
435
341
249
170
108
93
135
215
295
357
403
420
385
298
202
150
154
179
196
197
189
170
127
34
-107
-263
-394
-497
-582
-642
-662
-637
-598
-551
-516
-494
-475
-438
-373
-321
-326
-402
-512
-597
-624
-605
-570
-522
-442
-326
-198
-92
-34
-30
-65
-88
-56
12
53
24
-46
-94
-85
-21
69
160
245
336
448
559
622
591
490
392
365
394
414
373
275
167
65
-36
-139
-215
-226
-171
-97
-57
-59
-73
-72
-57
-38
-19
-5
0
-11
-32
-55
-84
-128
-191
-255
-289
-282
-238
-161
-65
9
17
-57
-184
-331
-462
-546
-562
-502
-377
-218
-82
-10
-13
-70
-144
-184
-168
-121
-99
-110
-131
-154
-175
-182
-139
-42
97
251
374
403
318
162
17
-64
-66
-3
103
228
351
465
554
603
599
559
507
469
442
408
353
285
218
153
90
40
43
107
187
224
207
182
187
214
227
212
186
179
201
234
265
267
228
144
39
-56
-118
-151
-189
-231
-259
-252
-229
-221
-247
-300
-362
-426
-485
-528
-559
-593
-650
-718
-758
-734
-633
-483
-331
-215
-156
-150
-197
-273
-350
-402
-419
-390
-315
-234
-215
-280
-381
-463
-493
-457
-347
-187
-23
97
181
252
322
377
416
473
571
685
743
703
568
398
262
195
199
235
265
249
202
169
180
231
287
341
400
472
536
566
560
550
565
592
609
609
609
623
641
639
607
545
476
415
354
267
154
52
-6
-22
-26
-45
-83
-141
-216
-290
-340
-353
-334
-293
-232
-188
-200
-278
-369
-427
-453
-477
-513
-543
-548
-523
-490
-495
-545
-597
-598
-535
-439
-346
-285
-260
-276
-316
-341
-314
-235
-142
-75
-38
-23
-32
-78
-175
-300
-400
-420
-360
-275
-229
-245
-301
-340
-299
-185
-60
-2
-12
-26
30
162
305
385
379
327
278
255
238
199
137
79
50
36
10
-44
-110
-160
-172
-152
-141
-161
-201
-235
-235
-174
-43
126
264
341
368
382
385
361
311
259
229
203
143
53
-23
-46
-31
-28
-44
-48
-12
45
99
154
228
312
386
447
508
574
625
643
633
626
644
655
609
488
342
236
207
249
308
333
296
211
100
-22
-116
-163
-175
-193
-225
-227
-161
-37
78
114
64
-1
-3
62
155
233
263
226
134
36
-28
-48
-30
12
54
67
56
45
37
9
-57
-156
-263
-346
-385
-376
-338
-278
-197
-105
-39
-32
-76
-127
-149
-160
-208
-313
-433
-505
-504
-449
-382
-314
-244
-181
-164
-222
-341
-478
-584
-619
-582
-523
-514
-580
-690
-796
-871
-922
-951
-949
-887
-747
-570
-432
-379
-388
-412
-423
-412
-377
-321
-270
-253
-283
-349
-417
-454
-437
-365
-233
-58
145
347
531
659
709
699
660
620
575
530
473
422
382
351
322
301
314
380
500
653
808
923
973
962
939
938
948
941
914
884
868
869
881
886
868
838
825
840
867
869
833
771
707
644
565
473
386
329
296
265
222
165
93
13
-48
-75
-67
-49
-35
-22
-5
27
60
87
90
51
-26
-122
-223
-343
-489
-649
-780
-866
-894
-867
-798
-713
-623
-531
-457
-425
-443
-491
-553
-610
-650
-654
-631
-602
-580
-575
-581
-583
-567
-547
-537
-536
-529
-500
-460
-439
-464
-526
-573
-554
-481
-412
-399
-440
-502
-531
-512
-460
-413
-387
-362
-310
-223
-138
-87
-78
-81
-74
-54
-32
-36
-72
-121
-139
-103
-33
30
56
58
70
102
148
208
291
382
443
448
412
376
374
401
434
456
456
429
387
367
394
450
489
501
506
522
543
563
589
612
621
597
545
475
415
394
413
432
403
333
259
214
201
213
240
270
300
321
313
232
79
-86
-169
-139
-37
74
152
183
162
122
108
146
214
264
257
217
192
220
277
316
320
314
342
398
427
371
222
34
-126
-225
-267
-268
-250
-216
-157
-71
14
56
43
-5
-56
-98
-142
-218
-332
-449
-514
-502
-458
-455
-544
-673
-738
-681
-551
-451
-436
-474
-494
-457
-380
-318
-319
-385
-481
-572
-658
-751
-852
-935
-969
-930
-828
-716
-649
-631
-606
-546
-476
-440
-450
-489
-533
-546
-521
-476
-455
-472
-484
-442
-342
-229
-136
-63
1
60
116
190
282
366
425
464
509
560
602
617
621
637
681
737
789
849
942
1074
1203
1280
1279
1205
1074
917
771
672
629
598
540
454
398
404
460
506
514
502
495
517
578
661
711
702
674
679
713
725
684
610
553
538
534
493
405
301
192
90
22
13
29
10
-51
-112
-135
-133
-140
-185
-267
-356
-442
-532
-634
-732
-810
-857
-866
-824
-738
-636
-572
-581
-659
-764
-854
-912
-944
-968
-987
-988
-972
-970
-995
-1017
-1000
-955
-908
-855
-783
-709
-665
-647
-626
-592
-579
-607
-674
-749
-809
-852
-879
-878
-832
-740
-621
-492
-344
-172
3
138
219
269
338
444
579
699
771
772
712
623
532
461
417
396
375
338
297
284
314
373
437
480
500
523
571
639
697
727
721
700
698
739
791
793
722
637
613
663
722
708
616
505
430
387
343
297
266
270
316
376
404
368
294
243
250
317
424
535
608
623
607
591
577
531
448
370
343
370
401
391
343
284
225
136
6
-125
-197
-186
-131
-69
-32
-20
-14
-7
-10
-53
-140
-244
-341
-411
-462
-500
-525
-520
-484
-449
-443
-477
-556
-668
-765
-806
-788
-751
-734
-729
-695
-612
-515
-450
-433
-441
-458
-480
-500
-508
-491
-478
-500
-564
-623
-630
-613
-623
-672
-732
-752
-718
-646
-573
-520
-484
-470
-474
-477
-449
-385
-307
-243
-207
-177
-131
-87
-79
-115
-181
-282
-419
-536
-582
-571
-565
-587
-599
-553
-432
-279
-150
-76
-58
-59
-12
130
337
535
662
721
737
735
736
738
727
703
694
721
760
774
738
675
624
610
618
616
587
536
503
528
609
701
762
788
820
927
1123
1329
1444
1448
1412
1389
1367
1284
1116
911
759
695
663
573
403
209
89
78
136
180
191
197
220
246
268
301
357
404
395
327
234
153
80
-2
-94
-171
-209
-212
-204
-220
-266
-324
-387
-451
-509
-562
-622
-690
-739
-767
-796
-834
-869
-894
-924
-946
-952
-950
-958
-970
-944
-882
-833
-848
-912
-964
-975
-954
-927
-909
-909
-919
-900
-815
-664
-488
-332
-224
-176
-179
-211
-245
-274
-303
-319
-295
-241
-196
-198
-232
-279
-334
-390
-445
-503
-561
-581
-530
-418
-295
-186
-88
16
131
239
302
305
266
226
220
272
364
446
474
459
459
526
655
771
811
793
781
796
799
744
636
508
408
360
360
368
355
326
311
345
426
524
610
662
669
642
613
617
660
730
786
792
756
702
635
538
397
223
39
-99
-171
-213
-282
-375
-424
-391
-296
-194
-126
-84
-43
-8
-11
-56
-106
-104
-26
110
224
242
178
117
124
183
231
219
155
95
75
78
78
75
81
100
135
170
160
72
-77
-218
-287
-258
-172
-94
-53
-38
-27
-2
32
46
7
-62
-127
-179
-249
-326
-429
-741
-1419
-2134
-2029
-750
800
1193
120
-1192
-1383
-446
469
520
35
-220
-145
-214
-515
-517
48
644
512
-381
-1337
-1675
-1417
-1091
-1164
-1687
-2330
-2566
-1982
-789
193
336
-76
-238
233
936
1320
1335
1407
1727
1938
1682
1237
1253
1854
2403
2160
1076
-158
-747
-551
-218
-511
-1472
-2404
-2582
-1964
-1145
-717
-677
-521
60
789
1148
1092
1074
1470
2073
2347
2064
1577
1390
1549
1634
1302
698
233
101
91
-134
-673
-1262
-1546
-1412
-1069
-824
-777
-797
-694
-428
-117
80
155
250
478
711
687
372
101
229
660
936
741
252
-107
-124
51
129
2
-236
-472
-696
-877
-906
-750
-593
-645
-837
-855
-563
-209
-88
-148
-105
97
230
116
-100
-133
49
143
-93
-506
-732
-654
-491
-488
-666
-839
-841
-673
-477
-366
-328
-281
-160
51
281
404
375
284
207
149
90
72
132
232
298
272
216
241
374
530
638
712
716
586
386
317
432
547
499
350
251
245
252
224
206
256
359
434
443
403
350
295
273
338
440
425
209
-40
-36
308
746
917
726
423
301
404
557
619
590
546
546
585
594
525
413
350
334
240
-31
-384
-592
-577
-508
-631
-955
-1220
-1192
-942
-772
-815
-862
-670
-336
-188
-330
-537
-614
-628
-736
-938
-1114
-1166
-1070
-845
-589
-430
-440
-542
-551
-392
-219
-256
-490
-658
-589
-450
-514
-770
-932
-808
-544
-414
-483
-573
-518
-333
-124
45
140
160
159
213
317
396
427
477
604
750
800
704
543
444
439
450
385
246
118
91
173
298
386
406
378
331
319
352
380
338
225
94
-19
-95
-121
-66
53
144
108
-49
-169
-113
107
335
440
389
265
174
170
210
227
213
188
169
158
168
195
243
317
424
529
579
552
485
438
420
386
302
216
214
331
496
604
603
556
545
576
572
506
452
489
583
646
653
665
690
647
504
360
323
364
354
222
2
-212
-325
-318
-238
-158
-85
-11
42
28
-23
-41
20
125
191
167
63
-56
-120
-123
-133
-248
-488
-774
-988
-1061
-996
-874
-829
-945
-1155
-1318
-1367
-1333
-1223
-1026
-805
-710
-816
-1003
-1056
-906
-738
-754
-934
-1025
-858
-522
-262
-216
-342
-484
-514
-426
-335
-368
-510
-618
-587
-494
-478
-534
-506
-297
-37
47
-130
-359
-383
-192
-75
-293
-748
-1071
-988
-590
-220
-127
-256
-350
-237
4
167
179
162
279
528
749
832
839
923
1108
1243
1167
903
684
726
988
1169
1019
627
344
400
672
852
786
613
558
663
769
750
689
770
1003
1184
1130
900
725
770
949
1049
952
770
717
860
1050
1079
918
720
646
686
681
490
154
-137
-226
-135
-40
-62
-142
-106
88
264
226
47
11
232
478
398
-13
-417
-492
-286
-107
-151
-345
-481
-486
-458
-500
-576
-598
-594
-634
-720
-770
-755
-706
-664
-672
-767
-938
-1076
-1064
-887
-680
-592
-654
-752
-770
-695
-588
-510
-471
-452
-428
-413
-432
-470
-489
-488
-531
-633
-701
-621
-390
-139
8
37
13
-21
-75
-145
-191
-186
-153
-151
-213
-284
-255
-109
33
45
-60
-136
-93
33
139
167
160
170
182
138
73
101
246
376
338
139
-75
-172
-145
-85
-53
-27
43
174
331
449
471
405
328
310
338
338
292
248
263
322
366
363
337
333
386
499
620
679
664
642
686
766
800
749
680
697
807
884
802
580
362
265
292
374
427
429
406
386
377
387
432
466
415
258
77
-11
12
36
-27
-122
-125
-20
93
162
228
311
337
244
73
-61
-99
-109
-184
-346
-534
-703
-823
-856
-789
-681
-633
-691
-814
-925
-997
-1057
-1125
-1166
-1153
-1130
-1137
-1126
-1028
-825
-588
-403
-325
-319
-328
-343
-396
-479
-540
-558
-555
-557
-569
-592
-601
-572
-517
-471
-447
-419
-342
-219
-117
-107
-158
-176
-131
-66
-24
0
3
-4
4
42
101
172
254
333
386
419
477
620
853
1079
1165
1083
937
839
827
870
906
882
821
800
847
939
1034
1126
1170
1115
981
856
819
856
886
832
673
472
316
268
333
453
549
555
471
357
272
211
147
101
123
209
267
222
115
80
189
336
356
188
-70
-291
-441
-579
-768
-982
-1114
-1088
-935
-755
-653
-670
-771
-854
-846
-785
-767
-818
-868
-830
-693
-536
-443
-424
-429
-406
-362
-337
-375
-440
-452
-388
-360
-463
-646
-791
-847
-836
-780
-702
-609
-518
-461
-472
-527
-514
-377
-159
42
166
234
307
417
511
531
490
442
402
354
274
129
-58
-183
-118
122
390
506
406
196
43
28
66
37
-83
-198
-207
-119
-47
-76
-168
-212
-158
-37
64
77
-3
-98
-128
-114
-99
-64
31
161
256
301
347
450
612
760
810
754
655
586
565
568
576
614
709
811
824
704
521
381
353
413
444
354
209
176
321
516
563
401
179
120
283
503
592
526
430
405
453
513
554
592
639
665
632
519
336
122
-48
-141
-187
-228
-252
-231
-186
-176
-207
-204
-109
34
88
-4
-163
-252
-204
-91
-19
-41
-89
-96
-78
-104
-192
-301
-371
-360
-292
-239
-277
-421
-634
-846
-988
-1066
-1148
-1265
-1342
-1301
-1191
-1133
-1174
-1247
-1257
-1194
-1133
-1125
-1145
-1160
-1178
-1164
-1032
-757
-457
-288
-300
-423
-523
-534
-503
-517
-595
