193
222
220
173
109
71
70
82
105
132
152
142
114
104
115
126
121
117
131
163
203
239
243
197
129
109
169
259
292
258
185
103
2
-106
-180
-212
-199
-150
-67
-1
-20
-138
-294
-386
-391
-352
-337
-355
-359
-321
-256
-220
-211
-182
-93
39
153
219
247
278
335
400
424
382
282
173
83
26
10
36
103
188
264
307
314
292
241
158
68
7
-6
30
85
128
139
124
112
101
80
39
16
32
55
24
-85
-213
-288
-282
-222
-147
-60
23
73
66
33
30
75
128
143
114
52
-24
-89
-103
-67
-28
-19
-27
-20
-4
12
25
40
61
99
134
120
45
-45
-109
-146
-177
-197
-193
-172
-150
-142
-125
-75
41
184
288
290
211
131
87
59
20
-25
-70
-118
-151
-151
-123
-91
-74
-61
-44
-10
24
46
51
34
-13
-84
-134
-138
-127
-142
-177
-202
-212
-222
-229
-219
-183
-114
-32
27
31
12
19
65
95
63
-37
-154
-233
-247
-210
-147
-75
-1
63
91
68
8
-42
-38
17
91
129
85
-36
-159
-185
-94
34
112
117
93
86
113
146
160
160
179
226
284
329
330
267
156
50
-28
-104
-181
-221
-209
-182
-189
-229
-264
-269
-230
-145
-30
62
90
56
-8
-65
-104
-118
-108
-83
-56
-41
-39
-38
-8
60
127
157
148
124
99
84
86
123
190
272
348
392
383
309
203
129
136
198
255
273
264
250
250
267
286
275
221
141
76
38
17
-7
-40
-63
-45
26
109
142
109
41
-22
-73
-106
-119
-121
-131
-134
-95
-14
60
78
38
-36
-117
-186
-213
-189
-142
-123
-162
-239
-304
-321
-299
-263
-235
-216
-197
-169
-147
-156
-188
-207
-165
-81
-3
19
-6
-43
-70
-74
-57
-30
-23
-40
-59
-50
-22
15
64
117
163
164
132
77
27
-12
-37
-43
-49
-53
-52
-42
-51
-80
-92
-72
-38
-25
-44
-74
-87
-76
-52
-38
-48
-56
-40
5
46
63
64
73
86
83
59
35
37
59
82
90
82
59
5
-65
-105
-78
-10
25
-7
-88
-181
-264
-316
-328
-305
-274
-266
-267
-255
-220
-205
-215
-207
-143
-44
22
50
77
126
174
191
174
129
70
31
33
60
70
52
41
42
36
12
6
53
130
184
186
146
93
52
43
68
112
159
204
253
311
363
402
436
472
487
459
403
357
335
312
274
220
171
147
150
161
131
57
-33
-82
-69
-13
33
37
15
5
33
74
98
87
59
41
59
100
123
92
15
-60
-104
-120
-125
-126
-133
-168
-233
-289
-289
-229
-148
-91
-72
-81
-94
-79
-29
41
87
113
144
179
192
148
62
-32
-89
-75
-7
49
38
-41
-137
-220
-276
-323
-369
-404
-404
-359
-286
-219
-174
-150
-150
-173
-213
-261
-302
-329
-332
-331
-345
-380
-416
-440
-453
-445
-411
-348
-277
-212
-179
-178
-178
-161
-137
-141
-160
-169
-165
-146
-109
-59
-34
-45
-57
-32
2
-7
-62
-113
-121
-91
-56
-23
15
91
204
304
344
328
317
328
353
368
381
396
410
416
427
455
504
545
561
569
597
628
602
499
373
298
290
307
301
273
254
276
325
364
370
346
321
317
352
413
447
419
335
236
149
79
35
21
40
67
67
27
-26
-51
-58
-70
-105
-162
-233
-299
-330
-309
-244
-160
-112
-134
-209
-271
-299
-313
-317
-275
-184
-105
-88
-125
-160
-175
-190
-227
-262
-262
-220
-174
-165
-184
-190
-145
-72
-23
-29
-65
-96
-116
-130
-139
-135
-119
-114
-135
-155
-144
-122
-126
-135
-97
-15
43
41
10
-33
-94
-173
-247
-298
-337
-375
-423
-470
-479
-424
-334
-255
-206
-159
-113
-73
-51
-43
-35
-5
47
81
66
11
-46
-81
-76
-14
89
174
190
168
159
187
217
204
142
55
-10
-23
9
40
29
-18
-65
-101
-130
-163
-197
-219
-207
-161
-114
-99
-109
-108
-77
-19
28
40
16
-13
-37
-67
-99
-109
-89
-59
-35
-11
16
40
67
119
225
368
492
529
480
428
445
528
596
594
535
467
428
401
361
310
285
309
358
377
337
257
186
161
158
152
139
140
146
132
90
17
-78
-183
-259
-285
-279
-263
-231
-160
-61
16
24
-41
-142
-206
-201
-147
-107
-106
-107
-85
-55
-32
3
62
96
64
-13
-69
-71
-42
-22
-27
-57
-89
-119
-153
-199
-234
-234
-199
-142
-76
0
79
138
162
139
71
-2
-28
6
42
22
-47
-110
-122
-74
-5
14
-51
-159
-226
-222
-183
-138
-91
-44
-20
-34
-67
-86
-67
-12
55
98
89
34
-20
-20
37
104
147
172
195
196
155
108
98
110
91
18
-73
-140
-140
-62
46
110
93
42
12
-1
-42
-123
-198
-227
-215
-200
-196
-201
-203
-209
-221
-243
-262
-274
-272
-247
-191
-94
18
104
141
156
174
171
105
-21
-140
-208
-213
-184
-127
-66
-13
10
9
2
-8
-31
-97
-188
-244
-229
-174
-130
-101
-58
-12
-1
-36
-61
-37
9
27
0
-29
-12
55
126
145
110
69
63
76
77
58
53
77
112
132
131
132
184
298
420
477
455
412
392
382
362
351
370
390
364
271
132
-5
-92
-114
-94
-50
20
131
236
285
267
228
207
200
188
164
139
116
95
79
60
13
-84
-199
-272
-278
-249
-225
-205
-172
-137
-117
-124
-135
-131
-105
-74
-56
-51
-52
-53
-47
-9
82
204
294
292
203
90
14
-12
-10
4
21
45
65
65
28
-40
-94
-94
-52
-19
-50
-137
-241
-327
-392
-450
-509
-549
-522
-411
-274
-194
-191
-213
-202
-159
-132
-148
-206
-270
-321
-350
-370
-399
-428
-425
-383
-335
-309
-302
-273
-211
-114
2
117
214
281
326
349
357
364
381
394
388
360
320
284
268
277
288
271
238
220
216
191
99
-45
-176
-230
-195
-107
-16
31
27
-5
-32
-72
-144
-224
-244
-181
-90
-48
-73
-120
-125
-68
2
41
35
35
67
113
124
83
36
36
82
120
97
19
-53
-68
-44
-48
-112
-186
-183
-73
109
271
346
314
232
163
135
134
137
153
180
191
150
75
16
-7
-17
-31
-32
3
73
159
237
294
318
300
264
225
197
173
156
156
167
179
186
212
262
323
368
401
429
452
444
393
306
209
131
106
128
155
150
115
95
97
105
78
12
-74
-132
-149
-157
-203
-287
-366
-410
-422
-438
-482
-533
-549
-524
-494
-496
-523
-562
-601
-620
-598
-553
-511
-471
-403
-307
-212
-138
-76
-11
40
55
46
51
80
110
128
145
162
151
105
55
38
56
106
184
292
394
442
398
287
157
56
-13
-67
-109
-149
-186
-223
-244
-246
-245
-253
-279
-307
-329
-326
-298
-260
-232
-205
-170
-141
-143
-160
-151
-119
-103
-112
-124
-113
-88
-67
-71
-109
-149
-134
-45
69
140
148
117
96
107
156
234
339
453
534
545
483
390
306
268
271
285
291
282
271
271
275
271
246
218
191
174
149
103
42
-15
-53
-87
-134
-188
-235
-248
-223
-169
-123
-102
-112
-135
-155
-172
-181
-203
-242
-284
-285
-233
-152
-85
-33
28
109
194
251
266
256
259
298
355
399
415
413
395
354
303
264
259
272
268
218
145
76
37
27
28
23
7
-2
14
45
70
65
42
30
47
82
107
102
64
-12
-118
-221
-276
-271
-242
-206
-169
-120
-77
-42
-22
-13
-20
-43
-69
-81
-78
-97
-151
-208
-221
-179
-115
-55
-18
-33
-98
-172
-212
-219
-217
-193
-138
-96
-123
-215
-305
-352
-369
-396
-425
-422
-366
-277
-197
-166
-185
-223
-245
-247
-243
-235
-217
-193
-175
-168
-165
-142
-94
-49
-52
-101
-147
-146
-98
-47
-16
-5
5
12
17
11
9
31
103
209
309
368
387
384
369
352
342
320
262
172
95
83
143
221
251
231
219
261
327
373
379
362
333
275
190
113
84
95
109
114
127
149
141
87
8
-61
-115
-163
-199
-210
-184
-128
-65
-19
-8
-23
-58
-82
-75
-34
-3
-23
-82
-121
-105
-65
-26
14
69
119
137
121
110
137
198
261
294
311
325
340
347
353
362
354
328
304
289
264
221
187
183
197
200
189
170
143
97
34
-36
-100
-157
-194
-214
-230
-254
-296
-343
-356
-316
-247
-190
-160
-133
-79
-12
21
-22
-128
-231
-291
-335
-407
-538
-729
-963
-1180
-1279
-1205
-1011
-800
-641
-529
-443
-355
-248
-102
84
266
388
438
489
622
808
917
858
712
644
721
817
725
355
-174
-604
-715
-486
-109
168
228
131
21
14
131
344
597
838
1033
1163
1240
1264
1215
1038
731
389
152
82
79
-17
-302
-730
-1188
-1560
-1771
-1777
-1562
-1195
-825
-610
-612
-746
-822
-662
-239
298
717
869
755
461
115
-143
-184
21
347
560
475
89
-414
-795
-915
-784
-523
-253
-56
64
147
233
374
619
968
1333
1576
1614
1495
1353
1314
1350
1276
866
38
-1034
-2002
-2558
-2653
-2547
-2605
-2995
-3559
-3941
-3861
-3298
-2445
-1554
-804
-240
194
613
1108
1704
2357
2964
3382
3475
3203
2659
2044
1546
1198
862
376
-255
-821
-1057
-833
-212
588
1326
1841
2127
2332
2711
3447
4477
5384
5508
4297
1862
-778
-2275
-2117
-1236
-1284
-3107
-5892
-7849
-7794
-6126
-4293
-3412
-3456
-3594
-3023
-1489
787
3315
5545
6980
7396
7059
6634
6652
6904
6521
4803
1991
-906
-2982
-4139
-4984
-6173
-7787
-9322
-10166
-10078
-9225
-7883
-6255
-4493
-2740
-1091
492
2201
4202
6339
8053
8811
8646
8179
8047
8323
8483
7896
6394
4441
2752
1691
1051
383
-517
-1407
-1972
-2373
-3280
-4973
-6549
-6550
-4691
-2582
-2247
-3925
-5693
-5428
-3029
-416
523
-299
-1487
-1783
-1032
210
1465
2498
3054
2823
1931
1156
1337
2375
3088
2301
95
-2214
-3306
-3009
-2306
-2334
-3411
-4860
-5693
-5466
-4491
-3362
-2399
-1611
-933
-344
244
1022
2104
3351
4340
4741
4663
4620
5009
5759
6511
6963
6944
6361
5321
4069
2634
783
-1417
-3255
-4023
-3968
-4196
-5467
-7191
-7912
-6885
-4989
-3754
-3656
-3768
-2958
-1071
1213
3185
4619
5624
6312
6678
6798
6854
6816
6173
4359
1558
-1184
-2859
-3499
-4112
-5596
-7748
-9384
-9544
-8449
-7175
-6383
-5688
-4348
-2290
-149
1628
3259
5103
6901
7961
8014
7686
7805
8392
8606
7766
6182
4805
4172
3914
3283
1996
510
-561
-1284
-2468
-4537
-6648
-7357
-6374
-5074
-5011
-6147
-6886
-5941
-3758
-1928
-1310
-1333
-984
31
1342
2609
3738
4633
5111
5100
4810
4563
4415
3980
2795
948
-838
-1932
-2469
-3144
-4401
-5908
-6901
-6939
-6316
-5628
-5103
-4453
-3406
-2070
-676
770
2337
3796
4680
4768
4432
4386
5028
5935
6229
5497
4279
3476
3435
3743
3832
3423
2616
1576
280
-1490
-3556
-5048
-5172
-4400
-4273
-5707
-7746
-8387
-6743
-4082
-2550
-2858
-3716
-3383
-1456
1105
3119
4144
4470
4671
5076
5656
6154
6235
5552
3960
1847
13
-1012
-1554
-2447
-4157
-6148
-7352
-7196
-6243
-5560
-5544
-5498
-4533
-2618
-578
897
1911
3008
4396
5745
6622
6917
6889
6795
6688
6504
6256
5930
5404
4630
3845
3264
2796
2177
1215
-331
-2554
-4841
-6012
-5585
-4611
-4669
-6089
-7440
-7072
-4963
-2770
-1890
-2075
-2070
-1167
396
2013
3251
3950
4241
4407
4643
4973
5209
4983
3938
2227
560
-413
-796
-1283
-2417
-4021
-5361
-5826
-5505
-5045
-4917
-4906
-4387
-3056
-1255
393
1578
2413
3142
3849
4480
4976
5336
5519
5410
4958
4352
3886
3706
3734
3802
3726
3299
2491
1457
208
-1499
-3505
-4934
-5031
-4362
-4385
-5769
-7378
-7456
-5672
-3576
-2752
-3045
-3040
-1863
26
1714
2769
3381
3860
4331
4666
4794
4757
4506
3697
2087
62
-1570
-2404
-2899
-3827
-5391
-6929
-7582
-7179
-6442
-6138
-6134
-5492
-3615
-1090
882
1827
2461
3747
5673
7268
7676
7058
6350
6234
6503
6399
5497
4083
2863
2317
2285
2131
1407
229
-1143
-2760
-4552
-5818
-5780
-4798
-4289
-5172
-6582
-6659
-4743
-2236
-1000
-1242
-1617
-924
814
2839
4426
5231
5321
5110
5074
5348
5575
5176
3852
1904
62
-1127
-1767
-2472
-3683
-5221
-6380
-6613
-6025
-5308
-5034
-5056
-4622
-3234
-1240
587
1934
3118
4357
5396
5912
6015
6093
6322
6433
6059
5221
4374
3878
3633
3356
2957
2495
1944
1183
-12
-1837
-3998
-5532
-5633
-4781
-4473
-5593
-7270
-7688
-6114
-3787
-2464
-2444
-2540
-1676
101
2113
3795
4885
5332
5296
5083
4965
4957
4720
3785
2018
-127
-1926
-2999
-3574
-4182
-5140
-6187
-6732
-6487
-5858
-5472
-5337
-4691
-2958
-610
1197
1911
2170
2995
4620
6314
7166
6929
6148
5539
5328
5192
4752
3957
3093
2483
2175
1806
1031
-72
-1245
-2621
-4441
-6226
-6896
-6140
-5095
-5185
-6396
-7129
-6048
-3702
-1896
-1497
-1649
-988
758
2804
4215
4682
4576
4553
4930
5437
5533
4869
3527
1883
391
-724
-1535
-2296
-3187
-4266
-5406
-6320
-6687
-6431
-5802
-5153
-4512
-3574
-2095
-233
1605
3148
4380
5406
6259
6837
7039
6972
6874
6775
6401
5513
4231
3033
2382
2342
2383
1838
526
-1212
-3059
-4829
-6070
-6239
-5490
-4930
-5513
-6840
-7306
-5871
-3352
-1577
-1288
-1537
-1059
399
2260
3919
5039
5471
5316
4951
4764
4822
4752
4075
2653
840
-833
-2045
-2791
-3261
-3728
-4394
-5205
-5890
-6179
-6054
-5622
-4867
-3652
-2091
-615
486
1419
2613
4096
5391
5985
5897
5676
5765
5961
5709
4887
3980
3521
3509
3541
3189
2379
1352
302
-1025
-2864
-4728
-5626
-5245
-4562
-4800
-6036
-6965
-6448
-4813
-3424
-2916
-2636
-1743
-254
1306
2656
3819
4787
5434
5679
5578
5326
5014
4530
3617
2221
528
-1115
-2426
-3305
-3984
-4845
-5985
-6989
-7320
-6982
-6451
-5962
-5113
-3518
-1450
383
1701
2901
4413
6047
7182
7490
7315
7185
7170
6875
6040
4879
3823
3133
2738
2307
1504
288
-1186
-2897
-4808
-6351
-6742
-5973
-5196
-5505
-6637
-7072
-5777
-3480
-1860
-1542
-1591
-918
511
2059
3299
4135
4545
4549
4378
4287
4330
4231
3663
2515
994
-534
-1756
-2549
-3008
-3387
-4002
-4914
-5791
-6128
-5786
-5104
-4464
-3811
-2839
-1465
45
1432
2732
4102
5442
6390
6698
6609
6600
6785
6769
6161
5079
4022
3394
3196
3040
2472
1333
-194
-1940
-3804
-5385
-6047
-5682
-5179
-5549
-6756
-7570
-6952
-5222
-3689
-3046
-2717
-1852
-350
1309
2842
4168
5169
5676
5765
5669
5549
5273
4600
3435
2003
591
-732
-2011
-3161
-3966
-4494
-5029
-5708
-6263
-6433
-6214
-5680
-4681
-3141
-1390
56
1084
2085
3454
5091
6443
7053
7010
6841
6849
6788
6230
5156
4018
3306
3081
2888
2174
941
-355
-1545
-3044
-4917
-6307
-6311
-5360
-4911
-5738
-6885
-6762
-5124
-3364
-2733
-2828
-2415
-1048
655
2092
3185
4038
4605
4890
5038
5185
5231
4928
4111
2870
1480
183
-902
-1763
-2447
-3171
-4103
-5068
-5653
-5749
-5682
-5600
-5109
-3801
-2017
-565
244
948
2201
3924
5356
5900
5750
5651
6000
6418
6235
5281
4058
3225
3000
2950
2423
1252
-43
-1025
-2065
-3749
-5661
-6530
-5841
-4778
-4905
-6226
-7083
-6200
-4242
-2902
-2783
-2934
-2295
-809
958
2547
3650
4057
3909
3775
4133
4862
5309
4927
3739
2257
991
112
-518
-1178
-2072
-3223
-4347
-5103
-5456
-5701
-5930
-5734
-4725
-3193
-1870
-1029
-204
1174
3020
4635
5412
5452
5430
5822
6417
6661
6342
5694
5067
4600
4210
3674
2814
1790
859
-127
-1755
-4025
-5816
-5898
-4672
-4010
-5132
-6951
-7269
-5442
-3099
-2087
-2348
-2477
-1523
236
2128
3642
4476
4556
4311
4361
4866
5316
5085
4051
2549
1020
-257
-1122
-1651
-2203
-3207
-4586
-5740
-6121
-5901
-5628
-5455
-4962
-3877
-2538
-1404
-470
683
2227
3821
4905
5301
5365
5595
6022
6244
5941
5240
4509
3996
3656
3228
2453
1363
300
-615
-1799
-3636
-5506
-6159
-5259
-4196
-4559
-6148
-7031
-5924
-3762
-2482
-2646
-3084
-2606
-1119
769
2494
3517
3554
3025
2964
3924
5293
5907
5277
3903
2574
1711
1309
1122
655
-550
-2382
-4012
-4748
-4828
-5057
-5614
-5757
-4895
-3494
-2474
-1976
-1241
316
2330
3913
4584
4651
4812
5421
6203
6620
6453
5889
5225
4635
4104
3480
2569
1427
269
-925
-2556
-4673
-6387
-6591
-5490
-4739
-5596
-7284
-7746
-6141
-3758
-2423
-2434
-2671
-2092
-602
1252
2818
3599
3606
3439
3825
4814
5721
5802
4961
3649
2416
1598
1227
903
-14
-1731
-3581
-4584
-4561
-4346
-4736
-5416
-5366
-4158
-2532
-1443
-965
-335
954
2548
3696
4162
4379
4778
5259
5407
5130
4730
4495
4355
4070
3439
2460
1314
380
-160
-711
-2036
-4148
-5847
-5929
-4774
-4126
-4999
-6461
-6698
-5228
-3308
-2410
-2594
-2777
-2029
-381
1401
2479
2557
2217
2438
3653
5171
5931
5543
4603
3856
3566
3513
3320
2618
1221
-556
-2060
-2867
-3279
-3908
-4876
-5549
-5356
-4524
-3774
-3287
-2558
-1237
273
1353
1953
2515
3315
4145
4722
5039
5267
5408
5321
4974
4524
4037
3411
2535
1560
654
-410
-2097
-4226
-5693
-5622
-4655
-4428
-5624
-7061
-6996
-5190
-3139
-2366
-2780
-3027
-2066
-156
1610
2365
2169
1867
2303
3533
4755
5081
4334
3140
2275
2062
2188
2013
1075
-477
-1953
-2683
-2645
-2477
-2785
-3458
-3871
-3669
-3047
-2299
-1416
-406
477
980
1266
1701
2348
2900
3134
3173
3222
3295
3290
3193
3051
2871
2614
2286
1941
1695
1482
852
-649
-2576
-3626
-3135
-2163
-2419
-4130
-5645
-5249
-3214
-1521
-1616
-2809
-3281
-2225
-552
445
433
90
232
1123
2393
3393
3689
3314
2732
2421
2531
2653
2224
1044
-434
-1508
-1803
-1602
-1548
-1977
-2585
-2782
-2420
-1859
-1446
-1107
-630
-10
590
1147
1702
2161
2362
2360
2437
2744
3092
3145
2843
2431
2188
2097
1956
1630
1258
932
351
-936
-2601
-3484
-2946
-1989
-2274
-3983
-5364
-4656
-2323
-571
-840
-2159
-2626
-1617
-194
501
332
-81
-118
435
1392
2267
2645
2499
2251
2269
2543
2659
2308
1519
629
-38
-374
-520
-751
-1202
-1752
-2106
-2121
-1835
-1411
-963
-640
-428
-122
474
1191
1634
1712
1794
2266
2966
3348
3111
2583
2294
2365
2423
2131
1571
1108
803
191
-1182
-2855
-3646
-3076
-2261
-2736
-4434
-5565
-4727
-2733
-1564
-1967
-2710
-2456
-1348
-447
-210
-218
-12
439
991
1566
2005
2135
2042
2101
2448
2722
2433
1563
540
-251
-754
-1065
-1251
-1442
-1823
-2383
-2758
-2588
-1929
-1208
-797
-721
-699
-378
345
1216
1817
2022
2066
2239
2526
2683
2558
2270
2039
1888
1692
1378
1077
896
689
54
-1196
-2515
-3027
-2619
-2345
-3116
-4377
-4620
-3321
-1697
-1224
-1913
-2467
-2011
-920
-56
250
206
165
449
1245
2300
3032
3112
2872
2879
3218
3463
3211
2543
1764
1019
309
-208
-365
-394
-806
-1665
-2349
-2274
-1633
-1129
-1079
-1119
-764
-37
702
1186
1485
1754
2079
2420
2680
2739
2546
2261
2120
2183
2208
1950
1454
987
621
37
-980
-1985
-2330
-2132
-2318
-3270
-4154
-3873
-2560
-1455
-1441
-2112
-2388
-1811
-848
-208
-100
-251
-265
85
793
1561
2022
2065
1997
2169
2492
2535
2062
1355
734
153
-595
-1381
-1862
-2056
-2338
-2856
-3198
-2961
-2302
-1767
-1570
-1417
-959
-226
519
1108
1532
1847
2082
2270
2390
2380
2195
1949
1833
1889
1886
1589
1089
618
168
-529
-1380
-1884
-1837
-1849
-2597
-3742
-4168
-3305
-1942
-1287
-1621
-2073
-1765
-727
289
670
432
82
162
828
1711
2211
2102
1761
1794
2288
2723
2540
1792
973
393
-55
-570
-1100
-1564
-2016
-2493
-2752
-2528
-1992
-1647
-1688
-1736
-1324
-453
518
1255
1654
1816
1961
2241
2546
2642
2499
2397
2573
2872
2864
2338
1634
1261
1213
901
-34
-1079
-1498
-1357
-1529
-2422
-3360
-3361
-2403
-1475
-1400
-1956
-2193
-1564
-405
452
518
-14
-413
-66
1003
2096
2494
2173
1840
2162
2981
3484
3059
1961
905
317
-13
-444
-1105
-1897
-2693
-3320
-3559
-3366
-2994
-2728
-2506
-2062
-1315
-500
196
800
1395
1907
2228
2374
2458
2547
2587
2574
2553
2523
2325
1914
1450
1033
417
-578
-1555
-1916
-1773
-2016
-3080
-4247
-4399
-3484
-2534
-2403
-2778
-2750
-1923
-710
203
468
195
-86
171
1106
2165
2641
2353
1867
1826
2251
2601
2358
1617
861
444
213
-169
-830
-1612
-2331
-2890
-3185
-3134
-2814
-2490
-2297
-2072
-1553
-747
108
814
1354
1771
2068
2253
2365
2404
2325
2214
2287
2622
2873
2666
2101
1616
1241
575
-412
-1099
-1103
-1050
-1813
-3198
-3997
-3483
-2361
-1869
-2264
-2660
-2215
-1046
69
507
257
-150
-64
723
1749
2321
2256
2025
2122
2493
2730
2636
2316
1861
1205
384
-311
-690
-1014
-1744
-2874
-3764
-3829
-3257
-2789
-2831
-2995
-2659
-1675
-452
569
1252
1707
2084
2456
2818
3072
3104
2937
2834
3008
3279
3179
2608
1942
1476
932
77
-753
-1072
-1099
-1554
-2545
-3312
-3171
-2536
-2289
-2640
-2849
-2366
-1431
-640
-230
-114
-144
-73
382
1220
1956
2185
2024
1946
2091
2221
2148
1967
1708
1187
351
-500
-978
-1139
-1414
-2136
-3069
-3660
-3639
-3269
-2934
-2704
-2391
-1845
-1092
-220
640
1367
1861
2145
2338
2573
2795
2847
2753
2776
3070
3340
3197
2547
1662
828
227
-106
-329
-773
-1641
-2664
-3271
-3171
-2767
-2672
-2956
-3045
-2559
-1741
-1072
-695
-461
-262
-42
291
822
1415
1858
2112
2315
2458
2383
2139
2031
2127
1996
1267
188
-600
-894
-1147
-1843
-2816
-3429
-3387
-3046
-2902
-2981
-2913
-2436
-1602
-648
181
786
1267
1801
2401
2886
3076
2953
2759
2790
3099
3346
3187
2613
1820
921
52
-531
-737
-883
-1400
-2239
-2935
-3066
-2847
-2799
-3083
-3225
-2814
-2077
-1482
-1156
-864
-540
-263
-33
318
830
1385
1848
2219
2449
2406
2118
1871
1895
1912
1479
594
-162
-418
-519
-1088
-2125
-2910
-2906
-2434
-2205
-2407
-2551
-2162
-1300
-344
440
1054
1597
2137
2649
3056
3266
3289
3284
3411
3629
3667
3407
2975
2487
1805
912
145
-214
-405
-939
-1855
-2665
-2903
-2758
-2749
-3090
-3358
-3143
-2580
-2078
-1749
-1373
-900
-469
-170
164
639
1201
1689
2041
2223
2185
1966
1789
1857
1982
1731
913
-53
-642
-855
-1246
-2119
-3048
-3393
-3138
-2888
-3004
-3157
-2815
-1965
-1038
-371
147
795
1617
2341
2710
2767
2756
2881
3134
3358
3367
3138
2847
2584
2158
1342
391
-191
-323
-568
-1339
-2300
-2758
-2580
-2392
-2709
-3277
-3394
-2904
-2270
-1913
-1729
-1466
-1108
-783
-526
-279
22
481
1149
1825
2054
1665
1116
1083
1613
1967
1485
387
-458
-639
-673
-1245
-2221
-2837
-2734
-2370
-2310
-2484
-2381
-1734
-804
-22
460
857
1393
1995
2385
2447
2356
2360
2575
2886
3091
3041
2853
2733
2646
2248
1356
426
93
373
508
-71
-1058
-1701
-1741
-1634
-1820
-2215
-2386
-2173
-1768
-1437
-1251
-1162
-1076
-879
-575
-314
-211
-50
440
1102
1357
998
589
803
1480
1741
1112
129
-360
-316
-448
-1146
-1916
-2119
-1833
-1662
-1873
-2125
-1992
-1467
-897
-530
-287
71
614
1138
1411
1465
1595
2029
2648
3079
3105
2904
2853
3108
3354
3045
2008
867
469
846
1083
460
-671
-1413
-1421
-1204
-1401
-2032
-2498
-2367
-1870
-1542
-1585
-1758
-1777
-1569
-1278
-1088
-987
-688
-37
603
691
273
141
832
1837
2004
997
-287
-743
-382
-184
-793
-1839
-2441
-2281
-1751
-1459
-1549
-1704
-1530
-996
-435
-135
-38
160
600
1100
1342
1321
1344
1703
2305
2739
2711
2350
2145
2422
2872
2791
1956
1050
896
1400
1648
1003
-109
-735
-497
-89
-367
-1261
-1904
-1865
-1626
-1802
-2364
-2832
-2891
-2606
-2269
-2053
-1865
-1457
-804
-163
224
449
806
1320
1686
1570
1035
445
107
18
-71
-430
-1083
-1718
-1944
-1712
-1412
-1414
-1609
-1555
-1064
-460
-217
-414
-646
-483
96
726
1063
1113
1163
1446
1896
2221
2244
2105
2152
2491
2778
2531
1839
1430
1751
2251
1989
978
219
430
1120
1264
542
-436
-994
-1144
-1356
-1931
-2733
-3410
-3603
-3208
-2562
-2203
-2242
-2129
-1339
-74
897
1173
1079
1124
1326
1344
1061
709
490
328
88
-215
-460
-601
-703
-863
-1073
-1255
-1308
-1244
-1154
-1154
-1262
-1288
-1037
-550
-149
-25
-17
192
670
1207
1570
1710
1777
1992
2489
3170
3713
3780
3365
2963
3116
3710
3930
3239
2138
1574
1731
1761
899
-596
-1784
-2254
-2534
-3217
-4149
-4708
-4663
-4286
-3896
-3533
-3059
-2314
-1331
-443
-74
-237
-404
-87
562
887
538
-123
-432
-180
213
203
-315
-900
-1078
-832
-658
-987
-1614
-1891
-1453
-812
-813
-1670
-2579
-2620
-1719
-713
-345
-599
-865
-643
90
985
1671
2066
2398
2929
3651
4386
4915
5104
4889
4561
4539
4873
4976
4322
3128
2101
1611
1239
422
-823
-1882
-2443
-2841
-3469
-4198
-4640
-4675
-4387
-3904
-3403
-3123
-2985
-2599
-1746
-805
-309
-289
-226
257
917
1256
1116
807
645
647
619
399
-36
-583
-1045
-1265
-1292
-1408
-1808
-2303
-2508
-2316
-2066
-2077
-2266
-2243
-1781
-1036
-306
283
854
1526
2288
3029
3707
4319
4852
5300
5729
6206
6549
6438
5784
5007
4586
4436
3978
2879
1577
713
390
45
-786
-1944
-2864
-3260
-3414
-3758
-4431
-5121
-5448
-5260
-4774
-4339
-4077
-3766
-3079
-2065
-1150
-721
-609
-336
256
760
758
377
66
42
73
-154
-686
-1291
-1690
-1841
-1930
-2167
-2539
-2819
-2846
-2666
-2453
-2219
-1834
-1236
-577
-59
311
703
1257
1954
2669
3257
3713
4164
4757
5430
5922
6019
5801
5633
5740
5879
5528
4575
3640
3375
3616
3462
2422
1043
249
165
-46
-1096
-2724
-4005
-4473
-4520
-4819
-5509
-6120
-6152
-5569
-4783
-4199
-3863
-3477
-2812
-1987
-1360
-1137
-1155
-1087
-806
-529
-533
-838
-1171
-1269
-1170
-1145
-1411
-1865
-2155
-2025
-1563
-1118
-924
-898
-759
-407
-8
256
462
814
1292
1712
1956
2146
2430
2811
3140
3317
3393
3510
3755
4047
4237
4228
4125
4144
4436
4820
4885
4429
3759
3454
3627
3746
3178
1988
876
428
423
87
-1061
-2620
-3679
-3899
-3853
-4372
-5458
-6363
-6443
-5874
-5378
-5435
-5753
-5580
-4646
-3476
-2827
-2755
-2721
-2281
-1565
-1023
-841
-770
-377
345
956
1052
835
831
1218
1656
1747
1579
1509
1752
2115
2334
2267
1994
1712
1613
1723
1809
1664
1340
1145
1269
1588
1802
1795
1811
2146
2745
3177
3201
3086
3292
3874
4392
4426
3998
3528
3384
3534
3577
3157
2341
1572
1150
900
355
-689
-1968
-3060
-3861
-4635
-5594
-6623
-7361
-7637
-7598
-7545
-7577
-7479
-6957
-5979
-4868
-3973
-3341
-2695
-1819
-826
-33
427
789
1365
2131
2712
2833
2689
2691
2926
3079
2909
2569
2351
2330
2324
2175
1854
1464
1155
1007
925
719
382
96
31
125
222
254
297
456
770
1177
1555
1837
2070
2397
2871
3381
3729
3907
4093
4365
4483
4209
3697
3290
3028
2557
1728
815
130
-502
-1558
-3126
-4687
-5612
-5921
-6138
-6662
-7323
-7703
-7577
-7045
-6429
-5966
-5592
-4933
-3818
-2512
-1440
-699
-62
645
1395
2049
2547
2959
3405
3904
4286
4393
4254
4078
3986
3893
3598
3009
2281
1656
1233
832
252
-495
-1129
-1412
-1396
-1408
-1714
-2184
-2426
-2176
-1649
-1234
-1078
-901
-378
446
1229
1748
2139
2672
3418
4233
4915
5330
5455
5362
5172
4971
4805
4589
4133
3305
2291
1404
710
-71
-1178
-2510
-3770
-4747
-5463
-6050
-6587
-7040
-7351
-7483
-7371
-6958
-6297
-5499
-4593
-3556
-2489
-1505
-559
455
1443
2180
2650
3078
3625
4148
4373
4209
3881
3662
3545
3225
2502
1565
816
417
104
-485
-1382
-2199
-2605
-2683
-2852
-3339
-3912
-4168
-3952
-3484
-3029
-2657
-2231
-1643
-913
-114
731
1654
2619
3498
4189
4772
5429
6236
7007
7483
7594
7455
7208
6873
6496
6041
5377
4351
3026
1706
567
-441
-1582
-2911
-4262
-5336
-6026
-6523
-7014
-7521
-7805
-7722
-7282
-6650
-5951
-5165
-4272
-3292
-2335
-1437
-582
203
855
1364
1848
2332
2714
2851
2745
2546
2359
2131
1668
898
-18
-796
-1290
-1630
-2066
-2722
-3444
-3952
-4094
-4000
-3960
-4114
-4286
-4124
-3514
-2739
-2143
-1751
-1208
-244
1020
2163
2935
3533
4371
5554
6719
7437
7661
7728
7931
8276
8498
8326
7757
7094
6617
6234
5640
4726
3678
2677
1718
727
-339
-1468
-2665
-3904
-5094
-6082
-6787
-7309
-7780
-8163
-8276
-8048
-7570
-6967
-6291
-5533
-4679
-3717
-2755
-1930
-1290
-729
-155
381
806
1094
1272
1321
1280
1239
1198
1014
579
10
-482
-784
-987
-1225
-1566
-1901
-2054
-1965
-1755
-1616
-1576
-1509
-1264
-876
-495
-190
154
688
1393
2133
2790
3362
3881
4423
5065
5813
6515
7012
7295
7495
7684
7782
7675
7339
6873
6415
5981
5405
4564
3591
2761
2060
1173
-114
-1571
-2801
-3699
-4536
-5617
-6852
-7871
-8373
-8495
-8593
-8839
-9079
-9025
-8555
-7715
-6696
-5704
-4832
-3970
-2918
-1701
-566
240
761
1213
1727
2234
2569
2676
2638
2589
2529
2334
1926
1410
981
689
377
-83
-581
-908
-1061
-1238
-1505
-1669
-1567
-1320
-1133
-992
-714
-240
303
787
1248
1796
2458
3113
3649
4109
4644
5279
5893
6371
6720
6959
7059
7021
6870
6570
6048
5356
4666
4072
3427
2540
1417
341
-485
-1197
-2111
-3285
-4352
-4989
-5273
-5595
-6174
-6850
-7321
-7455
-7391
-7291
-7188
-6950
-6442
-5638
-4653
-3679
-2824
-2033
-1177
-272
488
965
1225
1421
1589
1667
1666
1655
1650
1549
1276
911
624
464
282
-62
-480
-761
-835
-840
-903
-1037
-1170
-1193
-1065
-874
-779
-787
-733
-477
-56
370
757
1190
1794
2524
3209
3748
4232
4792
5379
5833
6068
6164
6216
6237
6204
6111
5943
5674
5308
4917
4557
4210
3801
3232
2485
1686
982
343
-416
-1368
-2351
-3175
-3859
-4569
-5368
-6103
-6615
-6920
-7157
-7338
-7355
-7165
-6840
-6433
-5911
-5324
-4754
-4177
-3469
-2650
-1918
-1395
-1003
-588
-141
242
496
639
721
748
690
543
348
146
-73
-342
-623
-870
-1065
-1230
-1325
-1319
-1257
-1183
-1053
-787
-443
-113
213
662
1251
1854
2368
2838
3382
4033
4709
5290
5732
6089
6423
6727
6938
7001
6931
6781
6609
6386
6056
5668
5311
4995
4608
4116
3557
2918
2090
1056
-23
-1007
-1913
-2863
-3856
-4795
-5589
-6259
-6877
-7487
-8073
-8523
-8785
-8872
-8839
-8667
-8330
-7866
-7292
-6575
-5681
-4700
-3785
-3017
-2347
-1653
-901
-194
311
626
967
1496
2125
2559
2661
2557
2499
2568
2637
2544
2301
2069
1999
2090
2193
2140
1924
1743
1786
1994
2118
2057
1963
2020
2198
2351
2434
2548
2773
3109
3492
3869
4198
4480
4754
5081
5488
5911
6242
6367
6278
6016
5657
5246
4798
4267
3580
2759
1944
1252
563
-373
-1576
-2747
-3593
-4218
-4957
-5939
-6933
-7635
-8013
-8270
-8611
-9011
-9266
-9222
-8913
-8507
-8099
-7651
-7042
-6182
-5069
-3816
-2621
-1592
-668
310
1411
2490
3314
3797
4119
4530
5041
5401
5380
5030
4614
4326
4134
3860
3352
2654
1977
1508
1190
796
229
-319
-595
-606
-587
-712
-901
-953
-762
-399
-21
296
631
1077
1606
2118
2573
3018
3477
3954
4454
4927
5258
5391
5412
5397
5277
4912
4292
3562
2885
2307
1779
1203
552
-179
-983
-1855
-2719
-3493
-4206
-4940
-5690
-6290
-6652
-6873
-7134
-7462
-7709
-7716
-7478
-7126
-6778
-6412
-5896
-5160
-4233
-3209
-2126
-1020
89
1140
2076
2855
3478
4007
4464
4787
4889
4790
4621
4456
4221
3811
3220
2548
1892
1288
718
171
-327
-749
-1095
-1369
-1545
-1623
-1655
-1669
-1616
-1454
-1213
-941
-638
-269
230
909
1713
2480
3058
3480
3877
4321
4764
5141
5428
5614
5704
5730
5688
5486
5034
4389
3740
3176
2593
1831
910
10
-743
-1399
-2114
-2943
-3794
-4530
-5098
-5541
-5936
-6323
-6675
-6881
-6834
-6560
-6219
-5941
-5704
-5371
-4851
-4198
-3544
-2968
-2417
-1767
-958
-86
666
1198
1575
1945
2353
2696
2856
2821
2685
2556
2476
2415
2293
2061
1729
1360
1021
736
484
235
-21
-253
-421
-492
-483
-445
-391
-292
-123
80
286
502
760
1082
1463
1885
2299
2660
2952
3184
3357
3489
3622
3755
3830
3771
3578
3303
2972
2583
2137
1654
1165
661
142
-368
-828
-1232
-1624
-2027
-2446
-2873
-3321
-3755
-4111
-4360
-4574
-4817
-5060
-5213
-5231
-5152
-5041
-4918
-4756
-4499
-4112
-3641
-3173
-2765
-2351
-1833
-1182
-478
209
858
1446
1925
2292
2623
2989
3344
3572
3617
3544
3464
3412
3345
3162
2822
2367
1930
1591
1299
935
516
160
-70
-238
-420
-600
-724
-760
-709
-591
-454
-335
-231
-85
162
499
850
1136
1365
1606
1892
2175
2379
2493
2556
2638
2725
2736
2589
2314
2008
1726
1403
953
396
-139
-556
-906
-1293
-1719
-2085
-2324
-2476
-2622
-2792
-2948
-3030
-3044
-3036
-3050
-3072
-3040
-2892
-2638
-2361
-2156
-2016
-1825
-1504
-1096
-726
-432
-110
378
1027
1659
2090
2304
2437
2593
2743
2788
2693
2499
2244
1939
1595
1274
1022
809
540
160
-272
-639
-869
-1022
-1208
-1471
-1723
-1849
-1841
-1771
-1700
-1608
-1448
-1185
-863
-553
-309
-94
157
456
755
1034
1314
1599
1826
1952
2031
2139
2255
2285
2189
2021
1858
1720
1594
1439
1221
941
649
395
155
-133
-486
-837
-1091
-1216
-1298
-1462
-1740
-2037
-2228
-2304
-2327
-2363
-2410
-2421
-2345
-2184
-2029
-1952
-1906
-1775
-1535
-1276
-1086
-937
-748
-475
-120
292
684
969
1136
1275
1456
1628
1706
1660
1537
1386
1251
1143
1025
834
529
148
-232
-559
-853
-1129
-1361
-1492
-1507
-1450
-1353
-1231
-1102
-999
-883
-666
-301
132
478
680
813
1023
1338
1671
1911
2029
2075
2127
2255
2447
2626
2714
2716
2687
2653
2559
2326
1955
1536
1172
870
579
255
-97
-433
-723
-949
-1139
-1338
-1568
-1778
-1888
-1894
-1877
-1915
-2016
-2121
-2167
-2087
-1891
-1679
-1550
-1482
-1351
-1097
-781
-506
-292
-109
99
363
681
969
1111
1068
932
854
894
969
931
722
441
245
188
186
98
-136
-446
-690
-793
-813
-877
-1024
-1166
-1179
-1053
-886
-779
-735
-709
-669
-599
-467
-243
36
297
501
678
893
1156
1403
1556
1610
1644
1727
1850
1934
1917
1809
1675
1576
1516
1453
1330
1113
806
479
225
77
-31
-203
-475
-745
-870
-829
-782
-922
-1238
-1534
-1647
-1631
-1647
-1758
-1874
-1860
-1712
-1565
-1577
-1730
-1858
-1821
-1658
-1508
-1418
-1277
-936
-403
136
489
646
748
903
1088
1235
1285
1226
1073
919
832
791
699
525
321
136
-34
-209
-409
-644
-878
-1022
-1021
-944
-880
-857
-831
-781
-703
-585
-414
-205
16
236
464
713
984
1270
1547
1774
1907
1941
1922
1903
1889
1859
1803
1754
1724
1701
1650
1543
1363
1111
837
599
434
309
159
-56
-303
-518
-710
-952
-1278
-1600
-1792
-1823
-1762
-1699
-1652
-1609
-1557
-1473
-1315
-1082
-845
-676
-553
-398
-180
64
289
509
769
1084
1383
1543
1515
1388
1319
1352
1360
1214
931
642
436
265
33
-299
-672
-1003
-1236
-1400
-1571
-1804
-2045
-2204
-2253
-2250
-2234
-2180
-2046
-1851
-1640
-1448
-1258
-1036
-766
-453
-114
235
568
883
1198
1521
1785
1907
1890
1848
1896
2038
2184
2227
2129
1926
1704
1505
1310
1090
844
600
377
190
53
-50
-165
-307
-426
-452
-408
-380
-424
-471
-420
-270
-105
1
62
129
225
322
376
367
326
301
300
285
252
245
310
405
442
372
241
112
-9
-153
-335
-545
-765
-976
-1163
-1325
-1492
-1696
-1929
-2148
-2300
-2392
-2438
-2431
-2349
-2211
-2087
-2014
-1973
-1922
-1825
-1644
-1375
-1077
-839
-665
-477
-211
103
377
591
781
999
1234
1468
1700
1925
2104
2215
2301
2418
2537
2568
2469
2310
2200
2177
2177
2106
1946
1761
1619
1521
1414
1273
1122
1009
970
991
1001
903
679
432
293
282
296
232
85
-84
-231
-357
-471
-564
-654
-774
-922
-1046
-1092
-1082
-1087
-1137
-1188
-1206
-1187
-1154
-1126
-1126
-1164
-1210
-1227
-1213
-1207
-1234
-1301
-1389
-1479
-1550
-1611
-1682
-1773
-1877
-1973
-2028
-2024
-1974
-1922
-1897
-1879
-1809
-1643
-1399
-1144
-932
-728
-459
-97
302
667
959
1186
1414
1721
2095
2430
2644
2766
2882
3021
3138
3175
3111
2988
2880
2829
2785
2679
2496
2280
2073
1890
1726
1562
1391
1238
1117
1009
878
719
552
383
221
87
-7
-124
-346
-689
-1053
-1311
-1444
-1533
-1679
-1876
-2036
-2079
-1998
-1847
-1708
-1641
-1650
-1670
-1615
-1476
-1339
-1308
-1399
-1551
-1671
-1702
-1665
-1651
-1748
-1932
-2088
-2144
-2147
-2187
-2274
-2344
-2338
-2269
-2187
-2119
-2052
-1929
-1698
-1347
-926
-507
-109
284
696
1111
1504
1855
2151
2408
2652
2911
3164
3354
3456
3521
3608
3720
3806
3824
3769
3637
3449
3253
3092
2955
2784
2566
2368
2273
2260
2217
2044
1752
1448
1203
994
744
446
156
-69
-257
-480
-778
-1118
-1444
-1745
-2045
-2363
-2665
-2884
-2987
-3006
-3031
-3114
-3229
-3296
-3249
-3106
-2952
-2844
-2764
-2652
-2495
-2354
-2297
-2334
-2394
-2389
-2279
-2096
-1911
-1782
-1722
-1707
-1678
-1588
-1434
-1263
-1107
-956
-766
-507
-193
134
421
659
900
1210
1586
1951
2232
2434
2598
2757
2931
3150
3412
3646
3799
3893
3987
4081
4131
4100
3992
3862
3744
3619
3439
3188
2896
2599
2331
2109
1903
1640
1290
909
588
346
110
-216
-630
-1023
-1310
-1527
-1764
-2053
-2365
-2653
-2878
-3022
-3112
-3212
-3347
-3471
-3544
-3549
-3503
-3438
-3386
-3352
-3287
-3129
-2872
-2593
-2376
-2233
-2129
-2042
-1967
-1867
-1704
-1504
-1331
-1206
-1074
-879
-635
-404
-227
-74
109
349
599
792
904
972
1057
1173
1296
1392
1462
1533
1636
1771
1894
1964
1974
1989
2068
2226
2406
2520
2538
2504
2486
2490
2471
2401
2289
2169
2053
1938
1833
1723
1581
1405
1230
1075
919
738
540
343
141
-62
-247
-396
-537
-706
-902
-1092
-1248
-1370
-1489
-1625
-1790
-1959
-2090
-2156
-2166
-2160
-2150
-2130
-2091
-2035
-1949
-1825
-1686
-1557
-1446
-1315
-1123
-870
-603
-389
-251
-160
-66
55
175
254
280
288
290
277
227
156
85
6
-95
-195
-246
-234
-191
-165
-168
-152
-70
73
213
307
368
431
516
601
673
731
806
920
1061
1197
1305
1364
1349
1268
1172
1121
1107
1088
1042
988
944
899
861
852
869
867
811
724
661
662
701
715
659
561
463
374
264
122
-16
-105
-153
-219
-333
-447
-489
-460
-431
-458
-543
-654
-763
-866
-965
-1047
-1080
-1058
-1022
-1028
-1077
-1117
-1092
-1008
-914
-867
-880
-914
-920
-870
-793
-740
-752
-810
-872
-908
-929
-975
-1065
-1180
-1276
-1321
-1342
-1379
-1420
-1403
-1294
-1131
-971
-828
-676
-488
-283
-91
66
199
340
526
767
1005
1175
1268
1349
1463
1590
1699
1796
1895
1983
2040
2069
2078
2071
2051
2012
1944
1840
1715
1582
1445
1299
1144
994
860
757
682
627
583
537
495
447
386
305
226
180
169
169
158
131
69
-48
-219
-410
-578
-718
-841
-942
-1001
-1029
-1074
-1152
-1219
-1242
-1238
-1252
-1300
-1364
-1427
-1470
-1493
-1516
-1558
-1606
-1632
-1623
-1592
-1555
-1519
-1486
-1448
-1380
-1267
-1111
-938
-781
-653
-537
-402
-254
-108
20
134
238
347
504
708
906
1031
1087
1141
1248
1389
1490
1498
1442
1396
1382
1368
1329
1301
1311
1342
1364
1356
1329
1302
1283
1251
1183
1100
1026
962
870
768
702
689
682
630
541
443
361
287
219
150
81
26
-7
-43
-98
-180
-250
-284
-309
-390
-552
-731
-852
-910
-980
-1128
-1359
-1609
-1810
-1918
-1934
-1906
-1886
-1894
-1913
-1913
-1883
-1832
-1784
-1749
-1707
-1617
-1469
-1296
-1158
-1084
-1065
-1066
-1034
-938
-798
-665
-584
-552
-537
-492
-404
-310
-244
-198
-118
31
235
457
645
776
858
949
1091
1274
1439
1558
1663
1795
1947
2063
2111
2109
2097
2094
2104
2113
2097
2050
1986
1937
1911
1899
1876
1832
1779
1715
1630
1516
1406
1334
1286
1227
1134
1022
909
807
718
638
562
482
407
351
308
244
110
-106
-355
-570
-720
-844
-1000
-1209
-1444
-1659
-1830
-1972
-2128
-2316
-2502
-2634
-2716
-2794
-2880
-2939
-2931
-2873
-2805
-2745
-2677
-2581
-2449
-2305
-2164
-2026
-1866
-1684
-1513
-1381
-1281
-1154
-962
-722
-496
-317
-174
-41
79
190
323
489
664
833
1005
1178
1318
1413
1495
1592
1705
1816
1912
1975
2008
2048
2127
2234
2317
2340
2308
2248
2182
2115
2046
1979
1929
1903
1895
1887
1862
1832
1806
1781
1739
1678
1602
1513
1413
1302
1174
1012
811
589
356
101
-168
-424
-649
-852
-1046
-1240
-1451
-1691
-1935
-2141
-2307
-2476
-2677
-2889
-3077
-3226
-3354
-3447
-3489
-3468
-3398
-3297
-3171
-3032
-2891
-2750
-2599
-2426
-2240
-2061
-1915
-1801
-1702
-1585
-1417
-1190
-940
-724
-542
-348
-109
152
404
629
826
985
1122
1258
1389
1499
1595
1716
1866
2017
2133
2216
2290
2387
2533
2729
2941
3099
3171
3192
3218
3272
3328
3368
3388
3384
3348
3289
3233
3178
3103
2990
2844
2675
2491
2302
2109
1912
1686
1413
1082
731
399
113
-152
-428
-715
-987
-1244
-1520
-1827
-2133
-2386
-2583
-2770
-2996
-3245
-3463
-3614
-3715
-3801
-3892
-3980
-4054
-4101
-4132
-4153
-4145
-4080
-3952
-3793
-3623
-3442
-3239
-3014
-2773
-2518
-2249
-1972
-1703
-1458
-1238
-1020
-787
-521
-222
106
424
702
930
1133
1335
1518
1653
1733
1791
1883
2031
2209
2362
2467
2568
2714
2905
3083
3214
3319
3440
3573
3656
3656
3601
3548
3521
3501
3466
3407
3335
3251
3139
2981
2761
2490
2199
1918
1651
1364
1021
632
258
-54
-303
-543
-816
-1126
-1450
-1752
-2038
-2329
-2630
-2914
-3151
-3339
-3490
-3611
-3708
-3779
-3810
-3802
-3775
-3755
-3737
-3698
-3623
-3515
-3394
-3265
-3105
-2894
-2652
-2424
-2226
-2026
-1801
-1562
-1350
-1184
-1044
-894
-707
-471
-205
62
300
502
679
847
1033
1257
1516
1769
1989
2171
2331
2476
2595
2669
2685
2656
2631
2659
2755
2875
2971
3028
3064
3088
3093
3064
2995
2902
2800
2692
2575
2443
2309
2190
2078
1940
1754
1552
1391
1285
1196
1074
895
681
460
242
22
-206
-439
-684
-958
-1256
-1539
-1768
-1933
-2065
-2198
-2357
-2527
-2681
-2789
-2848
-2877
-2902
-2948
-3010
-3059
-3058
-3008
-2926
-2832
-2737
-2633
-2501
-2338
-2157
-1990
-1835
-1693
-1568
-1464
-1360
-1212
-1019
-822
-653
-510
-380
-248
-127
-24
56
141
271
451
659
844
984
1069
1114
1151
1205
1283
1376
1485
1614
1762
1892
1958
1985
2029
2121
2229
2317
2375
2403
2406
2391
2367
2325
2249
2162
2090
2034
1971
1878
1736
1550
1335
1120
923
756
627
528
434
308
135
-58
-224
-335
-426
-541
-691
-835
-945
-1037
-1127
-1217
-1281
-1316
-1324
-1337
-1384
-1464
-1541
-1584
-1620
-1684
-1771
-1839
-1867
-1875
-1897
-1921
-1919
-1883
-1843
-1821
-1808
-1776
-1702
-1597
-1492
-1410
-1358
-1316
-1251
-1136
-984
-839
-726
-627
-515
-402
-313
-241
-141
12
206
394
520
569
581
620
698
785
846
876
898
956
1074
1226
1357
1442
1508
1580
1669
1754
1821
1856
1864
1859
1850
1838
1831
1823
1810
1772
1708
1615
1519
1448
1411
1378
1316
1205
1062
927
809
702
578
437
299
194
137
114
87
46
17
24
35
0
-98
-220
-310
-347
-364
-432
-576
-762
-923
-1036
-1128
-1231
-1353
-1487
-1613
-1717
-1796
-1871
-1949
-2025
-2086
-2128
-2147
-2151
-2152
-2152
-2132
-2080
-2020
-2003
-2031
-2056
-2023
-1900
-1699
-1460
-1244
-1063
-872
-632
-354
-98
110
286
446
610
770
908
1011
1096
1186
1286
1380
1464
1537
1588
1596
1565
1527
1511
1520
1531
1532
1533
1546
1567
1567
1524
1449
1376
1335
1336
1384
1484
1608
1713
1782
1814
1818
1786
1732
1688
1669
1645
1561
1402
1206
1035
905
780
620
439
261
87
-110
-330
-559
-780
-984
-1170
-1351
-1544
-1747
-1943
-2131
-2323
-2521
-2707
-2847
-2929
-2952
-2941
-2923
-2902
-2859
-2787
-2703
-2617
-2503
-2354
-2186
-2031
-1892
-1757
-1624
-1491
-1337
-1149
-960
-820
-737
-683
-623
-530
-406
-261
-123
-9
74
143
226
339
484
652
841
1045
1267
1495
1707
1871
1990
2102
2247
2425
2611
2780
2922
3033
3112
3167
3197
3194
3165
3137
3132
3124
3058
2913
2713
2508
2314
2136
1964
1797
1620
1425
1234
1073
937
781
592
389
192
-11
-246
-513
-778
-1014
-1234
-1473
-1731
-1951
-2087
-2166
-2241
-2348
-2472
-2583
-2649
-2671
-2667
-2662
-2666
-2670
-2685
-2724
-2785
-2843
-2862
-2818
-2708
-2559
-2429
-2349
-2307
-2269
-2222
-2172
-2120
-2047
-1947
-1814
-1656
-1491
-1329
-1142
-897
-606
-320
-80
133
351
586
815
1020
1219
1437
1686
1955
2221
2451
2616
2726
2822
2923
3005
3052
3094
3161
3231
3277
3296
3319
3354
3376
3365
3321
3253
3154
2991
2761
2507
2294
2143
2021
1875
1669
1404
1106
795
495
221
-33
-296
-579
-862
-1119
-1341
-1537
-1704
-1842
-1975
-2127
-2297
-2454
-2589
-2720
-2873
-3033
-3163
-3228
-3241
-3242
-3271
-3321
-3358
-3371
-3353
-3312
-3255
-3194
-3123
-3033
-2923
-2801
-2681
-2562
-2444
-2324
-2190
-2024
-1816
-1586
-1373
-1181
-963
-655
-261
136
457
707
933
1166
1400
1638
1895
2168
2428
2655
2868
3081
3283
3439
3533
3596
3661
3727
3781
3819
3835
3803
3723
3624
3550
3492
3413
3286
3131
2987
2873
2766
2626
2435
2227
2040
1858
1647
1399
1157
951
775
599
397
155
-137
-455
-752
-1011
-1253
-1515
-1784
-2031
-2213
-2329
-2424
-2568
-2790
-3026
-3188
-3243
-3247
-3276
-3336
-3396
-3435
-3464
-3486
-3490
-3479
-3462
-3432
-3384
-3317
-3222
-3088
-2913
-2730
-2554
-2378
-2190
-2008
-1853
-1689
-1481
-1229
-976
-735
-498
-261
-19
239
535
863
1196
1507
1789
2054
2303
2533
2737
2905
3042
3163
3272
3362
3418
3457
3496
3542
3592
3628
3622
3551
3426
3282
3135
2983
2811
2600
2343
2073
1841
1646
1448
1214
965
746
559
382
187
-26
-233
-415
-572
-722
-882
-1044
-1198
-1339
-1481
-1641
-1813
-1974
-2119
-2255
-2391
-2522
-2650
-2783
-2906
-2978
-2973
-2921
-2882
-2889
-2917
-2914
-2860
-2784
-2725
-2687
-2632
-2536
-2423
-2314
-2193
-2027
-1816
-1594
-1381
-1168
-941
-687
-414
-153
64
233
383
540
722
916
1110
1280
1425
1564
1718
1901
2106
2319
2499
2637
2762
2911
3068
3182
3226
3220
3192
3156
3127
3112
3096
3061
3012
2963
2887
2762
2584
2382
2173
1959
1744
1528
1304
1074
847
629
412
191
-32
-238
-413
-555
-668
-771
-880
-1027
-1222
-1422
-1575
-1661
-1720
-1797
-1903
-2015
-2097
-2153
-2211
-2296
-2393
-2468
-2502
-2484
-2414
-2316
-2237
-2200
-2182
-2147
-2097
-2059
-2036
-1997
-1894
-1728
-1540
-1374
-1235
-1114
-1014
-929
-831
-687
-511
-342
-191
-57
55
127
175
236
338
470
612
754
877
961
1007
1062
1161
1297
1422
1507
1542
1549
1559
1592
1631
1637
1577
1462
1334
1248
1226
1250
1283
1287
1260
1210
1163
1128
1095
1051
995
924
823
693
541
367
177
-7
-151
-254
-339
-425
-509
-577
-617
-623
-606
-597
-611
-631
-625
-588
-550
-541
-562
-597
-628
-651
-657
-628
-581
-561
-607
-704
-793
-842
-869
-905
-954
-993
-980
-893
-745
-599
-523
-538
-592
-626
-601
-529
-437
-340
-244
-161
-103
-71
-52
-26
19
80
136
174
211
282
369
437
475
508
539
548
532
520
531
569
635
730
838
915
942
922
891
862
829
779
737
728
758
799
819
801
747
681
625
589
560
523
489
477
481
471
427
366
314
280
245
200
164
166
209
246
224
123
-21
-138
-173
-122
-55
-46
-125
-252
-365
-433
-451
-434
-411
-437
-543
-699
-831
-903
-937
-987
-1088
-1232
-1381
-1508
-1577
-1562
-1467
-1352
-1286
-1272
-1259
-1205
-1120
-1045
-1000
-982
-964
-921
-853
-793
-759
-727
-654
-537
-404
-271
-123
51
223
355
459
554
635
680
710
782
898
998
1012
964
927
952
1033
1152
1297
1442
1551
1612
1645
1662
1641
1571
1469
1372
1308
1269
1238
1195
1130
1054
991
955
931
898
848
781
682
529
344
173
38
-98
-278
-484
-648
-737
-785
-840
-907
-957
-986
-1006
-1030
-1054
-1074
-1108
-1159
-1227
-1292
-1351
-1410
-1464
-1507
-1539
-1566
-1569
-1531
-1463
-1381
-1289
-1193
-1115
-1068
-1020
-961
-909
-890
-883
-854
-805
-744
-675
-597
-524
-447
-345
-210
-58
80
180
243
313
426
581
733
869
1003
1154
1306
1431
1511
1564
1596
1616
1617
1604
1611
1666
1769
1877
1946
1961
1938
1898
1857
1829
1808
1776
1725
1644
1530
1378
1211
1061
936
813
659
467
260
77
-59
-148
-210
-261
-325
-420
-544
-664
-752
-816
-886
-982
-1097
-1223
-1351
-1455
-1517
-1553
-1600
-1651
-1672
-1659
-1630
-1606
-1583
-1572
-1588
-1631
-1678
-1690
-1645
-1554
-1466
-1409
-1367
-1305
-1205
-1083
-956
-833
-724
-635
-563
-492
-425
-372
-327
-274
-193
-83
66
241
416
552
637
696
771
884
1017
1129
1183
1194
1195
1211
1232
1239
1232
1219
1224
1254
1302
1346
1372
1388
1394
1376
1338
1301
1273
1222
1129
1019
918
829
739
656
578
491
398
321
264
187
51
-126
-286
-384
-449
-536
-658
-788
-911
-1032
-1150
-1235
-1263
-1227
-1142
-1060
-1034
-1060
-1083
-1061
-1019
-998
-1018
-1057
-1093
-1117
-1124
-1096
-1016
-902
-802
-743
-699
-641
-568
-511
-493
-500
-486
-418
-309
-184
-56
66
166
228
275
351
482
642
792
906
985
1038
1068
1091
1122
1177
1246
1315
1360
1365
1338
1307
1300
1315
1316
1274
1197
1126
1085
1056
1011
948
889
859
861
885
893
849
759
649
546
449
350
250
139
13
-141
-303
-441
-544
-628
-701
-764
-807
-846
-883
-932
-1004
-1098
-1190
-1251
-1292
-1335
-1390
-1449
-1497
-1512
-1472
-1383
-1290
-1235
-1212
-1184
-1138
-1079
-1011
-939
-867
-808
-752
-685
-608
-536
-489
-459
-424
-358
-260
-155
-76
-20
49
140
219
250
258
294
364
445
512
561
596
633
704
825
964
1079
1154
1217
1281
1340
1375
1376
1344
1294
1251
1202
1123
1008
891
812
770
733
680
621
563
499
419
323
237
158
69
-37
-130
-195
-248
-312
-383
-455
-536
-616
-674
-699
-709
-738
-784
-824
-839
-839
-847
-861
-884
-911
-938
-946
-931
-896
-864
-843
-822
-779
-696
-590
-478
-368
-256
-154
-93
-85
-111
-131
-114
-64
-5
44
77
88
86
92
121
151
151
129
133
180
258
332
392
439
493
562
619
632
608
602
648
715
746
727
697
683
682
682
690
725
767
806
847
917
1009
1084
1101
1059
985
887
779
673
575
462
315
158
24
-62
-108
-135
-179
-265
-384
-501
-591
-657
-727
-811
-880
-908
-911
-925
-963
-1007
-1035
-1037
-1009
-947
-854
-744
-653
-600
-585
-590
-590
-568
-532
-496
-464
-422
-373
-340
-339
-346
-317
-250
-182
-142
-115
-64
18
86
89
29
-54
-103
-112
-112
-133
-166
-180
-179
-168
-134
-47
82
203
287
349
411
470
520
574
640
704
743
742
710
660
606
541
470
407
385
400
409
382
336
308
310
327
354
379
378
328
226
98
-36
-165
-274
-358
-424
-479
-516
-517
-491
-456
-425
-389
-343
-297
-264
-244
-238
-257
-306
-357
-377
-349
-275
-185
-100
-42
-11
-4
-1
6
16
17
9
-1
6
40
86
98
45
-50
-129
-150
-125
-83
-49
-15
49
152
260
308
295
273
295
362
436
488
506
487
442
395
376
390
426
470
515
548
561
555
522
468
399
341
308
296
281
243
184
129
87
51
5
-41
-65
-56
-22
7
10
-21
-74
-130
-167
-181
-178
-176
-179
-192
-215
-237
-241
-215
-183
-176
-196
-214
-220
-220
-227
-243
-262
-288
-317
-336
-327
-292
-249
-229
-236
-253
-241
-200
-161
-155
-184
-229
-267
-292
-308
-321
-322
-298
-270
-264
-301
-366
-433
-467
-445
-381
-332
-334
-351
-330
-259
-186
-136
-110
-96
-89
-78
-49
-19
-16
-36
-55
-64
-64
-41
14
90
153
190
213
237
277
324
372
393
376
327
272
227
183
135
113
152
232
299
326
328
328
320
300
280
286
340
427
495
498
443
373
313
256
188
113
36
-30
-82
-114
-132
-126
-90
-33
12
19
-3
-34
-60
-100
-168
-240
-276
-243
-164
-100
-87
-120
-152
-164
-168
-184
-208
-220
-195
-149
-116
-140
-218
-301
-328
-286
-220
-173
-138
-86
-17
32
42
38
44
69
92
106
115
131
147
154
156
174
218
282
346
389
427
475
528
560
575
598
617
589
494
374
289
257
248
233
218
224
263
311
353
368
344
294
247
222
194
133
42
-49
-112
-147
-160
-167
-186
-229
-296
-366
-427
-477
-525
-567
-594
-606
-615
-632
-654
-684
-711
-716
-687
-633
-567
-496
-436
-428
-475
-549
-612
-656
-689
-708
-709
-690
-654
-611
-590
-615
-649
-631
-523
-362
-200
-77
3
50
81
123
174
221
254
268
282
311
360
398
407
400
401
417
454
517
579
606
586
552
538
559
608
672
731
762
759
729
688
653
630
623
626
623
597
556
497
239
-394
-1153
-1207
-127
1337
1853
1078
35
-190
431
927
588
-413
-1251
-1439
-1110
-525
254
1031
1276
719
-255
-870
-630
275
960
559
-780
-1789
-1363
230
1553
1429
48
-1356
-1769
-1308
-769
-670
-831
-884
-789
-785
-878
-659
118
878
687
-515
-1581
-1341
40
1276
1310
423
-265
-109
477
744
622
563
809
1035
917
597
585
1113
1714
1640
715
-329
-635
-172
314
214
-360
-867
-996
-875
-783
-731
-522
-106
176
49
-242
-149
523
1300
1583
1224
672
431
568
717
597
299
48
-100
-278
-502
-632
-566
-465
-571
-913
-1223
-1274
-1150
-1088
-1196
-1326
-1324
-1196
-1091
-1093
-1142
-1113
-992
-865
-764
-600
-340
-155
-197
-385
-460
-332
-150
-119
-264
-445
-497
-381
-211
-125
-159
-233
-249
-173
-13
228
530
791
849
690
524
575
813
1009
992
805
621
573
605
545
364
203
181
229
247
268
385
577
698
661
555
589
789
974
984
876
797
783
794
776
690
561
486
490
447
274
112
115
232
236
45
-190
-249
-127
-57
-207
-467
-602
-551
-468
-522
-716
-888
-852
-640
-467
-461
-512
-477
-367
-266
-177
-43
163
377
432
226
-108
-280
-169
49
108
-61
-288
-333
-113
192
325
221
94
150
339
466
490
550
667
660
420
111
-44
-36
-17
-79
-199
-313
-342
-264
-150
-88
-81
-76
-93
-184
-332
-439
-450
-390
-320
-280
-278
-269
-195
-46
91
118
62
51
123
171
114
27
45
157
235
196
78
-15
-56
-85
-151
-218
-202
-100
-42
-151
-357
-453
-319
-74
71
31
-85
-135
-83
7
85
142
151
71
-94
-237
-238
-71
150
261
204
102
134
339
556
590
400
121
-103
-228
-296
-336
-348
-373
-508
-781
-1079
-1222
-1151
-993
-930
-1013
-1111
-1054
-805
-509
-345
-341
-400
-414
-370
-262
-61
225
480
577
518
463
555
762
929
936
811
678
656
784
975
1068
957
683
375
154
98
227
474
684
745
718
744
870
977
959
851
759
712
659
563
446
348
277
205
86
-97
-311
-475
-563
-640
-791
-1004
-1152
-1143
-1004
-839
-701
-602
-545
-501
-429
-323
-186
30
332
583
626
518
459
531
591
480
242
60
52
154
232
195
39
-219
-493
-647
-647
-624
-701
-814
-821
-701
-530
-327
-64
208
352
293
122
27
122
329
432
287
-39
-298
-296
-81
96
33
-209
-399
-397
-260
-123
-51
-30
-38
-91
-182
-262
-248
-134
-14
-25
-196
-402
-463
-317
-84
75
119
155
286
485
628
636
554
480
461
444
366
269
287
449
567
425
78
-158
-61
241
429
335
87
-61
0
149
210
150
46
-53
-182
-340
-452
-453
-392
-400
-524
-656
-634
-445
-226
-121
-149
-253
-363
-422
-381
-248
-139
-154
-266
-335
-309
-259
-246
-245
-217
-184
-172
-153
-76
68
220
290
270
234
279
395
475
419
237
31
-110
-142
-60
103
259
309
286
290
376
488
548
524
421
273
122
18
-10
39
104
59
-168
-464
-602
-476
-227
-89
-135
-245
-243
-95
84
176
174
160
165
143
77
64
212
482
701
706
494
241
184
392
664
735
577
388
307
294
273
256
260
248
161
-5
-181
-278
-237
-129
-106
-247
-438
-485
-336
-145
-77
-125
-187
-226
-294
-407
-488
-460
-329
-187
-118
-111
-76
33
133
96
-93
-291
-354
-251
-94
-20
-66
-161
-222
-235
-230
-216
-201
-205
-223
-224
-202
-196
-225
-248
-244
-248
-270
-244
-100
119
289
337
321
320
343
328
248
152
127
205
345
468
495
410
238
68
-26
-23
12
-2
-83
-169
-190
-152
-112
-95
-68
-42
-74
-183
-284
-257
-114
-11
-119
-421
-716
-779
-573
-243
20
114
34
-162
-337
-361
-188
58
202
169
18
-151
-278
-307
-208
-24
159
273
313
276
187
133
199
372
533
554
406
177
-11
-99
-94
-33
38
73
32
-81
-206
-262
-211
-110
-69
-141
-243
-239
-77
135
241
197
112
120
195
228
158
57
7
33
132
293
455
531
477
315
128
18
49
183
295
284
160
43
49
166
278
278
173
30
-94
-164
-160
-104
-58
-61
-94
-90
-20
94
212
314
385
392
336
257
201
170
157
161
135
34
-92
-125
-54
16
1
-69
-140
-187
-197
-159
-102
-73
-66
-52
-2
55
87
71
21
-38
-76
-91
-99
-116
-140
-162
-199
-252
-294
-303
-317
-373
-442
-482
-496
-506
-477
-389
-303
-306
-400
-480
-451
-324
-202
-180
-256
-340
-334
-221
-72
-2
-45
-124
-143
-96
-13
111
264
372
366
275
187
154
146
119
74
77
173
327
467
558
611
620
571
475
359
238
131
71
73
96
82
55
79
178
291
336
292
206
144
147
190
226
190
56
-132
-286
-334
-282
-190
-130
-134
-184
-248
-286
-287
-265
-270
-311
-359
-382
-359
-290
-196
-161
-236
-363
-418
-362
-276
-225
-167
-47
89
156
153
144
157
175
188
180
117
-3
-100
-90
-4
57
25
-63
-154
-212
-232
-218
-190
-170
-140
-62
47
127
161
183
222
253
261
261
247
192
107
64
111
204
262
244
189
169
223
313
383
414
448
514
582
615
601
572
551
529
491
451
427
405
356
265
157
69
13
-21
-45
-65
-79
-96
-113
-104
-47
11
-9
-137
-318
-465
-526
-499
-439
-423
-502
-649
-752
-721
-587
-493
-545
-692
-792
-767
-659
-563
-523
-530
-558
-587
-597
-554
-437
-259
-95
-23
-36
-29
60
168
204
180
165
171
183
201
231
245
240
258
337
445
527
571
602
620
599
542
503
519
560
554
470
349
273
293
370
416
386
322
290
275
218
98
-29
-102
-114
-115
-134
-155
-149
-115
-96
-120
-182
-244
-274
-292
-301
-299
-266
-232
-257
-342
-426
-436
-375
-323
-355
-472
-594
-635
-591
-538
-551
-616
-648
-598
-492
-383
-299
-239
-201
-200
-238
-288
-275
-183
-91
-102
-189
-229
-140
46
229
343
364
329
275
230
214
257
345
405
368
260
193
245
381
486
481
414
398
489
622
703
704
648
573
507
495
552
650
727
739
676
580
525
565
673
731
648
482
353
305
277
238
226
259
298
283
211
126
101
146
178
83
-130
-329
-400
-369
-339
-348
-363
-342
-307
-304
-348
-398
-391
-346
-351
-446
-552
-571
-523
-492
-512
-545
-543
-490
-414
-343
-284
-229
-183
-189
-247
-321
-339
-295
-251
-287
-415
-554
-617
-606
-588
-610
-631
-584
-458
-317
-232
-200
-198
-207
-227
-231
-197
-153
-139
-159
-170
-143
-90
-38
13
52
60
40
54
141
264
345
356
324
307
345
441
546
586
533
433
377
426
554
671
696
607
454
331
293
297
264
162
41
-51
-97
-93
-50
-14
-51
-191
-372
-495
-491
-385
-278
-243
-278
-308
-286
-214
-133
-88
-84
-98
-109
-110
-71
40
185
260
219
127
90
141
218
224
132
13
-46
-15
69
167
246
280
260
210
163
127
90
59
68
138
241
315
342
352
376
393
381
362
370
392
378
307
208
130
110
149
218
261
234
145
49
14
46
93
112
130
189
269
307
276
190
87
8
-36
-73
-135
-204
-235
-232
-230
-242
-253
-237
-203
-180
-200
-237
-243
-209
-199
-256
-332
-363
-322
-254
-204
-200
-238
-309
-387
-445
-450
-404
-352
-339
-368
-398
-392
-333
-263
-226
-234
-248
-234
-187
-131
-103
-117
-167
-210
-205
-158
-120
-130
-180
-232
-246
-203
-107
3
48
-8
-106
-149
-109
-26
51
118
162
164
127
72
25
0
0
-5
-44
-92
-92
-36
25
59
69
61
29
-10
-13
39
121
189
232
247
239
217
200
197
190
175
193
287
436
547
558
493
431
432
484
522
490
383
251
159
138
168
196
191
163
125
87
63
83
149
198
147
-9
-181
-258
-218
-133
-104
-145
-191
-176
-122
-88
-101
-129
-158
-205
-269
-308
-291
-243
-208
-219
-266
-292
-235
-98
48
131
140
116
122
191
297
384
420
423
403
359
309
290
294
263
157
-1
-133
-163
-83
34
104
101
46
-21
-65
-79
-87
-113
-157
-214
-266
-280
-235
-162
-114
-106
-97
-66
-31
-21
-39
-68
-83
-67
-15
49
85
74
39
29
80
169
246
287
309
336
354
326
237
121
29
-4
-11
-36
-88
-121
-118
-115
-137
-164
-155
-125
-129
-173
-215
-223
-225
-260
-322
-376
-404
-421
-445
-486
-539
-572
-536
-430
-329
-319
-415
-544
-631
-635
-588
-560
-597
-652
-643
-544
-401
-269
-178
-145
-164
-189
-147
-18
153
299
375
389
372
351
339
340
358
391
427
458
491
517
526
532
563
615
641
626
591
569
541
490
423
381
379
403
426
428
415
401
383
332
245
165
134
138
136
103
47
-13
-49
-52
-46
-60
-100
-147
-191
-224
-237
-208
-141
-58
3
20
-17
-90
-159
-188
-190
-203
-245
-276
-251
-170
-83
-46
-58
-83
-91
-80
-58
-30
1
21
21
-1
-35
-71
-102
-116
-119
-127
-140
-126
-81
-56
-96
-166
-186
-134
-55
2
33
55
75
88
93
87
73
62
55
31
-25
-75
-70
-2
75
137
193
244
256
217
173
171
205
232
205
114
-13
-118
-161
-154
-138
-130
-125
-106
-73
-28
15
31
12
-32
-83
-129
-163
-177
-186
-214
-281
-356
-399
-409
-417
-450
-463
-418
-312
-202
-119
-51
3
23
-15
-62
-45
30
95
92
38
-15
-21
26
79
100
80
72
91
113
77
-18
-117
-158
-117
-36
50
132
207
236
191
116
99
173
273
299
210
66
-26
-22
24
44
24
3
8
38
81
134
194
245
276
289
306
337
369
382
355
293
214
151
113
90
53
2
-47
-92
-131
-160
-161
