75
-22
-113
-148
-147
-145
-155
-150
-112
-55
-15
-34
-93
-140
-124
-45
46
102
116
115
125
147
159
154
132
83
-4
-94
-133
-103
-51
-30
-32
-31
-26
-39
-72
-98
-102
-99
-106
-111
-88
-17
92
213
317
372
360
286
185
104
68
65
59
33
-12
-48
-49
5
107
222
299
307
263
211
173
139
104
94
141
216
253
215
154
145
190
245
282
309
332
325
284
221
157
90
18
-56
-110
-111
-60
-22
-58
-140
-180
-128
-31
43
70
72
64
57
68
130
229
317
355
345
298
209
91
-16
-74
-92
-116
-161
-194
-164
-60
70
154
150
77
-13
-72
-68
-6
70
110
86
21
-54
-117
-157
-162
-122
-43
37
78
64
22
-22
-47
-49
-47
-79
-148
-213
-224
-186
-130
-89
-76
-94
-142
-203
-248
-246
-203
-160
-158
-194
-237
-268
-275
-255
-214
-186
-179
-186
-172
-119
-41
43
101
133
144
142
129
92
45
3
-26
-66
-144
-244
-322
-339
-301
-252
-230
-233
-235
-226
-213
-195
-160
-95
-25
24
44
47
42
32
13
-19
-60
-98
-123
-111
-52
32
98
106
54
-18
-47
-15
54
95
78
25
-6
13
65
117
160
209
256
282
267
228
216
274
391
485
493
409
287
181
129
120
131
140
150
163
164
136
80
9
-60
-100
-71
10
85
114
116
120
112
82
51
47
38
-7
-79
-134
-160
-182
-199
-193
-149
-81
-13
25
14
-22
-39
-21
2
4
1
17
52
73
82
100
141
174
174
149
110
76
49
32
16
-13
-49
-78
-90
-89
-72
-47
-20
-10
-17
-24
-21
0
41
108
174
204
177
103
16
-41
-46
-26
-15
-11
-11
-28
-88
-170
-219
-203
-139
-58
21
87
142
189
219
203
138
69
59
106
149
121
26
-69
-114
-119
-133
-183
-252
-306
-326
-322
-304
-269
-218
-167
-146
-180
-250
-296
-281
-228
-190
-189
-210
-244
-281
-302
-280
-209
-121
-47
-28
-83
-202
-342
-440
-457
-391
-300
-249
-263
-303
-295
-202
-61
43
39
-55
-168
-218
-164
-27
123
211
209
159
125
159
262
401
517
564
521
411
296
221
203
211
226
237
232
199
140
90
90
165
269
335
321
255
187
145
136
150
159
144
103
73
78
121
181
224
238
234
242
270
301
307
293
277
265
243
219
200
183
149
118
119
146
157
115
27
-75
-157
-184
-154
-98
-59
-63
-94
-134
-151
-146
-126
-99
-67
-40
-29
-42
-60
-83
-136
-207
-256
-244
-213
-210
-250
-300
-338
-365
-375
-349
-271
-157
-56
0
17
37
64
82
80
80
96
114
110
80
43
27
37
55
67
62
37
-7
-59
-100
-121
-118
-94
-61
-28
-17
-33
-76
-126
-164
-202
-254
-310
-331
-303
-244
-171
-87
-3
57
78
61
20
-42
-121
-206
-269
-280
-237
-174
-131
-125
-132
-121
-78
-11
47
96
160
256
337
339
258
161
89
31
-36
-87
-89
-55
-29
-36
-46
-28
14
54
73
90
112
121
99
49
-7
-53
-74
-72
-55
-41
-30
-18
-13
-9
-2
23
75
151
238
297
309
277
232
191
176
174
151
83
-2
-44
-19
45
98
134
168
200
203
170
119
57
-21
-110
-193
-267
-321
-335
-287
-206
-136
-118
-137
-136
-82
-8
17
-15
-52
-32
32
95
126
127
123
126
151
177
187
183
181
196
197
170
126
85
45
-10
-64
-84
-56
-9
36
87
137
162
149
130
128
137
127
108
106
140
177
186
163
116
55
-6
-25
9
68
107
137
180
235
278
287
272
238
194
159
167
209
225
157
23
-99
-157
-157
-132
-95
-54
-7
26
21
-28
-94
-140
-166
-188
-213
-233
-253
-285
-319
-347
-364
-386
-419
-436
-427
-404
-415
-468
-536
-576
-577
-558
-542
-536
-520
-489
-446
-406
-344
-257
-168
-123
-130
-169
-226
-287
-324
-284
-162
-19
54
25
-48
-86
-77
-49
-34
-32
-48
-69
-67
-40
4
52
121
188
205
169
128
151
232
327
395
421
402
351
295
281
306
330
310
253
185
113
52
16
7
4
10
22
17
-25
-67
-49
27
118
189
250
308
356
382
389
394
408
407
351
244
147
100
108
155
209
236
209
161
134
146
173
211
251
282
281
253
211
170
153
167
203
233
235
198
121
29
-29
-14
49
89
59
-13
-59
-64
-51
-45
-36
-16
6
22
51
121
204
227
153
28
-84
-166
-220
-229
-178
-106
-55
-38
-58
-113
-187
-240
-252
-240
-232
-250
-280
-304
-306
-272
-206
-121
-46
3
9
-49
-163
-280
-334
-320
-279
-256
-250
-264
-304
-387
-485
-543
-521
-447
-383
-351
-329
-286
-224
-159
-104
-79
-95
-137
-160
-123
-37
47
78
64
31
6
4
41
101
152
154
115
81
81
108
126
117
90
84
137
240
351
430
476
491
454
364
263
209
205
205
187
167
148
114
55
-17
-72
-107
-146
-211
-281
-310
-259
-142
4
141
221
216
137
59
32
45
47
0
-98
-222
-313
-330
-290
-266
-285
-306
-281
-214
-136
-62
2
54
73
43
-27
-116
-193
-223
-185
-98
-15
33
53
70
87
93
95
127
198
266
273
231
206
255
349
409
386
286
159
64
44
102
198
267
286
274
240
169
65
-8
10
88
146
143
106
76
71
86
113
147
184
219
230
194
123
82
113
163
152
68
-18
-36
18
110
186
203
159
81
17
-20
-43
-62
-62
-30
27
72
78
18
-73
-140
-157
-148
-165
-201
-224
-213
-205
-249
-350
-458
-507
-477
-384
-279
-213
-213
-255
-278
-238
-157
-88
-71
-75
-52
13
72
79
38
-1
-4
17
19
-41
-146
-231
-250
-219
-188
-184
-209
-248
-263
-231
-174
-136
-135
-146
-136
-99
-59
-46
-53
-72
-105
-170
-241
-270
-226
-133
-64
-64
-141
-240
-287
-241
-134
-53
-51
-83
-65
39
173
282
357
404
402
330
221
143
140
203
283
319
273
148
5
-66
-44
33
114
185
231
214
147
91
131
255
385
436
385
271
157
77
40
44
72
86
46
-41
-110
-101
-36
18
16
-27
-70
-99
-98
-59
8
63
74
55
33
26
44
80
116
144
175
224
272
297
290
258
207
155
111
71
35
29
72
125
136
111
110
167
243
289
308
340
379
375
293
149
8
-84
-122
-141
-149
-141
-124
-135
-174
-194
-146
-40
77
140
113
2
-134
-221
-222
-153
-64
-4
7
-26
-70
-99
-103
-97
-105
-132
-174
-207
-215
-179
-112
-56
-46
-82
-131
-173
-193
-198
-192
-188
-188
-174
-147
-133
-163
-211
-223
-187
-147
-163
-231
-321
-381
-389
-344
-265
-191
-154
-157
-173
-171
-132
-82
-69
-99
-132
-125
-107
-113
-140
-147
-134
-153
-217
-275
-256
-160
-35
75
157
187
146
50
-31
-56
-39
-17
-13
-31
-67
-86
-69
-23
30
78
121
137
119
80
39
14
4
21
58
92
91
57
31
37
73
118
167
217
252
253
221
184
180
203
183
74
-65
-153
-166
-136
-76
8
78
88
50
19
45
115
192
245
261
237
192
166
206
296
379
398
364
304
241
210
256
391
540
631
643
592
497
391
318
301
303
280
226
161
103
56
19
2
15
50
71
52
18
13
39
70
88
96
98
90
80
74
72
45
-10
-69
-95
-94
-107
-147
-191
-216
-240
-288
-349
-407
-446
-467
-460
-420
-361
-300
-253
-238
-268
-329
-390
-422
-419
-386
-325
-249
-180
-135
-116
-128
-168
-228
-286
-316
-286
-210
-130
-84
-77
-96
-145
-229
-324
-382
-388
-361
-345
-363
-404
-449
-470
-451
-369
-237
-110
-69
-147
-299
-410
-390
-209
76
362
531
513
355
161
39
17
77
181
314
453
569
637
662
648
572
415
229
125
154
245
278
217
97
-41
-157
-249
-407
-764
-1290
-1711
-1685
-1121
-274
460
815
833
766
926
1471
2364
3372
4196
4575
4405
3783
2937
2106
1390
752
85
-697
-1654
-2789
-4002
-5074
-5752
-5862
-5400
-4562
-3648
-2867
-2207
-1484
-533
674
2027
3344
4454
5222
5520
5298
4659
3874
3189
2621
1987
1085
-103
-1398
-2515
-3256
-3643
-3851
-4036
-4161
-4077
-3678
-3010
-2218
-1410
-596
256
1080
1655
1730
1312
758
505
622
705
267
-823
-2195
-3289
-3775
-3741
-3517
-3365
-3290
-3128
-2732
-2064
-1148
-1
1327
2670
3801
4574
5015
5278
5513
5742
5837
5681
5363
5123
5053
4868
4131
2773
1358
674
1036
1927
2238
929
-2217
-6092
-8680
-8524
-6109
-3697
-3476
-5681
-8416
-9324
-7465
-3842
-374
1583
2006
1886
2292
3694
5896
8360
10396
11279
10587
8604
6244
4366
3097
1823
-237
-3347
-6947
-9954
-11524
-11677
-11167
-10776
-10704
-10556
-9759
-8013
-5428
-2343
833
3644
5664
6822
7593
8610
10031
11330
11809
11219
9953
8711
7889
7244
6146
4325
2299
759
-470
-2473
-5820
-9339
-10891
-9655
-7260
-6309
-7731
-9852
-10105
-7528
-3530
-408
698
529
719
2211
4645
7011
8645
9389
9176
7914
5924
4002
2729
1771
109
-2895
-6639
-9564
-10494
-9741
-8824
-8920
-9740
-9954
-8587
-5833
-2657
126
2268
3903
5217
6381
7568
8823
9869
10165
9367
7741
6081
5129
5000
5174
4949
3937
2242
474
-663
-1126
-1856
-3777
-6445
-8160
-7777
-6106
-5177
-6034
-7551
-7679
-5727
-3017
-1347
-1120
-1156
-42
2489
5375
7370
8204
8530
8834
8908
8370
7258
5769
3760
939
-2431
-5345
-6844
-7040
-7178
-8407
-10411
-11602
-10784
-8420
-5974
-4316
-3095
-1599
334
2392
4387
6357
8119
9098
8900
8004
7547
8140
9080
9081
7814
6299
5565
5373
4714
3283
1691
170
-1939
-4981
-7816
-8756
-7670
-6461
-7040
-9079
-10371
-9302
-6516
-3968
-2835
-2562
-1687
632
3857
6697
8332
8926
8976
8719
8173
7444
6480
4795
1877
-1964
-5425
-7241
-7461
-7505
-8664
-10598
-11637
-10642
-8235
-5954
-4498
-3213
-1233
1326
3574
4969
5919
7075
8341
8895
8338
7435
7326
8027
8250
6989
4949
3822
4228
4889
4258
2317
266
-1344
-3103
-5306
-6934
-6856
-5681
-5484
-7392
-9956
-10615
-8488
-5245
-3150
-2841
-3087
-2250
220
3494
6306
7990
8672
8683
8303
7812
7408
6738
5014
1879
-1826
-4598
-5706
-5944
-6722
-8420
-9945
-10001
-8554
-6782
-5636
-4844
-3460
-1171
1281
2955
3691
4169
5073
6378
7443
7848
7862
7952
7984
7415
6291
5541
5897
6785
6774
5309
3368
2070
1026
-981
-3882
-5878
-5680
-4463
-4719
-7207
-9814
-9950
-7450
-4559
-3255
-3425
-3495
-2211
442
3496
5905
7199
7560
7410
7199
7249
7445
6983
4939
1389
-2276
-4511
-5114
-5304
-6353
-8265
-9885
-10125
-8961
-7283
-5940
-5000
-3873
-2041
348
2604
4127
4976
5717
6762
7908
8661
8846
8679
8274
7484
6394
5560
5353
5282
4485
2910
1392
353
-1028
-3617
-6666
-8210
-7444
-6025
-6293
-8463
-10238
-9559
-6928
-4588
-3845
-3941
-3277
-1132
1911
4656
6333
6964
7095
7204
7539
8050
8302
7522
5199
1795
-1395
-3311
-4138
-5044
-6908
-9312
-10951
-10923
-9620
-8229
-7496
-7013
-5818
-3489
-565
2025
3739
4719
5517
6549
7740
8700
9192
9282
9064
8514
7719
6993
6590
6313
5650
4413
3044
1988
845
-1276
-4284
-6602
-6785
-5527
-5152
-6948
-9508
-10352
-8751
-6339
-4962
-4707
-4264
-2618
80
2935
5170
6530
7241
7730
8395
9361
10187
9928
7831
4307
842
-1254
-2121
-3089
-5235
-8226
-10654
-11372
-10513
-9203
-8351
-7807
-6708
-4530
-1646
1101
3119
4411
5343
6269
7327
8490
9576
10177
9849
8658
7398
6892
7088
7032
5869
3761
1794
857
558
-586
-3366
-6566
-7973
-7058
-5809
-6522
-9010
-10812
-10048
-7389
-4960
-3905
-3621
-2847
-936
1830
4567
6456
7315
7667
8159
8998
9703
9432
7595
4500
1244
-1150
-2579
-3821
-5684
-8212
-10585
-11798
-11490
-10219
-8878
-7850
-6766
-5125
-2874
-418
1842
3699
5099
6093
6941
7994
9250
10113
9901
8729
7646
7559
8088
7861
6109
3630
1962
1741
2032
1180
-1629
-5362
-7901
-8061
-6938
-6738
-8412
-10622
-11313
-9841
-7365
-5342
-4173
-3330
-2186
-460
1830
4383
6684
8238
8943
9114
9198
9213
8671
7020
4382
1576
-630
-2276
-4073
-6486
-9100
-10893
-11161
-10137
-8730
-7664
-6922
-5965
-4344
-2011
678
3161
4949
5941
6552
7358
8557
9732
10291
10055
9396
8740
8104
7232
6096
5023
4224
3537
2612
1190
-918
-3579
-6001
-7098
-6740
-6301
-7351
-9731
-11393
-10544
-7612
-4743
-3480
-3451
-3178
-1670
932
3769
6013
7352
8003
8342
8565
8630
8304
7246
5218
2470
-302
-2538
-4303
-6029
-7900
-9587
-10521
-10403
-9417
-8052
-6681
-5366
-3957
-2265
-186
2099
4100
5397
6163
7000
8185
9260
9564
9064
8352
7940
7697
7178
6203
5108
4230
3471
2511
1265
-226
-2185
-4679
-6981
-7980
-7718
-7621
-8805
-10406
-10521
-8634
-6302
-5125
-4855
-4054
-2000
670
2986
4608
5841
6978
8020
8790
9224
9177
8274
6227
3417
754
-1182
-2663
-4398
-6624
-8763
-9905
-9702
-8706
-7762
-7128
-6411
-5262
-3739
-1978
-1
2007
3630
4734
5726
6994
8257
8842
8559
7996
7837
8085
8100
7421
6303
5381
4788
4118
3028
1593
-254
-2738
-5541
-7554
-8068
-7862
-8343
-9758
-10742
-10118
-8247
-6506
-5486
-4659
-3240
-1161
1180
3362
5224
6702
7814
8691
9445
9909
9561
8070
5674
3082
728
-1389
-3496
-5596
-7519
-8991
-9833
-10027
-9742
-9134
-8274
-7194
-5885
-4265
-2275
-163
1683
3187
4764
6642
8370
9223
9147
8879
9104
9687
9868
9122
7688
6275
5216
4239
3032
1670
94
-2220
-5352
-8162
-9156
-8427
-7759
-8644
-10324
-10727
-8971
-6387
-4669
-3952
-3164
-1588
604
2995
5258
7074
8158
8653
8968
9305
9249
8262
6231
3686
1223
-879
-2681
-4325
-5970
-7669
-9150
-9860
-9472
-8364
-7327
-6841
-6551
-5617
-3529
-766
1623
3067
4042
5306
6909
8244
8980
9422
9897
10179
9839
8912
7896
7132
6418
5314
3725
2009
393
-1421
-3853
-6490
-8226
-8443
-8021
-8389
-9833
-10881
-10077
-7718
-5467
-4326
-3773
-2800
-1003
1339
3730
5580
6581
6985
7454
8263
8965
8732
7173
4656
2024
-84
-1601
-2863
-4259
-5984
-7879
-9334
-9680
-8864
-7657
-6925
-6761
-6414
-5109
-2812
-260
1793
3239
4536
6053
7669
9037
9981
10502
10529
10019
9228
8546
7969
7028
5397
3366
1612
377
-919
-3151
-6209
-8742
-9410
-8566
-7987
-8858
-10285
-10406
-8709
-6481
-5021
-4173
-3128
-1632
14
1751
3618
5361
6522
7094
7524
8119
8529
8062
6437
4111
1830
-17
-1529
-3030
-4751
-6654
-8314
-9151
-8957
-8218
-7645
-7460
-7198
-6235
-4365
-1991
232
2001
3551
5208
6880
8260
9307
10181
10807
10854
10285
9483
8750
7903
6625
4934
3204
1717
316
-1494
-3947
-6420
-7882
-8002
-7800
-8491
-9998
-10798
-9794
-7637
-5890
-5108
-4515
-3313
-1460
695
2916
4871
6222
6970
7646
8628
9607
9713
8444
6165
3775
1897
503
-812
-2483
-4596
-6771
-8305
-8845
-8705
-8480
-8327
-7957
-7131
-5881
-4298
-2413
-315
1861
3944
5756
7138
8202
9180
10072
10530
10356
9817
9280
8715
7723
6120
4191
2515
1308
171
-1648
-4267
-6846
-8230
-8255
-8014
-8672
-10071
-10783
-9904
-8013
-6451
-5673
-5148
-4083
-2243
89
2278
3860
4897
5924
7321
8805
9586
9049
7405
5442
3824
2530
1160
-643
-2915
-5420
-7604
-8880
-9114
-8841
-8763
-9001
-8999
-8082
-6145
-3753
-1668
-54
1602
3821
6370
8523
9866
10574
10996
11182
11059
10613
9923
8951
7677
6130
4467
2815
1149
-771
-3074
-5363
-6949
-7582
-7971
-8937
-10404
-11182
-10444
-8705
-7245
-6489
-5835
-4647
-2886
-786
1462
3547
5208
6453
7615
8783
9635
9619
8598
6926
5134
3380
1517
-569
-2773
-4893
-6713
-7994
-8669
-8939
-9091
-9116
-8726
-7656
-5957
-4002
-2269
-872
681
2968
5808
8250
9584
10078
10478
11027
11388
11269
10778
10033
8894
7217
5267
3584
2294
810
-1555
-4500
-6871
-7863
-8050
-8656
-10107
-11426
-11407
-10057
-8532
-7657
-7078
-6026
-4230
-2002
305
2377
4064
5428
6783
8232
9444
9774
8914
7235
5460
3944
2439
597
-1600
-3871
-5995
-7738
-8873
-9293
-9217
-8936
-8585
-8066
-7149
-5637
-3579
-1368
629
2432
4372
6522
8524
9947
10745
11205
11536
11662
11336
10449
9131
7668
6213
4730
3166
1489
-468
-2903
-5534
-7602
-8543
-8744
-9187
-10350
-11503
-11522
-10247
-8592
-7316
-6271
-4975
-3270
-1270
886
2976
4754
6163
7391
8486
9159
9021
8091
6808
5510
4069
2200
-43
-2281
-4203
-5718
-6778
-7326
-7507
-7621
-7819
-7877
-7382
-6118
-4289
-2428
-899
494
2255
4459
6513
7842
8587
9332
10283
11006
11005
10262
9203
8226
7374
6347
4921
3152
1233
-866
-3154
-5298
-6763
-7494
-8187
-9499
-11148
-11945
-11267
-9750
-8493
-7690
-6817
-5473
-3686
-1526
855
3071
4777
6035
7161
8197
8848
8845
8311
7420
6098
4153
1880
-107
-1595
-2999
-4643
-6220
-7234
-7657
-7865
-8096
-8188
-7789
-6713
-5120
-3381
-1688
49
1944
3871
5638
7295
8977
10549
11557
11742
11332
10805
10330
9660
8440
6643
4638
2741
851
-1400
-3933
-6152
-7535
-8381
-9429
-10912
-12050
-11941
-10716
-9372
-8531
-7795
-6561
-4671
-2402
-54
2029
3645
4888
6123
7540
8829
9385
8936
7850
6632
5421
4054
2523
877
-928
-2873
-4584
-5656
-6160
-6564
-7193
-7889
-8195
-7707
-6436
-4817
-3324
-1939
-295
1765
3932
5875
7618
9298
10722
11408
11230
10677
10357
10216
9646
8184
6109
4061
2306
491
-1770
-4205
-6187
-7468
-8561
-9941
-11360
-11931
-11302
-10188
-9558
-9363
-8668
-6901
-4493
-2284
-626
686
2045
3635
5453
7215
8421
8667
8147
7418
6718
5776
4347
2579
745
-1017
-2612
-3912
-4986
-6093
-7329
-8324
-8575
-7987
-7005
-6138
-5419
-4330
-2369
295
2906
4862
6304
7749
9327
10606
11193
11236
11144
10972
10378
9165
7583
6030
4577
2948
835
-1699
-4235
-6309
-7787
-8929
-10015
-11018
-11546
-11466
-11068
-10606
-9790
-8286
-6363
-4609
-3154
-1604
288
2337
4227
5885
7251
8126
8311
8019
7596
7112
6308
5043
3429
1641
-178
-1856
-3248
-4439
-5594
-6715
-7548
-7938
-7891
-7479
-6686
-5491
-3878
-1889
268
2338
4229
6083
7910
9453
10403
10833
11079
11317
11255
10537
9256
7905
6721
5328
3247
536
-2083
-3959
-5085
-6156
-7764
-9761
-11249
-11538
-10907
-10220
-9884
-9520
-8698
-7357
-5660
-3696
-1683
126
1684
3316
5206
7010
8090
8287
8057
7811
7462
6683
5396
3697
1776
-107
-1656
-2899
-4177
-5679
-7108
-7981
-8151
-7855
-7367
-6709
-5625
-3835
-1485
834
2651
4170
5876
7807
9406
10215
10447
10681
11009
10890
9918
8425
6983
5561
3659
1115
-1453
-3386
-4729
-6149
-8026
-9965
-11162
-11251
-10682
-10169
-9843
-9190
-7928
-6362
-4904
-3517
-1928
-81
1787
3420
4740
5723
6264
6354
6209
5955
5381
4216
2611
956
-575
-2061
-3439
-4426
-4911
-5116
-5286
-5367
-5147
-4535
-3607
-2485
-1217
243
1935
3683
5211
6442
7571
8657
9406
9490
9020
8466
8071
7532
6430
4838
3309
2120
936
-736
-2727
-4314
-5105
-5566
-6512
-8020
-9251
-9222
-8053
-6830
-6420
-6419
-5909
-4661
-3238
-2077
-1056
4
1039
1927
2832
3854
4744
5050
4750
4212
3645
2844
1673
391
-722
-1712
-2717
-3550
-3934
-3930
-3874
-3835
-3594
-3034
-2323
-1585
-741
354
1683
3069
4333
5424
6447
7442
8241
8579
8439
8144
7988
7807
7118
5801
4343
3277
2462
1276
-542
-2462
-3811
-4601
-5478
-6797
-8145
-8790
-8555
-8026
-7809
-7773
-7285
-6214
-5024
-4108
-3332
-2445
-1363
-91
1349
2778
3831
4276
4263
4194
4143
3781
2871
1706
677
-248
-1315
-2396
-3032
-3112
-3034
-3178
-3386
-3310
-2899
-2371
-1808
-1061
-15
1252
2543
3682
4645
5558
6530
7418
7898
7850
7531
7293
7109
6625
5618
4314
3084
1999
803
-608
-2014
-3179
-4166
-5198
-6297
-7257
-7755
-7751
-7512
-7331
-7115
-6642
-5956
-5280
-4676
-3962
-3022
-1873
-659
536
1629
2517
3088
3397
3555
3510
3084
2330
1583
987
319
-651
-1648
-2176
-2127
-1946
-2072
-2460
-2709
-2488
-1818
-991
-296
284
997
2079
3452
4832
5917
6617
7007
7277
7584
7929
8086
7759
6882
5764
4797
3943
2733
942
-902
-2166
-2945
-3988
-5626
-7371
-8374
-8426
-8084
-7998
-8069
-7777
-6996
-6089
-5311
-4469
-3349
-1960
-536
791
1973
3014
3833
4434
4870
5116
4951
4205
3106
2031
1099
64
-1080
-1989
-2385
-2551
-2920
-3491
-3810
-3526
-2808
-2114
-1683
-1217
-235
1383
3184
4644
5660
6541
7487
8324
8769
8835
8783
8625
8006
6737
5282
4182
3245
1794
-198
-2039
-3297
-4397
-5843
-7498
-8691
-9099
-9060
-9121
-9315
-9221
-8619
-7708
-6776
-5831
-4772
-3478
-1938
-263
1260
2474
3450
4345
5087
5398
5105
4360
3562
2912
2191
1011
-527
-1775
-2234
-2217
-2435
-3105
-3761
-3880
-3468
-2887
-2385
-1869
-1068
162
1687
3218
4552
5672
6635
7500
8300
9010
9460
9395
8692
7619
6668
6018
5139
3480
1341
-402
-1501
-2712
-4593
-6698
-8075
-8601
-8968
-9667
-10269
-10111
-9239
-8232
-7432
-6627
-5559
-4123
-2416
-599
1052
2405
3536
4574
5407
5767
5553
4920
4170
3449
2692
1651
282
-1042
-1822
-2036
-2160
-2572
-3143
-3467
-3318
-2775
-2123
-1556
-996
-121
1244
2914
4458
5559
6280
6960
7889
8923
9578
9418
8505
7367
6515
5872
4842
3067
1004
-592
-1650
-2893
-4787
-6751
-7886
-8166
-8450
-9220
-9965
-9966
-9180
-8114
-7120
-6238
-5317
-4170
-2651
-896
706
1926
2906
3862
4670
5010
4814
4295
3681
3020
2258
1319
158
-1032
-1879
-2166
-2143
-2215
-2498
-2746
-2673
-2222
-1576
-1011
-618
-135
814
2277
3852
5061
5832
6487
7361
8342
8955
8823
8099
7338
6850
6321
5142
3272
1391
155
-628
-1760
-3612
-5620
-6984
-7668
-8289
-9160
-9880
-9982
-9449
-8581
-7644
-6820
-6085
-5097
-3512
-1513
258
1403
2206
3178
4302
5062
5121
4664
4031
3382
2722
1973
962
-318
-1459
-1958
-1843
-1712
-2031
-2590
-2757
-2224
-1348
-744
-595
-417
401
1917
3534
4589
5033
5490
6507
7888
8814
8743
7970
7225
6747
6035
4660
2929
1496
462
-645
-2167
-3921
-5492
-6701
-7678
-8593
-9341
-9687
-9598
-9256
-8748
-8051
-7229
-6371
-5325
-3867
-2123
-525
667
1678
2779
3838
4437
4495
4334
4196
3898
3211
2222
1164
139
-778
-1353
-1438
-1300
-1432
-1910
-2213
-1854
-1025
-369
-176
-47
611
1910
3374
4480
5228
6042
7153
8211
8704
8543
8127
7871
7690
7049
5556
3579
1926
945
156
-1104
-2915
-4772
-6126
-6982
-7755
-8718
-9525
-9734
-9349
-8742
-8173
-7625
-6981
-6000
-4559
-2805
-1190
10
916
1866
2928
3762
4060
3943
3778
3628
3255
2533
1657
820
78
-511
-758
-681
-690
-1137
-1728
-1775
-1086
-269
21
-113
53
1028
2545
3872
4598
5042
5765
6841
7770
8103
7901
7555
7260
6803
5850
4407
2912
1735
769
-421
-2018
-3772
-5258
-6299
-7113
-8056
-9109
-9847
-9969
-9630
-9171
-8714
-8169
-7388
-6312
-4979
-3492
-1929
-397
965
2082
2972
3659
4125
4353
4314
3995
3441
2757
1975
1056
104
-557
-721
-667
-901
-1482
-1855
-1603
-1012
-694
-749
-638
131
1421
2651
3483
4113
4915
5942
6895
7492
7760
7811
7615
7036
6150
5156
4111
2951
1694
474
-739
-2090
-3632
-5080
-6092
-6719
-7386
-8314
-9119
-9360
-9021
-8477
-7941
-7372
-6580
-5479
-4117
-2667
-1311
-102
1020
2144
3137
3782
3959
3852
3705
3564
3243
2597
1759
1018
580
376
174
-185
-554
-678
-531
-379
-374
-355
-38
638
1424
2059
2572
3268
4220
5122
5608
5729
5844
6214
6666
6671
5962
4941
4258
3882
3205
1948
532
-617
-1635
-2808
-4051
-4999
-5634
-6302
-7212
-7988
-8225
-8067
-7962
-7932
-7583
-6799
-5817
-4822
-3718
-2506
-1297
-128
1083
2205
2890
3015
2896
2945
3091
2965
2405
1710
1227
1021
873
587
208
-44
-57
4
-34
-168
-217
-70
301
825
1434
2088
2736
3256
3596
3926
4433
5043
5468
5535
5308
4922
4494
4152
3896
3405
2340
939
-143
-651
-1141
-2186
-3659
-4854
-5380
-5603
-6127
-7000
-7653
-7734
-7415
-7070
-6773
-6439
-5912
-5068
-3909
-2622
-1425
-350
601
1392
1936
2302
2619
2953
3184
3135
2835
2556
2504
2470
2135
1555
1171
1112
1042
678
228
37
83
150
207
451
877
1257
1451
1684
2214
2939
3472
3652
3715
3921
4233
4402
4283
3948
3646
3469
3149
2317
1160
276
-109
-532
-1554
-2942
-3939
-4214
-4368
-5107
-6295
-7077
-7077
-6752
-6621
-6654
-6546
-6130
-5313
-4121
-2865
-1971
-1426
-781
264
1419
2204
2509
2643
2911
3303
3630
3719
3548
3186
2748
2279
1824
1457
1218
942
488
49
-24
285
576
574
408
433
818
1375
1785
1933
2005
2110
2203
2305
2573
2934
3034
2699
2236
2112
2294
2160
1228
1
-507
-105
171
-587
-1996
-2931
-2975
-2818
-3249
-4207
-4978
-5187
-5066
-4997
-5034
-5117
-5124
-4836
-4058
-3016
-2210
-1740
-1167
-132
1039
1819
2176
2583
3270
3882
3978
3657
3446
3568
3661
3283
2564
2024
1918
1938
1696
1201
743
506
408
295
89
-131
-262
-324
-434
-551
-467
-206
-99
-282
-394
-47
605
1067
1116
1016
1236
1912
2571
2565
1936
1537
1894
2387
1968
578
-757
-1201
-1134
-1540
-2705
-3957
-4693
-5079
-5495
-5939
-6191
-6228
-6035
-5486
-4595
-3682
-2935
-2076
-811
660
1801
2453
2912
3447
3973
4291
4366
4259
4085
3926
3767
3400
2722
1940
1373
1001
479
-354
-1223
-1765
-2041
-2312
-2585
-2644
-2567
-2655
-2865
-2769
-2216
-1615
-1346
-1260
-886
-105
781
1463
1979
2507
3093
3752
4395
4734
4382
3542
2978
3155
3491
2999
1547
47
-640
-803
-1337
-2585
-3895
-4580
-4648
-4620
-4839
-5155
-5159
-4559
-3533
-2527
-1838
-1255
-401
823
2044
2848
3227
3544
4062
4589
4750
4429
3901
3467
3152
2731
2043
1132
181
-636
-1182
-1499
-1887
-2595
-3407
-3813
-3716
-3573
-3731
-3916
-3645
-2903
-2165
-1783
-1618
-1269
-522
450
1336
1974
2499
3130
3845
4382
4618
4836
5272
5602
5166
4002
3063
3061
3414
2895
1335
-150
-523
-139
-131
-1065
-2373
-3165
-3233
-3066
-3258
-3850
-4436
-4507
-3923
-2968
-2101
-1522
-1048
-449
307
1045
1599
1859
1878
1813
1726
1502
1096
682
318
-140
-781
-1389
-1799
-2181
-2763
-3436
-3781
-3628
-3326
-3381
-3787
-4021
-3675
-2973
-2466
-2318
-2168
-1626
-816
-131
264
619
1198
1946
2652
3246
3819
4325
4627
4710
4863
5338
5954
6153
5653
4968
4834
5322
5576
4895
3537
2445
2131
2091
1486
54
-1575
-2653
-3014
-3221
-3943
-5159
-6110
-6083
-5315
-4679
-4663
-4844
-4518
-3572
-2515
-1880
-1678
-1583
-1301
-868
-484
-292
-266
-275
-250
-194
-186
-296
-558
-875
-1081
-1088
-998
-1013
-1185
-1353
-1299
-1057
-841
-782
-748
-554
-215
70
161
190
424
1002
1720
2297
2729
3315
4231
5238
5960
6307
6570
7098
7927
8596
8495
7536
6490
6230
6633
6587
5280
3296
1859
1358
904
-408
-2461
-4383
-5591
-6223
-6746
-7554
-8633
-9571
-9743
-9030
-8070
-7649
-7687
-7339
-6110
-4497
-3309
-2705
-2239
-1545
-706
16
496
766
931
1109
1370
1632
1679
1434
1103
987
1070
1073
825
472
235
133
62
-34
-97
-48
172
474
675
724
829
1197
1723
2152
2410
2649
2999
3461
4002
4616
5222
5613
5705
5720
6024
6598
6927
6534
5597
4817
4580
4503
3802
2268
478
-795
-1454
-2109
-3397
-5292
-7098
-8215
-8654
-9000
-9645
-10440
-10848
-10552
-9726
-8841
-8163
-7466
-6392
-4891
-3331
-2022
-983
-59
860
1781
2667
3372
3807
4051
4352
4781
5114
5118
4857
4622
4509
4355
3951
3352
2781
2362
1975
1435
770
210
-57
-136
-343
-876
-1489
-1719
-1423
-959
-729
-665
-422
169
915
1599
2240
2970
3770
4423
4820
5142
5619
6165
6403
6111
5460
4815
4390
4021
3335
2079
471
-1005
-2073
-2950
-4094
-5692
-7473
-8847
-9512
-9698
-9953
-10482
-10930
-10769
-9824
-8429
-6994
-5649
-4206
-2502
-587
1286
2868
4098
5140
6181
7174
7893
8160
8008
7632
7286
7051
6675
5786
4373
2890
1772
1002
196
-911
-2167
-3174
-3748
-4143
-4688
-5324
-5697
-5616
-5285
-4999
-4783
-4416
-3789
-3026
-2227
-1298
-191
904
1806
2614
3550
4628
5643
6334
6609
6642
6796
7184
7484
7290
6581
5674
4847
4155
3462
2534
1182
-461
-1967
-2961
-3538
-4163
-5183
-6396
-7272
-7520
-7360
-7183
-7083
-6871
-6335
-5462
-4368
-3190
-1969
-714
538
1705
2738
3609
4253
4600
4706
4717
4692
4516
4052
3301
2393
1466
599
-243
-1151
-2148
-3137
-3978
-4619
-5072
-5428
-5782
-6114
-6255
-6083
-5734
-5460
-5315
-5057
-4412
-3374
-2243
-1333
-652
99
1181
2494
3657
4432
5002
5728
6684
7583
8134
8374
8558
8911
9426
9836
9793
9241
8504
7927
7431
6712
5655
4398
3093
1707
248
-1240
-2627
-3965
-5322
-6684
-7837
-8634
-9147
-9455
-9558
-9391
-9041
-8501
-7672
-6547
-5382
-4404
-3477
-2362
-1075
44
783
1224
1579
1944
2267
2427
2284
1810
1149
535
45
-492
-1259
-2167
-2868
-3173
-3297
-3587
-4042
-4328
-4219
-3832
-3439
-3158
-2880
-2404
-1620
-638
353
1263
2146
3064
4010
4935
5787
6559
7311
8102
8854
9432
9791
10000
10108
10077
9872
9523
9081
8539
7830
6945
5923
4786
3515
2140
806
-434
-1669
-3037
-4454
-5715
-6719
-7580
-8461
-9353
-10130
-10633
-10825
-10778
-10606
-10355
-9945
-9302
-8393
-7267
-5982
-4658
-3379
-2157
-994
36
811
1345
1763
2183
2578
2862
2999
3010
2896
2624
2245
1928
1755
1581
1197
623
115
-130
-154
-147
-205
-287
-321
-281
-182
-6
247
550
858
1193
1628
2177
2740
3193
3559
3993
4564
5139
5501
5599
5576
5627
5776
5846
5645
5201
4720
4314
3946
3531
3029
2409
1700
1031
441
-244
-1244
-2417
-3382
-3993
-4566
-5460
-6551
-7394
-7789
-7972
-8224
-8513
-8650
-8504
-8074
-7445
-6789
-6202
-5536
-4543
-3201
-1792
-613
283
1046
1861
2770
3672
4368
4732
4814
4827
4938
5051
4911
4373
3622
2956
2452
1871
970
-130
-1072
-1663
-2071
-2525
-3035
-3435
-3555
-3399
-3081
-2722
-2319
-1804
-1145
-412
276
849
1352
1926
2620
3320
3881
4266
4532
4739
4972
5302
5688
5962
5992
5820
5591
5412
5293
5172
4969
4631
4175
3695
3239
2713
1947
981
23
-795
-1607
-2570
-3633
-4587
-5307
-5890
-6499
-7177
-7811
-8300
-8589
-8653
-8501
-8246
-7964
-7532
-6740
-5572
-4318
-3257
-2391
-1502
-462
620
1555
2206
2544
2665
2796
3069
3278
3103
2512
1835
1328
906
328
-429
-1176
-1711
-2030
-2237
-2438
-2631
-2732
-2645
-2355
-1981
-1645
-1329
-872
-230
486
1182
1922
2782
3692
4521
5218
5846
6509
7232
7926
8450
8792
9028
9213
9264
9055
8583
7971
7342
6646
5761
4663
3468
2298
1197
142
-958
-2218
-3629
-4933
-5887
-6607
-7459
-8539
-9461
-9857
-9865
-9979
-10409
-10851
-10867
-10388
-9726
-9142
-8598
-7891
-6922
-5719
-4308
-2764
-1242
83
1228
2314
3384
4321
4965
5298
5452
5602
5749
5758
5517
5056
4461
3844
3312
2895
2438
1819
1130
555
143
-178
-418
-562
-636
-688
-685
-561
-281
155
689
1272
1873
2517
3164
3731
4197
4663
5207
5757
6152
6316
6306
6204
6024
5735
5354
4917
4411
3753
2922
2002
1120
322
-467
-1354
-2363
-3360
-4180
-4831
-5510
-6407
-7401
-8161
-8498
-8606
-8853
-9306
-9653
-9518
-8967
-8419
-8124
-7807
-7013
-5711
-4263
-2998
-1864
-642
773
2267
3626
4757
5711
6581
7342
7877
8092
7988
7673
7248
6729
6032
5116
4050
2908
1713
487
-650
-1596
-2367
-3057
-3684
-4174
-4476
-4608
-4621
-4541
-4365
-4095
-3691
-3107
-2357
-1564
-856
-205
550
1473
2421
3200
3769
4222
4641
5009
5298
5477
5508
5355
5046
4681
4303
3837
3175
2367
1603
1005
513
-19
-659
-1358
-2012
-2530
-2910
-3217
-3489
-3695
-3824
-3950
-4093
-4159
-4044
-3856
-3766
-3735
-3546
-3108
-2637
-2335
-2175
-1972
-1647
-1231
-768
-318
25
257
522
997
1637
2209
2506
2561
2584
2693
2770
2591
2114
1508
985
601
282
-99
-603
-1191
-1745
-2174
-2492
-2736
-2925
-3029
-3041
-2983
-2841
-2574
-2170
-1700
-1205
-636
90
970
1885
2696
3326
3854
4430
5115
5758
6158
6261
6181
6034
5859
5625
5282
4797
4200
3551
2891
2194
1423
576
-275
-1033
-1657
-2180
-2601
-2879
-3043
-3249
-3581
-3847
-3823
-3577
-3447
-3560
-3685
-3517
-3095
-2733
-2680
-2887
-3059
-2922
-2454
-1923
-1668
-1797
-2030
-1989
-1556
-1044
-779
-759
-638
-164
560
1216
1589
1769
1994
2386
2808
3027
2952
2664
2341
2099
1940
1760
1462
1031
517
-18
-513
-907
-1189
-1391
-1556
-1700
-1810
-1836
-1749
-1594
-1456
-1328
-1087
-671
-194
159
358
555
930
1495
2066
2417
2462
2329
2228
2239
2260
2137
1840
1460
1118
835
539
164
-243
-576
-801
-978
-1183
-1425
-1653
-1798
-1808
-1671
-1451
-1287
-1254
-1262
-1142
-856
-589
-458
-374
-171
89
195
122
83
304
680
955
965
836
784
895
1074
1181
1186
1151
1181
1312
1481
1576
1527
1345
1098
830
578
315
-9
-476
-1054
-1591
-1916
-2085
-2356
-2883
-3500
-3888
-3919
-3723
-3525
-3457
-3458
-3305
-2836
-2162
-1586
-1261
-1051
-705
-169
383
730
850
928
1160
1560
1969
2223
2287
2258
2282
2438
2672
2852
2883
2801
2724
2728
2729
2625
2446
2326
2291
2214
1994
1712
1519
1485
1531
1531
1430
1283
1189
1157
1078
841
506
238
105
-18
-298
-729
-1126
-1301
-1267
-1234
-1394
-1733
-2032
-2110
-1993
-1882
-1912
-1999
-1922
-1592
-1158
-823
-635
-493
-326
-162
-75
-90
-193
-351
-556
-788
-1015
-1198
-1375
-1662
-2099
-2568
-2885
-3001
-3020
-3069
-3138
-3125
-2942
-2631
-2289
-1973
-1650
-1268
-803
-273
249
714
1140
1569
2007
2425
2809
3130
3339
3431
3469
3517
3525
3399
3133
2846
2647
2504
2270
1874
1436
1133
966
747
381
7
-155
-74
77
113
-5
-104
-14
284
591
729
682
579
551
570
524
298
-52
-384
-577
-659
-731
-888
-1145
-1414
-1569
-1544
-1430
-1371
-1413
-1416
-1213
-780
-305
4
100
107
113
105
41
-85
-293
-608
-958
-1214
-1349
-1530
-1897
-2378
-2745
-2899
-2941
-3021
-3138
-3175
-3046
-2769
-2417
-2055
-1691
-1331
-983
-655
-325
57
493
931
1332
1740
2200
2649
2957
3091
3147
3241
3372
3450
3416
3308
3207
3131
3030
2851
2626
2442
2331
2237
2089
1882
1673
1497
1360
1243
1118
972
824
737
715
662
462
145
-103
-160
-103
-120
-305
-589
-806
-840
-754
-716
-815
-991
-1132
-1212
-1256
-1276
-1276
-1277
-1311
-1337
-1283
-1135
-1002
-1013
-1163
-1323
-1373
-1322
-1284
-1382
-1660
-2021
-2306
-2433
-2496
-2646
-2901
-3125
-3190
-3111
-2982
-2848
-2708
-2569
-2431
-2205
-1828
-1359
-954
-641
-317
129
698
1321
1912
2410
2804
3125
3425
3689
3842
3806
3636
3450
3312
3156
2896
2533
2142
1817
1577
1367
1128
881
720
698
766
819
786
715
686
736
804
834
838
847
833
720
505
307
266
373
445
334
103
-59
-112
-189
-411
-726
-1010
-1214
-1386
-1569
-1764
-1913
-1974
-1934
-1823
-1692
-1610
-1628
-1721
-1813
-1849
-1848
-1873
-1962
-2109
-2280
-2449
-2625
-2805
-2951
-3020
-3028
-3042
-3069
-3002
-2737
-2325
-1923
-1609
-1298
-876
-369
104
470
761
1031
1326
1660
2011
2325
2567
2737
2881
3029
3183
3272
3242
3142
3115
3236
3415
3494
3434
3335
3307
3357
3424
3465
3449
3352
3171
2960
2766
2575
2353
2140
2013
1951
1811
1502
1096
725
420
136
-141
-384
-638
-964
-1343
-1674
-1892
-2062
-2263
-2504
-2693
-2778
-2787
-2800
-2845
-2899
-2907
-2852
-2737
-2574
-2391
-2227
-2166
-2238
-2408
-2566
-2653
-2698
-2778
-2924
-3090
-3189
-3178
-3114
-3084
-3115
-3120
-3007
-2749
-2418
-2112
-1864
-1564
-1098
-492
66
451
725
1042
1448
1836
2116
2324
2564
2861
3149
3363
3490
3543
3548
3552
3597
3675
3713
3688
3629
3576
3512
3418
3296
3168
3024
2852
2648
2407
2124
1812
1523
1303
1135
939
674
377
111
-127
-369
-616
-839
-1024
-1183
-1332
-1503
-1715
-1942
-2103
-2131
-2053
-1986
-2030
-2152
-2221
-2151
-2008
-1902
-1858
-1817
-1736
-1617
-1505
-1435
-1443
-1552
-1747
-1959
-2095
-2134
-2140
-2203
-2333
-2473
-2535
-2494
-2417
-2396
-2417
-2354
-2130
-1791
-1446
-1118
-785
-413
-20
386
800
1178
1451
1591
1684
1874
2241
2702
3089
3314
3437
3570
3724
3827
3841
3800
3752
3698
3615
3485
3283
3003
2669
2342
2089
1916
1749
1507
1201
914
710
583
498
432
381
336
266
155
28
-78
-159
-252
-375
-522
-671
-798
-907
-1043
-1240
-1451
-1606
-1717
-1872
-2143
-2492
-2809
-3000
-3070
-3109
-3156
-3184
-3164
-3119
-3029
-2829
-2524
-2232
-2078
-2046
-2004
-1850
-1607
-1385
-1265
-1215
-1147
-1005
-821
-664
-581
-552
-537
-481
-324
-56
241
436
477
490
659
1017
1378
1540
1526
1570
1878
2394
2864
3090
3132
3198
3375
3545
3562
3408
3180
2974
2816
2665
2449
2134
1751
1377
1064
819
587
314
12
-237
-349
-329
-285
-323
-442
-569
-659
-745
-853
-937
-950
-933
-977
-1101
-1216
-1207
-1076
-938
-923
-1035
-1161
-1212
-1212
-1256
-1383
-1555
-1685
-1716
-1677
-1644
-1654
-1653
-1571
-1397
-1164
-916
-719
-639
-642
-606
-470
-318
-274
-335
-401
-416
-421
-460
-497
-490
-442
-383
-306
-167
40
256
408
476
510
575
683
792
861
890
911
956
1032
1123
1179
1167
1103
1041
1027
1057
1091
1065
944
790
729
811
920
886
676
423
291
301
350
321
213
129
167
277
313
212
81
85
257
498
683
773
799
825
902
1010
1091
1134
1172
1200
1171
1067
959
908
878
761
527
255
39
-150
-403
-723
-1005
-1163
-1221
-1257
-1293
-1295
-1256
-1223
-1236
-1264
-1248
-1182
-1129
-1147
-1241
-1344
-1404
-1413
-1427
-1490
-1604
-1721
-1780
-1762
-1699
-1658
-1673
-1716
-1720
-1646
-1522
-1408
-1332
-1251
-1110
-876
-589
-313
-94
84
279
514
757
934
1043
1127
1209
1249
1223
1175
1173
1221
1274
1320
1367
1405
1412
1417
1475
1587
1706
1800
1897
2030
2189
2330
2409
2427
2434
2494
2595
2664
2620
2482
2309
2151
2005
1815
1509
1069
606
250
6
-263
-653
-1102
-1466
-1673
-1799
-1999
-2362
-2808
-3146
-3258
-3198
-3126
-3127
-3144
-3055
-2845
-2653
-2596
-2632
-2598
-2440
-2257
-2164
-2147
-2117
-2043
-1966
-1929
-1904
-1830
-1683
-1505
-1356
-1244
-1107
-880
-589
-335
-154
8
201
392
539
664
800
939
1070
1222
1429
1669
1883
2021
2087
2131
2226
2402
2608
2755
2804
2812
2860
2985
3133
3257
3328
3336
3279
3197
3130
3073
2974
2798
2582
2371
2197
2056
1938
1828
1700
1558
1422
1314
1187
985
704
404
123
-172
-526
-932
-1339
-1700
-2008
-2305
-2653
-3073
-3495
-3822
-4014
-4101
-4130
-4121
-4075
-3992
-3879
-3749
-3637
-3562
-3499
-3398
-3219
-2980
-2726
-2506
-2344
-2201
-2007
-1728
-1427
-1190
-1066
-1008
-924
-757
-536
-313
-105
93
251
336
370
400
464
561
706
915
1167
1400
1569
1699
1840
2015
2200
2357
2481
2591
2711
2843
2957
3036
3088
3148
3220
3280
3289
3237
3146
3052
2978
2930
2883
2805
2679
2520
2349
2154
1915
1652
1409
1200
986
732
463
220
6
-213
-462
-720
-950
-1149
-1350
-1588
-1870
-2161
-2438
-2706
-2987
-3264
-3475
-3605
-3690
-3780
-3872
-3959
-4034
-4099
-4126
-4084
-3976
-3830
-3666
-3479
-3253
-2994
-2706
-2388
-2055
-1734
-1436
-1133
-816
-491
-202
22
173
279
388
507
610
686
764
868
972
1038
1065
1078
1108
1176
1311
1513
1734
1913
2041
2181
2380
2601
2779
2919
3098
3362
3659
3904
4051
4111
4107
4066
4022
4004
3994
3934
3787
3586
3407
3273
3142
2944
2659
2333
1998
1657
1303
949
612
287
-20
-298
-564
-854
-1183
-1496
-1769
-2020
-2298
-2602
-2925
-3269
-3601
-3864
-4056
-4249
-4485
-4693
-4780
-4749
-4673
-4610
-4536
-4414
-4241
-4033
-3795
-3510
-3189
-2868
-2591
-2355
-2116
-1835
-1546
-1338
-1244
-1189
-1065
-860
-673
-588
-578
-517
-332
-85
97
176
234
342
495
662
852
1080
1319
1530
1722
1930
2171
2447
2739
3012
3255
3508
3807
4113
4355
4514
4644
4770
4861
4856
4756
4605
4442
4271
4067
3821
3514
3137
2695
2236
1803
1405
1019
622
211
-215
-640
-1029
-1333
-1538
-1699
-1884
-2108
-2331
-2501
-2626
-2728
-2831
-2922
-3015
-3143
-3309
-3466
-3553
-3570
-3573
-3635
-3761
-3890
-3953
-3917
-3790
-3617
-3457
-3332
-3193
-2981
-2716
-2489
-2344
-2229
-2055
-1790
-1455
-1103
-788
-545
-352
-144
100
333
514
656
814
1006
1218
1422
1596
1719
1809
1919
2108
2374
2637
2814
2902
2982
3110
3280
3436
3560
3656
3727
3773
3802
3817
3794
3723
3632
3559
3501
3394
3195
2922
2654
2460
2324
2155
1873
1502
1140
869
676
497
274
5
-284
-559
-790
-963
-1093
-1212
-1358
-1532
-1723
-1908
-2067
-2213
-2370
-2530
-2650
-2714
-2775
-2892
-3049
-3183
-3265
-3305
-3327
-3339
-3357
-3395
-3432
-3425
-3346
-3205
-3027
-2839
-2677
-2558
-2463
-2344
-2181
-1999
-1831
-1685
-1534
-1362
-1187
-1047
-937
-810
-630
-408
-178
41
250
448
618
764
930
1165
1439
1690
1887
2076
2274
2446
2546
2570
2583
2650
2797
2957
3050
3065
3064
3100
3158
3189
3156
3082
3020
3002
2992
2929
2800
2631
2446
2243
2009
1750
1475
1211
985
812
674
531
361
174
1
-141
-274
-420
-589
-765
-930
-1071
-1184
-1268
-1323
-1357
-1391
-1457
-1576
-1757
-1990
-2235
-2440
-2577
-2654
-2710
-2784
-2895
-3014
-3078
-3060
-2998
-2950
-2910
-2832
-2674
-2452
-2203
-1974
-1810
-1708
-1623
-1485
-1266
-974
-641
-335
-114
26
151
298
443
552
615
666
719
767
795
812
849
919
1016
1133
1273
1411
1521
1619
1749
1916
2081
2208
2301
2371
2427
2476
2497
2458
2375
2329
2365
2427
2422
2326
2190
2077
2001
1950
1885
1778
1643
1536
1489
1455
1354
1179
995
844
685
469
221
14
-121
-220
-309
-378
-411
-448
-542
-702
-888
-1065
-1218
-1353
-1497
-1673
-1853
-1977
-2031
-2077
-2184
-2364
-2583
-2795
-2953
-3011
-2974
-2930
-2957
-3044
-3110
-3102
-3049
-3004
-2991
-2975
-2918
-2809
-2668
-2525
-2387
-2240
-2067
-1859
-1631
-1411
-1214
-1045
-889
-726
-532
-312
-100
93
270
440
605
769
952
1185
1469
1756
2003
2202
2378
2559
2756
2965
3180
3389
3582
3729
3815
3854
3877
3906
3925
3912
3875
3850
3847
3844
3807
3732
3625
3489
3321
3112
2859
2562
2255
1977
1730
1474
1165
816
478
198
-28
-241
-482
-762
-1061
-1367
-1675
-1981
-2269
-2516
-2735
-2956
-3214
-3508
-3808
-4074
-4274
-4428
-4581
-4744
-4860
-4866
-4780
-4698
-4666
-4620
-4477
-4242
-4004
-3816
-3659
-3482
-3274
-3058
-2853
-2640
-2391
-2086
-1744
-1417
-1131
-883
-638
-367
-62
272
616
935
1203
1444
1720
2050
2382
2653
2844
3006
3192
3442
3744
4049
4306
4520
4727
4932
5090
5147
5101
5005
4922
4881
4849
4785
4666
4498
4297
4078
3839
3581
3310
3031
2746
2448
2153
1866
1575
1259
913
546
164
-207
-548
-858
-1148
-1400
-1573
-1668
-1743
-1878
-2109
-2405
-2682
-2871
-3003
-3158
-3375
-3620
-3841
-4047
-4268
-4523
-4786
-5011
-5174
-5280
-5389
-5512
-5598
-5567
-5405
-5186
-4984
-4820
-4648
-4422
-4130
-3800
-3475
-3165
-2837
-2449
-2002
-1537
-1091
-675
-294
51
367
684
1022
1376
1736
2091
2432
2734
2987
3211
3436
3663
3893
4105
4295
4469
4639
4788
4862
4858
4834
4868
4953
5024
5033
4992
4926
4841
4729
4589
4427
4234
4003
3739
3461
3181
2883
2539
2142
1743
1402
1110
817
495
183
-99
-375
-692
-1056
-1435
-1793
-2110
-2381
-2599
-2763
-2896
-3046
-3238
-3449
-3648
-3833
-4013
-4170
-4298
-4420
-4569
-4743
-4910
-5047
-5146
-5214
-5260
-5294
-5305
-5270
-5171
-5009
-4795
-4528
-4187
-3769
-3328
-2924
-2536
-2107
-1607
-1084
-582
-89
431
990
1552
2071
2507
2853
3148
3432
3704
3913
4039
4119
4204
4305
4393
4428
4393
4294
4162
4029
3917
3832
3754
3661
3553
3460
3418
3436
3462
3429
3310
3143
2978
2834
2711
2601
2489
2339
2148
1960
1810
1683
1522
1296
1034
788
588
405
189
-102
-464
-844
-1191
-1493
-1794
-2141
-2530
-2904
-3223
-3472
-3659
-3794
-3920
-4084
-4269
-4414
-4482
-4519
-4574
-4646
-4677
-4627
-4515
-4402
-4323
-4259
-4162
-3990
-3747
-3483
-3246
-3033
-2816
-2585
-2352
-2108
-1832
-1528
-1221
-931
-659
-400
-143
127
409
684
941
1186
1431
1678
1917
2133
2329
2511
2686
2853
3000
3124
3229
3324
3420
3504
3568
3618
3667
3719
3759
3767
3738
3692
3664
3653
3630
3575
3511
3459
3405
3310
3172
3022
2896
2789
2657
2449
2163
1839
1511
1175
815
444
88
-247
-563
-867
-1166
-1460
-1760
-2064
-2348
-2557
-2667
-2723
-2815
-3002
-3248
-3462
-3590
-3654
-3709
-3760
-3750
-3658
-3537
-3468
-3434
-3364
-3230
-3098
-3024
-2999
-2971
-2927
-2892
-2862
-2800
-2661
-2464
-2251
-2065
-1902
-1740
-1539
-1265
-905
-490
-73
299
613
877
1121
1367
1608
1823
2009
2188
2356
2477
2533
2548
2567
2608
2672
2744
2816
2872
2904
2909
2889
2846
2791
2728
2653
2575
2508
2465
2446
2435
2416
2372
2302
2218
2124
2017
1895
1778
1683
1570
1406
1209
1046
929
799
594
331
73
-155
-383
-637
-886
-1079
-1204
-1316
-1483
-1712
-1961
-2177
-2343
-2485
-2599
-2662
-2657
-2607
-2552
-2495
-2411
-2305
-2226
-2211
-2243
-2280
-2298
-2302
-2303
-2304
-2295
-2261
-2199
-2134
-2096
-2089
-2086
-2067
-2050
-2055
-2072
-2081
-2064
-2006
-1871
-1650
-1369
-1084
-811
-546
-275
-12
224
435
671
971
1309
1611
1828
1964
2052
2131
2221
2319
2395
2431
2457
2515
2606
2685
2717
2707
2685
2676
2687
2701
2713
2733
2765
2778
2740
2670
2612
2592
2580
2552
2505
2448
2356
2194
1966
1713
1477
1256
1012
718
391
82
-184
-410
-619
-822
-1026
-1238
-1462
-1699
-1918
-2069
-2140
-2175
-2238
-2341
-2453
-2530
-2547
-2514
-2467
-2443
-2447
-2449
-2427
-2373
-2304
-2226
-2143
-2045
-1954
-1912
-1942
-2021
-2089
-2099
-2035
-1933
-1850
-1818
-1815
-1800
-1744
-1639
-1481
-1263
-1010
-762
-547
-352
-142
107
389
678
945
1191
1422
1647
1864
2054
2186
2248
2279
2327
2414
2513
2586
2623
2647
2686
2712
2664
2529
2351
2207
2134
2129
2131
2074
1959
1865
1838
1837
1785
1661
1528
1436
1379
1302
1177
1017
857
704
539
352
145
-70
-281
-461
-601
-731
-905
-1125
-1336
-1475
-1548
-1613
-1714
-1822
-1890
-1895
-1872
-1880
-1934
-2005
-2046
-2048
-2048
-2080
-2139
-2195
-2227
-2239
-2238
-2226
-2205
-2195
-2223
-2293
-2371
-2401
-2347
-2241
-2160
-2158
-2199
-2204
-2121
-1961
-1759
-1549
-1347
-1150
-944
-706
-433
-157
94
318
559
853
1179
1489
1765
2050
2363
2675
2939
3157
3353
3536
3683
3761
3767
3749
3752
3759
3702
3537
3301
3068
2888
2755
2636
2491
2300
2088
1904
1763
1625
1451
1256
1071
900
732
569
418
286
171
70
-42
-197
-399
-614
-782
-880
-949
-1059
-1245
-1467
-1645
-1749
-1809
-1872
-1958
-2062
-2181
-2313
-2435
-2519
-2536
-2494
-2428
-2398
-2430
-2489
-2523
-2524
-2528
-2550
-2564
-2539
-2491
-2440
-2391
-2317
-2200
-2049
-1875
-1669
-1425
-1187
-1017
-907
-758
-490
-137
201
478
732
1010
1309
1573
1768
1921
2102
2347
2628
2875
3051
3169
3250
3284
3232
3083
2876
2695
2601
2577
2542
2433
2253
2056
1872
1698
1533
1376
1230
1085
955
844
728
568
380
238
180
162
82
-81
-265
-401
-479
-538
-613
-703
-797
-877
-942
-1000
-1046
-1067
-1065
-1060
-1084
-1157
-1287
-1452
-1617
-1744
-1829
-1895
-1961
-2013
-2037
-2049
-2088
-2175
-2272
-2320
-2291
-2211
-2132
-2081
-2036
-1945
-1792
-1636
-1551
-1530
-1493
-1369
-1164
-935
-732
-548
-339
-94
136
283
354
416
535
703
863
972
1048
1159
1335
1547
1733
1871
1994
2122
2239
2303
2307
2282
2264
2259
2248
2210
2111
1961
1819
1751
1749
1722
1600
1399
1194
1034
921
826
741
676
638
609
554
462
340
234
171
139
81
-7
-84
-121
-139
-174
-231
-297
-367
-458
-571
-711
-862
-988
-1043
-1030
-1023
-1083
-1189
-1265
-1277
-1256
-1255
-1296
-1356
-1393
-1379
-1330
-1286
-1264
-1228
-1142
-1017
-890
-790
-715
-653
-599
-552
-498
-416
-301
-171
-71
-23
-14
3
59
152
253
336
394
437
475
519
552
556
521
458
400
369
365
363
338
285
228
196
192
197
204
213
223
215
196
199
235
272
267
224
168
133
126
142
157
155
143
144
190
266
326
326
285
264
295
348
371
350
299
255
259
319
397
419
379
341
346
363
330
247
167
112
49
-82
-283
-479
-589
-600
-571
-566
-611
-680
-742
-778
-779
-745
-690
-624
-553
-491
-471
-507
-568
-607
-593
-536
-478
-445
-439
-414
-350
-267
-207
-177
-145
-81
11
95
131
124
107
105
112
103
75
41
20
-2
-42
-96
-135
-143
-138
-115
-43
86
216
272
234
149
93
101
161
240
341
479
650
823
960
1063
1149
1231
1289
1309
1321
1369
1450
1499
1460
1346
1211
1094
991
883
764
646
535
432
327
216
104
-3
-95
-174
-240
-313
-413
-550
-682
-746
-725
-679
-676
-708
-725
-687
-609
-538
-513
-530
-547
-541
-533
-541
-549
-536
-519
-522
-536
-519
-447
-351
-299
-342
-449
-527
-511
-444
-409
-444
-520
-601
-665
-700
-710
-719
-758
-819
-865
-860
-812
-755
-726
-724
-726
-706
-660
-596
-533
-478
-422
-360
-294
-223
-133
-5
146
279
373
444
519
612
726
867
1028
1186
1309
1390
1449
1496
1527
1527
1496
1453
1410
1365
1294
1174
1014
854
724
609
469
303
158
60
-13
-90
-159
-195
-185
-155
-127
-106
-82
-40
13
60
56
-5
-84
-122
-87
-12
45
49
7
-47
-105
-174
-273
-381
-477
-546
-605
-678
-777
-906
-1045
-1177
-1272
-1314
-1320
-1322
-1334
-1343
-1350
-1366
-1396
-1401
-1345
-1236
-1136
-1088
-1088
-1076
-1009
-898
-785
-688
-589
-461
-302
-139
9
170
381
620
821
955
1058
1165
1264
1347
1444
1564
1677
1749
1791
1829
1850
1834
1779
1724
1680
1637
1577
1504
1430
1359
1285
1208
1110
985
852
751
680
596
477
332
184
55
-38
-94
-124
-138
-121
-82
-51
-34
-8
20
9
-60
-136
-177
-195
-244
-328
-388
-374
-323
-334
-460
-666
-851
-975
-1076
-1198
-1325
-1408
-1445
-1480
-1546
-1626
-1685
-1719
-1742
-1765
-1780
-1761
-1695
-1599
-1502
-1410
-1296
-1148
-985
-819
-648
-482
-346
-261
-210
-168
-129
-113
-123
-108
-11
159
336
455
524
598
708
834
927
969
995
1054
1145
1204
1195
1157
1158
1221
1279
1269
1207
1156
1144
1131
1093
1038
998
970
932
881
815
735
646
559
502
492
519
537
508
437
365
307
267
234
206
173
128
73
-1
-98
-188
-225
-223
-244
-336
-461
-565
-634
-690
-742
-790
-841
-909
-995
-1075
-1120
-1129
-1123
-1125
-1152
-1205
-1252
-1239
-1157
-1057
-987
-945
-897
-844
-795
-755
-713
-662
-599
-508
-387
-244
-106
6
77
132
205
292
350
361
362
393
449
504
556
610
678
759
835
874
871
862
875
904
931
954
980
998
1013
1037
1057
1031
952
861
817
813
802
750
677
628
616
606
551
443
324
260
264
308
329
298
233
159
100
57
34
23
12
6
2
-9
-36
-72
-106
-157
-223
-289
-335
-375
-422
-474
-522
-582
-667
-771
-863
-912
-929
-967
-1052
-1145
-1190
-1196
-1204
-1220
-1214
-1173
-1131
-1112
-1117
-1129
-1129
-1087
-983
-848
-726
-642
-580
-518
-451
-401
-381
-358
-296
-195
-86
-4
52
90
130
176
212
215
189
171
199
263
316
334
322
312
320
355
415
499
592
666
706
708
696
696
741
827
910
943
919
888
883
907
936
963
998
1046
1087
1091
1033
936
838
774
751
726
645
496
343
262
265
282
228
84
-93
-244
-348
-419
-478
-547
-642
-736
-794
-802
-802
-819
-840
-834
-798
-764
-757
-767
-763
-732
-698
-687
-702
-708
-684
-641
-584
-514
-421
-325
-256
-237
-265
-318
-345
-298
-175
-44
16
-7
-41
-18
66
164
241
300
349
388
397
364
324
344
452
578
641
644
665
722
768
768
757
766
788
779
730
680
662
674
691
717
758
802
819
803
775
745
716
683
639
565
457
336
219
123
56
18
-5
-43
-120
-225
-336
-421
-475
-516
-558
-583
-562
-514
-501
-570
-705
-836
-897
-892
-891
-954
-1076
-1187
-1227
-1192
-1140
-1125
-1162
-1214
-1242
-1224
-1174
-1122
-1091
-1085
-1083
-1075
-1048
-1004
-944
-877
-805
-737
-707
-722
-752
-743
-678
-584
-475
-351
-222
-122
-76
-79
-80
-33
86
248
391
469
509
602
790
1027
1204
1270
1263
1261
1313
1408
1521
1628
1717
1773
1795
1791
1770
1728
1646
1526
1402
1321
1289
1262
1207
1129
1037
930
825
754
730
719
689
622
516
395
311
295
303
265
169
58
-37
-143
-301
-514
-712
-828
-833
-787
-766
-793
-850
-902
-944
-963
-950
-925
-926
-969
-1029
-1082
-1133
-1198
-1260
-1285
-1262
-1223
-1213
-1232
-1241
-1180
-1048
-873
-698
-548
-424
-336
-277
-256
-257
-243
-178
-82
-18
-16
-14
73
251
441
569
639
704
789
874
924
923
882
840
858
945
1042
1082
1068
1063
1098
1132
1106
1020
919
852
806
752
649
500
337
193
69
-52
-172
-264
-292
-275
-278
-349
-459
-544
-576
-578
-593
-627
-663
-670
-633
-566
-514
-519
-589
-667
-687
-644
-590
-577
-604
-644
-679
-704
-722
-739
-740
-705
-635
-580
-566
-576
-586
-580
-561
-527
-494
-480
-473
-458
-429
-411
-394
-337
-208
-45
84
144
161
183
225
275
314
337
354
401
477
547
575
567
554
542
534
537
585
684
795
870
883
850
814
806
823
842
852
869
904
938
927
840
697
568
529
576
633
626
558
473
393
326
288
269
232
149
50
-23
-58
-83
-116
-168
-220
-261
-283
-302
-334
-373
-410
-435
-452
-457
-447
-421
-414
-444
-488
-491
-435
-351
-291
-285
-316
-364
-395
-417
-450
-491
-512
-496
-464
-452
-460
-461
-454
-446
-427
-373
-309
-281
-307
-347
-363
-355
-338
-330
-329
-334
-326
-297
-252
-190
-113
-24
43
72
89
131
212
293
349
383
426
484
542
589
617
611
572
517
482
485
514
543
560
559
533
463
346
222
143
121
125
120
91
42
-20
-68
-70
-41
-17
-14
1
50
110
149
171
205
262
309
308
248
145
45
-13
-19
0
15
24
45
82
111
86
-2
-119
-196
-203
-167
-144
-174
-238
-298
-329
-346
-387
-457
-541
-598
-617
-613
-612
-634
-667
-703
-723
-736
-737
-711
-643
-544
-454
-405
-398
-406
-407
-400
-388
-354
-278
-155
-22
68
68
2
-51
-31
44
87
53
-14
-29
52
173
247
240
213
246
344
442
493
517
567
660
770
862
909
907
867
812
761
734
724
712
662
569
467
392
362
365
387
409
405
375
337
324
338
366
386
390
383
371
348
289
192
88
19
-4
-28
-108
-263
-427
-520
-524
-506
-536
-619
-704
-745
-732
-678
-603
-538
-519
-548
-602
-637
-631
-572
-463
-322
-188
-92
-67
-109
-176
-206
-171
-106
-56
-33
-12
25
70
107
122
123
123
137
158
163
121
45
-10
-8
21
3
-72
-169
-235
-261
-264
-249
-214
-157
-117
-108
-121
-114
-78
-33
11
36
31
-6
-41
-38
4
57
105
153
190
206
192
168
155
165
198
239
268
251
196
151
167
224
245
189
91
14
-17
-20
-24
-40
-42
-5
63
111
97
47
18
35
57
45
6
-33
-58
-63
-41
-11
4
-1
10
56
106
107
42
-45
-104
-124
-131
-152
-196
-253
-287
-270
-222
-192
-211
-259
-314
-368
-421
-467
-492
-495
-476
-440
-391
-317
-222
-119
-21
48
90
126
185
251
283
269
254
276
322
349
349
336
321
305
289
261
213
173
193
295
434
553
626
660
660
627
576
530
512
518
516
459
336
210
146
158
208
249
266
256
218
165
121
120
173
249
294
271
197
122
87
94
125
162
204
246
269
234
146
38
-46
-87
-89
-73
-77
-121
-205
-296
-359
-387
-409
-471
-587
-723
-835
-893
-894
-861
-821
-781
-737
-693
-673
-689
-714
-711
-669
-626
-610
-618
-616
-585
-531
-475
-452
-485
-554
-608
-600
-524
-408
-299
-206
-117
-15
78
135
142
130
146
185
207
177
122
81
66
60
45
13
-27
-60
-58
-24
33
116
234
358
429
417
345
267
240
287
388
491
552
590
647
734
802
801
763
766
839
926
963
933
874
838
832
817
744
630
559
576
617
580
450
312
241
204
120
-34
-199
-307
-357
-395
-451
-532
-613
-676
-715
-741
-770
-788
-774
-733
-687
-649
-615
-593
-593
-582
-517
-418
-355
-362
-386
-371
-331
-316
-327
-310
-237
-140
-74
-44
-19
18
46
41
2
-47
-69
-55
-19
-15
-67
-145
-185
-149
-81
-48
-66
-83
-44
36
114
154
170
198
255
333
405
454
469
464
469
516
588
622
601
570
586
641
675
660
628
637
708
796
842
823
795
808
841
835
771
680
601
520
413
274
125
-14
-135
-235
-329
-414
-488
-536
-552
-559
-590
-658
-735
-787
-798
-809
-866
-962
-1048
-1076
-1055
-1031
-1038
-1063
-1072
-1037
-980
-943
-931
-887
-776
-643
-572
-581
-616
-602
-509
-369
-246
-176
-136
-95
-74
-102
-167
-232
-262
-246
-197
-153
-144
-153
-129
-58
28
90
132
188
286
433
596
714
767
779
792
804
779
715
650
641
699
779
817
809
821
896
1004
1064
1061
1043
1056
1082
1080
1036
981
948
935
894
772
570
343
177
116
138
177
176
123
26
-97
-211
-284
-311
-315
-318
-321
-336
-380
-450
-512
-545
-577
-650
-783
-926
-1006
-975
-868
-772
-738
-742
-722
-673
-633
-615
-584
-524
-447
-372
-309
-272
-270
-277
-268
-243
-240
-261
-280
-270
-230
-183
-150
-136
-127
-108
-63
2
70
136
224
340
442
476
448
427
462
511
507
424
326
304
388
521
614
651
672
709
741
734
682
609
552
553
612
677
684
608
489
373
286
203
102
3
-52
-50
-17
16
32
5
-67
-167
-266
-370
-477
-551
-545
-476
-432
-467
-562
-645
-704
-769
-865
-950
-960
-884
-773
-692
-666
-674
-682
-659
-610
-574
-577
-608
-620
-598
-561
-539
-537
-547
-555
-550
-547
-558
-568
-536
-444
-326
-242
-216
-219
-188
-97
26
121
162
185
238
337
444
509
525
530
553
595
628
637
618
585
573
596
641
665
656
651
687
760
833
876
898
916
944
978
996
976
923
866
819
760
662
541
436
362
295
192
64
-33
-42
15
71
90
86
97
141
195
222
187
95
-21
-142
-256
-354
-420
-455
-482
-512
-519
-507
-609
-942
-1291
-1150
-400
370
473
-22
-458
-431
-147
-57
-284
-672
-1146
-1829
-2490
-2368
-1131
146
5
-1480
-2525
-1753
171
1543
1541
831
343
341
681
1458
2748
3905
3885
2415
591
-108
740
2116
2454
1050
-1281
-2923
-2864
-1616
-560
-580
-1345
-1930
-1911
-1471
-726
512
1999
2779
2123
611
-225
549
2258
3249
2573
915
-290
-372
126
359
139
-244
-666
-1350
-2334
-2987
-2581
-1252
-163
-353
-1549
-2476
-2231
-1097
-40
309
18
-483
-831
-876
-593
-50
541
820
535
-166
-755
-755
-196
429
597
211
-389
-805
-882
-705
-431
-206
-203
-526
-1022
-1283
-993
-303
250
260
-166
-569
-603
-305
57
264
306
241
87
-149
-288
-79
430
782
580
16
-312
-61
507
866
805
574
512
604
591
448
505
961
1490
1583
1148
645
570
957
1383
1428
1110
756
617
644
699
764
903
1075
1077
769
319
130
420
905
1090
797
321
64
138
341
475
538
568
463
155
-161
-213
-1
199
145
-122
-382
-468
-407
-324
-267
-230
-294
-525
-785
-826
-638
-486
-563
-792
-985
-1041
-968
-822
-703
-725
-885
-1030
-1049
-1027
-1109
-1212
-1099
-745
-446
-449
-644
-748
-670
-541
-475
-437
-353
-258
-266
-390
-487
-405
-199
-59
-99
-246
-330
-237
38
408
689
695
437
181
207
463
615
454
146
-13
39
98
42
26
227
497
475
110
-181
-3
495
804
697
443
393
568
734
757
702
670
653
605
499
371
281
283
343
331
166
-50
-142
-56
83
135
85
21
19
52
34
-74
-191
-235
-229
-284
-418
-553
-600
-574
-530
-488
-442
-402
-424
-518
-619
-624
-525
-425
-441
-592
-772
-871
-863
-794
-714
-634
-586
-618
-724
-789
-663
-343
5
184
144
17
-26
68
225
372
498
626
736
789
798
844
987
1160
1188
974
644
458
544
774
897
805
604
467
473
566
662
734
779
772
663
489
413
567
848
969
747
327
28
23
206
360
360
235
89
-12
-59
-61
-24
9
-54
-247
-473
-561
-458
-293
-233
-358
-573
-741
-794
-786
-774
-757
-739
-772
-905
-1036
-989
-712
-371
-198
-258
-412
-498
-474
-377
-254
-168
-191
-324
-446
-429
-239
24
198
153
-79
-285
-270
-19
289
450
359
86
-155
-178
-20
128
135
38
-62
-111
-96
9
203
399
460
383
330
442
632
706
590
392
229
140
158
302
499
572
436
240
209
404
627
641
408
83
-132
-163
-80
-38
-137
-341
-542
-668
-711
-658
-498
-303
-236
-390
-633
-713
-524
-233
-98
-190
-360
-435
-383
-292
-255
-294
-381
-475
-558
-609
-586
-470
-325
-264
-359
-533
-649
-595
-372
-86
103
98
-18
-37
153
418
509
351
133
99
265
439
473
438
467
536
506
354
281
434
678
720
486
227
213
426
618
630
522
442
431
441
452
482
515
481
366
260
258
353
463
546
599
579
447
262
169
233
350
383
299
175
99
110
172
197
104
-77
-219
-234
-172
-122
-125
-168
-250
-366
-452
-419
-248
-42
51
-20
-180
-315
-367
-344
-302
-340
-531
-801
-955
-866
-636
-482
-486
-563
-623
-684
-739
-705
-535
-324
-238
-334
-486
-476
-195
224
497
457
197
-43
-92
27
155
178
103
17
-43
-98
-107
40
332
558
482
153
-130
-117
138
373
395
224
39
-20
62
164
178
107
9
-113
-299
-487
-521
-343
-104
-24
-151
-315
-326
-141
116
304
352
279
159
89
99
140
152
141
137
130
86
31
20
69
156
249
295
227
72
-31
10
111
144
113
101
120
101
40
23
97
203
209
68
-149
-314
-359
-293
-165
-42
-13
-114
-261
-316
-239
-115
-53
-86
-173
-272
-351
-398
-381
-299
-223
-252
-380
-464
-378
-161
18
66
54
79
146
181
177
199
279
347
314
191
90
120
268
416
451
377
292
268
288
307
323
360
415
425
354
244
208
288
399
414
288
119
50
139
300
412
409
311
151
-10
-89
-31
136
305
358
253
81
17
165
455
660
595
270
-108
-326
-334
-240
-173
-209
-349
-505
-544
-392
-124
105
178
82
-99
-223
-207
-74
55
76
-42
-242
-424
-506
-468
-375
-345
-466
-698
-873
-865
-721
-614
-629
-694
-681
-567
-434
-330
-200
4
178
187
55
-34
49
225
313
202
-47
-272
-340
-269
-159
-93
-73
-76
-100
-127
-91
63
294
485
551
520
478
467
478
498
524
542
513
413
257
117
84
168
262
236
90
-44
-58
28
118
154
155
153
132
54
-72
-166
-141
-23
48
-34
-219
-345
-323
-208
-116
-98
-155
-258
-349
-368
-312
-247
-209
-186
-172
-198
-249
-240
-140
-54
-107
-289
-467
-549
-541
-478
-358
-189
-56
-36
-94
-92
45
250
385
386
297
206
177
220
303
369
367
288
154
7
-98
-109
-32
54
64
2
-34
71
328
616
774
730
569
430
404
463
536
561
510
390
254
196
252
356
398
331
201
74
-6
-28
6
65
96
53
-47
-95
-1
188
301
227
10
-212
-351
-394
-356
-265
-181
-167
-227
-323
-404
-454
-441
-368
-279
-247
-281
-316
-290
-198
-88
-19
-24
-74
-84
-6
113
184
177
110
-2
-161
-315
-378
-311
-168
-56
-37
-90
-140
-124
-38
69
133
125
62
-24
-74
-33
92
208
202
60
-135
-273
-298
-208
-58
36
-12
-173
-295
-274
-133
17
74
13
-106
-170
-110
50
217
293
229
48
-125
-146
3
160
156
-3
-142
-131
-24
58
72
65
44
-26
-137
-206
-150
12
150
148
17
-122
-183
-194
-221
-278
-327
-327
-282
-200
-89
39
145
169
89
-60
-184
-211
-132
-19
42
30
-5
-17
-9
-7
-16
-27
-44
-66
-72
-32
52
139
169
97
-44
-157
-145
-23
104
151
144
168
266
385
462
486
489
476
417
315
252
301
433
523
469
324
224
269
387
431
320
135
19
19
62
48
-31
-98
-102
-81
-74
-47
71
249
372
358
263
216
282
397
421
289
82
-77
-141
-149
-135
-105
-93
-146
-261
-357
-330
-163
39
122
43
-81
-105
1
143
229
232
159
4
-219
-426
-493
-377
-207
-178
-349
-565
-640
-546
-424
-379
-373
-336
-280
-257
-250
-208
-144
-104
-103
-121
-163
-214
-194
-62
84
93
-68
-273
-375
-339
-214
-88
-9
10
-11
-57
-93
-72
16
96
71
-38
-123
-100
9
104
108
13
-120
-223
-256
-208
-99
1
18
-55
-140
-146
-60
38
67
7
-95
-173
-175
-91
9
43
5
-35
-42
-71
-158
-233
-205
-94
-25
-67
-159
-190
-130
-38
31
87
174
277
326
288
223
224
295
352
316
194
80
57
145
281
394
456
469
449
429
450
522
597
588
447
235
96
133
286
397
376
268
174
144
181
265
363
425
405
289
145
78
146
291
380
329
177
52
38
123
213
215
110
-70
-245
-337
-311
-193
-52
57
101
84
61
111
249
396
466
447
384
317
256
191
104
-26
-188
-331
-389
-334
-226
-168
-226
-357
-462
-480
-437
-408
-432
-484
-510
-492
-457
-429
-393
-350
-340
-400
-507
-587
-597
-556
-510
-482
-476
-486
-487
-444
-333
-179
-69
-63
-144
-235
-286
-306
-339
-411
-486
-508
-479
-469
-512
-545
-491
-382
-315
-340
-413
-435
-353
-178
12
125
133
84
74
138
220
236
169
87
52
73
122
169
191
178
112
10
-55
-9
136
264
292
228
145
91
67
71
104
164
248
343
431
491
529
570
621
656
636
575
547
602
710
789
808
819
871
952
983
910
767
632
531
414
254
109
43
46
63
81
115
156
152
94
37
50
151
276
349
329
255
194
182
191
167
73
-70
-203
-275
-273
-218
-138
-78
-88
-189
-339
-446
-460
-414
-399
-461
-548
-566
-486
-371
-317
-365
-485
-602
-642
-566
-412
-249
-148
-129
-178
-239
-242
-159
-35
17
-86
-310
-498
-506
-342
-152
-76
-152
-303
-421
-417
-280
-82
69
80
-61
-250
-321
-207
5
169
212
164
125
171
307
443
500
464
367
236
110
54
112
231
291
204
2
-197
-277
-226
-127
-87
-151
-275
-357
-336
-241
-131
-50
-17
-52
-126
-175
-143
-47
39
44
-38
-144
-188
-133
-15
91
130
99
26
-48
-74
-13
102
168
97
-80
-244
-304
-257
-150
-27
72
117
114
117
159
218
243
225
175
114
49
8
33
103
167
182
157
120
84
65
70
91
110
121
129
131
132
148
189
225
198
84
-70
-173
-167
-70
45
102
93
81
126
229
329
380
367
282
132
-36
-133
-97
50
209
280
238
160
161
282
441
504
435
285
137
48
44
113
187
206
151
59
-24
-73
-76
-38
17
49
33
-7
-13
61
172
231
194
89
-22
-111
-156
-159
-134
-129
-199
-362
-559
-679
-668
-569
-456
-368
-312
-289
-290
-290
-276
-269
-282
-317
-358
-387
-383
-330
-250
-195
-192
-224
-239
-198
-95
33
115
97
9
-52
-7
114
219
256
234
203
182
165
145
139
159
165
104
-36
-175
-212
-103
76
192
174
95
89
174
252
249
194
136
77
-2
-55
-22
91
208
242
165
20
-125
-204
-210
-185
-177
-200
-225
-241
-241
-198
-72
124
293
336
261
170
139
114
12
-158
-302
-365
-368
-344
-279
-172
-91
-104
-188
-229
-156
-7
108
130
73
-1
-38
-29
9
46
71
60
-9
-125
-243
-297
-288
-268
-297
-342
-304
-148
51
170
187
179
217
257
213
86
-21
-7
120
256
302
247
171
158
239
372
495
556
537
441
301
191
193
298
396
385
276
168
140
192
263
277
212
109
43
48
91
99
38
-57
-119
-123
-99
-79
-47
13
79
112
111
113
126
130
98
39
-20
-77
-136
-202
-259
-303
-334
-347
-338
-304
-261
-225
-201
-198
-221
-269
-313
-314
-255
-154
-60
-15
-5
6
29
29
-23
-109
-187
-224
-236
-233
-209
-147
-51
37
93
124
167
238
316
372
402
420
433
431
407
344
231
87
-37
-103
-108
-78
-32
31
97
130
106
53
35
83
161
205
174
86
-11
-56
-21
67
127
113
43
-13
-37
-46
-80
-146
-212
-252
-260
-278
-320
-343
-299
-211
-142
-138
-190
-265
-328
-356
-347
-328
-323
-337
-357
-364
-351
-308
-245
-192
-177
-195
-215
-216
-200
-188
-200
-250
-338
-432
-488
-478
-398
-275
-155
-70
-19
28
85
145
192
212
196
166
156
189
268
373
469
508
458
348
251
229
274
316
277
172
89
106
199
283
319
318
299
260
231
265
376
515
604
601
524
424
348
306
272
200
77
-54
-145
-189
-214
-227
-210
-160
-118
-107
-98
-35
79
171
177
110
48
43
76
90
62
18
-13
-39
-94
-187
-271
-295
-257
-233
-266
-338
-380
-349
-252
-145
-88
-106
-166
-214
-217
-154
-27
102
147
70
-59
-141
-118
-19
87
153
177
193
217
237
255
297
366
403
343
202
79
63
144
218
205
113
16
-15
28
108
178
214
208
145
31
