585
500
431
411
451
518
569
560
488
391
319
280
231
138
14
-101
-184
-241
-286
-318
-338
-335
-313
-287
-277
-284
-306
-348
-416
-507
-595
-638
-607
-522
-431
-387
-412
-487
-554
-564
-499
-392
-310
-304
-368
-453
-513
-540
-511
-413
-284
-205
-221
-292
-347
-337
-258
-155
-84
-79
-118
-163
-176
-160
-132
-119
-146
-211
-285
-294
-207
-62
59
115
99
41
-9
-2
53
91
47
-66
-170
-185
-99
18
81
42
-51
-118
-106
-36
33
80
103
97
38
-59
-140
-158
-131
-132
-209
-345
-472
-517
-464
-339
-189
-63
8
13
-15
-36
-23
33
126
224
292
323
344
384
465
572
654
661
591
507
479
516
578
612
582
496
393
335
346
406
466
482
436
357
314
341
409
440
408
339
281
259
270
303
323
306
243
173
131
138
180
230
260
255
210
132
33
-69
-150
-197
-219
-236
-260
-282
-279
-243
-183
-119
-62
-13
12
5
-10
-5
7
-12
-70
-146
-200
-204
-149
-70
-16
-5
-30
-80
-141
-187
-186
-141
-90
-72
-90
-122
-157
-188
-190
-132
-22
83
114
62
-39
-130
-195
-244
-299
-351
-376
-393
-437
-529
-626
-671
-639
-555
-472
-413
-376
-336
-283
-234
-206
-179
-124
-44
12
11
-41
-129
-229
-317
-359
-358
-334
-311
-285
-264
-254
-232
-192
-159
-153
-154
-125
-89
-99
-175
-276
-343
-345
-288
-203
-132
-92
-75
-71
-69
-49
19
137
262
355
413
448
459
442
410
381
366
366
377
406
452
495
513
498
472
457
468
498
525
533
509
453
370
261
141
27
-63
-118
-126
-72
42
182
306
387
434
447
440
423
397
337
218
62
-76
-150
-143
-67
33
85
48
-55
-168
-236
-224
-120
39
149
125
-31
-216
-321
-290
-149
24
157
211
188
102
-10
-87
-84
-39
-32
-78
-120
-107
-50
14
71
111
121
100
67
29
-8
-33
-12
52
108
114
89
96
164
245
277
246
189
154
156
177
175
120
32
-56
-122
-167
-179
-147
-79
-20
-8
-61
-143
-194
-170
-89
-12
16
9
8
8
-36
-152
-291
-371
-369
-337
-330
-350
-373
-399
-443
-512
-599
-658
-646
-558
-463
-427
-458
-514
-542
-526
-478
-418
-353
-297
-278
-328
-417
-479
-461
-378
-295
-259
-262
-273
-257
-193
-68
82
180
169
72
-31
-78
-44
57
180
278
323
331
332
377
465
560
622
650
669
662
610
539
522
578
646
645
559
434
308
205
151
172
248
316
334
309
281
280
299
306
260
154
26
-70
-115
-112
-81
-33
2
14
25
75
149
179
123
12
-81
-126
-133
-127
-111
-82
-45
-8
6
8
23
80
144
162
117
32
-50
-103
-110
-93
-87
-110
-152
-188
-204
-180
-133
-113
-165
-264
-332
-307
-190
-32
89
118
50
-57
-113
-71
50
186
287
323
293
220
147
107
80
12
-121
-295
-460
-568
-598
-535
-396
-231
-108
-82
-120
-130
-56
58
137
155
137
104
66
39
49
99
157
187
169
125
109
149
220
264
256
216
189
199
238
263
233
134
-21
-194
-340
-420
-416
-350
-275
-229
-217
-224
-219
-191
-146
-106
-84
-95
-135
-165
-143
-69
0
4
-58
-135
-182
-177
-131
-63
-24
-53
-137
-210
-207
-125
-14
44
1
-130
-268
-348
-354
-297
-201
-97
-12
39
60
84
141
245
348
381
302
138
-21
-73
22
196
316
282
134
-3
-25
64
191
302
370
359
259
147
127
224
358
429
397
279
137
48
69
172
275
292
188
0
-196
-306
-284
-145
27
141
157
93
31
23
69
133
197
237
222
146
59
39
109
234
320
298
157
-42
-204
-276
-254
-190
-143
-166
-263
-377
-430
-400
-304
-205
-142
-120
-126
-129
-114
-51
50
137
149
75
-37
-133
-164
-138
-90
-61
-78
-137
-219
-278
-274
-187
-38
108
164
83
-85
-226
-252
-178
-101
-92
-156
-231
-285
-316
-320
-277
-201
-137
-101
-68
-26
13
52
116
190
228
205
155
114
96
105
141
179
188
167
139
122
85
16
-68
-125
-129
-94
-43
7
40
38
-5
-50
-62
-23
71
212
358
431
404
331
297
314
336
307
221
105
-18
-109
-150
-134
-90
-48
-26
-40
-92
-170
-231
-248
-204
-122
-34
18
33
18
0
0
23
57
71
57
32
33
57
84
88
79
71
65
64
89
156
230
235
149
18
-97
-174
-227
-271
-301
-290
-212
-82
26
52
-1
-84
-139
-139
-85
-29
-30
-100
-192
-236
-217
-157
-78
8
78
102
85
55
51
103
200
290
293
182
24
-83
-91
-37
17
29
-9
-82
-141
-129
-47
54
116
130
94
24
-54
-89
-69
-15
32
52
38
1
-25
-7
53
105
97
20
-90
-169
-169
-82
31
87
52
-13
-53
-53
-41
-39
-45
-75
-130
-190
-208
-155
-54
47
94
90
48
9
4
42
103
142
138
112
104
117
120
88
49
46
70
69
29
-10
9
107
255
394
483
512
498
460
420
388
343
265
164
81
42
48
75
97
97
75
51
42
54
79
113
152
184
173
91
-45
-193
-299
-343
-334
-297
-271
-276
-323
-401
-478
-507
-455
-329
-188
-101
-106
-164
-220
-253
-278
-310
-330
-319
-293
-273
-260
-247
-238
-240
-238
-230
-230
-244
-266
-289
-312
-329
-315
-251
-144
-17
89
150
168
165
144
94
28
-23
-45
-66
-103
-141
-158
-144
-116
-99
-120
-177
-232
-233
-169
-83
-20
2
-5
-35
-75
-91
-49
50
145
169
113
26
-11
60
222
378
435
400
341
318
349
429
535
606
568
402
194
67
91
219
341
390
370
323
276
242
234
265
330
389
397
341
244
138
25
-66
-101
-77
-44
-43
-68
-105
-135
-134
-70
52
185
276
295
256
213
212
259
320
350
327
252
148
34
-46
-61
-21
18
20
8
16
65
148
237
293
284
214
117
34
-11
-22
-8
19
54
87
109
108
76
-1
-96
-170
-191
-176
-158
-148
-137
-123
-132
-181
-270
-370
-457
-521
-555
-555
-517
-448
-370
-322
-329
-379
-437
-450
-396
-294
-196
-152
-174
-261
-397
-543
-622
-601
-523
-482
-516
-579
-606
-569
-490
-406
-349
-351
-396
-435
-423
-357
-273
-200
-151
-140
-172
-252
-331
-331
-209
-35
88
117
91
67
65
93
148
223
306
377
423
447
465
497
553
606
608
542
443
364
309
256
197
141
100
74
69
86
109
122
119
117
149
211
274
308
318
331
369
426
500
568
582
508
377
267
221
223
244
267
272
236
190
195
266
351
383
347
272
217
220
285
362
403
381
304
192
69
-33
-87
-65
25
133
208
224
198
167
150
144
134
105
61
11
-22
-8
65
154
182
111
-42
-220
-363
-424
-386
-288
-198
-173
-223
-304
-356
-343
-257
-121
15
83
43
-66
-174
-213
-176
-101
-45
-44
-83
-132
-166
-197
-252
-348
-465
-551
-578
-557
-528
-505
-489
-471
-470
-501
-560
-632
-689
-718
-709
-668
-603
-517
-438
-387
-368
-349
-300
-226
-155
-125
-134
-163
-183
-193
-205
-209
-188
-116
-11
79
109
92
85
144
269
395
471
499
523
547
537
490
451
450
469
470
444
398
339
276
227
216
222
182
76
-39
-83
-37
52
125
161
183
197
185
129
61
43
100
195
256
240
160
62
-11
-37
-15
39
84
84
41
-20
-58
-52
-13
19
4
-52
-105
-110
-50
52
139
154
94
29
22
79
154
211
231
209
161
118
107
117
147
194
239
254
237
215
209
213
232
261
278
258
212
175
165
162
159
155
153
140
107
46
-34
-97
-99
-36
50
115
141
145
118
54
-50
-159
-237
-282
-298
-288
-241
-180
-130
-99
-66
-17
17
7
-52
-122
-171
-199
-219
-251
-300
-386
-501
-606
-665
-675
-654
-603
-519
-423
-343
-288
-232
-158
-60
50
137
156
102
21
-40
-73
-102
-149
-229
-345
-464
-551
-573
-542
-466
-363
-250
-145
-68
-14
31
78
110
127
152
212
287
344
361
340
303
289
307
335
351
366
394
416
405
365
322
274
209
133
74
53
56
60
59
80
111
116
59
-27
-93
-105
-66
-1
64
114
146
156
136
93
30
-41
-100
-107
-52
15
29
-25
-79
-71
17
131
217
255
252
232
210
202
206
208
190
132
32
-108
-266
-404
-483
-497
-461
-380
-260
-136
-57
-36
-47
-38
14
87
131
106
34
-28
-36
30
147
268
314
260
142
18
-72
-108
-94
-87
-135
-228
-313
-374
-407
-403
-344
-253
-182
-158
-175
-190
-163
-59
102
255
327
310
255
209
188
186
201
226
246
242
196
141
132
198
304
382
401
352
230
52
-102
-146
-62
83
211
277
258
160
42
-7
51
164
246
242
157
51
-8
-1
22
6
-62
-135
-156
-89
45
191
295
331
287
176
55
-7
20
90
149
166
149
95
4
-100
-169
-176
-144
-139
-195
-275
-318
-283
-199
-112
-67
-78
-119
-158
-166
-160
-173
-215
-255
-271
-257
-237
-227
-241
-294
-372
-450
-493
-484
-442
-428
-490
-598
-674
-663
-587
-509
-483
-511
-560
-576
-534
-458
-402
-389
-391
-375
-321
-237
-156
-97
-53
5
63
93
93
97
129
182
245
303
330
302
246
228
299
444
605
728
808
838
814
759
722
722
710
646
539
414
286
160
59
0
-32
-57
-85
-107
-116
-94
-26
76
172
222
209
132
42
13
112
300
457
484
374
220
137
178
307
440
501
452
311
143
45
75
211
365
439
388
249
121
88
145
210
212
156
100
84
98
102
87
67
58
43
14
-25
-66
-97
-99
-51
32
106
136
109
34
-47
-101
-126
-149
-206
-297
-393
-444
-429
-379
-340
-353
-416
-498
-544
-522
-443
-355
-299
-285
-284
-265
-218
-170
-160
-204
-270
-316
-320
-292
-246
-181
-107
-59
-74
-149
-240
-300
-299
-244
-171
-124
-135
-189
-251
-285
-298
-313
-366
-451
-528
-561
-539
-485
-413
-354
-320
-288
-233
-187
-197
-247
-266
-226
-162
-123
-107
-81
-14
78
134
101
-16
-147
-215
-169
-23
171
326
385
345
258
188
166
158
130
78
37
14
-27
-136
-348
-638
-915
-1028
-892
-589
-334
-342
-700
-1331
-1966
-2251
-1941
-1097
-47
849
1438
1787
2079
2472
3019
3693
4411
5071
5557
5783
5698
5286
4558
3593
2547
1554
659
-190
-1094
-2144
-3350
-4609
-5734
-6503
-6738
-6392
-5610
-4631
-3657
-2768
-1940
-1064
-11
1284
2762
4239
5451
6146
6183
5627
4712
3748
2951
2364
1832
1122
65
-1343
-2926
-4400
-5474
-5963
-5840
-5249
-4437
-3637
-2936
-2228
-1326
-110
1359
2858
4142
5051
5570
5783
5761
5383
4317
2375
-77
-2208
-3390
-3775
-4151
-5180
-6757
-8089
-8416
-7631
-6209
-4691
-3279
-1898
-435
1118
2741
4451
6230
7846
8847
8890
8073
6849
5557
4120
2268
-52
-2542
-4753
-6433
-7649
-8613
-9353
-9653
-9304
-8339
-6936
-5207
-3155
-842
1521
3695
5607
7365
9069
10604
11673
12033
11668
10774
9639
8380
6663
3883
-14
-3984
-6595
-7430
-7582
-8513
-10486
-12257
-12361
-10554
-7924
-5677
-4058
-2470
-361
2208
4807
7144
9183
10822
11674
11386
10151
8574
6990
5060
2246
-1392
-5018
-7659
-9056
-9822
-10727
-11812
-12340
-11636
-9781
-7364
-4802
-2125
659
3290
5472
7205
8745
10167
11109
11095
10113
8717
7484
6464
5278
3687
1919
427
-630
-1469
-2394
-3582
-5143
-6947
-8290
-8214
-6593
-4662
-3947
-4651
-5320
-4396
-1906
541
1542
1234
887
1444
2827
4302
5287
5689
5724
5531
5098
4489
3804
2847
1151
-1343
-3918
-5624
-6234
-6393
-6864
-7724
-8351
-8137
-7080
-5640
-4161
-2654
-1093
387
1681
2919
4275
5642
6611
6840
6442
5971
5901
6152
6255
6005
5710
5640
5493
4749
3341
1601
-256
-2168
-3835
-4823
-5165
-5541
-6580
-8021
-8778
-8037
-6219
-4578
-3825
-3475
-2551
-658
1765
3977
5556
6613
7470
8179
8473
8139
7166
5539
3220
436
-2276
-4470
-6109
-7463
-8784
-10019
-10752
-10546
-9406
-7830
-6249
-4560
-2388
290
2940
4980
6319
7330
8279
9031
9309
9125
8709
8199
7542
6726
5924
5317
4768
3861
2345
404
-1610
-3487
-5008
-5910
-6208
-6468
-7249
-8351
-8800
-7905
-6153
-4750
-4198
-3748
-2428
-228
2038
3731
4907
5993
7200
8238
8553
7876
6437
4601
2501
184
-2147
-4224
-5930
-7290
-8370
-9178
-9522
-9066
-7742
-6030
-4549
-3326
-1789
447
2943
4823
5691
5995
6373
6887
7082
6719
6153
5823
5697
5419
4944
4589
4434
4021
2921
1281
-464
-2107
-3562
-4593
-5023
-5192
-5729
-6840
-7875
-7897
-6761
-5382
-4637
-4308
-3452
-1634
666
2667
4024
5020
6215
7761
9043
9226
8081
6080
3753
1344
-1046
-3285
-5238
-6788
-7928
-8796
-9494
-9774
-9235
-7872
-6174
-4534
-2738
-386
2330
4546
5638
5961
6413
7299
8062
8146
7784
7588
7689
7638
7097
6280
5525
4752
3594
1980
152
-1755
-3736
-5548
-6805
-7505
-8099
-8886
-9509
-9264
-8023
-6565
-5671
-5069
-3789
-1448
1328
3737
5515
6865
8073
9211
9985
9897
8733
6765
4424
1963
-537
-3032
-5452
-7598
-9188
-10118
-10515
-10407
-9563
-7942
-5992
-4239
-2606
-556
2024
4404
5788
6313
6840
7756
8427
8108
7020
6125
5978
6183
6053
5470
4818
4245
3423
2068
265
-1736
-3633
-4974
-5494
-5618
-6168
-7418
-8608
-8647
-7281
-5495
-4471
-4197
-3573
-1897
350
2291
3622
4620
5645
6832
7878
8183
7349
5613
3509
1381
-705
-2731
-4592
-6063
-6954
-7385
-7748
-8162
-8153
-7196
-5507
-3925
-2893
-1944
-382
1630
3142
3574
3456
3741
4649
5541
5885
5883
6024
6394
6677
6710
6650
6585
6284
5442
3963
1870
-583
-2714
-3817
-4103
-4681
-6308
-8360
-9382
-8638
-6957
-5844
-5741
-5570
-4155
-1609
1021
2952
4194
5195
6433
7962
9245
9512
8484
6544
4279
2066
-21
-2020
-3858
-5259
-6146
-6862
-7775
-8537
-8378
-7117
-5573
-4578
-3918
-2674
-541
1632
2892
3302
3714
4590
5619
6393
6984
7599
8102
8165
7788
7361
7119
6750
5745
3983
1733
-669
-2822
-4234
-4799
-5186
-6209
-7839
-9042
-8841
-7425
-6046
-5593
-5525
-4613
-2508
-43
1873
3064
3905
4835
6072
7356
8015
7513
5977
3999
2106
388
-1350
-3221
-4978
-6242
-6975
-7503
-7954
-7963
-7213
-6038
-5089
-4433
-3422
-1646
340
1649
2175
2666
3659
4861
5721
6220
6726
7311
7654
7608
7522
7685
7770
7099
5455
3216
845
-1297
-2860
-3712
-4395
-5636
-7461
-8955
-9171
-8124
-6830
-6217
-6058
-5344
-3608
-1401
556
2078
3365
4606
5943
7286
8212
8194
7115
5324
3333
1442
-365
-2227
-4026
-5423
-6361
-7216
-8184
-8803
-8509
-7438
-6290
-5393
-4325
-2591
-471
1203
2063
2653
3666
5097
6424
7402
8187
8853
9193
9110
8867
8729
8493
7670
6057
3915
1561
-728
-2567
-3662
-4378
-5481
-7199
-8791
-9250
-8402
-7097
-6334
-6092
-5466
-3836
-1662
218
1489
2482
3635
5127
6694
7734
7738
6742
5263
3762
2311
673
-1258
-3182
-4551
-5213
-5637
-6334
-7124
-7356
-6792
-5904
-5193
-4485
-3298
-1661
-234
558
1084
2009
3414
4778
5730
6436
7214
8065
8792
9338
9733
9743
8969
7352
5293
3100
833
-1307
-2904
-4002
-5271
-7187
-9234
-10321
-10013
-9038
-8453
-8350
-7839
-6239
-3961
-1882
-304
1182
2983
5079
7095
8511
8931
8371
7272
6034
4689
2995
850
-1476
-3461
-4811
-5813
-7032
-8527
-9580
-9466
-8340
-7054
-6123
-5272
-4025
-2416
-785
745
2347
4078
5703
7054
8234
9375
10337
10876
10986
10805
10238
9053
7283
5238
2950
223
-2689
-4971
-6245
-7178
-8585
-10321
-11324
-10914
-9533
-8231
-7395
-6407
-4576
-2037
442
2389
3920
5404
6995
8528
9544
9663
8868
7525
5961
4250
2279
0
-2352
-4351
-5739
-6732
-7721
-8746
-9334
-9064
-8062
-6894
-5889
-4810
-3271
-1349
461
1863
2993
4128
5300
6435
7494
8456
9200
9619
9765
9767
9544
8765
7289
5386
3349
1121
-1247
-3257
-4538
-5554
-7007
-8822
-10085
-10105
-9189
-8236
-7677
-7001
-5571
-3484
-1433
203
1616
3171
4973
6837
8340
9028
8792
7963
6932
5740
4205
2252
134
-1779
-3321
-4667
-6077
-7482
-8494
-8734
-8224
-7356
-6551
-5842
-4881
-3398
-1591
21
1129
1932
2953
4533
6479
8192
9188
9511
9622
9915
10247
9989
8715
6708
4547
2322
-119
-2461
-4096
-5146
-6412
-8266
-9926
-10311
-9347
-8084
-7449
-7123
-6154
-4256
-2137
-435
840
2058
3427
4987
6469
7358
7286
6458
5382
4274
3006
1416
-394
-2128
-3438
-4304
-5048
-5970
-6833
-7150
-6790
-6198
-5806
-5471
-4719
-3398
-1925
-750
70
824
1785
3077
4597
6005
6941
7385
7724
8355
9212
9710
9326
8112
6517
4666
2417
35
-1803
-2924
-4041
-5764
-7772
-9014
-8906
-7949
-7224
-7091
-6831
-5700
-3872
-2098
-778
230
1276
2597
4158
5524
6221
6141
5575
4739
3657
2325
874
-480
-1545
-2273
-2904
-3718
-4642
-5211
-5140
-4665
-4318
-4289
-4281
-3839
-2868
-1710
-791
-223
310
1301
2973
4948
6545
7412
7851
8369
9097
9591
9298
8181
6809
5623
4346
2556
452
-1363
-2815
-4344
-6160
-7742
-8350
-7890
-7076
-6593
-6257
-5524
-4324
-3080
-2016
-1142
-403
365
1477
2842
3842
4020
3597
3079
2579
1953
1162
370
-337
-946
-1501
-2070
-2710
-3256
-3437
-3202
-2866
-2825
-3103
-3356
-3196
-2642
-2016
-1642
-1404
-862
377
2138
3774
4799
5395
6162
7347
8578
9213
8975
8151
7224
6263
4894
2986
1020
-469
-1624
-3108
-5191
-7241
-8239
-7991
-7352
-7175
-7240
-6822
-5739
-4434
-3299
-2373
-1494
-419
942
2352
3422
4018
4239
4166
3786
3213
2611
2023
1331
444
-637
-1848
-3010
-3904
-4427
-4721
-4958
-5147
-5150
-4901
-4452
-3896
-3289
-2635
-1800
-486
1460
3675
5445
6451
7067
7843
8802
9526
9633
9046
7934
6584
5171
3530
1536
-525
-2117
-3255
-4520
-6229
-7740
-8108
-7339
-6470
-6244
-6235
-5667
-4449
-3104
-1986
-1104
-290
607
1701
2849
3756
4188
4180
3910
3560
3256
2936
2388
1466
311
-813
-1728
-2391
-2821
-3177
-3605
-4075
-4346
-4300
-4035
-3695
-3282
-2759
-2164
-1455
-396
1183
2976
4455
5409
6159
7008
7913
8605
8889
8598
7674
6365
5058
3763
2205
433
-1102
-2260
-3454
-4936
-6213
-6557
-6091
-5715
-5949
-6236
-5887
-5021
-4228
-3610
-2825
-1730
-536
611
1790
2969
3896
4322
4328
4234
4272
4302
3981
3119
1873
568
-559
-1476
-2355
-3411
-4617
-5590
-6016
-6031
-6012
-6031
-5833
-5225
-4295
-3109
-1575
305
2199
3738
4936
6045
7149
8080
8763
9186
9178
8527
7378
6128
4803
3088
998
-895
-2215
-3269
-4494
-5714
-6359
-6382
-6368
-6718
-7013
-6664
-5749
-4848
-4186
-3436
-2287
-826
706
2168
3419
4280
4743
5073
5462
5734
5504
4643
3402
2105
877
-317
-1575
-3012
-4608
-6024
-6832
-7040
-7139
-7472
-7753
-7398
-6184
-4434
-2595
-855
859
2601
4351
5988
7320
8158
8546
8786
9071
9200
8758
7627
6129
4613
3027
1210
-637
-1999
-2767
-3404
-4361
-5423
-6013
-5989
-5752
-5653
-5636
-5571
-5393
-4934
-3948
-2562
-1282
-423
328
1440
2891
4198
5038
5515
5734
5599
4999
4072
3065
2083
1021
-337
-2094
-4018
-5604
-6489
-6824
-7090
-7514
-7797
-7351
-5923
-3904
-2003
-552
744
2337
4310
6270
7688
8332
8468
8579
8875
9120
8860
7838
6337
4932
3746
2264
292
-1433
-2133
-2250
-2911
-4384
-5629
-5744
-5160
-4994
-5565
-6150
-6112
-5478
-4544
-3436
-2378
-1634
-1046
9
1702
3385
4343
4654
4822
4961
4773
4113
3206
2227
1081
-412
-2144
-3755
-4989
-5881
-6601
-7236
-7722
-7874
-7359
-5956
-3953
-2083
-791
263
1704
3613
5385
6464
6857
7013
7284
7667
7927
7845
7314
6428
5418
4396
3116
1455
-33
-626
-519
-845
-2230
-3981
-4868
-4679
-4447
-5148
-6490
-7341
-7067
-6015
-4932
-4265
-3946
-3374
-1928
365
2637
4094
4767
5309
6010
6451
6134
5076
3692
2244
760
-786
-2349
-3919
-5468
-6871
-7893
-8393
-8377
-7898
-6945
-5522
-3853
-2206
-645
997
2728
4349
5706
6807
7623
8077
8235
8279
8260
8024
7381
6332
5158
4175
3328
2223
811
-491
-1371
-2123
-3112
-4219
-5023
-5472
-5995
-6778
-7368
-7179
-6360
-5533
-4990
-4375
-3284
-1705
95
1861
3441
4734
5743
6512
6965
6821
5944
4543
2999
1477
-73
-1704
-3347
-4868
-6180
-7190
-7749
-7697
-7136
-6390
-5682
-4797
-3324
-1218
950
2452
3168
3689
4644
5916
6843
6988
6613
6267
6192
6179
5916
5310
4589
4082
3847
3440
2358
783
-466
-898
-1123
-2126
-4034
-5854
-6622
-6415
-6075
-6149
-6457
-6455
-5773
-4406
-2734
-1265
-148
995
2581
4382
5674
6038
5778
5399
4994
4310
3205
1773
193
-1409
-2945
-4324
-5484
-6363
-6871
-6845
-6306
-5549
-4868
-4158
-3096
-1639
-142
1036
1881
2615
3436
4321
5063
5439
5414
5176
4992
5027
5265
5512
5496
5134
4638
4173
3498
2294
814
-388
-1270
-2445
-4165
-5813
-6596
-6605
-6636
-7046
-7257
-6624
-5333
-4040
-3035
-2093
-974
461
2224
4040
5233
5397
4947
4674
4730
4456
3326
1569
-201
-1713
-3068
-4344
-5395
-6065
-6353
-6363
-6183
-5809
-5176
-4255
-3165
-2100
-1138
-178
887
2027
3102
3970
4555
4903
5145
5419
5701
5817
5691
5571
5749
6074
6007
5302
4336
3518
2627
1224
-498
-1867
-2633
-3301
-4279
-5320
-5752
-5345
-4501
-3805
-3383
-2990
-2427
-1642
-612
532
1376
1688
1766
2120
2724
3097
2897
2287
1518
632
-396
-1409
-2204
-2798
-3334
-3802
-3962
-3719
-3345
-3225
-3332
-3265
-2791
-2203
-1854
-1642
-1163
-279
740
1536
1987
2300
2809
3643
4507
4984
4982
4817
4830
5074
5323
5316
4897
4135
3320
2641
1834
432
-1348
-2630
-2843
-2505
-2487
-2983
-3331
-2956
-2095
-1487
-1448
-1578
-1479
-1181
-946
-819
-775
-765
-695
-409
-19
133
-118
-494
-627
-607
-814
-1381
-1868
-1873
-1548
-1468
-1855
-2390
-2709
-2819
-2870
-2880
-2851
-2853
-2855
-2565
-1739
-520
574
1263
1790
2565
3562
4363
4665
4568
4428
4472
4574
4393
3861
3311
3013
2738
2063
1020
53
-530
-778
-760
-528
-271
-248
-412
-393
37
520
374
-539
-1477
-1714
-1472
-1570
-2312
-3199
-3609
-3408
-2914
-2501
-2309
-2191
-1938
-1487
-978
-564
-293
-114
16
111
105
-128
-647
-1259
-1659
-1785
-1884
-2125
-2239
-1836
-986
-221
168
494
1171
2075
2669
2694
2499
2598
2992
3219
3017
2685
2592
2677
2656
2494
2398
2507
2770
3129
3501
3628
3258
2687
2590
3085
3239
2228
555
-459
-398
-335
-1317
-3047
-4301
-4576
-4433
-4619
-5164
-5600
-5472
-4651
-3376
-2150
-1460
-1241
-928
-70
957
1393
1008
415
240
367
184
-595
-1538
-2015
-1849
-1463
-1284
-1317
-1208
-746
-72
472
686
665
714
1022
1388
1456
1152
837
867
1212
1503
1540
1552
1948
2758
3596
4126
4354
4517
4749
4897
4556
3608
2590
2142
2127
1698
407
-1202
-2187
-2369
-2481
-3247
-4477
-5412
-5682
-5544
-5408
-5426
-5478
-5224
-4379
-3076
-1900
-1284
-997
-445
470
1167
1128
569
155
225
510
535
192
-239
-495
-612
-694
-735
-758
-887
-1102
-1160
-979
-801
-834
-880
-606
-28
499
844
1315
2193
3201
3850
4096
4337
4763
5081
5002
4623
4263
4040
3867
3584
3017
2065
999
355
326
372
-171
-1199
-1955
-1996
-1813
-2116
-2955
-3720
-3998
-3956
-4012
-4319
-4672
-4621
-3876
-2741
-1952
-1837
-1821
-1206
-138
579
611
410
518
905
1190
1167
981
892
932
940
738
329
-143
-470
-555
-539
-624
-756
-659
-193
447
974
1313
1601
1989
2392
2588
2487
2258
2117
2094
2106
2126
2214
2365
2463
2449
2458
2626
2758
2529
2081
1958
2226
2161
1186
-204
-1064
-1173
-1301
-2161
-3581
-4749
-5211
-5276
-5426
-5731
-5877
-5610
-4855
-3798
-2787
-2115
-1624
-938
47
945
1370
1398
1458
1798
2163
2139
1610
930
499
398
304
-75
-624
-951
-865
-542
-229
-7
147
221
250
305
415
465
389
328
487
827
1028
912
678
695
1014
1404
1725
2130
2694
3234
3551
3670
3599
3261
2818
2552
2450
2017
1023
-188
-1015
-1365
-1712
-2464
-3425
-4078
-4298
-4358
-4504
-4679
-4759
-4556
-3962
-3111
-2366
-1840
-1209
-239
783
1354
1477
1569
1905
2304
2467
2288
1914
1605
1480
1400
1137
665
129
-313
-619
-843
-1126
-1523
-1922
-2143
-2112
-1924
-1731
-1637
-1572
-1388
-1030
-597
-172
224
631
1128
1785
2510
3089
3462
3750
4033
4261
4319
4066
3429
2723
2421
2476
2231
1300
159
-487
-573
-735
-1486
-2626
-3466
-3679
-3608
-3765
-4203
-4526
-4333
-3550
-2489
-1583
-981
-408
431
1468
2299
2716
2885
3056
3187
3015
2448
1670
961
426
-38
-637
-1450
-2320
-2944
-3160
-3152
-3235
-3475
-3569
-3207
-2488
-1840
-1533
-1339
-872
-101
614
984
1089
1256
1699
2294
2670
2665
2542
2658
3053
3409
3434
3165
2989
3130
3299
3053
2480
2068
2006
1962
1624
1100
694
491
262
-189
-810
-1403
-1839
-2074
-2201
-2414
-2765
-2944
-2647
-2031
-1566
-1387
-1208
-835
-469
-343
-376
-385
-390
-513
-743
-1031
-1403
-1832
-2107
-2091
-1967
-2055
-2367
-2545
-2333
-1918
-1658
-1587
-1469
-1198
-909
-708
-570
-479
-442
-366
-152
113
258
276
347
597
1016
1510
2012
2461
2813
3065
3266
3517
3942
4505
4907
4831
4459
4370
4798
5225
5001
4182
3389
2999
2670
1886
653
-511
-1335
-2075
-2973
-3868
-4509
-4910
-5133
-5142
-4971
-4843
-4838
-4734
-4278
-3564
-2966
-2688
-2527
-2137
-1514
-928
-563
-353
-203
-102
-50
-31
-118
-408
-859
-1238
-1385
-1398
-1484
-1662
-1744
-1600
-1303
-980
-647
-251
198
609
931
1255
1722
2336
2918
3324
3613
3913
4219
4504
4883
5450
5998
6285
6429
6601
6594
6116
5476
5170
5076
4558
3467
2388
1806
1480
736
-673
-2344
-3690
-4598
-5342
-6185
-7108
-7900
-8253
-8023
-7442
-6882
-6408
-5708
-4683
-3623
-2873
-2391
-1956
-1478
-1075
-865
-812
-765
-582
-348
-287
-534
-901
-1034
-756
-311
-95
-159
-140
277
949
1500
1753
1880
2125
2506
2812
2864
2750
2734
2953
3262
3409
3312
3128
3101
3272
3429
3376
3218
3220
3444
3719
3894
3991
4035
3997
3815
3568
3374
3209
2885
2274
1504
782
226
-288
-1013
-2123
-3426
-4502
-5203
-5791
-6576
-7507
-8286
-8633
-8547
-8280
-8080
-7869
-7343
-6441
-5415
-4504
-3636
-2668
-1637
-698
118
948
1892
2861
3663
4202
4535
4786
5010
5207
5319
5263
4989
4577
4169
3803
3361
2721
1943
1215
661
197
-329
-902
-1343
-1599
-1818
-2091
-2253
-2101
-1644
-1088
-576
-75
534
1308
2164
2991
3723
4436
5190
5763
5766
5171
4571
4417
4370
3674
2196
596
-517
-1231
-2172
-3623
-5221
-6371
-6984
-7427
-7985
-8595
-8992
-8947
-8340
-7403
-6536
-5846
-4926
-3457
-1707
-221
827
1781
2941
4230
5270
5886
6231
6568
6888
6950
6616
6033
5476
5008
4453
3560
2357
1180
329
-266
-934
-1745
-2500
-3009
-3336
-3598
-3850
-4083
-4226
-4160
-3822
-3306
-2758
-2290
-1902
-1485
-885
-115
647
1312
1991
2784
3523
3989
4295
4797
5608
6312
6433
6027
5669
5702
5786
5344
4284
3072
2134
1391
433
-980
-2647
-4134
-5179
-5870
-6465
-7108
-7643
-7705
-7124
-6207
-5437
-4858
-4025
-2664
-1096
124
837
1341
1971
2760
3464
3864
3961
3936
3953
3971
3795
3311
2609
1893
1242
582
-202
-1132
-2152
-3178
-4119
-4934
-5635
-6228
-6657
-6843
-6817
-6713
-6604
-6362
-5782
-4828
-3712
-2655
-1679
-624
622
2001
3329
4489
5539
6606
7646
8389
8658
8669
8834
9238
9454
9036
8094
7213
6778
6475
5676
4203
2586
1413
656
-287
-1858
-3817
-5525
-6588
-7212
-7837
-8640
-9344
-9502
-8922
-7877
-6887
-6123
-5249
-3921
-2359
-1076
-234
476
1317
2170
2735
2848
2620
2323
2157
2022
1611
801
-140
-833
-1243
-1662
-2275
-2917
-3328
-3510
-3674
-3932
-4170
-4230
-4029
-3587
-3013
-2483
-2045
-1490
-607
506
1498
2229
2945
3925
5051
5897
6292
6565
7108
7872
8463
8650
8576
8518
8591
8695
8605
8171
7453
6660
5904
5114
4207
3208
2167
1062
-116
-1315
-2507
-3747
-5090
-6448
-7655
-8573
-9247
-9797
-10234
-10423
-10247
-9735
-8941
-7948
-6874
-5857
-4851
-3700
-2347
-929
344
1347
2069
2621
3099
3481
3672
3629
3409
3091
2727
2307
1777
1130
489
23
-263
-576
-1092
-1718
-2157
-2259
-2200
-2225
-2301
-2173
-1705
-1070
-559
-262
53
693
1648
2567
3148
3474
3895
4630
5526
6217
6517
6586
6721
6956
7078
6888
6448
5982
5604
5181
4476
3395
2123
960
99
-550
-1341
-2539
-3971
-5107
-5691
-6041
-6627
-7533
-8373
-8773
-8713
-8530
-8509
-8544
-8220
-7281
-5953
-4647
-3551
-2475
-1166
377
1860
2938
3528
3842
4141
4453
4582
4375
3929
3518
3262
3021
2542
1806
1053
511
164
-193
-671
-1164
-1477
-1587
-1670
-1880
-2139
-2257
-2191
-2066
-1962
-1794
-1474
-1052
-624
-179
344
934
1515
2095
2768
3559
4314
4845
5152
5434
5845
6300
6589
6625
6493
6262
5924
5436
4858
4309
3866
3449
2901
2240
1616
1066
372
-573
-1583
-2416
-3107
-3912
-4913
-5928
-6680
-7095
-7294
-7408
-7479
-7464
-7260
-6712
-5799
-4735
-3768
-2932
-2048
-1064
-163
456
812
1071
1319
1530
1619
1531
1283
1029
895
789
519
53
-411
-748
-1036
-1423
-1934
-2474
-2950
-3298
-3494
-3535
-3464
-3339
-3144
-2779
-2198
-1522
-848
-89
870
1927
2848
3594
4321
5149
6036
6837
7436
7803
8012
8160
8245
8209
7999
7628
7137
6599
6049
5469
4865
4272
3689
2998
2135
1199
391
-277
-1013
-2039
-3273
-4398
-5193
-5813
-6614
-7701
-8747
-9341
-9456
-9405
-9477
-9621
-9550
-8989
-7983
-6878
-5997
-5264
-4309
-2992
-1653
-722
-183
351
1138
1996
2566
2723
2672
2699
2849
2932
2748
2317
1848
1521
1313
1053
650
256
90
172
277
217
61
50
327
785
1177
1361
1445
1690
2240
2982
3665
4148
4507
4906
5369
5730
5865
5905
6097
6449
6675
6586
6326
6160
6113
5968
5569
4982
4371
3780
3099
2239
1226
164
-894
-1905
-2841
-3746
-4723
-5786
-6758
-7468
-7978
-8511
-9164
-9736
-9972
-9814
-9453
-9088
-8740
-8272
-7503
-6387
-5051
-3713
-2441
-1130
264
1586
2638
3420
4080
4692
5204
5506
5543
5357
5113
4978
4883
4562
3877
3055
2402
1942
1472
883
278
-222
-591
-903
-1229
-1569
-1841
-1959
-1924
-1769
-1501
-1138
-720
-253
327
1016
1676
2195
2659
3222
3859
4363
4617
4750
4955
5242
5441
5405
5146
4784
4415
4048
3622
3090
2459
1798
1166
569
-61
-805
-1659
-2513
-3266
-3982
-4802
-5732
-6575
-7170
-7615
-8101
-8650
-9059
-9130
-8862
-8395
-7879
-7322
-6641
-5725
-4567
-3255
-1902
-586
699
1972
3198
4256
5035
5555
5932
6247
6464
6495
6322
5986
5509
4858
4015
3041
2077
1222
420
-452
-1384
-2167
-2652
-2931
-3198
-3495
-3677
-3614
-3313
-2911
-2548
-2251
-1849
-1122
-75
1026
1928
2645
3375
4218
5051
5680
6063
6345
6647
6923
7045
6971
6745
6422
6014
5492
4807
3954
3040
2197
1443
651
-324
-1453
-2552
-3486
-4316
-5182
-6029
-6686
-7110
-7463
-7817
-8038
-7962
-7593
-7117
-6668
-6274
-5795
-5094
-4160
-3167
-2327
-1640
-904
73
1196
2155
2792
3226
3665
4125
4454
4516
4310
3987
3718
3545
3286
2759
2016
1299
733
228
-355
-997
-1555
-1927
-2141
-2291
-2445
-2558
-2525
-2307
-2015
-1806
-1728
-1630
-1315
-736
-43
607
1200
1824
2522
3258
3969
4570
5006
5304
5541
5692
5641
5369
5003
4643
4240
3699
3021
2303
1589
873
101
-738
-1595
-2398
-3062
-3582
-3953
-4225
-4465
-4744
-5034
-5186
-5123
-4946
-4832
-4803
-4747
-4575
-4300
-3975
-3622
-3257
-2909
-2586
-2248
-1829
-1333
-838
-386
87
673
1330
1946
2469
2953
3418
3809
4063
4148
4048
3795
3486
3196
2894
2487
1913
1219
528
-49
-484
-864
-1250
-1608
-1845
-1935
-1933
-1898
-1816
-1643
-1358
-1038
-771
-565
-303
101
578
981
1261
1530
1892
2331
2744
3052
3251
3392
3509
3576
3521
3340
3132
2985
2849
2582
2091
1419
687
0
-618
-1196
-1742
-2238
-2669
-3014
-3217
-3258
-3232
-3254
-3285
-3199
-3005
-2846
-2808
-2798
-2676
-2416
-2111
-1893
-1801
-1756
-1600
-1222
-648
-27
457
756
1031
1477
2079
2633
2978
3113
3117
3050
2936
2757
2455
2021
1527
1093
732
317
-270
-973
-1596
-2016
-2259
-2437
-2666
-2972
-3251
-3316
-3124
-2842
-2627
-2455
-2175
-1728
-1213
-807
-577
-364
55
694
1331
1773
2037
2248
2496
2771
2972
2980
2795
2586
2485
2429
2265
1980
1703
1518
1401
1305
1185
1004
783
610
514
372
93
-207
-314
-214
-176
-403
-819
-1138
-1246
-1287
-1422
-1634
-1748
-1685
-1489
-1314
-1266
-1339
-1378
-1187
-754
-274
17
103
159
345
668
1022
1309
1494
1571
1550
1432
1250
1065
927
821
663
366
-89
-626
-1127
-1505
-1773
-2016
-2297
-2584
-2814
-2915
-2907
-2852
-2814
-2729
-2508
-2175
-1845
-1553
-1187
-702
-195
236
616
1017
1432
1807
2128
2385
2570
2679
2746
2805
2865
2914
2934
2916
2837
2665
2376
2038
1747
1547
1379
1170
909
624
348
87
-174
-439
-673
-853
-1007
-1187
-1377
-1498
-1469
-1320
-1189
-1193
-1296
-1347
-1288
-1185
-1148
-1171
-1170
-1087
-941
-807
-721
-672
-604
-478
-268
17
303
485
550
601
715
829
817
651
409
156
-122
-431
-719
-941
-1142
-1412
-1753
-2072
-2310
-2480
-2582
-2530
-2291
-1967
-1731
-1620
-1514
-1272
-862
-380
45
340
555
784
1089
1469
1883
2256
2513
2678
2827
2988
3089
3086
3037
3005
2975
2884
2676
2340
1916
1529
1289
1154
973
641
250
-33
-92
9
129
158
121
133
242
375
423
374
268
115
-121
-412
-688
-891
-1053
-1230
-1441
-1654
-1821
-1937
-1993
-1974
-1852
-1663
-1473
-1298
-1047
-647
-159
283
608
815
902
857
711
522
312
66
-228
-549
-870
-1170
-1437
-1680
-1907
-2122
-2318
-2484
-2612
-2685
-2713
-2716
-2711
-2663
-2492
-2173
-1767
-1376
-1040
-701
-299
149
575
954
1336
1753
2192
2596
2919
3141
3258
3307
3317
3274
3106
2808
2486
2250
2135
2053
1909
1669
1416
1241
1118
938
634
272
-38
-238
-354
-456
-571
-667
-682
-641
-637
-743
-909
-993
-878
-616
-412
-416
-552
-601
-467
-235
-62
-25
-89
-140
-87
47
194
309
397
422
362
236
120
50
14
-38
-174
-404
-666
-880
-1062
-1297
-1616
-1958
-2250
-2476
-2658
-2803
-2902
-2931
-2878
-2718
-2445
-2103
-1772
-1483
-1170
-784
-367
15
382
799
1284
1785
2282
2764
3182
3430
3486
3477
3502
3523
3411
3153
2830
2530
2281
2057
1783
1401
975
651
492
402
262
76
-49
-65
-9
43
96
201
372
520
543
455
362
347
383
417
417
360
199
-61
-359
-607
-808
-972
-1085
-1118
-1117
-1179
-1310
-1415
-1370
-1198
-1026
-956
-1003
-1137
-1322
-1500
-1615
-1711
-1860
-2065
-2219
-2264
-2300
-2458
-2740
-2983
-3047
-2925
-2760
-2670
-2646
-2571
-2362
-2041
-1687
-1341
-1018
-715
-421
-94
296
710
1073
1357
1641
2011
2454
2835
3030
3027
2942
2906
2929
2914
2802
2658
2596
2639
2701
2665
2487
2231
2028
1970
1988
1914
1685
1418
1261
1219
1200
1173
1169
1183
1127
942
650
357
166
82
12
-155
-441
-772
-1047
-1245
-1404
-1568
-1706
-1786
-1804
-1810
-1815
-1788
-1694
-1524
-1316
-1106
-937
-833
-777
-727
-671
-649
-726
-912
-1158
-1383
-1562
-1697
-1809
-1907
-2014
-2154
-2310
-2414
-2396
-2258
-2076
-1916
-1764
-1567
-1334
-1117
-928
-698
-353
116
646
1127
1457
1648
1855
2225
2700
3070
3235
3297
3368
3415
3362
3230
3095
2984
2873
2741
2585
2401
2203
2032
1908
1785
1628
1464
1358
1309
1244
1109
921
755
623
480
259
-34
-333
-580
-784
-984
-1199
-1390
-1513
-1555
-1548
-1537
-1548
-1592
-1674
-1811
-1943
-1961
-1791
-1531
-1367
-1364
-1418
-1403
-1326
-1261
-1248
-1292
-1427
-1665
-1980
-2291
-2549
-2721
-2836
-2940
-3081
-3250
-3388
-3423
-3315
-3100
-2863
-2668
-2458
-2134
-1659
-1117
-620
-206
170
563
975
1381
1774
2159
2517
2816
3060
3263
3423
3521
3564
3558
3516
3445
3373
3348
3398
3506
3599
3619
3557
3434
3276
3114
2955
2761
2487
2165
1874
1663
1491
1294
1039
747
446
162
-103
-366
-636
-914
-1194
-1454
-1670
-1835
-1975
-2107
-2213
-2279
-2337
-2452
-2637
-2830
-2951
-2962
-2892
-2788
-2700
-2632
-2549
-2402
-2185
-1956
-1765
-1634
-1559
-1534
-1557
-1586
-1589
-1565
-1539
-1511
-1465
-1395
-1291
-1133
-921
-700
-493
-247
93
470
774
991
1236
1601
2012
2327
2491
2581
2695
2882
3124
3350
3488
3509
3484
3499
3598
3711
3719
3546
3241
2899
2575
2274
2006
1780
1553
1283
965
615
230
-162
-514
-807
-1075
-1306
-1458
-1530
-1601
-1733
-1899
-2037
-2099
-2072
-1982
-1878
-1834
-1895
-2023
-2127
-2142
-2090
-2041
-2011
-1992
-1992
-2035
-2087
-2058
-1897
-1656
-1430
-1252
-1105
-968
-852
-733
-552
-307
-77
55
112
199
340
469
499
449
411
433
481
468
364
213
88
16
-14
8
98
238
370
457
529
602
668
702
750
836
935
983
982
999
1070
1147
1167
1147
1157
1226
1292
1276
1151
979
855
816
805
732
576
369
165
-17
-167
-275
-329
-338
-366
-474
-645
-772
-774
-681
-579
-518
-497
-475
-403
-257
-74
80
185
291
439
589
668
669
664
731
830
885
850
748
607
437
287
192
155
113
30
-116
-306
-499
-643
-731
-819
-934
-1056
-1166
-1281
-1409
-1526
-1615
-1698
-1767
-1772
-1697
-1592
-1506
-1393
-1189
-916
-672
-519
-437
-363
-245
-65
136
287
352
368
397
456
525
606
706
804
853
850
852
905
998
1096
1168
1197
1174
1121
1072
1034
984
900
789
663
556
484
449
429
423
445
512
609
702
776
847
929
982
961
885
845
881
952
999
1008
986
920
810
689
596
528
435
277
62
-162
-376
-594
-821
-1049
-1265
-1460
-1612
-1724
-1835
-1988
-2169
-2313
-2371
-2352
-2308
-2287
-2288
-2272
-2220
-2172
-2145
-2102
-1981
-1797
-1629
-1523
-1433
-1282
-1071
-853
-648
-439
-220
-18
137
230
267
287
353
481
623
733
821
919
1022
1079
1081
1066
1080
1128
1193
1262
1321
1381
1456
1548
1617
1624
1569
1487
1441
1487
1615
1736
1776
1766
1772
1801
1829
1851
1884
1914
1927
1911
1813
1608
1370
1222
1195
1206
1167
1055
869
621
362
161
34
-73
-238
-506
-868
-1260
-1587
-1798
-1949
-2171
-2522
-2929
-3246
-3388
-3369
-3267
-3166
-3099
-3030
-2893
-2691
-2470
-2270
-2069
-1857
-1665
-1533
-1442
-1331
-1169
-975
-767
-551
-340
-168
-41
73
199
343
486
612
688
698
680
708
829
983
1060
1020
941
941
1030
1126
1165
1178
1216
1274
1336
1404
1488
1564
1630
1712
1831
1966
2063
2103
2119
2161
2232
2279
2241
2116
1954
1816
1725
1673
1635
1594
1534
1430
1279
1117
973
827
644
432
225
31
-170
-402
-675
-977
-1279
-1548
-1770
-1969
-2163
-2369
-2584
-2786
-2940
-3019
-3032
-3018
-3023
-3056
-3081
-3056
-2988
-2923
-2894
-2866
-2774
-2583
-2344
-2137
-1977
-1812
-1588
-1310
-1024
-795
-656
-591
-541
-472
-392
-321
-249
-145
-23
82
152
251
431
684
930
1107
1210
1278
1356
1465
1593
1708
1797
1875
1974
2092
2214
2332
2459
2586
2693
2764
2839
2948
3086
3223
3337
3411
3425
3383
3319
3249
3148
2982
2781
2604
2459
2311
2125
1901
1618
1272
904
577
308
47
-259
-633
-1053
-1472
-1846
-2157
-2433
-2711
-3003
-3282
-3515
-3700
-3856
-3996
-4114
-4190
-4215
-4194
-4137
-4043
-3910
-3752
-3584
-3404
-3188
-2923
-2629
-2346
-2108
-1916
-1751
-1585
-1405
-1207
-1006
-807
-608
-399
-185
14
183
320
423
495
564
667
821
1006
1181
1312
1407
1506
1644
1822
2001
2146
2254
2347
2466
2625
2804
2971
3134
3319
3523
3709
3866
3999
4077
4057
3925
3724
3523
3356
3208
3029
2781
2471
2146
1841
1538
1182
761
329
-37
-321
-568
-838
-1137
-1445
-1736
-1998
-2231
-2439
-2632
-2784
-2865
-2894
-2947
-3084
-3257
-3351
-3302
-3172
-3094
-3131
-3237
-3296
-3237
-3085
-2940
-2875
-2869
-2835
-2703
-2479
-2225
-1997
-1826
-1702
-1605
-1514
-1404
-1242
-1007
-735
-510
-369
-279
-165
2
171
275
323
395
534
692
806
869
934
1041
1199
1388
1573
1717
1813
1901
2028
2212
2404
2557
2686
2834
3012
3189
3334
3420
3438
3401
3334
3283
3278
3328
3382
3350
3172
2890
2593
2341
2147
1994
1837
1594
1227
771
326
-49
-358
-632
-884
-1118
-1355
-1609
-1857
-2047
-2147
-2171
-2180
-2229
-2347
-2519
-2709
-2876
-2995
-3044
-3011
-2910
-2803
-2761
-2791
-2833
-2823
-2753
-2651
-2552
-2472
-2403
-2325
-2209
-2034
-1812
-1577
-1362
-1181
-1035
-925
-838
-733
-589
-439
-312
-170
31
255
429
551
682
860
1070
1289
1504
1711
1895
2058
2209
2364
2529
2704
2869
2998
3081
3139
3183
3200
3168
3087
2976
2857
2756
2677
2591
2449
2222
1940
1656
1419
1234
1058
835
534
187
-145
-396
-558
-653
-726
-816
-959
-1139
-1290
-1359
-1358
-1358
-1410
-1508
-1601
-1664
-1701
-1731
-1745
-1726
-1676
-1628
-1625
-1668
-1727
-1747
-1714
-1644
-1586
-1567
-1569
-1556
-1517
-1491
-1511
-1578
-1649
-1687
-1685
-1666
-1660
-1654
-1607
-1487
-1317
-1154
-1030
-919
-764
-541
-273
-24
142
200
198
214
281
357
410
452
503
540
555
605
742
954
1161
1296
1339
1325
1315
1359
1459
1571
1671
1764
1859
1921
1937
1932
1962
2026
2069
2056
2003
1948
1909
1873
1822
1737
1609
1439
1259
1125
1061
1026
954
822
673
556
473
403
349
337
373
430
453
406
301
183
92
29
-14
-48
-87
-165
-301
-482
-685
-901
-1119
-1320
-1491
-1650
-1805
-1928
-1977
-1973
-1998
-2112
-2295
-2466
-2565
-2586
-2576
-2593
-2637
-2646
-2575
-2439
-2298
-2168
-2038
-1887
-1711
-1510
-1293
-1085
-884
-668
-431
-222
-94
-47
-29
24
141
298
443
556
668
802
941
1068
1201
1363
1526
1638
1669
1644
1623
1664
1761
1867
1939
1975
1989
2000
2026
2070
2101
2087
2042
2009
2001
1984
1950
1937
1965
1986
1923
1775
1608
1480
1383
1266
1105
915
725
557
413
271
106
-84
-272
-452
-635
-836
-1058
-1297
-1532
-1729
-1880
-2020
-2163
-2283
-2370
-2436
-2503
-2557
-2594
-2631
-2684
-2743
-2794
-2841
-2885
-2912
-2893
-2804
-2674
-2541
-2416
-2267
-2077
-1901
-1790
-1726
-1655
-1559
-1457
-1340
-1157
-911
-660
-465
-316
-160
26
231
436
653
890
1137
1374
1587
1768
1935
2127
2375
2648
2875
2995
3023
3038
3115
3273
3469
3649
3769
3810
3776
3704
3652
3637
3625
3561
3436
3275
3088
2873
2659
2490
2376
2267
2109
1886
1635
1382
1137
902
684
471
228
-61
-371
-675
-982
-1311
-1643
-1943
-2217
-2500
-2794
-3067
-3283
-3445
-3564
-3646
-3698
-3737
-3781
-3822
-3849
-3877
-3923
-3988
-4027
-4001
-3910
-3762
-3572
-3356
-3150
-2996
-2882
-2745
-2550
-2323
-2109
-1914
-1735
-1576
-1416
-1217
-975
-751
-583
-415
-171
144
441
668
858
1078
1346
1637
1936
2234
2507
2705
2857
3036
3277
3524
3695
3776
3813
3876
3984
4100
4151
4110
4020
3954
3914
3828
3646
3395
3140
2905
2666
2425
2190
1963
1699
1388
1056
736
454
220
39
-114
-278
-495
-756
-1006
-1177
-1261
-1305
-1370
-1480
-1614
-1730
-1814
-1882
-1968
-2063
-2142
-2203
-2304
-2487
-2720
-2920
-3051
-3134
-3208
-3295
-3409
-3542
-3642
-3679
-3666
-3627
-3553
-3453
-3397
-3438
-3519
-3496
-3282
-2924
-2529
-2160
-1841
-1564
-1314
-1030
-675
-244
225
689
1108
1445
1696
1897
2109
2375
2691
3026
3335
3569
3701
3752
3791
3874
3986
4084
4144
4170
4166
4125
4039
3904
3737
3570
3409
3258
3114
2995
2897
2803
2691
2556
2409
2268
2148
2031
1887
1690
1423
1097
758
465
236
35
-186
-459
-796
-1171
-1530
-1823
-2059
-2279
-2485
-2645
-2775
-2952
-3229
-3559
-3837
-4011
-4103
-4164
-4219
-4283
-4366
-4450
-4490
-4450
-4341
-4187
-4008
-3812
-3628
-3471
-3332
-3197
-3049
-2858
-2575
-2214
-1828
-1485
-1196
-947
-711
-467
-185
144
482
798
1084
1356
1610
1820
1988
2156
2381
2676
2979
3211
3340
3412
3488
3603
3755
3918
4044
4093
4062
3973
3830
3646
3459
3319
3230
3143
3006
2819
2615
2424
2250
2077
1900
1710
1490
1230
950
702
532
447
397
323
187
-8
-226
-431
-601
-755
-921
-1115
-1333
-1566
-1805
-2043
-2277
-2503
-2712
-2907
-3102
-3294
-3452
-3544
-3587
-3632
-3727
-3858
-3962
-3972
-3874
-3709
-3514
-3322
-3159
-3041
-2932
-2779
-2559
-2279
-1962
-1648
-1386
-1224
-1145
-1070
-896
-586
-193
175
463
678
858
1005
1111
1197
1296
1425
1554
1667
1776
1910
2068
2236
2393
2538
2671
2801
2942
3092
3232
3342
3418
3451
3421
3317
3175
3048
2955
2875
2783
2681
2570
2452
2317
2155
1969
1766
1575
1419
1303
1201
1089
952
771
536
257
-25
-257
-411
-515
-627
-790
-1002
-1222
-1424
-1600
-1765
-1920
-2060
-2185
-2318
-2467
-2616
-2755
-2872
-2980
-3082
-3178
-3261
-3305
-3305
-3276
-3238
-3193
-3132
-3037
-2885
-2658
-2371
-2073
-1810
-1585
-1383
-1187
-994
-817
-647
-450
-193
100
350
486
505
482
508
636
847
1079
1287
1459
1596
1696
1768
1848
1972
2120
2234
2269
2261
2285
2375
2487
2557
2570
2554
2543
2541
2529
2488
2426
2360
2276
2137
1934
1719
1562
1484
1443
1378
1272
1134
967
775
585
448
371
308
206
46
-150
-344
-517
-684
-867
-1081
-1324
-1576
-1800
-1962
-2069
-2157
-2265
-2395
-2535
-2672
-2785
-2847
-2847
-2817
-2782
-2750
-2722
-2704
-2691
-2640
-2515
-2340
-2185
-2095
-2045
-1994
-1905
-1770
-1606
-1437
-1288
-1163
-1057
-970
-890
-807
-708
-573
-391
-171
35
192
318
467
678
948
1239
1482
1624
1665
1657
1662
1744
1920
2156
2359
2462
2484
2497
2547
2630
2738
2855
2942
2950
2876
2758
2649
2589
2579
2569
2501
2374
2251
2177
2129
2042
1878
1649
1405
1186
1016
894
781
628
408
133
-137
-344
-475
-565
-665
-785
-912
-1035
-1170
-1319
-1470
-1607
-1734
-1853
-1959
-2072
-2222
-2407
-2569
-2650
-2632
-2556
-2469
-2399
-2349
-2312
-2274
-2199
-2078
-1943
-1848
-1803
-1775
-1724
-1636
-1516
-1381
-1267
-1198
-1187
-1208
-1210
-1143
-999
-832
-691
-583
-489
-402
-294
-130
84
285
416
490
579
741
970
1216
1431
1609
1761
1891
1991
2057
2114
2198
2324
2460
2558
2595
2582
2541
2490
2464
2472
2494
2486
2412
2253
2026
1796
1650
1615
1625
1585
1461
1292
1128
974
790
561
326
144
18
-103
-257
-440
-628
-845
-1132
-1474
-1770
-1926
-1966
-1984
-2055
-2174
-2310
-2425
-2486
-2488
-2466
-2473
-2512
-2559
-2589
-2611
-2640
-2671
-2678
-2637
-2558
-2461
-2365
-2273
-2191
-2126
-2047
-1909
-1719
-1532
-1405
-1308
-1194
-1057
-947
-873
-789
-631
-392
-113
152
370
554
743
975
1235
1487
1713
1944
2190
2420
2597
2725
2851
3007
3188
3378
3551
3684
3754
3760
3714
3639
3575
3561
3596
3635
3628
3539
3359
3106
2826
2572
2373
2230
2103
1932
1658
1302
945
651
411
178
-50
-248
-409
-577
-811
-1117
-1437
-1708
-1920
-2112
-2321
-2535
-2716
-2824
-2882
-2960
-3099
-3262
-3352
-3339
-3271
-3214
-3193
-3192
-3203
-3213
-3199
-3139
-3045
-2941
-2853
-2794
-2766
-2751
-2697
-2564
-2351
-2097
-1850
-1641
-1484
-1368
-1259
-1098
-863
-577
-294
-48
168
370
562
753
986
1278
1586
1841
2033
2216
2452
2746
3043
3280
3427
3509
3563
3601
3593
3528
3425
3330
3273
3233
3162
3022
2846
2702
2637
2610
2527
2345
2101
1858
1624
1372
1098
839
618
430
248
54
-164
-403
-660
-935
-1238
-1552
-1832
-2031
-2151
-2234
-2311
-2370
-2393
-2395
-2407
-2443
-2476
-2481
-2471
-2480
-2537
-2629
-2714
-2756
-2741
-2673
-2561
-2437
-2347
-2319
-2318
-2268
-2143
-1979
-1821
-1681
-1549
-1419
-1267
-1084
-883
-692
-505
-320
-143
16
172
345
528
727
960
1235
1528
1792
1997
2167
2339
2526
2701
2845
2964
3078
3199
3308
3384
3401
3356
3256
3124
2982
2841
2724
2653
2621
2583
2494
2353
2193
2040
1879
1698
1490
1264
1037
806
563
309
85
-77
-183
-295
-456
-679
-922
-1123
-1256
-1355
-1467
-1601
-1727
-1826
-1906
-1988
-2082
-2197
-2333
-2473
-2561
-2561
-2488
-2378
-2274
-2187
-2142
-2168
-2275
-2425
-2541
-2573
-2523
-2432
-2326
-2213
-2104
-2025
-1986
-1972
-1950
-1897
-1803
-1678
-1536
-1395
-1274
-1167
-1045
-854
-576
-261
15
228
433
698
1021
1336
1594
1793
1965
2113
2226
2304
2385
2500
2638
2761
2854
2933
2988
2989
2920
2830
2754
2688
2616
2546
2483
2394
2248
2062
1896
1790
1727
1644
1496
1295
1083
891
738
624
524
393
213
18
-164
-345
-566
-821
-1056
-1213
-1302
-1364
-1436
-1521
-1617
-1731
-1854
-1968
-2061
-2149
-2241
-2316
-2342
-2325
-2304
-2297
-2295
-2282
-2277
-2289
-2284
-2223
-2111
-2004
-1931
-1875
-1817
-1760
-1714
-1638
-1490
-1278
-1062
-885
-735
-565
-362
-150
30
179
320
488
690
905
1111
1299
1489
1696
1912
2102
2262
2433
2645
2870
3038
3110
3101
3059
3013
2959
2872
2743
2605
2498
2426
2358
2264
2148
2033
1932
1814
1640
1404
1147
913
693
466
236
44
-93
-207
-335
-474
-590
-671
-729
-782
-847
-924
-1002
-1062
-1115
-1177
-1252
-1326
-1390
-1433
-1468
-1517
-1590
-1676
-1756
-1837
-1929
-2016
-2060
-2046
-2003
-1983
-2019
-2104
-2197
-2250
-2255
-2232
-2194
-2143
-2099
-2097
-2138
-2150
-2065
-1881
-1671
-1507
-1404
-1318
-1179
-977
-753
-546
-355
-154
66
305
555
800
1013
1187
1345
1512
1691
1857
1992
2105
2207
2299
2357
2376
2380
2386
2374
2322
2244
2178
2139
2106
2061
2006
1946
1870
1763
1625
1470
1327
1228
1185
1158
1098
990
871
774
692
598
477
340
208
102
15
-73
-181
-307
-409
-458
-468
-483
-541
-640
-771
-916
-1071
-1229
-1377
-1492
-1559
-1586
-1606
-1640
-1683
-1708
-1700
-1689
-1716
-1788
-1869
-1927
-1963
-1985
-1973
-1887
-1739
-1581
-1458
-1353
-1235
-1094
-943
-792
-650
-527
-418
-286
-102
130
378
608
800
945
1055
1156
1282
1431
1571
1670
1725
1781
1874
1978
2025
1980
1892
1830
1808
1790
1739
1640
1492
1313
1145
1019
941
902
895
918
941
925
857
759
676
625
596
576
572
576
560
490
372
242
120
8
-112
-236
-357
-479
-611
-748
-867
-975
-1096
-1251
-1433
-1640
-1855
-2041
-2156
-2204
-2225
-2240
-2224
-2149
-2042
-1962
-1948
-1967
-1962
-1909
-1833
-1761
-1694
-1627
-1574
-1537
-1492
-1406
-1275
-1137
-1038
-981
-909
-760
-541
-321
-149
-8
126
260
387
506
625
756
896
1029
1139
1230
1314
1383
1433
1480
1563
1693
1822
1896
1899
1879
1875
1897
1928
1955
1971
1975
1965
1943
1908
1864
1828
1824
1848
1867
1842
1763
1632
1457
1261
1093
985
927
876
799
690
563
415
238
59
-73
-148
-229
-375
-572
-765
-914
-1030
-1134
-1236
-1326
-1389
-1433
-1495
-1601
-1728
-1835
-1920
-2000
-2064
-2077
-2025
-1937
-1858
-1818
-1821
-1833
-1816
-1759
-1678
-1600
-1525
-1451
-1382
-1311
-1232
-1139
-1035
-914
-780
-652
-542
-456
-392
-337
-275
-183
-44
147
357
537
656
732
799
870
935
999
1081
1206
1365
1523
1628
1662
1641
1607
1593
1602
1624
1641
1646
1632
1601
1559
1505
1432
1353
1292
1266
1255
1209
1117
1012
946
933
927
871
749
586
416
264
140
50
-20
-92
-205
-357
-514
-632
-707
-783
-883
-988
-1066
-1119
-1174
-1238
-1295
-1320
-1313
-1297
-1320
-1382
-1446
-1472
-1463
-1446
-1428
-1404
-1366
-1333
-1320
-1334
-1360
-1371
-1358
-1330
-1285
-1207
-1097
-973
-849
-716
-559
-379
-194
-26
105
198
271
339
412
489
565
641
721
798
867
924
993
1091
1213
1341
1437
1473
1451
1410
1392
1405
1429
1448
1471
1495
1506
1507
1534
1608
1693
1732
1687
1574
1434
1313
1219
1128
1015
881
748
603
428
235
61
-77
-198
-323
-446
-544
-615
-672
-734
-811
-895
-976
-1045
-1101
-1160
-1245
-1356
-1468
-1555
-1615
-1649
-1662
-1661
-1666
-1690
-1725
-1752
-1769
-1786
-1809
-1825
-1804
-1742
-1676
-1634
-1597
-1512
-1355
-1147
-935
-765
-646
-555
-468
-382
-306
-215
-92
68
230
357
455
554
688
847
999
1118
1203
1261
1305
1336
1357
1369
1392
1427
1454
1451
1421
1394
1386
1400
1431
1476
1535
1593
1627
1614
1559
1494
1447
1431
1425
1393
1313
1215
1139
1090
1032
949
861
780
681
543
384
237
101
-40
-195
-351
-496
-610
-691
-750
-800
-857
-904
-929
-919
-893
-883
-912
-985
-1098
-1223
-1321
-1364
-1355
-1325
-1299
-1289
-1301
-1340
-1399
-1430
-1394
-1312
-1242
-1220
-1218
-1179
-1053
-859
-666
-546
-488
-444
-379
-302
-234
-173
-122
-75
-32
10
53
104
166
232
290
335
386
452
507
503
454
425
456
518
568
612
675
741
780
784
761
737
734
786
885
983
1043
1072
1098
1115
1102
1052
975
870
739
601
496
440
407
369
322
280
240
179
78
-62
-208
-310
-345
-354
-406
-525
-666
-766
-812
-834
-875
-942
-1011
-1052
-1068
-1083
-1106
-1122
-1100
-1034
-963
-935
-965
-1017
-1034
-997
-937
-892
-847
-755
-605
-459
-370
-329
-275
-190
-100
-41
2
55
129
211
284
347
411
490
578
645
667
666
685
751
859
970
1058
1114
1149
1156
1133
1081
1027
1003
1014
1044
1059
1055
1041
1021
983
929
889
901
965
1007
970
867
775
738
739
746
737
704
632
526
396
258
140
54
-3
-63
-158
-289
-422
-509
-547
-567
-600
-640
-673
-713
-780
-869
-948
-1001
-1052
-1108
-1150
-1167
-1160
-1139
-1096
-1042
-1002
-985
-970
-943
-926
-931
-945
-951
-944
-941
-933
-917
-890
-875
-883
-901
-901
-875
-835
-786
-720
-626
-507
-368
-231
-116
-47
-20
-17
-22
-28
-19
18
81
138
161
165
200
298
441
574
658
700
738
806
899
992
1056
1085
1099
1098
1074
1023
984
990
1037
1084
1099
1082
1056
1043
1025
966
848
704
577
497
454
411
332
213
87
-16
-91
-143
-150
-102
-25
13
-22
-113
-220
-316
-403
-488
-579
-678
-775
-843
-865
-861
-859
-861
-865
-871
-873
-848
-791
-728
-686
-644
-566
-455
-348
-285
-259
-242
-207
-162
-133
-138
-159
-149
-92
-23
12
15
36
112
229
347
438
490
503
487
469
476
525
607
704
793
859
910
951
979
990
999
1026
1068
1096
1074
1016
959
933
932
931
909
855
767
640
479
318
204
166
176
177
129
45
-28
-74
-109
-167
-252
-345
-422
-496
-593
-726
-871
-992
-1072
-1116
-1132
-1127
-1116
-1114
-1140
-1192
-1244
-1263
-1246
-1210
-1173
-1129
-1081
-1054
-1081
-1157
-1246
-1291
-1272
-1202
-1108
-1013
-920
-839
-768
-705
-637
-557
-465
-385
-336
-318
-295
-225
-105
28
140
228
318
413
491
542
581
637
717
804
877
920
930
922
907
892
876
865
862
856
826
779
771
836
957
1075
1152
1184
1176
1135
1088
1056
1041
1029
1014
1006
996
958
888
809
743
690
650
630
624
598
519
387
231
88
-12
-56
-66
-69
-76
-96
-128
-177
-254
-363
-489
-590
-644
-661
-671
-702
-756
-820
-872
-913
-952
-973
-946
-876
-821
-840
-920
-979
-958
-877
-804
-787
-824
-872
-892
-869
-800
-695
-582
-490
-440
-418
-394
-356
-291
-198
-110
-81
-109
-128
-80
15
100
149
170
175
172
203
294
432
554
619
638
628
607
578
570
592
631
659
659
622
545
451
399
423
485
520
508
485
477
480
479
483
493
486
426
312
182
86
52
62
71
30
-69
-186
-271
-307
-326
-366
-428
-482
-514
-541
-571
-588
-569
-510
-421
-326
-268
-271
-321
-383
-434
-473
-497
-508
-507
-492
-472
-470
-499
-538
-557
-545
-525
-490
-414
-287
-147
-54
-29
-50
-79
-91
-73
-13
82
175
222
216
195
201
248
329
423
498
530
530
527
546
586
631
675
717
756
769
753
732
745
804
871
903
879
802
688
574
502
485
485
443
356
276
250
275
311
323
290
208
91
-23
-106
-154
-165
-133
-69
-13
-1
-33
-86
-137
-180
-211
-233
-269
-335
-422
-507
-576
-634
-692
-741
-769
-771
-773
-770
-751
-702
-639
-588
-570
-583
-617
-657
-700
-727
-716
-660
-586
-528
-495
-473
-451
-433
-418
-406
-381
-330
-241
-128
-21
61
120
159
184
205
250
332
437
516
539
519
488
475
480
497
514
522
511
474
419
369
346
360
409
473
525
548
554
560
565
568
577
599
614
589
507
380
238
101
-14
-89
-117
-106
-88
-96
-139
-199
-236
-231
-194
-157
-139
-129
-111
-79
-45
-36
-69
-149
-245
-313
-350
-383
-427
-463
-468
-451
-445
-463
-475
-453
-405
-378
-391
-429
-467
-510
-547
-564
-565
-562
-556
-525
-459
-375
-300
-243
-191
-134
-66
13
93
151
165
138
110
102
110
114
123
174
288
432
543
581
546
479
434
447
506
566
589
564
490
382
270
195
168
177
199
214
204
155
94
73
119
191
228
230
235
247
239
196
153
153
211
303
378
388
322
219
152
144
178
206
201
169
124
76
34
1
-16
-27
-48
-93
-165
-249
-330
-389
-414
-405
-373
-342
-324
-315
-307
-311
-335
-369
-389
-378
-332
-274
-225
-201
-192
-193
-193
-192
-183
-158
-122
-73
-16
46
114
195
289
371
415
413
386
352
312
255
189
150
167
219
242
186
73
-25
-70
-81
-91
-91
-61
-11
23
20
10
32
97
163
177
133
71
36
24
4
-38
-78
-89
-84
-98
-141
-180
-174
-137
-109
-117
-147
-169
-190
-232
-321
-438
-539
-581
-561
-507
-441
-378
-330
-328
-377
-446
-495
-515
-533
-568
-622
-670
-688
-656
-572
-442
-283
-136
-37
4
15
29
59
104
145
176
200
212
201
159
114
83
65
38
24
58
145
242
301
302
263
224
218
232
232
214
213
264
369
488
564
576
553
540
541
531
512
514
545
583
596
568
503
428
387
407
473
541
570
550
504
461
445
463
503
535
543
529
505
476
432
359
256
145
66
15
-45
-136
-237
-308
-332
-320
-289
-240
-186
-141
-127
-141
-180
-239
-306
-353
-365
-354
-346
-355
-379
-417
-474
-554
-625
-651
-605
-514
-436
-404
-398
-379
-342
-301
-274
-251
-227
-187
-124
-67
-54
-83
-117
-132
-141
-161
-187
-206
-204
-172
-111
-44
4
26
26
16
-19
-80
-146
-169
-128
-57
-8
-1
-19
-47
-81
-121
-151
-134
-53
66
155
158
75
-40
-122
-152
-149
-154
-179
-204
-201
-177
-167
-187
-210
-208
-183
-173
-202
-251
-275
-249
-192
-131
-72
-15
23
23
-2
-3
47
123
186
216
223
224
231
244
256
265
282
312
327
308
265
232
229
244
256
250
224
190
158
118
63
5
-34
-37
2
73
157
217
239
229
205
183
174
201
261
324
352
335
300
281
278
264
241
228
242
266
274
264
252
255
272
290
296
293
284
266
235
181
112
45
1
-14
-6
20
57
78
59
4
-53
-87
-91
-79
-67
-72
-100
-138
-162
-170
-184
-216
-253
-256
-218
-160
-125
-121
-140
-168
-206
-255
-296
-307
-285
-262
-260
-278
-302
-338
-384
-410
-381
-291
-185
-121
-116
-152
-192
-213
-215
-211
-212
-210
-203
-193
-192
-213
-266
-334
-385
-393
-354
-281
-186
-86
-9
24
14
-19
-51
-74
-94
-124
-158
-165
-129
-67
-15
18
39
69
119
193
271
329
365
388
405
401
370
328
293
272
244
206
161
130
117
131
173
235
299
359
403
397
319
183
49
-37
-56
-32
-1
10
-4
-34
-69
-109
-142
-161
-163
-153
-141
-133
-131
-124
-111
-110
-140
-182
-201
-184
-155
-136
-129
-144
-186
-244
-283
-289
-269
-224
-158
-82
-20
15
16
-19
-91
-158
-160
-63
104
269
356
342
265
198
191
254
359
465
533
550
533
505
475
438
392
344
296
245
197
168
159
143
111
89
105
149
181
169
108
17
-84
-163
-200
-194
-167
-150
-154
-171
-178
-168
-147
-132
-134
-168
-230
-277
-289
-277
-269
-258
-240
-211
-174
-123
-79
-77
-109
-144
-147
-133
-119
-110
-97
-64
1
88
172
227
241
217
166
107
66
63
86
99
77
41
11
-5
-17
-21
-20
-29
-45
-40
-8
19
3
-55
-127
-197
-263
-322
-357
-352
-310
-250
-188
-137
-107
-106
-123
-131
-104
-44
26
74
89
68
32
25
77
171
251
283
257
179
68
-31
-72
-69
-62
-78
-95
-96
-87
-93
-98
-66
19
130
221
260
233
166
90
44
25
34
58
81
89
78
62
60
80
120
154
156
113
29
-75
-163
-202
-184
-137
-97
-84
-90
-92
-67
-13
56
117
165
199
218
214
183
124
47
-17
-40
-13
33
62
51
2
-78
-179
-287
-369
-388
-335
-240
-132
-32
60
131
176
191
187
167
128
71
8
-42
-85
-113
-107
-41
72
181
235
241
238
261
291
305
271
182
38
-119
-241
-312
-337
-328
-287
-226
-151
-56
56
159
217
201
111
-26
-159
-243
-262
-248
-226
-197
-146
-81
-30
2
27
72
142
231
299
308
249
136
2
-117
-172
-139
-57
5
14
-20
-67
-97
-81
6
140
265
319
285
185
58
-47
-96
-85
-35
32
98
133
110
26
-79
-163
-195
-186
-168
-161
-149
-112
-63
-41
-56
-76
-82
-89
-108
-122
-121
-116
-126
-150
-177
-200
-212
-214
-197
-159
-93
-20
22
16
-15
-28
-14
14
45
94
175
261
304
289
249
244
301
408
512
566
535
332
-143
-785
-1167
-902
-139
474
433
-76
-409
-196
319
680
754
714
647
490
270
201
435
854
1125
943
279
-570
-1126
-1118
-724
-408
-474
-814
-1081
-1053
-820
-593
-458
-336
-162
-13
-7
-113
-155
29
401
718
735
414
-37
-346
-371
-197
-56
-140
-405
-613
-610
-474
-378
-315
-153
128
323
201
-214
-607
-653
-320
128
400
456
443
483
526
487
400
415
591
778
752
465
104
-99
-88
6
42
-2
-34
21
166
324
445
530
619
722
791
807
814
879
994
1068
1001
786
518
327
261
277
290
237
91
-153
-453
-734
-905
-936
-866
-770
-719
-731
-781
-804
-740
-577
-364
-182
-83
-66
-100
-142
-170
-191
-213
-219
-179
-88
50
224
398
490
421
198
-92
-346
-514
-595
-623
-623
-618
-624
-664
-708
-696
-594
-428
-256
-99
22
93
92
28
-71
-167
-225
-217
-136
-29
35
43
59
127
190
180
130
142
258
414
534
590
573
469
285
105
17
35
86
119
125
81
-42
-215
-335
-326
-225
-110
-43
-14
14
70
150
231
313
413
518
554
448
209
-63
-245
-286
-224
-131
-43
52
167
275
311
249
143
69
35
-35
-205
-423
-575
-612
-604
-637
-688
-672
-560
-407
-245
-51
175
353
410
375
318
260
179
74
-16
-71
-112
-159
-185
-122
61
307
499
567
524
427
310
195
118
117
181
255
281
243
191
192
301
476
588
521
293
44
-100
-120
-66
24
144
262
314
259
125
8
-26
8
44
31
-34
-126
-207
-237
-205
-148
-126
-142
-132
-36
133
318
449
482
415
279
112
-37
-114
-100
-42
-20
-88
-230
-371
-423
-347
-177
10
140
179
122
-8
-157
-282
-368
-434
-493
-535
-544
-497
-387
-233
-79
26
60
30
-28
-83
-128
-168
-206
-223
-204
-139
-35
75
144
143
78
-5
-81
-145
-213
-257
-215
-55
153
271
219
50
-104
-140
-63
35
88
79
53
31
-2
-84
-210
-299
-286
-190
-102
-73
-65
-18
70
143
131
30
-87
-131
-101
-70
-120
-241
-349
-363
-268
-98
98
277
405
457
409
264
70
-64
-64
18
33
-80
-217
-228
-95
56
101
35
-37
-26
53
106
54
-86
-205
-196
-54
120
235
291
340
385
370
270
135
60
69
108
111
85
106
210
351
412
335
183
80
99
202
288
281
177
20
-151
-319
-476
-571
-520
-283
54
317
408
396
425
521
578
498
311
134
36
-11
-74
-169
-224
-151
59
291
402
357
264
265
359
423
346
163
5
-44
-3
46
66
88
149
221
227
141
26
-33
-30
-28
-87
-174
-201
-116
22
84
-11
-229
-447
-546
-500
-383
-304
-303
-321
-305
-297
-377
-519
-601
-551
-441
-379
-382
-383
-327
-237
-174
-200
-319
-476
-600
-669
-705
-717
-683
-586
-461
-355
-290
-239
-168
-83
-32
-65
-162
-263
-311
-314
-293
-251
-165
-33
109
227
312
380
429
447
416
350
272
208
168
152
151
153
168
212
287
369
427
452
454
443
446
481
544
600
588
485
336
238
257
365
467
479
392
268
178
150
154
164
175
184
161
96
28
18
105
256
373
351
161
-126
-389
-543
-577
-527
-430
-335
-283
-280
-281
-218
-94
27
69
29
-40
-101
-161
-237
-320
-376
-392
-370
-312
-203
-47
123
253
302
277
206
127
61
36
84
194
295
311
247
189
213
313
421
491
515
516
514
529
562
592
570
466
302
143
43
19
68
166
259
269
165
1
-124
-159
-122
-51
19
72
94
90
75
84
134
201
231
180
63
-81
-224
-364
-479
-535
-511
-461
-439
-452
-478
-492
-485
-454
-419
-406
-415
-432
-474
-574
-731
-877
-937
-894
-786
-673
-606
-605
-650
-679
-633
-497
-320
-177
-127
-182
-297
-402
-436
-398
-341
-314
-323
-312
-225
-65
95
177
176
146
148
189
226
225
181
131
102
91
79
53
21
-15
-47
-62
-51
-9
82
214
347
443
519
627
757
840
821
724
608
502
410
337
297
281
265
250
256
308
412
550
667
686
574
382
211
114
64
27
18
83
201
296
296
225
149
107
93
94
115
163
240
330
395
408
363
285
209
169
178
230
309
400
478
497
414
235
46
-55
-30
60
106
61
-31
-92
-106
-122
-182
-259
-294
-274
-264
-315
-415
-478
-418
-247
-59
30
3
-64
-108
-143
-223
-352
-478
-553
-569
-556
-530
-492
-428
-348
-274
-226
-204
-192
-171
-130
-90
-92
-163
-277
-367
-404
-408
-407
-394
-329
-215
-126
-142
-275
-436
-518
-466
-322
-164
-55
-10
-8
-35
-104
-213
-300
-286
-173
-54
-41
-136
-245
-272
-225
-161
-111
-56
14
58
25
-92
-229
-313
-314
-256
-181
-102
-19
47
72
57
42
75
191
378
565
663
634
533
453
447
483
473
384
268
211
231
281
330
383
444
483
463
372
244
117
11
-74
-150
-203
-194
-87
86
248
341
382
408
427
412
361
313
318
380
446
442
361
244
149
101
102
151
215
267
287
290
284
267
253
259
296
334
325
244
113
-17
-91
-122
-155
-215
-268
-274
-261
-287
-375
-460
-462
-366
-215
-82
-12
-30
-139
-302
-452
-530
-526
-467
-402
-380
-406
-437
-424
-350
-219
-67
71
158
182
146
52
-77
-197
-263
-272
-251
-230
-202
-141
-32
89
162
164
134
135
172
197
168
110
73
51
1
-95
-204
-263
-240
-149
-48
-11
-60
-145
-209
-254
-301
-341
-344
-304
-242
-177
-136
-124
-126
-106
-64
-45
-73
-123
-147
-141
-144
-166
-182
-129
16
215
379
431
357
203
25
-139
-257
-304
-266
-168
-52
58
162
270
387
516
634
699
663
530
348
143
-72
-287
-457
-542
-549
-516
-480
-432
-337
-178
17
178
262
276
250
206
145
71
4
-44
-76
-83
-54
25
143
277
380
396
313
175
77
72
152
257
340
375
369
345
323
310
315
329
320
249
125
13
-21
56
210
366
443
426
354
281
216
170
146
141
112
29
-96
-224
-317
-354
-322
-224
-82
55
160
244
346
466
557
559
435
190
-134
-437
-612
-618
-508
-377
-296
-273
-272
-240
-151
-19
109
182
183
105
-52
-272
-493
-642
-692
-678
-632
-551
-429
-286
-162
-97
-106
-170
-244
-285
-286
-270
-259
-260
-255
-226
-169
-89
1
89
152
161
100
-5
-92
-113
-64
6
59
73
46
-15
-98
-166
-185
-143
-73
-30
-50
-130
-215
-249
-222
-169
-122
-67
33
177
320
408
405
322
208
117
75
70
81
96
110
119
130
151
190
233
267
281
273
258
250
245
209
125
6
-109
-189
-220
-186
-70
107
276
378
397
353
269
164
71
26
43
93
126
106
37
-50
-99
-69
48
198
312
342
282
152
4
-109
-158
-142
-87
-25
8
-1
-56
-122
-156
-131
-68
-22
-33
-94
-152
-172
-157
-142
-137
-115
-47
58
146
170
113
-5
-150
-288
-396
-445
-422
-340
-251
-198
-181
-160
-92
29
169
285
340
350
345
341
314
243
135
6
-115
-206
-249
-243
-183
-71
73
220
333
393
391
326
214
100
38
44
69
38
-57
-164
-214
-190
-134
-99
-103
-134
-169
-184
-176
-157
-152
-150
-117
-45
19
31
6
0
39
89
120
135
159
191
201
168
91
0
-59
-74
-81
-109
-114
-46
78
174
191
149
91
50
26
10
-7
-13
25
117
222
270
244
197
203
264
310
266
137
-7
-116
-202
-296
-392
-449
-431
-334
-185
-13
131
213
206
126
2
-120
-190
-198
-167
-135
-108
-80
-47
-21
-23
-61
-127
-201
-268
-316
-352
-381
-410
-417
-386
-332
-283
-244
-179
-61
89
210
256
224
148
63
-11
-74
-134
-193
-242
-255
-207
-102
32
148
208
176
46
-129
-261
-295
-248
-172
-102
-45
6
60
123
173
173
114
40
15
59
123
139
88
17
-26
-25
12
79
161
220
225
195
173
184
200
186
140
88
56
53
75
107
125
124
101
59
6
-31
-21
36
110
158
159
118
72
43
27
-2
-46
-76
-55
32
156
258
310
329
340
321
231
80
-69
-151
-137
-53
47
102
109
100
111
141
176
213
250
267
250
196
129
71
47
65
100
114
110
127
187
266
324
348
339
300
228
135
56
14
9
-3
-57
-138
-197
-197
-134
-51
-1
-16
-77
-143
-194
-225
-228
-213
-203
-217
-240
-242
-210
-170
-160
-187
-234
-292
-370
-472
-568
-609
-569
-468
-350
-241
-150
-85
-49
-51
-93
-174
-271
-356
-418
-465
-482
-453
-377
-266
-139
-7
92
123
90
42
30
57
97
114
82
11
-54
-75
-60
-52
-73
-120
-164
-204
-240
-267
-273
-250
-204
-143
-71
4
62
82
55
-6
-73
-104
-70
23
134
225
275
290
279
250
213
188
221
326
458
542
541
484
422
391
389
390
378
361
362
370
359
328
307
322
354
360
304
184
45
-59
-96
-66
4
83
142
164
153
132
110
93
72
50
38
59
109
155
160
122
77
55
54
36
-17
-92
-149
-156
-121
-83
-65
-63
-60
-39
0
36
48
22
-48
-170
-327
-464
-505
-429
-277
-119
2
89
141
145
91
-2
-96
-163
-193
-195
-194
-206
-223
-227
-204
-175
-169
-184
-192
-152
-59
64
174
238
249
224
188
147
83
-1
-75
-95
-58
-15
-14
-47
-62
-42
-11
-8
-54
-142
-245
-323
-367
-394
-407
-377
-295
-195
-131
-117
-136
-173
-223
-273
-293
-276
-242
-227
-241
-264
-252
-183
-69
64
185
281
330
321
279
260
286
315
297
224
133
57
24
49
115
167
166
137
121
119
112
106
125
169
203
193
131
39
-41
-79
-81
-73
-59
-36
-14
-11
-26
-46
-68
-93
-113
-119
-115
-112
-110
-106
-98
-75
-40
-10
-5
-22
-38
-56
-79
-106
-118
-112
-104
-99
-91
-78
-56
-22
23
75
120
156
176
187
202
226
251
258
246
218
199
206
248
304
366
433
486
491
423
306
189
108
68
61
62
60
48
22
-22
-76
-120
-138
-127
-90
-43
6
50
85
105
115
143
197
253
265
213
108
-11
-119
-199
-243
-234
-169
-82
-18
11
31
64
99
96
42
-42
-114
-150
-142
-129
-141
-173
-194
-193
-192
-203
-219
-223
-209
-189
-184
-209
-254
-311
-355
-381
-388
-391
-379
-326
