-490
-520
-510
-442
-329
-194
-75
-2
-15
-115
-263
-398
-486
-529
-531
-482
-374
-242
-141
-100
-96
-85
-49
1
48
55
-9
-118
-201
-190
-119
-80
-122
-219
-307
-340
-307
-236
-196
-240
-368
-496
-524
-434
-296
-197
-156
-154
-171
-215
-275
-315
-299
-218
-82
80
208
249
206
122
21
-89
-166
-147
-22
150
293
373
374
281
111
-68
-183
-200
-132
4
172
325
410
410
328
210
115
67
45
21
7
17
38
67
134
236
330
389
430
462
465
424
358
280
198
118
73
83
125
161
158
110
25
-78
-169
-197
-128
8
123
148
117
77
25
-81
-221
-323
-351
-330
-284
-218
-151
-111
-127
-210
-324
-412
-417
-327
-177
-17
111
177
170
104
35
19
67
143
217
290
371
447
502
521
498
434
351
283
249
264
291
292
249
198
175
192
246
329
421
479
481
437
369
287
210
177
211
277
316
289
204
101
13
-45
-95
-163
-250
-306
-300
-254
-224
-238
-264
-268
-253
-252
-288
-363
-461
-551
-605
-620
-615
-607
-597
-591
-591
-594
-588
-566
-524
-453
-358
-261
-198
-189
-213
-238
-247
-236
-204
-144
-85
-64
-88
-130
-147
-113
-38
40
83
92
100
115
115
62
-14
-64
-60
-26
5
39
109
216
304
318
270
235
260
323
376
376
318
209
80
-27
-64
-25
43
80
45
-39
-113
-131
-118
-140
-193
-216
-160
-63
4
14
-19
-61
-72
-15
94
202
251
255
273
336
406
424
375
309
272
257
232
173
114
89
103
114
87
43
40
102
209
311
369
371
317
219
88
-60
-209
-325
-364
-310
-202
-99
-39
-42
-104
-189
-238
-213
-135
-56
-23
-44
-94
-143
-173
-178
-168
-135
-95
-68
-67
-86
-103
-131
-189
-270
-326
-303
-208
-77
26
73
76
78
113
191
305
427
514
521
464
366
269
192
147
123
110
125
171
217
232
247
285
322
314
274
247
224
162
52
-41
-53
11
92
136
117
37
-69
-148
-184
-208
-246
-285
-308
-335
-370
-385
-339
-252
-184
-177
-200
-203
-165
-105
-48
-13
-6
-21
-39
-32
2
42
44
-4
-62
-85
-66
-30
4
30
35
-22
-140
-292
-421
-497
-499
-420
-289
-164
-105
-107
-123
-105
-59
-15
16
67
161
262
294
225
104
1
-67
-106
-135
-155
-181
-217
-257
-316
-407
-523
-607
-600
-488
-315
-145
-49
-49
-103
-121
-48
99
259
351
319
165
-33
-172
-218
-195
-128
-23
100
181
187
135
107
150
246
326
348
333
292
232
158
87
35
-19
-63
-79
-53
-12
21
54
83
107
126
157
207
283
385
492
546
527
459
376
307
272
306
397
478
490
423
331
264
257
300
357
370
300
173
60
19
53
137
223
283
300
265
198
145
155
220
296
342
326
254
158
101
103
132
154
158
155
152
161
166
132
24
-136
-289
-371
-371
-346
-361
-417
-460
-467
-459
-453
-433
-386
-321
-272
-266
-304
-372
-437
-486
-509
-506
-492
-470
-459
-472
-509
-538
-519
-449
-379
-370
-427
-498
-527
-499
-435
-368
-327
-318
-335
-367
-394
-391
-340
-265
-200
-150
-96
-47
-43
-89
-148
-177
-184
-183
-164
-116
-39
52
119
111
41
3
82
260
423
475
399
256
114
36
32
90
168
248
328
386
398
361
323
310
321
336
347
353
329
270
188
107
42
9
43
165
360
564
705
739
682
579
464
354
280
244
235
214
145
4
-190
-361
-435
-384
-246
-69
92
186
188
118
41
29
92
180
227
204
129
35
-33
-58
-65
-97
-137
-122
-31
85
147
139
108
106
149
200
225
212
172
140
128
152
196
240
253
222
160
87
24
-30
-77
-113
-113
-60
28
90
86
12
-67
-91
-40
46
112
142
133
78
-36
-155
-197
-128
-14
31
-36
-175
-310
-393
-421
-406
-358
-297
-236
-184
-139
-116
-122
-144
-152
-135
-106
-102
-156
-267
-387
-464
-500
-518
-522
-492
-422
-330
-261
-263
-340
-445
-497
-475
-410
-343
-268
-176
-95
-64
-87
-116
-133
-171
-264
-392
-490
-512
-441
-320
-222
-206
-265
-327
-326
-245
-117
2
55
38
-9
-37
-36
-28
-13
42
169
341
493
554
518
432
327
190
32
-75
-64
44
173
285
394
518
629
698
704
671
644
676
757
797
725
577
453
389
360
356
407
512
607
613
518
382
282
256
301
405
551
697
786
773
650
450
252
137
130
185
245
274
254
173
41
-88
-155
-136
-73
-18
-14
-70
-180
-296
-354
-338
-292
-268
-276
-287
-271
-241
-245
-309
-388
-433
-450
-488
-554
-611
-638
-654
-674
-711
-750
-748
-685
-565
-451
-379
-358
-359
-351
-317
-276
-252
-261
-288
-292
-262
-218
-203
-219
-235
-240
-253
-287
-331
-357
-341
-270
-151
-14
100
169
197
191
155
100
51
35
71
145
213
221
167
88
29
4
10
46
96
152
201
226
225
228
280
385
487
509
435
314
215
156
132
139
183
236
254
232
189
121
26
-60
-109
-121
-122
-98
-35
53
139
220
306
380
407
383
333
281
222
161
112
79
54
36
37
64
95
101
75
30
0
12
70
150
209
216
162
57
-65
-168
-230
-282
-368
-489
-594
-640
-613
-540
-443
-355
-272
-165
-21
124
203
203
140
62
4
-12
-6
-14
-52
-117
-194
-272
-329
-362
-388
-420
-445
-430
-377
-310
-256
-219
-197
-181
-147
-80
7
63
65
49
60
87
84
67
103
215
332
378
347
301
283
304
349
409
469
507
507
462
393
333
327
364
403
401
355
284
202
119
66
63
106
157
207
255
300
325
319
269
168
30
-98
-170
-165
-84
36
143
183
169
133
102
81
59
33
-4
-32
-47
-71
-118
-150
-115
-9
100
129
30
-164
-358
-490
-551
-570
-539
-476
-421
-406
-396
-346
-269
-217
-234
-305
-387
-440
-435
-371
-294
-275
-355
-484
-575
-576
-514
-437
-378
-345
-314
-259
-169
-85
-34
-3
22
38
40
53
90
118
107
74
69
101
145
177
193
203
219
250
292
344
389
405
372
329
327
379
429
437
402
355
313
292
303
340
370
361
291
180
58
-29
-57
-60
-79
-131
-163
-142
-91
-52
-15
62
165
225
187
76
-37
-96
-84
-23
55
124
161
153
105
23
-86
-213
-321
-372
-353
-289
-211
-147
-120
-123
-115
-72
-29
-29
-83
-156
-227
-288
-308
-255
-134
-15
33
21
19
64
131
170
198
250
325
355
293
176
81
47
33
5
-29
-42
-37
-53
-97
-133
-117
-43
38
84
89
80
76
77
65
15
-58
-121
-133
-87
-10
45
53
44
69
133
185
186
161
152
163
159
115
16
-112
-229
-292
-301
-270
-220
-174
-172
-204
-217
-171
-95
-25
44
111
130
71
-13
-36
32
122
145
66
-49
-124
-126
-87
-59
-66
-94
-112
-109
-94
-84
-94
-132
-165
-131
2
181
280
233
94
-14
-33
-6
6
-1
27
119
250
345
349
267
142
41
22
101
215
270
219
100
-5
-49
-38
-12
0
2
-8
-45
-148
-307
-445
-474
-367
-188
-4
126
181
163
86
-21
-135
-203
-186
-86
26
62
-3
-130
-221
-229
-154
-36
64
81
-7
-141
-217
-224
-239
-310
-383
-374
-313
-281
-319
-344
-289
-163
-60
-30
-36
-7
73
166
245
321
414
471
399
179
-23
8
309
638
712
498
206
80
164
332
424
383
284
224
221
194
56
-162
-343
-410
-386
-327
-258
-180
-144
-191
-338
-540
-686
-606
-173
492
1063
1220
1012
764
796
1117
1480
1664
1610
1404
1130
863
641
474
318
93
-248
-676
-1081
-1362
-1533
-1681
-1846
-1944
-1850
-1546
-1149
-825
-632
-503
-320
-28
344
735
1098
1395
1568
1580
1434
1199
971
796
638
421
95
-319
-732
-1069
-1305
-1449
-1516
-1512
-1476
-1469
-1499
-1484
-1325
-1029
-737
-577
-537
-488
-316
-36
245
438
534
573
581
556
508
457
422
395
342
238
101
1
-3
98
262
459
679
923
1184
1484
1863
2334
2802
3120
3189
3069
2874
2560
1823
405
-1457
-3010
-3602
-3371
-3163
-3750
-5048
-6215
-6474
-5801
-4806
-4022
-3470
-2866
-2032
-984
260
1770
3509
5171
6277
6575
6273
5803
5359
4775
3858
2674
1417
102
-1378
-2957
-4278
-5009
-5261
-5443
-5691
-5575
-4590
-2843
-1000
415
1543
2908
4779
6843
8511
9460
9703
9190
7590
4926
2145
575
508
617
-840
-4223
-7944
-9878
-9367
-7740
-6806
-7086
-7677
-7440
-5996
-3638
-791
2262
5167
7336
8331
8412
8468
9080
9809
9574
7749
4744
1590
-920
-2695
-4211
-6001
-8192
-10361
-11805
-12047
-11126
-9500
-7653
-5773
-3802
-1703
411
2492
4675
7005
9120
10452
10815
10678
10734
11199
11517
10876
8956
6115
2874
-492
-3730
-6314
-7756
-8270
-8759
-10011
-11722
-12542
-11289
-8258
-5132
-3419
-3105
-2840
-1338
1547
4878
7517
8913
9209
8882
8399
8113
8017
7555
5854
2612
-1316
-4503
-6222
-7021
-7932
-9330
-10641
-11071
-10421
-9064
-7315
-5109
-2488
41
1907
3255
4854
7176
9685
11257
11332
10546
10086
10354
10562
9581
7039
3456
-315
-3542
-5784
-7003
-7676
-8566
-10080
-11665
-12093
-10635
-7940
-5501
-4234
-3674
-2551
-47
3454
6721
8729
9406
9434
9497
9769
9926
9443
7862
5122
1735
-1377
-3446
-4475
-5339
-7080
-9797
-12247
-12826
-11096
-8296
-6212
-5500
-5190
-3781
-790
2893
5951
7766
8596
9045
9593
10510
11732
12639
12321
10352
7295
4156
1503
-748
-2871
-4982
-7062
-9069
-10846
-11934
-11779
-10303
-8243
-6568
-5538
-4591
-3030
-670
2169
4941
7185
8653
9361
9514
9451
9428
9256
8291
6019
2796
-277
-2302
-3480
-4827
-7072
-9833
-11961
-12537
-11589
-9892
-8251
-6912
-5534
-3640
-1080
1829
4579
6817
8460
9569
10281
10899
11725
12591
12691
11305
8603
5499
2706
227
-2289
-4931
-7369
-9247
-10586
-11586
-12092
-11666
-10295
-8629
-7244
-5999
-4305
-1859
1053
3810
5972
7564
8860
9946
10618
10614
9815
8216
5935
3285
742
-1346
-3040
-4813
-7076
-9609
-11518
-11980
-11039
-9588
-8516
-7852
-6833
-4750
-1757
1303
3702
5347
6553
7614
8711
10020
11539
12755
12781
11201
8679
6322
4447
2331
-700
-4253
-7182
-8834
-9733
-10760
-11842
-11975
-10646
-8656
-7118
-6130
-4826
-2552
397
3179
5264
6829
8282
9658
10592
10841
10483
9593
8000
5549
2553
-266
-2393
-4017
-5796
-8067
-10379
-11868
-12060
-11203
-9867
-8372
-6659
-4648
-2461
-280
1914
4241
6593
8531
9700
10281
10879
11805
12566
12327
10829
8617
6286
3825
922
-2293
-5091
-6883
-7946
-9100
-10567
-11486
-10975
-9324
-7715
-6790
-5985
-4330
-1612
1437
3988
5897
7581
9211
10410
10712
10150
9136
7863
6034
3366
255
-2445
-4285
-5661
-7222
-9079
-10689
-11416
-11153
-10343
-9386
-8143
-6272
-3860
-1487
491
2334
4481
6812
8592
9313
9422
9931
11175
12293
12135
10473
8035
5493
2864
-71
-3091
-5589
-7356
-8904
-10719
-12309
-12583
-11245
-9329
-8056
-7453
-6460
-4230
-1083
1888
3965
5431
6991
8828
10389
11063
10736
9651
7930
5600
2973
633
-1164
-2873
-5113
-7855
-10283
-11541
-11458
-10632
-9769
-8989
-7866
-6074
-3854
-1665
374
2525
4907
7131
8653
9459
10195
11347
12454
12524
11239
9292
7423
5476
2836
-438
-3358
-5153
-6295
-7931
-10221
-11830
-11498
-9666
-8051
-7636
-7652
-6590
-3846
-201
3106
5456
7081
8475
9800
10829
11276
10975
9774
7552
4576
1598
-702
-2370
-4035
-6152
-8513
-10455
-11409
-11254
-10331
-9149
-7994
-6747
-5090
-2908
-477
1811
3781
5490
6988
8269
9417
10604
11775
12421
12015
10632
8922
7215
5053
1936
-1673
-4592
-6273
-7444
-9125
-11142
-12215
-11553
-9909
-8674
-8203
-7546
-5684
-2671
542
3064
4795
6232
7791
9353
10466
10790
10219
8729
6402
3672
1243
-482
-1810
-3458
-5805
-8418
-10329
-10802
-10001
-8849
-8184
-7983
-7443
-5792
-3041
5
2446
3986
5020
6100
7487
9111
10744
11977
12256
11333
9690
8118
6730
4781
1746
-1747
-4470
-6038
-7307
-9114
-11005
-11733
-10982
-9830
-9353
-9234
-8297
-5919
-2646
502
2931
4740
6353
7977
9484
10597
11065
10618
9068
6572
3769
1402
-248
-1595
-3342
-5764
-8366
-10187
-10630
-9997
-9197
-8802
-8441
-7269
-5005
-2335
-149
1398
2904
4872
7090
8961
10235
11193
12066
12523
12091
10829
9198
7239
4534
1106
-2141
-4324
-5697
-7318
-9646
-11733
-12335
-11439
-10281
-9723
-9258
-7814
-5081
-1826
993
3062
4823
6789
8942
10691
11450
11070
9828
8148
6303
4354
2232
-40
-2320
-4479
-6506
-8287
-9486
-9846
-9616
-9406
-9441
-9134
-7671
-5018
-2115
67
1486
2892
4827
7082
9117
10692
11896
12620
12477
11362
9819
8371
6672
3956
305
-3131
-5426
-6904
-8544
-10538
-11931
-11926
-11057
-10494
-10375
-9577
-7256
-3972
-960
1216
3007
5093
7541
9742
11038
11229
10514
9140
7344
5435
3639
1843
-278
-2766
-5212
-7093
-8203
-8694
-8884
-9040
-9203
-9116
-8350
-6657
-4266
-1817
161
1710
3283
5137
7085
8837
10350
11636
12389
12199
11133
9801
8531
6840
4095
575
-2601
-4742
-6306
-8170
-10351
-11913
-12152
-11456
-10681
-10023
-8915
-6931
-4341
-1715
688
2990
5323
7547
9312
10349
10635
10298
9403
7954
6024
3834
1661
-289
-2044
-3850
-5830
-7661
-8767
-8960
-8716
-8682
-8875
-8616
-7305
-5157
-2987
-1307
163
2000
4308
6652
8623
10259
11698
12669
12667
11698
10362
9011
7193
4394
1028
-1849
-3823
-5593
-7910
-10368
-11777
-11698
-11004
-10713
-10669
-9863
-7773
-4924
-2162
225
2497
4878
7159
8868
9725
9850
9550
8940
7870
6234
4213
2161
302
-1412
-3191
-5113
-6974
-8408
-9249
-9685
-9984
-10073
-9507
-7992
-5832
-3701
-1933
-203
1930
4389
6684
8531
10091
11476
12367
12396
11742
10884
9752
7667
4400
852
-1837
-3614
-5451
-7942
-10453
-11914
-12132
-11855
-11625
-11104
-9701
-7479
-5032
-2717
-364
2280
5064
7499
9156
9975
10236
10197
9802
8779
7057
4951
2922
1201
-339
-2008
-3938
-5900
-7489
-8509
-9113
-9493
-9562
-9035
-7824
-6222
-4596
-2942
-947
1482
3948
6031
7820
9712
11667
12990
13120
12360
11441
10371
8404
5265
1843
-786
-2659
-4741
-7511
-10188
-11647
-11797
-11597
-11658
-11443
-10120
-7742
-5162
-2967
-961
1388
4176
6838
8626
9329
9421
9426
9291
8537
6981
5024
3231
1796
438
-1238
-3312
-5445
-7202
-8460
-9348
-9944
-10139
-9757
-8778
-7391
-5831
-4089
-1978
486
2984
5296
7533
9794
11754
12858
12958
12488
11856
10770
8637
5522
2340
-195
-2349
-4817
-7649
-10065
-11421
-11939
-12278
-12533
-12161
-10801
-8776
-6596
-4338
-1799
1017
3740
5952
7460
8399
8997
9298
9112
8297
7029
5671
4454
3251
1737
-245
-2478
-4575
-6322
-7739
-8891
-9710
-10095
-9996
-9412
-8327
-6708
-4618
-2321
-154
1816
3925
6481
9255
11550
12804
13072
12839
12382
11430
9616
7125
4566
2168
-437
-3525
-6619
-8871
-10032
-10737
-11657
-12546
-12509
-11136
-9000
-6924
-5096
-3084
-535
2330
4867
6580
7567
8335
9170
9781
9669
8748
7465
6279
5206
3890
2063
-203
-2604
-4835
-6715
-8184
-9299
-10107
-10523
-10337
-9440
-7977
-6189
-4209
-2046
324
2903
5659
8424
10855
12544
13349
13539
13417
12795
11183
8556
5578
2861
341
-2422
-5497
-8355
-10475
-11856
-12844
-13453
-13302
-12227
-10587
-8781
-6762
-4286
-1392
1467
3819
5543
6929
8279
9499
10177
10083
9491
8804
8093
7052
5415
3238
773
-1752
-4213
-6499
-8488
-10085
-11212
-11771
-11700
-11036
-9841
-8092
-5771
-3077
-369
2200
4825
7692
10514
12623
13597
13667
13324
12621
11218
9000
6338
3583
715
-2333
-5285
-7654
-9325
-10682
-12065
-13177
-13365
-12448
-10929
-9360
-7737
-5739
-3230
-462
2145
4291
5986
7421
8681
9598
9962
9789
9300
8647
7726
6316
4327
1914
-645
-3112
-5342
-7281
-8908
-10190
-10974
-11077
-10425
-9118
-7319
-5205
-2983
-774
1518
4117
7010
9798
11935
13147
13522
13237
12298
10714
8736
6666
4345
1398
-2070
-5277
-7486
-8784
-9854
-11129
-12254
-12570
-11876
-10548
-8961
-7143
-5037
-2766
-528
1597
3623
5522
7172
8377
8963
8976
8689
8380
8026
7357
6134
4359
2235
-30
-2265
-4357
-6217
-7787
-8998
-9741
-9927
-9537
-8600
-7074
-5003
-2684
-516
1439
3581
6281
9245
11498
12278
11850
11157
10632
9833
8243
5976
3466
870
-1886
-4669
-6967
-8396
-9144
-9784
-10463
-10747
-10235
-9097
-7779
-6437
-4927
-3088
-1031
964
2655
4085
5415
6626
7465
7788
7767
7614
7269
6504
5255
3666
1857
-146
-2225
-4094
-5518
-6574
-7532
-8451
-9014
-8820
-7790
-6192
-4378
-2554
-715
1288
3600
6197
8757
10753
11765
11801
11150
10003
8496
6894
5371
3550
895
-2417
-5388
-7137
-7822
-8369
-9373
-10391
-10577
-9765
-8533
-7320
-5980
-4281
-2388
-668
767
2133
3653
5201
6369
6882
6909
6841
6784
6501
5768
4641
3251
1570
-434
-2521
-4255
-5413
-6176
-6827
-7404
-7701
-7523
-6821
-5612
-4017
-2297
-722
748
2512
4909
7717
10079
11179
11001
10259
9484
8603
7342
5665
3597
1124
-1486
-3689
-5157
-6138
-7124
-8266
-9114
-9114
-8329
-7380
-6697
-6038
-5007
-3610
-2144
-717
798
2432
3889
4804
5235
5632
6281
6877
6885
6139
4977
3753
2476
930
-944
-2850
-4369
-5329
-5920
-6413
-6865
-7049
-6678
-5661
-4199
-2657
-1253
115
1758
3856
6267
8551
10206
10946
10802
10023
8868
7564
6152
4421
2124
-508
-2847
-4429
-5383
-6212
-7232
-8293
-8927
-8893
-8327
-7522
-6608
-5602
-4504
-3215
-1616
242
2027
3382
4246
4951
5844
6825
7367
7128
6284
5243
4129
2762
1018
-952
-2825
-4454
-5868
-7033
-7679
-7664
-7260
-6903
-6604
-5886
-4410
-2431
-505
1210
3051
5300
7707
9693
10830
11085
10652
9738
8508
7093
5490
3535
1190
-1178
-3065
-4345
-5318
-6327
-7371
-8160
-8403
-8123
-7538
-6827
-6029
-5151
-4142
-2809
-1030
999
2786
4008
4842
5772
6942
7902
8103
7467
6335
5029
3642
2084
246
-1837
-3922
-5708
-6993
-7705
-7933
-7929
-7882
-7627
-6774
-5195
-3279
-1534
-18
1713
4008
6586
8782
10169
10800
10881
10480
9521
8047
6319
4582
2757
569
-1896
-4079
-5394
-5912
-6338
-7302
-8569
-9233
-8779
-7644
-6700
-6229
-5743
-4560
-2575
-299
1660
3169
4561
6085
7485
8214
8094
7513
6908
6166
4858
2830
449
-1815
-3749
-5411
-6834
-7878
-8419
-8532
-8459
-8254
-7694
-6471
-4592
-2453
-499
1217
3047
5255
7618
9567
10638
10858
10604
10099
9139
7529
5619
3920
2397
461
-2017
-4288
-5447
-5541
-5603
-6447
-7773
-8506
-8109
-6987
-5917
-5200
-4524
-3380
-1543
680
2762
4445
5860
7115
8039
8422
8307
7843
6980
5523
3499
1257
-808
-2594
-4252
-5878
-7356
-8459
-9063
-9212
-8999
-8413
-7331
-5726
-3788
-1754
285
2401
4597
6748
8614
9978
10716
10888
10629
9905
8531
6599
4639
3098
1809
192
-1874
-3834
-4985
-5348
-5607
-6356
-7412
-8076
-7937
-7166
-6259
-5430
-4490
-3091
-1210
864
2848
4660
6232
7414
8081
8222
7902
7138
5891
4109
1966
-189
-2134
-3953
-5766
-7432
-8677
-9363
-9600
-9547
-9217
-8464
-7155
-5349
-3250
-1096
948
2858
4753
6751
8682
10127
10761
10650
10068
9141
7793
6054
4230
2596
1129
-453
-2253
-4006
-5231
-5746
-5919
-6344
-7188
-7943
-8014
-7281
-6130
-4933
-3740
-2362
-651
1391
3591
5646
7189
8056
8384
8399
8092
7207
5609
3521
1417
-476
-2304
-4277
-6250
-7884
-9053
-9887
-10431
-10467
-9838
-8667
-7237
-5563
-3431
-784
1941
4145
5665
6906
8319
9830
10898
11031
10311
9205
8037
6647
4891
3077
1676
580
-815
-2704
-4487
-5433
-5655
-5945
-6777
-7678
-7844
-7087
-5906
-4776
-3641
-2201
-322
1833
3992
5892
7351
8297
8772
8798
8315
7256
5682
3769
1697
-387
-2386
-4277
-6132
-7941
-9482
-10420
-10594
-10190
-9501
-8610
-7289
-5337
-2852
-206
2211
4209
5839
7265
8574
9662
10317
10394
9933
9125
8066
6695
4985
3258
1862
728
-666
-2584
-4573
-5882
-6277
-6360
-6818
-7655
-8087
-7462
-5953
-4382
-3299
-2396
-966
1224
3640
5595
6829
7558
8016
8218
7951
7072
5650
3904
1937
-260
-2561
-4685
-6432
-7943
-9386
-10644
-11306
-11135
-10251
-8907
-7212
-5195
-2991
-768
1387
3455
5306
6739
7657
8212
8639
9022
9179
8844
7950
6697
5352
3989
2591
1177
-214
-1745
-3559
-5377
-6539
-6698
-6391
-6507
-7233
-7634
-6733
-4702
-2681
-1407
-479
909
2899
4862
6177
6817
7152
7366
7247
6530
5237
3602
1818
-118
-2256
-4487
-6501
-8054
-9212
-10168
-10875
-10985
-10207
-8637
-6679
-4660
-2585
-319
2016
4048
5525
6554
7358
7989
8355
8442
8324
8074
7699
7143
6313
5123
3630
2023
606
-524
-1578
-2872
-4320
-5388
-5632
-5186
-4648
-4419
-4328
-3793
-2531
-909
389
1137
1741
2693
3978
5112
5696
5773
5667
5476
4944
3777
2070
172
-1702
-3573
-5428
-7048
-8213
-8925
-9303
-9318
-8753
-7523
-5880
-4189
-2555
-796
1118
2851
4004
4624
5148
5830
6395
6437
6013
5626
5589
5646
5351
4627
3803
3022
2049
687
-694
-1554
-1896
-2311
-3134
-3924
-3996
-3261
-2398
-2023
-2047
-1848
-1121
-202
405
650
908
1447
2170
2774
3091
3127
2945
2488
1640
357
-1205
-2769
-4145
-5301
-6280
-7035
-7451
-7422
-6949
-6154
-5189
-4089
-2803
-1375
-85
825
1429
2039
2811
3519
3795
3571
3242
3213
3427
3466
3192
2935
3022
3282
3271
2799
2134
1613
1280
1001
677
334
-32
-367
-541
-405
-55
134
-112
-628
-917
-770
-483
-455
-655
-709
-390
105
390
267
-134
-593
-1066
-1682
-2472
-3217
-3656
-3744
-3699
-3712
-3714
-3442
-2776
-1980
-1447
-1241
-990
-321
620
1251
1227
897
909
1367
1708
1462
910
744
1234
1957
2376
2451
2610
3184
3980
4523
4566
4310
4051
3921
3840
3643
3193
2477
1688
1026
572
205
-254
-897
-1598
-2108
-2302
-2309
-2361
-2558
-2780
-2821
-2622
-2342
-2162
-2076
-1929
-1626
-1266
-1005
-912
-908
-886
-815
-752
-756
-784
-744
-624
-555
-682
-958
-1168
-1171
-1109
-1224
-1526
-1758
-1724
-1532
-1361
-1133
-594
305
1281
2051
2674
3452
4560
5762
6595
6834
6626
6213
5609
4825
3974
3180
2341
1309
134
-933
-1659
-2154
-2739
-3566
-4353
-4787
-4922
-5066
-5319
-5438
-5184
-4646
-4096
-3566
-2829
-1798
-773
-108
175
354
630
936
1013
741
302
2
-72
-147
-472
-1061
-1698
-2175
-2439
-2585
-2735
-2928
-3061
-2933
-2428
-1616
-699
221
1203
2317
3473
4498
5345
6107
6821
7352
7522
7346
6960
6423
5651
4651
3621
2711
1795
616
-759
-1966
-2722
-3189
-3785
-4666
-5545
-5953
-5813
-5452
-5169
-4839
-4184
-3218
-2223
-1366
-543
349
1226
1886
2241
2348
2358
2343
2253
1959
1389
619
-179
-857
-1424
-2009
-2733
-3495
-4027
-4115
-3806
-3302
-2739
-2098
-1306
-293
970
2365
3626
4503
5048
5540
6163
6764
7041
6948
6768
6750
6741
6286
5145
3532
2013
938
151
-837
-2241
-3669
-4563
-4736
-4605
-4711
-5215
-5684
-5564
-4841
-4045
-3658
-3563
-3269
-2491
-1446
-533
83
576
1126
1667
1933
1773
1379
1045
808
365
-463
-1450
-2188
-2540
-2752
-3110
-3591
-3867
-3676
-3129
-2537
-2019
-1416
-554
470
1415
2160
2813
3496
4160
4669
4993
5230
5404
5417
5195
4821
4436
4082
3685
3090
2162
902
-363
-1173
-1402
-1473
-1950
-2881
-3719
-3802
-3142
-2475
-2528
-3178
-3639
-3442
-2865
-2490
-2488
-2543
-2244
-1537
-745
-197
85
302
560
766
735
428
-27
-435
-717
-949
-1252
-1658
-1999
-2090
-1945
-1785
-1717
-1580
-1217
-703
-222
206
733
1440
2152
2579
2679
2761
3048
3374
3396
3073
2709
2584
2685
2780
2759
2739
2851
2983
2888
2434
1734
1079
734
685
603
161
-563
-1131
-1220
-1000
-1031
-1637
-2542
-3116
-3064
-2675
-2463
-2607
-2789
-2611
-2037
-1434
-1085
-871
-460
208
774
847
476
100
49
244
375
253
-76
-413
-582
-538
-415
-376
-477
-602
-628
-596
-668
-888
-1023
-833
-367
55
233
314
606
1185
1790
2149
2303
2522
2954
3458
3792
3854
3758
3649
3493
3032
2111
1027
327
187
64
-630
-1777
-2599
-2632
-2278
-2303
-2937
-3617
-3719
-3286
-2958
-3125
-3448
-3282
-2474
-1520
-933
-737
-544
-100
477
841
857
724
721
831
752
311
-317
-785
-1003
-1191
-1601
-2133
-2426
-2255
-1783
-1330
-1001
-688
-281
193
680
1153
1609
1998
2287
2526
2807
3129
3379
3457
3379
3206
2945
2594
2233
1993
1891
1815
1637
1305
837
406
244
350
386
43
-534
-913
-793
-370
-171
-547
-1236
-1621
-1512
-1394
-1758
-2408
-2738
-2531
-2166
-2052
-2150
-2104
-1746
-1292
-1057
-1104
-1172
-1065
-857
-802
-947
-1069
-965
-683
-433
-278
-143
48
252
390
427
421
485
661
861
939
910
914
1086
1332
1406
1172
775
525
540
672
682
552
457
637
1136
1759
2195
2372
2520
2808
3035
2861
2421
2216
2473
2716
2351
1388
495
171
70
-598
-2047
-3493
-4138
-4092
-4154
-4687
-5241
-5190
-4469
-3588
-3018
-2762
-2389
-1601
-591
142
410
493
747
1176
1500
1515
1308
1134
1117
1128
939
534
117
-114
-206
-354
-664
-1000
-1110
-935
-689
-642
-812
-961
-846
-449
6
276
350
434
728
1218
1723
2101
2410
2871
3592
4387
4906
5019
4871
4566
3957
2964
1917
1292
1081
735
-115
-1085
-1438
-1033
-623
-1028
-2147
-3061
-3150
-2836
-2954
-3663
-4280
-4158
-3416
-2691
-2361
-2166
-1627
-686
176
544
570
699
1045
1278
1130
749
487
426
313
-95
-703
-1194
-1387
-1410
-1518
-1785
-2024
-1989
-1661
-1299
-1122
-1016
-666
27
734
1052
948
807
986
1419
1739
1726
1561
1592
1945
2428
2756
2835
2801
2837
3055
3343
3382
2915
2197
1910
2349
2917
2654
1415
85
-332
143
446
-328
-1883
-3040
-3157
-2787
-2884
-3631
-4336
-4322
-3624
-2860
-2516
-2487
-2341
-1931
-1570
-1580
-1870
-2046
-1867
-1499
-1339
-1509
-1682
-1449
-879
-432
-374
-483
-402
-87
160
62
-275
-462
-249
139
329
270
257
531
995
1373
1501
1482
1498
1567
1539
1345
1148
1146
1351
1607
1801
1957
2172
2495
2897
3338
3797
4186
4324
4093
3722
3642
3961
4184
3702
2632
1822
1887
2308
1903
183
-1943
-3188
-3352
-3461
-4416
-5903
-6873
-6748
-5977
-5353
-5164
-5031
-4506
-3624
-2809
-2365
-2165
-1874
-1352
-802
-473
-310
-46
415
866
1055
984
853
832
895
907
830
766
789
807
717
570
507
534
535
413
181
-56
-172
-117
15
99
117
169
351
717
1233
1812
2361
2847
3284
3710
4199
4785
5369
5722
5673
5237
4695
4410
4418
4244
3392
2065
1015
649
431
-517
-2353
-4225
-5190
-5293
-5474
-6390
-7577
-8016
-7331
-6174
-5442
-5267
-5023
-4185
-3016
-2219
-2068
-2110
-1764
-1004
-305
-38
-54
88
616
1275
1598
1416
1052
989
1298
1585
1418
848
352
312
583
626
133
-598
-982
-792
-391
-282
-541
-776
-616
-124
290
351
213
273
723
1347
1796
2005
2255
2775
3471
4120
4700
5332
5975
6311
6077
5434
4953
4983
5134
4607
3173
1548
564
195
-399
-1834
-3788
-5369
-6126
-6489
-7101
-7971
-8516
-8371
-7760
-7090
-6444
-5621
-4503
-3244
-2117
-1212
-399
428
1144
1598
1902
2328
2926
3388
3403
3015
2604
2489
2591
2530
2064
1355
766
492
424
257
-247
-1012
-1663
-1882
-1754
-1657
-1826
-2090
-2030
-1435
-560
87
333
508
1018
1787
2388
2601
2682
3018
3672
4344
4710
4767
4843
5240
5850
6184
5872
5066
4323
4058
4098
3805
2714
1121
-199
-849
-1292
-2298
-4060
-5946
-7111
-7390
-7425
-7925
-8796
-9251
-8723
-7438
-6078
-5059
-4271
-3344
-2131
-851
135
728
1162
1677
2244
2622
2685
2544
2435
2408
2282
1872
1274
772
508
371
189
-65
-353
-644
-924
-1178
-1449
-1801
-2204
-2511
-2605
-2522
-2423
-2384
-2272
-1880
-1205
-488
64
507
1054
1775
2511
3067
3464
3910
4535
5165
5512
5553
5607
5913
6258
6225
5702
5003
4470
4136
3761
3108
2142
1029
-24
-950
-1801
-2714
-3821
-5134
-6353
-7027
-7068
-6911
-6996
-7201
-6991
-6072
-4750
-3572
-2759
-2003
-940
368
1446
1950
2027
2086
2343
2657
2752
2503
2045
1629
1366
1114
645
-56
-760
-1202
-1324
-1310
-1431
-1779
-2165
-2345
-2318
-2314
-2498
-2742
-2748
-2372
-1798
-1378
-1204
-979
-391
483
1238
1601
1697
1918
2532
3401
4144
4579
4945
5583
6495
7285
7565
7377
7171
7335
7709
7728
7041
5925
4984
4476
4006
2958
1209
-666
-1976
-2655
-3261
-4305
-5674
-6793
-7252
-7237
-7278
-7633
-8038
-8064
-7623
-6955
-6274
-5562
-4714
-3704
-2620
-1597
-758
-170
194
427
585
657
584
379
105
-191
-535
-947
-1369
-1703
-1898
-2013
-2157
-2363
-2501
-2446
-2243
-2065
-1981
-1861
-1558
-1072
-546
-105
242
618
1134
1787
2461
3055
3548
3970
4362
4747
5162
5594
5985
6263
6451
6637
6883
7122
7204
7050
6750
6479
6253
5873
5148
4132
3061
2113
1297
499
-414
-1484
-2615
-3634
-4434
-5066
-5683
-6382
-7113
-7718
-8096
-8303
-8443
-8520
-8442
-8160
-7635
-6813
-5677
-4380
-3173
-2194
-1401
-658
76
706
1091
1209
1219
1287
1429
1526
1480
1307
1095
928
842
797
693
516
382
437
635
751
629
351
169
225
423
560
580
661
973
1457
1910
2236
2545
2953
3407
3740
3913
4097
4441
4838
5011
4871
4634
4548
4593
4528
4173
3630
3195
3053
3067
2912
2433
1795
1269
927
605
119
-582
-1394
-2184
-2895
-3538
-4161
-4793
-5472
-6173
-6754
-7044
-7082
-7115
-7282
-7390
-7064
-6178
-5012
-4021
-3374
-2781
-1869
-648
464
1136
1455
1722
2077
2395
2527
2463
2334
2254
2214
2079
1710
1097
352
-338
-834
-1117
-1322
-1615
-1987
-2252
-2251
-2056
-1869
-1823
-1846
-1755
-1424
-896
-344
115
557
1139
1881
2606
3118
3381
3524
3718
4014
4317
4476
4465
4416
4499
4743
4988
5035
4852
4634
4541
4510
4334
3916
3321
2660
2015
1409
770
-19
-981
-2001
-2954
-3776
-4463
-5088
-5784
-6581
-7269
-7582
-7526
-7377
-7343
-7332
-7096
-6520
-5714
-4897
-4166
-3441
-2596
-1671
-830
-155
418
959
1461
1924
2367
2757
2993
3036
2954
2803
2551
2144
1624
1122
753
493
204
-207
-650
-894
-808
-509
-280
-283
-395
-347
3
534
1035
1442
1865
2446
3173
3873
4370
4678
5003
5506
6111
6597
6851
6948
6997
7002
6845
6419
5735
4963
4282
3704
3093
2331
1442
510
-397
-1283
-2164
-3049
-3904
-4710
-5516
-6351
-7126
-7674
-7999
-8333
-8849
-9403
-9659
-9496
-9142
-8909
-8794
-8475
-7668
-6458
-5200
-4168
-3319
-2399
-1244
39
1180
2017
2656
3288
3957
4528
4877
5036
5097
5094
4950
4612
4143
3656
3189
2674
2088
1522
1094
792
507
200
-38
-108
-55
4
47
207
584
1055
1365
1456
1569
1954
2550
3070
3349
3540
3900
4460
4947
5102
4984
4863
4868
4812
4444
3721
2851
2040
1330
628
-125
-891
-1611
-2275
-2933
-3652
-4488
-5427
-6357
-7164
-7801
-8269
-8534
-8542
-8319
-7979
-7619
-7213
-6640
-5846
-4948
-4138
-3457
-2726
-1730
-457
888
2055
2962
3709
4448
5186
5752
5959
5833
5600
5434
5272
4923
4326
3625
2992
2438
1843
1161
505
35
-254
-508
-844
-1219
-1517
-1698
-1810
-1883
-1882
-1787
-1667
-1589
-1510
-1303
-932
-535
-273
-134
89
559
1204
1810
2268
2671
3156
3711
4206
4512
4601
4520
4349
4155
3919
3536
2930
2182
1483
941
454
-179
-1031
-1952
-2715
-3256
-3694
-4179
-4713
-5185
-5458
-5506
-5390
-5213
-5067
-4978
-4873
-4596
-4069
-3403
-2824
-2436
-2062
-1406
-365
780
1615
2006
2231
2610
3091
3334
3121
2635
2247
2138
2147
1966
1441
723
116
-209
-340
-502
-798
-1107
-1201
-1003
-712
-619
-788
-971
-890
-582
-356
-406
-545
-404
154
859
1343
1543
1761
2265
2966
3539
3814
3901
4005
4206
4467
4703
4794
4656
4350
4031
3768
3466
2980
2296
1568
987
585
180
-395
-1092
-1738
-2292
-2882
-3570
-4257
-4840
-5361
-5896
-6382
-6670
-6695
-6591
-6534
-6563
-6505
-6180
-5632
-5095
-4706
-4306
-3639
-2652
-1543
-549
252
968
1716
2476
3103
3500
3745
3983
4237
4406
4394
4216
3956
3665
3351
3003
2609
2174
1730
1336
1017
737
406
-25
-496
-864
-1030
-1041
-1026
-1047
-1021
-829
-462
-43
285
524
794
1184
1623
1927
1990
1921
1943
2165
2457
2606
2532
2340
2177
2084
1936
1590
1049
495
90
-181
-474
-903
-1434
-1928
-2281
-2546
-2856
-3250
-3604
-3792
-3837
-3851
-3895
-3907
-3801
-3565
-3286
-3085
-2978
-2828
-2469
-1913
-1369
-1003
-726
-252
593
1681
2659
3272
3573
3843
4256
4679
4833
4617
4206
3853
3639
3432
3033
2362
1540
792
238
-186
-641
-1175
-1714
-2158
-2489
-2715
-2822
-2830
-2803
-2798
-2747
-2534
-2124
-1645
-1278
-1052
-785
-296
366
945
1279
1448
1666
2012
2386
2620
2664
2625
2662
2804
2914
2867
2698
2536
2417
2253
1981
1652
1355
1089
780
382
-74
-520
-967
-1438
-1885
-2218
-2440
-2658
-2937
-3212
-3383
-3451
-3508
-3628
-3800
-3899
-3823
-3570
-3255
-2958
-2638
-2181
-1543
-784
-47
545
971
1326
1702
2071
2311
2342
2225
2115
2086
2040
1796
1300
693
146
-298
-722
-1162
-1572
-1876
-2047
-2121
-2118
-2027
-1826
-1547
-1256
-996
-747
-469
-145
219
614
1017
1401
1748
2073
2377
2643
2855
3029
3203
3375
3511
3583
3594
3547
3426
3237
3038
2875
2686
2355
1866
1359
972
681
343
-131
-673
-1170
-1626
-2143
-2762
-3371
-3824
-4123
-4381
-4671
-4888
-4880
-4636
-4341
-4152
-4024
-3748
-3217
-2558
-1978
-1520
-995
-222
756
1664
2249
2490
2596
2786
3082
3311
3291
3014
2651
2385
2262
2151
1869
1366
806
402
190
34
-209
-524
-792
-911
-896
-846
-839
-872
-889
-858
-783
-671
-532
-372
-179
87
446
835
1140
1293
1342
1417
1603
1860
2072
2172
2210
2275
2371
2402
2292
2055
1756
1441
1127
848
633
452
218
-121
-496
-799
-1011
-1265
-1685
-2207
-2647
-2885
-3001
-3136
-3330
-3485
-3496
-3390
-3284
-3277
-3323
-3303
-3116
-2777
-2365
-1947
-1508
-980
-316
417
1072
1537
1837
2076
2294
2437
2449
2339
2171
2020
1927
1840
1655
1300
828
365
4
-259
-512
-820
-1149
-1394
-1512
-1534
-1531
-1538
-1541
-1504
-1370
-1118
-781
-436
-114
231
652
1103
1471
1699
1860
2076
2364
2608
2679
2573
2419
2343
2341
2316
2211
2065
1930
1793
1599
1353
1129
981
867
687
423
146
-90
-371
-797
-1360
-1921
-2360
-2676
-2988
-3393
-3838
-4152
-4249
-4228
-4237
-4260
-4140
-3763
-3214
-2687
-2257
-1824
-1222
-418
487
1321
1982
2471
2882
3278
3623
3843
3901
3825
3639
3368
3058
2739
2379
1918
1353
757
234
-164
-465
-760
-1104
-1432
-1602
-1547
-1357
-1191
-1099
-969
-661
-208
213
455
548
654
876
1195
1471
1590
1547
1457
1429
1465
1487
1445
1342
1203
1060
946
860
741
528
260
51
-5
45
45
-137
-470
-791
-986
-1124
-1390
-1873
-2439
-2870
-3083
-3197
-3362
-3579
-3741
-3750
-3638
-3510
-3441
-3364
-3133
-2668
-2068
-1503
-1037
-580
-3
707
1425
2011
2442
2794
3126
3408
3569
3553
3383
3152
2939
2703
2358
1889
1365
837
293
-258
-756
-1165
-1505
-1826
-2127
-2336
-2370
-2219
-1985
-1781
-1626
-1438
-1139
-750
-351
7
344
696
1060
1393
1660
1860
2016
2129
2192
2224
2250
2259
2201
2064
1902
1779
1702
1611
1443
1187
914
724
648
615
529
355
128
-113
-360
-648
-1005
-1403
-1775
-2056
-2232
-2342
-2434
-2494
-2501
-2482
-2502
-2552
-2564
-2474
-2262
-1933
-1530
-1137
-770
-355
186
812
1404
1867
2175
2343
2400
2399
2397
2388
2280
1984
1523
1031
617
259
-141
-634
-1147
-1545
-1766
-1877
-2015
-2211
-2340
-2231
-1885
-1504
-1277
-1177
-1013
-668
-210
185
429
572
732
956
1195
1371
1448
1465
1474
1517
1592
1667
1686
1623
1514
1454
1499
1595
1602
1427
1141
935
904
926
801
490
172
34
71
94
-61
-394
-750
-976
-1050
-1097
-1247
-1498
-1713
-1787
-1757
-1747
-1814
-1881
-1832
-1652
-1412
-1179
-918
-551
-53
481
917
1214
1454
1731
1995
2113
2027
1842
1685
1565
1368
1011
564
180
-76
-327
-739
-1312
-1862
-2219
-2403
-2550
-2748
-2945
-3038
-2991
-2863
-2719
-2561
-2349
-2056
-1710
-1356
-1025
-683
-287
148
527
787
971
1195
1530
1934
2268
2423
2424
2415
2507
2661
2761
2729
2593
2428
2280
2142
1994
1854
1740
1640
1511
1338
1157
988
788
492
118
-214
-404
-466
-531
-703
-960
-1151
-1150
-991
-847
-857
-973
-1024
-886
-611
-354
-226
-190
-99
128
421
609
610
504
422
397
345
180
-98
-439
-782
-1094
-1348
-1543
-1707
-1894
-2144
-2431
-2679
-2820
-2879
-2941
-3048
-3129
-3074
-2856
-2561
-2294
-2078
-1841
-1522
-1135
-758
-426
-101
290
748
1206
1607
1959
2314
2679
3017
3273
3437
3544
3635
3710
3727
3653
3506
3330
3147
2945
2702
2442
2190
1951
1684
1381
1068
810
615
441
211
-87
-370
-547
-629
-719
-880
-1092
-1269
-1383
-1467
-1588
-1743
-1850
-1855
-1776
-1684
-1615
-1554
-1462
-1318
-1130
-917
-704
-518
-400
-362
-397
-461
-531
-617
-744
-904
-1063
-1190
-1301
-1463
-1727
-2066
-2372
-2548
-2586
-2549
-2481
-2387
-2235
-2010
-1714
-1374
-1010
-639
-293
-11
223
496
898
1430
1994
2484
2867
3192
3509
3806
4011
4074
4037
3969
3912
3831
3717
3573
3422
3251
3049
2810
2541
2261
1962
1636
1271
925
632
401
157
-153
-549
-997
-1421
-1772
-2029
-2264
-2504
-2757
-2942
-3025
-3027
-3003
-3029
-3098
-3174
-3125
-2913
-2613
-2373
-2248
-2131
-1908
-1561
-1218
-985
-889
-861
-819
-735
-624
-552
-572
-705
-872
-975
-969
-926
-959
-1117
-1336
-1476
-1455
-1307
-1117
-902
-630
-282
92
435
728
981
1213
1416
1595
1759
1942
2184
2466
2725
2899
3021
3165
3349
3490
3496
3382
3252
3202
3200
3151
3006
2806
2616
2437
2241
1999
1726
1441
1167
898
614
317
43
-197
-467
-838
-1313
-1795
-2186
-2443
-2592
-2682
-2741
-2764
-2721
-2605
-2444
-2296
-2202
-2158
-2094
-1922
-1607
-1215
-869
-650
-527
-409
-244
-57
78
104
35
-34
-10
117
241
245
109
-88
-240
-328
-416
-580
-807
-1000
-1058
-967
-811
-698
-653
-612
-490
-290
-105
-30
-64
-114
-98
-8
121
280
493
769
1050
1277
1452
1644
1875
2083
2201
2214
2161
2069
1951
1824
1708
1611
1515
1388
1200
952
685
467
327
218
82
-64
-143
-119
-60
-97
-297
-607
-887
-1030
-1047
-1067
-1207
-1459
-1673
-1727
-1649
-1599
-1684
-1865
-1980
-1921
-1712
-1503
-1391
-1346
-1270
-1110
-902
-687
-497
-351
-267
-226
-182
-108
-33
-11
-69
-169
-253
-294
-324
-402
-557
-755
-929
-1003
-960
-866
-810
-820
-836
-790
-674
-520
-371
-221
-21
281
670
1049
1342
1559
1777
2039
2321
2552
2693
2751
2771
2776
2777
2774
2771
2749
2687
2592
2483
2380
2261
2090
1843
1566
1332
1166
1012
814
572
329
116
-70
-242
-411
-595
-824
-1088
-1323
-1476
-1568
-1668
-1784
-1853
-1827
-1744
-1701
-1759
-1886
-2006
-2063
-2052
-1987
-1880
-1748
-1617
-1479
-1262
-917
-492
-143
8
-9
-41
27
146
166
4
-256
-440
-462
-413
-473
-703
-972
-1107
-1083
-1016
-1019
-1080
-1112
-1040
-860
-618
-369
-141
90
356
660
968
1253
1494
1687
1833
1950
2054
2149
2219
2254
2257
2240
2211
2175
2137
2091
2015
1893
1728
1538
1316
1018
647
274
-10
-199
-369
-588
-829
-1020
-1112
-1152
-1245
-1433
-1654
-1797
-1839
-1848
-1894
-1956
-1978
-1928
-1842
-1778
-1777
-1822
-1860
-1855
-1797
-1695
-1544
-1350
-1119
-860
-593
-341
-133
35
164
239
245
187
98
1
-98
-195
-276
-303
-262
-177
-111
-100
-133
-157
-137
-89
-49
-33
4
97
250
438
651
889
1150
1402
1609
1779
1943
2133
2322
2475
2572
2649
2726
2787
2782
2698
2579
2482
2424
2355
2236
2053
1857
1681
1505
1280
1019
801
664
550
373
120
-151
-362
-464
-483
-528
-700
-1009
-1369
-1661
-1817
-1866
-1917
-2052
-2251
-2418
-2479
-2448
-2383
-2338
-2308
-2249
-2151
-2031
-1906
-1742
-1530
-1306
-1105
-919
-705
-464
-251
-138
-137
-199
-228
-180
-116
-146
-286
-414
-409
-297
-211
-257
-409
-548
-558
-434
-284
-211
-192
-112
89
349
552
637
637
636
700
835
1002
1150
1239
1269
1285
1325
1391
1445
1470
1435
1335
1218
1156
1154
1132
1035
878
733
616
488
302
103
-16
-13
46
42
-79
-292
-510
-666
-743
-806
-901
-1013
-1096
-1126
-1113
-1069
-1005
-930
-879
-867
-855
-780
-634
-487
-419
-439
-490
-507
-465
-384
-292
-194
-93
-16
30
71
153
257
322
299
212
122
78
89
116
119
86
53
61
113
163
170
132
89
81
112
148
165
185
259
376
467
483
446
395
361
362
415
524
671
836
967
1012
965
898
904
997
1120
1192
1200
1181
1181
1185
1131
991
821
698
625
540
388
196
21
-103
-197
-292
-400
-505
-589
-651
-698
-716
-705
-686
-672
-651
-626
-645
-727
-811
-822
-753
-679
-668
-725
-779
-763
-698
-667
-690
-706
-642
-511
-381
-304
-278
-260
-222
-165
-127
-137
-171
-191
-182
-181
-225
-319
-440
-565
-690
-802
-867
-870
-831
-798
-801
-855
-940
-992
-971
-894
-817
-749
-655
-519
-390
-319
-301
-268
-169
-9
145
222
228
234
324
490
653
755
802
816
805
800
851
960
1079
1139
1125
1055
965
900
867
833
762
668
610
617
676
764
850
916
941
913
857
824
881
1033
1220
1353
1402
1393
1373
1338
1241
1069
879
753
702
657
558
421
301
220
167
108
8
-158
-377
-609
-837
-1074
-1321
-1545
-1723
-1850
-1941
-2019
-2099
-2163
-2164
-2088
-1995
-1971
-2024
-2085
-2071
-1986
-1877
-1773
-1666
-1531
-1390
-1265
-1175
-1117
-1069
-997
-850
-637
-393
-180
-13
124
269
443
637
838
1033
1221
1403
1595
1788
1930
1980
1972
1990
2079
2203
2294
2323
2295
2245
2208
2194
2163
2070
1913
1749
1634
1566
1503
1414
1325
1262
1208
1106
962
833
742
634
442
168
-119
-355
-541
-724
-937
-1138
-1267
-1319
-1364
-1455
-1572
-1663
-1711
-1763
-1880
-2064
-2241
-2343
-2368
-2361
-2360
-2375
-2403
-2445
-2477
-2487
-2472
-2440
-2379
-2253
-2065
-1877
-1765
-1729
-1686
-1551
-1319
-1080
-939
-897
-837
-636
-299
66
376
651
941
1264
1570
1811
1986
2143
2302
2443
2547
2622
2677
2703
2675
2593
2479
2380
2331
2332
2352
2357
2338
2281
2183
2047
1904
1791
1742
1735
1705
1602
1434
1242
1056
889
746
621
505
422
379
334
219
-7
-302
-588
-814
-1006
-1237
-1524
-1802
-1984
-2048
-2056
-2079
-2157
-2267
-2370
-2452
-2513
-2556
-2545
-2471
-2356
-2243
-2162
-2120
-2114
-2126
-2139
-2142
-2125
-2103
-2095
-2093
-2055
-1948
-1784
-1601
-1413
-1217
-998
-760
-529
-330
-148
53
297
587
914
1249
1552
1791
1978
2139
2295
2460
2636
2808
2967
3113
3250
3363
3424
3399
3289
3141
3015
2927
2814
2629
2398
2223
2146
2109
2017
1851
1667
1515
1391
1265
1148
1062
976
841
643
420
196
-50
-323
-592
-811
-975
-1114
-1270
-1450
-1621
-1750
-1849
-1966
-2105
-2226
-2300
-2346
-2400
-2479
-2589
-2730
-2897
-3071
-3251
-3453
-3652
-3785
-3803
-3727
-3612
-3504
-3410
-3308
-3159
-2947
-2704
-2471
-2252
-2002
-1706
-1403
-1133
-886
-612
-293
60
446
875
1329
1730
2020
2215
2383
2571
2771
2945
3048
3068
3038
3012
3026
3056
3068
3059
3075
3137
3202
3210
3140
3027
2916
2806
2681
2543
2435
2379
2346
2286
2178
2032
1880
1748
1634
1515
1374
1224
1089
976
845
651
373
48
-262
-520
-738
-952
-1184
-1457
-1787
-2154
-2490
-2735
-2909
-3066
-3242
-3403
-3512
-3558
-3576
-3606
-3652
-3677
-3645
-3560
-3464
-3390
-3329
-3233
-3060
-2820
-2559
-2300
-2019
-1696
-1360
-1079
-888
-746
-564
-274
87
412
604
686
768
933
1152
1320
1381
1372
1385
1489
1677
1885
2032
2077
2067
2078
2143
2229
2295
2320
2296
2233
2162
2118
2107
2117
2131
2122
2084
2045
2051
2104
2145
2119
2035
1930
1827
1729
1633
1534
1403
1221
1016
837
708
594
462
298
108
-100
-319
-533
-746
-971
-1226
-1504
-1797
-2082
-2345
-2577
-2779
-2958
-3106
-3214
-3278
-3332
-3409
-3497
-3536
-3473
-3330
-3152
-2968
-2770
-2546
-2310
-2094
-1925
-1783
-1616
-1392
-1135
-885
-646
-415
-183
26
216
396
574
736
867
973
1090
1249
1440
1609
1723
1809
1896
1990
2064
2112
2126
2105
2059
2020
2024
2077
2143
2181
2170
2141
2130
2166
2231
2278
2252
2151
2033
1954
1921
1897
1847
1757
1647
1545
1459
1363
1236
1080
911
741
560
367
152
-87
-348
-611
-837
-1028
-1237
-1518
-1856
-2173
-2413
-2584
-2719
-2845
-2970
-3086
-3177
-3230
-3242
-3212
-3133
-3009
-2849
-2680
-2525
-2376
-2203
-1992
-1787
-1642
-1558
-1478
-1355
-1188
-1025
-890
-767
-612
-409
-197
-33
70
144
225
326
446
587
736
859
928
960
994
1051
1108
1130
1109
1085
1101
1163
1219
1219
1175
1149
1198
1304
1424
1522
1587
1629
1665
1701
1720
1704
1676
1679
1730
1801
1848
1843
1783
1699
1632
1592
1542
1431
1253
1057
880
718
557
406
285
175
56
-72
-177
-255
-330
-421
-514
-601
-704
-849
-1028
-1188
-1296
-1368
-1438
-1513
-1566
-1580
-1581
-1606
-1663
-1708
-1699
-1637
-1565
-1508
-1435
-1319
-1167
-1015
-874
-749
-649
-577
-516
-450
-389
-359
-365
-380
-377
-348
-315
-295
-301
-319
-326
-304
-252
-196
-152
-100
-27
50
95
120
180
290
421
535
624
701
791
903
1012
1107
1208
1328
1442
1514
1562
1603
1645
1672
1666
1615
1523
1418
1320
1217
1079
900
709
538
409
298
161
-10
-168
-274
-346
-445
-581
-717
-805
-825
-794
-760
-758
-790
-827
-857
-894
-951
-1020
-1066
-1070
-1049
-1035
-1042
-1051
-1049
-1050
-1077
-1133
-1198
-1236
-1233
-1192
-1124
-1028
-904
-797
-745
-742
-733
-674
-570
-444
-309
-162
-30
56
89
105
136
176
205
223
239
259
289
322
340
338
335
350
373
394
417
473
568
689
807
908
987
1068
1172
1302
1434
1528
1571
1561
1522
1483
1479
1511
1548
1579
1611
1655
1680
1650
1559
1444
1324
1188
1021
845
703
612
578
562
526
439
339
273
247
233
216
205
197
164
92
-2
-104
-214
-350
-521
-699
-853
-970
-1066
-1154
-1224
-1256
-1268
-1306
-1415
-1606
-1859
-2119
-2305
-2380
-2377
-2371
-2400
-2446
-2463
-2419
-2326
-2238
-2199
-2193
-2169
-2063
-1873
-1627
-1385
-1195
-1074
-1017
-995
-963
-881
-748
-596
-460
-345
-249
-151
-32
109
253
379
506
659
857
1079
1294
1485
1660
1842
2029
2188
2277
2310
2342
2402
2461
2487
2489
2483
2462
2414
2338
2250
2147
2018
1854
1681
1548
1484
1449
1395
1311
1239
1200
1162
1077
924
745
603
528
468
356
169
-53
-258
-428
-595
-808
-1074
-1350
-1584
-1772
-1954
-2143
-2319
-2468
-2602
-2720
-2798
-2818
-2793
-2739
-2675
-2600
-2515
-2405
-2274
-2142
-2025
-1923
-1821
-1721
-1632
-1552
-1453
-1307
-1099
-860
-654
-513
-419
-323
-207
-74
72
234
407
573
725
873
1042
1216
1362
1472
1577
1732
1940
2173
2406
2625
2816
2941
3002
3028
3059
3093
3102
3068
3011
2968
2949
2938
2902
2824
2707
2564
2401
2218
2030
1859
1704
1530
1328
1131
980
875
770
599
339
33
-253
-483
-695
-937
-1235
-1576
-1916
-2215
-2459
-2663
-2845
-3030
-3242
-3473
-3676
-3796
-3824
-3799
-3773
-3773
-3783
-3780
-3755
-3698
-3593
-3429
-3231
-3031
-2852
-2689
-2540
-2405
-2289
-2171
-2018
-1813
-1591
-1387
-1205
-1016
-817
-629
-451
-250
-16
230
467
689
900
1110
1336
1590
1848
2071
2248
2418
2609
2809
2987
3125
3219
3284
3355
3454
3566
3653
3700
3718
3703
3645
3542
3410
3277
3168
3094
3024
2898
2693
2455
2238
2043
1809
1518
1215
963
783
633
460
235
-21
-262
-470
-650
-832
-1036
-1282
-1555
-1812
-2017
-2182
-2334
-2477
-2590
-2675
-2741
-2817
-2923
-3064
-3223
-3355
-3421
-3394
-3307
-3222
-3182
-3162
-3109
-2984
-2793
-2560
-2304
-2040
-1794
-1613
-1505
-1430
-1334
-1206
-1081
-973
-861
-720
-555
-392
-219
-8
252
534
798
1024
1220
1393
1551
1694
1813
1910
1999
2104
2221
2339
2473
2643
2822
2950
2998
3007
3020
3061
3129
3214
3283
3306
3260
3148
2971
2734
2476
2257
2108
1999
1875
1716
1541
1371
1204
1028
825
578
282
-44
-344
-573
-732
-865
-1031
-1225
-1404
-1544
-1676
-1855
-2083
-2310
-2482
-2595
-2680
-2769
-2858
-2923
-2960
-2993
-3076
-3207
-3339
-3415
-3431
-3411
-3375
-3321
-3253
-3187
-3122
-3039
-2906
-2706
-2438
-2135
-1846
-1592
-1354
-1101
-823
-547
-309
-130
3
136
297
479
665
862
1078
1305
1519
1704
1843
1941
2027
2159
2347
2550
2716
2831
2915
2987
3051
3106
3144
3171
3208
3268
3334
3367
3350
3278
3161
2998
2805
2616
2453
2311
2153
1949
1696
1409
1120
844
579
317
87
-87
-229
-401
-619
-836
-991
-1086
-1167
-1262
-1370
-1479
-1579
-1665
-1744
-1839
-1963
-2111
-2247
-2345
-2408
-2460
-2520
-2601
-2706
-2813
-2880
-2902
-2896
-2866
-2802
-2723
-2662
-2624
-2561
-2437
-2256
-2046
-1835
-1642
-1451
-1233
-979
-724
-511
-341
-179
11
218
419
585
720
852
1012
1201
1381
1519
1609
1678
1747
1824
1901
1972
2048
2133
2242
2358
2460
2511
2505
2482
2486
2517
2532
2507
2458
2422
2407
2413
2391
2290
2092
1844
1624
1477
1387
1295
1161
997
829
663
490
318
166
21
-141
-314
-471
-579
-639
-681
-755
-895
-1084
-1261
-1362
-1399
-1438
-1546
-1728
-1931
-2107
-2246
-2361
-2472
-2589
-2710
-2824
-2901
-2916
-2859
-2766
-2678
-2632
-2625
-2614
-2561
-2453
-2324
-2210
-2122
-2027
-1894
-1722
-1531
-1316
-1068
-799
-536
-293
-74
115
283
442
595
740
871
997
1113
1199
1261
1336
1464
1636
1805
1940
2058
2174
2269
2319
2325
2315
2312
2316
2321
2320
2315
2315
2323
2333
2316
2262
2178
2069
1940
1808
1693
1594
1496
1401
1316
1233
1135
1018
893
776
670
560
431
296
167
51
-72
-212
-360
-511
-667
-847
-1051
-1247
-1412
-1542
-1637
-1709
-1770
-1874
-2049
-2288
-2517
-2666
-2710
-2693
-2700
-2758
-2833
-2869
-2858
-2809
-2748
-2688
-2625
-2520
-2358
-2157
-1935
-1681
-1399
-1109
-833
-580
-367
-203
-51
133
350
550
712
851
1005
1165
1280
1320
1322
1355
1426
1502
1547
1576
1616
1668
1733
1804
1875
1944
2027
2127
2206
2215
2166
2153
2244
2408
2540
2576
2534
2463
2395
2320
2212
2066
1902
1745
1599
1452
1300
1149
975
752
477
196
-45
-248
-435
-617
-778
-908
-1017
-1115
-1211
-1322
-1460
-1621
-1794
-1963
-2118
-2239
-2319
-2384
-2475
-2597
-2702
-2749
-2755
-2782
-2847
-2901
-2886
-2792
-2655
-2514
-2398
-2298
-2215
-2125
-2024
-1913
-1806
-1714
-1640
-1576
-1503
-1402
-1249
-1020
-722
-398
-114
93
234
359
517
731
968
1160
1243
1246
1253
1343
1503
1673
1787
1834
1866
1933
2052
2179
2284
2360
2423
2493
2584
2694
2798
2860
2851
2778
2665
2551
2467
2415
2355
2251
2101
1946
1824
1725
1613
1456
1264
1087
959
858
733
564
372
165
-48
-249
-412
-536
-641
-737
-826
-901
-964
-1023
-1089
-1182
-1307
-1456
-1612
-1763
-1900
-2013
-2115
-2226
-2355
-2477
-2570
-2646
-2729
-2808
-2860
-2865
-2832
-2765
-2669
-2565
-2464
-2355
-2215
-2037
-1817
-1555
-1266
-1003
-809
-700
-617
-502
-345
-172
-16
121
239
343
436
525
623
729
836
935
1053
1226
1452
1679
1867
2013
2137
2256
2389
2537
2677
2774
2813
2804
2772
2739
2730
2730
2715
2662
2594
2552
2526
2483
2388
2246
2072
1888
1718
1553
1357
1092
770
438
151
-63
-212
-358
-538
-757
-978
-1203
-1451
-1707
-1942
-2134
-2302
-2461
-2618
-2762
-2882
-2969
-3019
-3047
-3071
-3091
-3087
-3047
-2995
-2958
-2945
-2920
-2838
-2688
-2506
-2349
-2239
-2167
-2107
-2034
-1935
-1822
-1717
-1619
-1506
-1355
-1154
-898
-590
-279
-23
168
350
572
818
1034
1202
1348
1511
1692
1900
2132
2368
2569
2709
2796
2864
2946
3047
3154
3254
3326
3351
3309
3223
3137
3082
3052
3015
2951
2847
2718
2594
2503
2428
2334
2188
1987
1758
1553
1390
1239
1043
765
418
50
-270
-509
-692
-870
-1061
-1251
-1442
-1646
-1858
-2034
-2148
-2228
-2322
-2438
-2546
-2611
-2638
-2650
-2676
-2737
-2841
-2947
-2984
-2927
-2813
-2733
-2728
-2749
-2727
-2635
-2500
-2347
-2185
-2045
-1951
-1881
-1767
-1567
-1319
-1088
-910
-774
-645
-473
-233
43
277
417
490
569
696
870
1053
1238
1424
1616
1803
1970
2111
2232
2333
2406
2467
2527
2594
2650
2686
2714
2735
2734
2705
2654
2576
2460
2304
2137
1984
1847
1703
1515
1285
1077
959
929
907
818
652
450
260
95
-60
-212
-354
-481
-613
-776
-977
-1203
-1439
-1652
-1802
-1882
-1927
-2004
-2150
-2336
-2471
-2467
-2335
-2180
-2110
-2131
-2162
-2140
-2077
-2012
-1961
-1907
-1848
-1800
-1752
-1672
-1558
-1449
-1386
-1356
-1313
-1217
-1059
-845
-616
-443
-362
-348
-321
-212
-18
211
414
545
609
667
797
1012
1242
1401
1484
1552
1638
1723
1775
1776
1732
1682
1698
1817
2006
2179
2271
2255
2155
2041
1977
1989
2050
2124
2161
2121
2007
1869
1767
1701
1629
1522
1397
1284
1195
1101
963
758
508
246
5
-190
-345
-492
-669
-878
-1091
-1282
-1422
-1484
-1471
-1442
-1465
-1553
-1663
-1750
-1811
-1860
-1899
-1908
-1879
-1826
-1792
-1804
-1851
-1873
-1814
-1690
-1574
-1520
-1510
-1503
-1476
-1445
-1440
-1466
-1491
-1462
-1341
-1162
-985
-871
-823
-801
-758
-671
-545
-384
-205
-31
114
240
367
519
689
840
947
1028
1125
1240
1365
1487
1594
1650
1645
1627
1651
1720
1791
1836
1849
1832
1775
1691
1618
1597
1633
1686
1699
1641
1529
1401
1263
1108
945
801
690
599
500
391
284
192
108
16
-83
-177
-252
-336
-454
-608
-751
-843
-885
-911
-941
-979
-1032
-1090
-1135
-1135
-1093
-1030
-984
-978
-1014
-1077
-1155
-1240
-1326
-1395
-1439
-1441
-1407
-1363
-1349
-1369
-1393
-1388
-1343
-1250
-1092
-892
-716
-605
-534
-473
-430
-427
-439
-430
-387
-327
-255
-163
-64
9
47
97
221
425
661
857
984
1061
1122
1185
1243
1296
1336
1369
1391
1409
1433
1471
1524
1566
1561
1503
1432
1395
1393
1396
1377
1333
1254
1130
978
844
759
714
684
649
598
530
443
340
216
72
-68
-178
-257
-347
-472
-612
-727
-788
-801
-794
-788
-807
-850
-928
-1033
-1136
-1210
-1249
-1259
-1243
-1204
-1162
-1139
-1138
-1145
-1145
-1131
-1108
-1101
-1131
-1184
-1227
-1242
-1233
-1203
-1130
-997
-824
-666
-569
-529
-498
-418
-270
-71
129
283
380
446
536
691
903
1115
1260
1318
1319
1307
1298
1286
1275
1273
1287
1295
1276
1235
1189
1140
1072
987
911
862
849
859
870
860
814
748
662
557
454
391
361
310
211
95
9
-38
-87
-181
-312
-423
-454
-411
-349
-328
-366
-442
-526
-586
-609
-601
-596
-627
-702
-790
-861
-901
-912
-885
-809
-707
-644
-682
-809
-947
-1018
-1007
-956
-911
-891
-894
-923
-972
-1017
-1023
-979
-900
-820
-766
-728
-664
-552
-403
-276
-202
-171
-146
-82
33
189
340
436
466
454
457
505
596
714
836
948
1036
1094
1106
1078
1046
1068
1158
1273
1338
1320
1253
1199
1186
1174
1119
1027
957
951
999
1045
1034
959
843
731
648
587
522
439
354
273
182
64
-56
-149
-226
-312
-406
-480
-506
-484
-440
-422
-461
-528
-576
-580
-566
-584
-676
-827
-974
-1055
-1083
-1110
-1151
-1186
-1196
-1186
-1162
-1130
-1093
-1048
-996
-941
-910
-901
-894
-865
-824
-773
-709
-623
-505
-360
-221
-137
-107
-81
-5
143
342
557
731
807
778
714
697
749
820
863
881
911
961
1003
1011
988
959
941
919
877
837
839
866
844
736
587
477
432
424
408
359
270
150
36
-46
-97
-141
-176
-184
-158
-122
-101
-82
-34
43
103
106
55
-19
-88
-142
-178
-214
-286
-394
-507
-579
-616
-669
-779
-927
-1056
-1123
-1113
-1047
-966
-919
-908
-915
-933
-979
-1042
-1065
-1010
-894
-777
-705
-676
-663
-637
-584
-512
-442
-393
-368
-348
-318
-265
-178
-68
46
167
313
477
627
739
813
862
888
898
903
912
937
983
1029
1035
998
968
996
1068
1132
1147
1114
1046
965
895
850
829
809
785
748
696
645
605
584
555
509
458
430
425
413
381
334
281
207
98
-28
-115
-119
-75
-72
-165
-319
-444
-477
-436
-397
-425
-513
-606
-661
-675
-648
-587
-531
-548
-660
-795
-854
-824
-773
-773
-820
-864
-875
-852
-807
-751
-699
-666
-666
-673
-661
-619
-557
-493
-446
-416
-382
-304
-188
-69
26
103
166
209
234
259
301
374
487
598
668
677
661
653
630
580
537
546
594
628
604
538
488
484
502
490
438
368
276
142
-13
-144
-222
-227
-165
-78
-51
-121
-220
-267
-236
-190
-176
-200
-232
-248
-260
-270
-265
-245
-229
-245
-270
-267
-228
-192
-189
-210
-228
-234
-238
-257
-307
-381
-447
-470
-455
-423
-392
-353
-312
-290
-310
-370
-435
-459
-420
-351
-294
-271
-266
-246
-192
-107
-24
42
100
166
234
270
261
205
133
81
102
193
300
362
364
354
365
407
464
520
591
698
836
946
967
894
783
686
614
558
521
525
584
677
752
782
771
746
724
713
709
688
647
602
595
627
665
663
613
525
413
308
242
220
199
138
27
-101
-201
-236
-198
-129
-105
-168
-281
-370
-402
-412
-447
-519
-610
-683
-701
-649
-562
-516
-568
-704
-841
-901
-876
-817
-789
-808
-858
-894
-903
-909
-931
-949
-916
-829
-734
-689
-690
-692
-658
-588
-502
-423
-350
-278
-200
-115
-29
54
127
187
221
228
219
199
169
139
140
184
253
302
296
232
153
117
144
198
241
258
259
257
249
220
167
101
41
-12
-63
-102
-112
-87
-38
18
60
82
101
131
180
227
262
273
249
192
129
78
33
-9
-39
-57
-82
-128
-186
-223
-215
-163
-109
-87
-95
-100
-100
-118
-155
-184
-175
-124
-28
90
175
181
119
62
61
113
191
279
351
373
323
213
99
39
73
177
293
362
372
361
377
444
530
597
631
633
596
517
407
304
234
210
225
248
241
207
183
194
218
230
235
250
277
302
307
283
229
171
139
151
184
218
231
221
183
127
70
8
-59
-106
-93
-37
-10
-75
-200
-307
-348
-351
-332
-295
-244
-224
-270
-358
-438
-464
-425
-358
-320
-337
-394
-457
-511
-547
-553
-535
-514
-516
-544
-578
-605
-625
-643
-648
-630
-586
-524
-471
-444
-451
-452
-419
-347
-266
-208
-173
-164
-173
-178
-152
-92
-34
-2
32
100
172
184
141
94
79
75
60
52
84
164
264
347
382
368
305
219
153
145
188
240
267
287
318
372
440
500
516
457
358
293
310
379
419
382
290
218
220
277
314
292
232
167
109
59
35
50
89
117
110
84
71
90
130
159
140
60
-61
-161
-215
-223
-203
-167
-135
-132
-146
-130
-70
-10
2
-46
-118
-188
-225
-207
-126
-20
59
98
125
141
120
66
21
25
60
84
76
33
-36
-109
-136
-89
5
90
132
145
145
175
258
371
454
473
458
448
443
422
393
368
335
274
192
126
89
82
85
90
90
82
86
114
151
158
123
82
55
10
-95
-257
-415
-522
-565
-577
-574
-549
-507
-470
-457
-455
-461
-479
-506
-512
-486
-462
-462
-460
-424
-347
-269
-231
-252
-305
-334
-309
-263
-259
-307
-351
-330
-245
-151
-99
-103
-133
-152
-149
-134
-131
-134
-127
-111
-119
-193
-306
-395
-414
-385
-349
-314
-251
-144
0
139
229
257
263
284
303
269
179
98
101
191
305
384
408
400
385
383
405
457
510
532
494
408
324
285
295
305
294
284
306
329
298
190
64
5
30
78
76
35
13
34
61
56
25
-3
-20
-27
-19
16
60
82
52
-34
-147
-238
-257
-207
-119
-39
7
9
-12
-13
23
67
97
122
146
154
139
100
51
-1
-47
-86
-116
-127
-107
-61
-11
45
104
161
204
243
299
367
412
391
307
228
211
234
232
186
131
81
28
-21
-26
22
85
120
127
119
107
96
94
100
99
81
47
8
-27
-44
-45
-39
-45
-72
-105
-138
-165
-188
-192
-178
-165
-179
-210
-228
-214
-164
-113
-89
-111
-139
-127
-71
-26
-34
-87
-148
-192
-207
-192
-156
-131
-138
-176
-222
-247
-256
-274
-332
-412
-446
-388
-279
-201
-207
-282
-385
-454
-444
-365
-282
-252
-270
-297
-307
-282
-230
-183
-171
-171
-133
-44
47
78
43
-27
-90
-128
-149
-172
-176
-127
-18
87
119
72
-11
-81
-114
-84
10
124
196
225
253
296
320
298
245
204
203
250
325
390
415
409
411
443
504
560
586
561
497
418
362
346
354
355
339
322
330
377
431
433
350
224
133
144
259
422
566
653
676
640
540
403
276
195
158
133
93
24
-48
-81
-54
-3
36
42
0
-79
-171
-246
-309
-367
-405
-420
-450
-530
-644
-732
-752
-708
-640
-578
-547
-547
-572
-603
-622
-633
-640
-653
-674
-706
-743
-769
-776
-762
-728
-672
-600
-521
-433
-331
-208
-81
24
86
111
127
165
223
285
318
319
295
260
235
241
284
339
379
388
370
354
368
410
468
527
584
631
652
621
535
435
383
406
459
482
454
406
363
325
287
253
242
257
276
261
188
84
2
-31
-30
-24
-27
-56
-98
-129
-135
-132
-142
-158
-167
-168
-190
-245
-321
-394
-445
-466
-451
-414
-408
-456
-530
-563
-544
-510
-492
-479
-447
-390
-314
-235
-174
-141
-119
-87
-29
42
123
210
297
343
321
248
179
147
139
141
151
185
232
268
268
231
176
116
79
88
150
234
289
304
295
281
263
245
232
224
210
175
119
51
-7
-49
-79
-99
-113
-126
-150
-172
-175
-149
-109
-84
-88
-112
-132
-128
-126
-168
-253
-312
-283
-196
-123
-110
-149
-203
-232
-213
-166
-141
-154
-195
-240
-288
-318
-297
-217
-116
-46
-26
-52
-106
-169
-209
-210
-191
-183
-205
-242
-249
-283
-563
-1272
-2096
-2290
-1449
-111
771
916
929
1469
2424
3097
3041
2491
1979
1684
1454
1292
1467
2005
2360
1926
802
-196
-451
-284
-616
-1875
-3411
-4081
-3385
-1951
-859
-532
-432
87
914
1384
1312
1257
1689
2245
2195
1537
1082
1469
2281
2467
1549
176
-565
-350
121
22
-658
-1278
-1456
-1488
-1816
-2336
-2535
-2210
-1809
-1888
-2332
-2427
-1724
-650
-43
-216
-646
-664
-185
300
396
198
69
185
371
388
240
183
320
430
246
-181
-504
-475
-212
-45
-148
-358
-387
-172
77
177
170
195
242
187
2
-174
-159
61
314
397
280
129
124
269
412
442
393
352
332
310
298
345
438
484
401
245
168
236
333
303
136
-39
-112
-88
-43
-12
32
120
202
198
102
21
42
124
157
99
22
3
-8
-138
-402
-609
-570
-355
-234
-340
-512
-514
-338
-161
-110
-135
-113
-11
98
150
164
192
217
156
6
-112
-95
0
25
-61
-158
-176
-124
-70
-59
-119
-237
-373
-494
-593
-644
-601
-457
-297
-221
-218
-163
27
249
340
281
237
333
510
649
727
814
917
933
795
594
492
497
460
290
92
36
157
356
499
498
372
271
321
470
515
346
70
-116
-120
-30
16
-45
-156
-228
-244
-270
-324
-303
-107
176
330
268
141
139
239
259
93
-129
-204
-63
151
259
216
128
83
38
-94
-302
-457
-482
-437
-473
-623
-762
-760
-646
-558
-548
-524
-390
-183
-68
-140
-315
-432
-441
-408
-379
-309
-172
-21
46
-7
-104
-136
-71
-2
-36
-160
-260
-269
-248
-286
-390
-456
-400
-253
-138
-128
-175
-201
-182
-158
-140
-98
-24
35
14
-112
-267
-354
-324
-208
-72
44
140
230
306
340
333
341
403
476
504
494
506
546
565
516
425
357
361
412
452
468
496
553
597
582
511
446
443
484
497
431
321
238
212
191
136
57
-2
-25
-35
-42
-44
-37
-47
-95
-179
-278
-354
-368
-314
-240
-184
-135
-56
39
78
27
-59
-109
-117
-129
-149
-142
-61
90
266
409
474
470
414
327
196
19
-166
-308
-367
-344
-250
-99
51
132
91
-35
-159
-197
-138
-74
-93
-187
-259
-244
-185
-184
-290
-451
-548
-512
-354
-138
79
264
383
434
457
505
565
591
554
468
342
201
112
143
248
292
212
96
84
164
188
31
-286
-616
-821
-856
-793
-737
-728
-720
-649
-527
-414
-356
-337
-323
-321
-344
-362
-300
-138
32
83
-22
-187
-283
-284
-274
-347
-492
-603
-617
-565
-539
-576
-629
-643
-619
-593
-581
-556
-476
-334
-150
9
87
96
124
224
340
340
188
-4
-65
51
240
373
439
507
606
690
701
646
551
420
239
48
-80
-89
-7
84
145
214
355
563
744
811
774
704
655
644
661
692
732
777
807
778
668
518
392
313
251
191
170
189
205
175
139
146
186
193
134
43
-32
-71
-89
-87
-35
81
218
310
330
304
279
269
239
136
-28
-162
-178
-107
-67
-132
-283
-418
-495
-548
-625
-677
-602
-413
-244
-205
-253
-284
-274
-284
-358
-441
-421
-261
-58
54
38
-41
-102
-121
-111
-111
-155
-235
-325
-411
-507
-568
-530
-385
-238
-192
-237
-278
-259
-223
-245
-336
-426
-436
-350
-241
-193
-199
-164
-41
86
105
34
14
111
229
237
149
106
194
336
376
263
76
-68
-138
-170
-199
-229
-238
-222
-199
-178
-135
-45
46
76
53
55
138
264
345
342
274
194
132
108
112
117
85
13
-41
-21
58
103
46
-95
-220
-262
-231
-177
-140
-132
-149
-164
-141
-84
-40
-15
30
126
234
262
204
119
68
38
14
40
159
330
453
473
407
324
269
246
224
208
259
410
595
693
678
630
614
602
537
436
369
360
363
327
248
155
82
57
69
77
49
24
62
144
173
78
-76
-166
-143
-89
-108
-217
-333
-371
-314
-217
-134
-63
8
58
34
-67
-186
-261
-272
-262
-271
-308
-338
-345
-350
-386
-446
-493
-507
-471
-350
-128
136
309
298
134
-78
-244
-341
-379
-393
-405
-411
-382
-290
-151
-17
63
83
60
10
-36
-37
8
60
85
101
130
152
137
108
131
211
262
194
13
-183
-313
-364
-373
-377
-370
-321
-225
-142
-126
-140
-115
-46
-6
-23
-61
-63
-15
38
44
7
-8
37
94
76
-22
-110
-120
-86
-84
-137
-206
-242
-242
-237
-248
-250
-206
-115
-34
-10
-3
56
177
299
361
364
325
240
96
-72
-170
-115
73
247
262
98
-128
-279
-298
-200
-12
222
408
431
257
-18
-220
-218
-24
210
316
244
59
-123
-222
-181
-7
237
434
498
440
344
294
302
328
340
328
291
219
125
55
35
67
126
198
266
315
352
388
413
406
371
346
355
374
356
296
227
191
213
280
330
296
152
-44
-200
-245
-187
-85
-17
-25
-109
-226
-319
-367
-384
-375
-334
-271
-237
-261
-299
-296
-270
-280
-333
-381
-407
-439
-480
-492
-457
-421
-438
-511
-580
-581
-493
-355
-220
-139
-135
-200
-290
-350
-335
-237
-95
21
64
56
54
77
109
150
229
337
414
419
378
340
306
246
159
96
89
128
183
226
235
195
135
106
124
148
146
126
117
115
90
53
55
142
279
400
451
434
388
350
342
349
348
308
221
124
72
80
109
101
38
-48
-119
-153
-174
-216
-286
-341
-316
-198
-45
51
47
-19
-80
-106
-119
-152
-193
-223
-247
-308
-414
-500
-514
-457
-392
-357
-344
-333
-315
-303
-285
-248
-209
-205
-260
-347
-399
-362
-254
-147
-120
-153
-172
-126
-49
-15
-41
-81
-84
-38
18
58
82
113
144
146
109
77
102
193
288
334
358
420
531
622
624
545
453
395
338
249
149
94
82
45
-53
-154
-164
-68
57
132
147
147
175
223
252
229
158
93
82
128
205
302
434
585
682
646
497
349
315
365
362
205
-60
-284
-373
-333
-238
-124
5
104
108
18
-64
-61
2
51
35
-25
-84
-96
-61
-9
15
-6
-58
-125
-206
-294
-367
-407
-426
-450
-462
-437
-380
-359
-404
-465
-459
-360
-227
-143
-143
-197
-243
-270
-337
-477
-623
-660
-565
-427
-341
-314
-282
-203
-109
-51
-20
34
120
173
