-1
16
30
78
170
257
274
194
66
-52
-113
-106
-54
-11
-2
9
73
183
277
312
309
303
315
330
333
321
307
305
307
296
270
232
187
136
105
115
150
169
147
120
130
176
223
251
256
248
231
208
179
140
104
87
75
46
6
-15
-16
-19
-28
-55
-108
-182
-240
-256
-247
-252
-287
-338
-393
-456
-529
-600
-644
-633
-560
-462
-401
-403
-422
-402
-345
-296
-277
-278
-294
-337
-392
-419
-386
-302
-223
-190
-191
-177
-114
-27
41
75
75
49
21
21
47
43
-9
-67
-96
-107
-126
-133
-120
-117
-139
-172
-189
-190
-183
-160
-108
-32
68
179
280
333
313
242
195
232
340
435
442
372
286
226
172
98
18
-20
2
58
116
162
189
182
134
62
0
-14
31
92
107
49
-24
-50
-9
47
76
66
29
11
44
127
205
221
159
60
-22
-35
0
59
118
190
268
315
326
319
335
365
373
327
247
188
186
227
263
261
229
195
166
124
72
36
41
72
99
121
146
183
233
285
312
293
235
168
116
75
13
-79
-172
-223
-214
-167
-115
-92
-106
-140
-142
-105
-61
-66
-124
-198
-252
-274
-272
-253
-206
-122
-24
43
54
27
-12
-69
-142
-217
-279
-331
-377
-406
-420
-438
-461
-463
-426
-357
-280
-224
-206
-222
-244
-247
-231
-209
-209
-248
-316
-367
-359
-312
-280
-278
-287
-283
-268
-250
-240
-246
-275
-296
-278
-222
-154
-94
-18
71
141
170
159
133
112
138
227
323
353
310
250
198
143
84
44
32
25
14
16
38
67
88
106
143
200
284
371
425
428
387
332
281
264
290
333
339
299
229
155
76
-5
-68
-86
-29
95
241
345
393
419
461
507
509
447
364
308
288
267
214
140
71
30
11
-10
-48
-90
-117
-122
-106
-77
-55
-59
-91
-122
-124
-107
-111
-147
-183
-171
-102
-1
83
124
115
78
35
-12
-76
-157
-242
-295
-304
-285
-267
-260
-250
-228
-192
-170
-168
-167
-129
-54
16
51
46
40
54
82
88
49
-15
-55
-59
-70
-115
-171
-179
-146
-127
-153
-194
-195
-125
-8
111
191
223
225
200
156
116
109
121
100
31
-45
-81
-85
-101
-147
-200
-232
-228
-190
-145
-122
-124
-114
-88
-73
-108
-174
-225
-227
-191
-137
-86
-55
-66
-115
-178
-235
-264
-248
-179
-90
-28
-29
-65
-96
-100
-91
-76
-45
12
77
124
145
142
142
153
178
199
199
160
89
12
-30
-28
-11
-6
-7
9
22
5
-42
-84
-105
-130
-168
-197
-199
-196
-212
-229
-219
-182
-137
-91
-54
-32
-31
-31
-8
35
74
88
86
83
107
167
247
312
340
333
312
294
278
257
232
220
240
288
330
336
305
267
248
243
234
214
179
126
60
11
0
27
72
113
139
150
153
140
129
135
177
241
291
303
281
252
223
188
154
138
147
157
146
102
40
-12
-38
-49
-74
-130
-201
-253
-267
-239
-192
-154
-145
-162
-179
-179
-183
-218
-279
-317
-281
-174
-61
-10
-29
-56
-19
84
176
184
112
27
-17
-22
0
40
97
155
198
218
205
157
83
25
6
9
-9
-58
-113
-150
-149
-118
-101
-139
-218
-278
-275
-221
-141
-72
-37
-33
-36
-36
-32
-35
-49
-83
-119
-119
-72
-6
45
71
55
-22
-146
-247
-270
-239
-216
-226
-241
-235
-215
-193
-185
-195
-222
-239
-217
-164
-113
-91
-84
-81
-74
-70
-81
-109
-134
-126
-92
-67
-57
-36
15
67
77
29
-42
-82
-67
-11
32
35
0
-47
-68
-54
-6
68
155
232
249
182
59
-40
-75
-59
-31
-12
-11
-42
-90
-125
-119
-89
-68
-68
-78
-69
-25
39
79
54
-5
-29
13
76
98
66
20
-9
-13
7
44
93
137
169
184
174
134
74
33
17
17
16
14
13
24
58
99
119
109
108
135
181
219
234
235
247
279
318
317
271
220
222
290
377
429
439
442
471
508
516
479
429
414
433
434
372
268
179
129
85
3
-115
-223
-267
-228
-144
-85
-91
-137
-156
-114
-39
23
48
49
34
9
-22
-36
-12
49
113
134
85
-7
-108
-187
-248
-286
-302
-295
-291
-299
-311
-320
-320
-321
-312
-286
-234
-159
-76
-23
-34
-96
-166
-221
-284
-360
-431
-470
-474
-444
-407
-392
-396
-397
-397
-421
-466
-481
-448
-400
-362
-329
-287
-232
-170
-107
-72
-90
-130
-147
-124
-82
-46
-25
-17
-5
13
21
-17
-97
-171
-196
-168
-109
-32
31
62
67
89
138
171
152
100
71
83
90
64
25
31
92
172
218
205
158
128
161
239
298
284
213
152
158
217
273
283
273
291
344
388
391
366
365
406
452
448
379
300
259
266
277
274
271
290
319
334
317
295
298
319
320
284
246
243
260
267
238
192
150
133
144
158
137
64
-20
-68
-58
-26
-9
-15
-30
-45
-62
-59
-12
72
146
183
184
160
116
65
18
-40
-115
-188
-226
-236
-234
-210
-158
-97
-68
-79
-107
-129
-122
-99
-94
-127
-174
-186
-146
-72
-13
1
-34
-95
-160
-217
-259
-284
-300
-316
-330
-340
-365
-413
-443
-411
-341
-302
-319
-342
-319
-254
-185
-160
-198
-256
-278
-240
-195
-195
-238
-285
-299
-279
-246
-222
-214
-199
-179
-170
-203
-272
-334
-344
-303
-240
-203
-202
-217
-214
-188
-162
-139
-115
-94
-100
-132
-174
-214
-246
-252
-211
-139
-70
-15
39
92
146
217
314
409
459
468
466
458
423
379
369
409
467
504
503
479
450
433
425
401
341
252
164
121
143
204
265
304
321
321
321
337
360
364
342
321
306
288
253
194
122
61
26
-8
-74
-157
-204
-186
-125
-65
-42
-47
-49
-15
58
140
206
240
248
230
179
107
24
-55
-121
-170
-214
-246
-244
-200
-140
-100
-64
0
83
146
158
127
82
60
80
137
185
187
150
101
62
13
-47
-100
-123
-129
-146
-188
-248
-300
-315
-290
-254
-234
-247
-285
-326
-348
-352
-346
-331
-308
-283
-265
-229
-153
-49
33
55
24
-29
-69
-89
-92
-95
-112
-141
-162
-165
-149
-126
-107
-102
-107
-105
-66
17
101
142
106
14
-92
-169
-211
-224
-195
-118
-19
32
12
-30
-42
-21
20
64
83
60
21
13
41
73
75
60
46
53
73
94
102
93
78
74
97
135
154
139
109
96
109
128
140
141
147
160
166
141
98
79
104
130
93
-1
-83
-105
-90
-87
-98
-105
-95
-75
-57
-42
-32
-18
-5
13
56
135
225
273
268
241
224
213
179
116
57
50
102
175
217
208
178
145
121
96
58
12
-33
-66
-89
-101
-90
-36
51
129
151
114
54
26
31
52
76
119
193
262
292
271
235
191
123
37
-33
-66
-82
-92
-84
-46
2
11
-40
-124
-172
-145
-71
-11
0
-29
-79
-123
-145
-137
-126
-142
-199
-266
-320
-362
-395
-405
-386
-357
-323
-266
-170
-58
42
109
116
-17
-312
-687
-927
-876
-557
-200
-92
-295
-645
-872
-902
-749
-474
-152
23
-81
-310
-275
214
801
903
296
-555
-995
-703
72
820
1072
702
-1
-490
-324
498
1598
2506
2994
3078
2942
2813
2878
3118
3336
3315
3024
2562
1968
1204
244
-799
-1752
-2489
-3003
-3411
-3870
-4475
-5143
-5641
-5726
-5273
-4347
-3168
-2039
-1159
-533
29
727
1643
2681
3616
4228
4390
4154
3685
3187
2773
2433
2075
1598
965
201
-581
-1216
-1538
-1537
-1358
-1180
-1047
-841
-458
17
225
-274
-1527
-2947
-3657
-3301
-2452
-2121
-2825
-4103
-4981
-4848
-3884
-2707
-1798
-1230
-844
-455
132
1161
2790
4794
6509
7273
7007
6313
5872
5778
5458
4312
2334
109
-1745
-3045
-4026
-4982
-5994
-6962
-7739
-8156
-8043
-7317
-6124
-4680
-3072
-1297
496
2025
3219
4371
5808
7431
8705
9180
8930
8425
7969
7468
6736
5858
5073
4449
3818
3043
2200
1519
1105
602
-709
-3124
-5696
-6748
-5563
-3498
-2868
-4629
-7261
-8263
-6649
-3804
-1947
-2005
-3093
-3683
-2948
-1093
1164
3142
4404
4780
4507
4299
4874
6067
6626
5277
2185
-975
-2556
-2453
-2087
-2937
-5205
-7706
-9000
-8567
-7073
-5609
-4800
-4485
-4004
-2771
-725
1615
3570
4809
5500
6120
7090
8456
9716
10172
9600
8470
7284
5847
3547
373
-2705
-4644
-5499
-6376
-8140
-10383
-11842
-11746
-10496
-9050
-7902
-6816
-5269
-3028
-277
2579
5239
7604
9584
10992
11735
11949
11723
10796
8808
5856
2579
-422
-3024
-5426
-7766
-9986
-11948
-13411
-14019
-13503
-12039
-10199
-8437
-6593
-4162
-1010
2318
5131
7238
8925
10470
11842
12861
13414
13516
13195
12391
10994
9071
6990
5124
3282
742
-2847
-6597
-8965
-9373
-9020
-9605
-11367
-12756
-12204
-9849
-7235
-5544
-4559
-3273
-1088
1774
4677
7140
8994
10246
10941
11168
11108
10790
9877
7870
4765
1299
-1603
-3661
-5419
-7504
-9826
-11582
-12099
-11532
-10620
-9812
-8798
-7007
-4375
-1443
1226
3510
5547
7343
8729
9706
10496
11236
11724
11669
11019
9993
8789
7479
6034
4294
1930
-1191
-4493
-6860
-7684
-7695
-8315
-10074
-11864
-12124
-10556
-8404
-6978
-6358
-5614
-4003
-1590
1114
3720
6056
7993
9417
10360
10971
11244
10840
9333
6726
3650
893
-1325
-3483
-6096
-8975
-11301
-12427
-12479
-12130
-11832
-11313
-9901
-7305
-4071
-1112
1098
2843
4641
6655
8572
9966
10687
10965
11161
11361
11214
10273
8578
6798
5503
4306
2120
-1428
-5107
-7176
-7378
-7329
-8640
-10962
-12362
-11575
-9370
-7544
-6882
-6556
-5290
-2792
212
2913
5139
7137
8978
10440
11325
11649
11385
10283
8167
5373
2593
166
-2284
-5273
-8575
-11206
-12422
-12492
-12256
-12086
-11527
-9965
-7363
-4245
-1182
1585
4059
6293
8324
10142
11584
12373
12464
12244
12185
12237
11788
10344
8194
6092
4313
2233
-756
-4167
-6668
-7684
-8179
-9475
-11528
-12908
-12527
-10799
-9022
-7826
-6782
-5170
-2875
-277
2312
4877
7389
9581
11172
12166
12758
12884
12067
9936
6836
3702
1179
-1009
-3603
-6809
-9887
-11935
-12807
-13105
-13213
-12822
-11431
-9109
-6413
-3753
-1141
1415
3659
5438
7006
8697
10300
11236
11357
11238
11352
11351
10495
8753
6930
5571
4081
1489
-2050
-5058
-6403
-6690
-7560
-9653
-11815
-12466
-11365
-9711
-8671
-8247
-7551
-5887
-3256
-182
2764
5241
7251
8963
10486
11673
12191
11664
9984
7520
4919
2502
-55
-3197
-6712
-9711
-11520
-12347
-12855
-13179
-12783
-11262
-8972
-6554
-4148
-1471
1398
3838
5443
6635
8127
9923
11268
11602
11254
10939
10848
10501
9523
8092
6487
4410
1404
-2142
-4903
-6058
-6396
-7498
-9809
-12059
-12703
-11589
-9901
-8696
-7924
-6814
-4868
-2189
830
3840
6540
8713
10302
11486
12415
12930
12532
10843
8085
5002
2208
-362
-3159
-6265
-9111
-11064
-12087
-12620
-12819
-12287
-10648
-8204
-5650
-3249
-661
2266
4959
6695
7544
8325
9512
10612
10892
10427
9941
9763
9406
8395
6926
5420
3681
1145
-2029
-4688
-5937
-6356
-7338
-9348
-11216
-11570
-10410
-9021
-8336
-7980
-6888
-4583
-1613
1102
3149
4837
6699
8804
10629
11543
11312
10100
8164
5807
3361
971
-1645
-4748
-7982
-10469
-11721
-12101
-12254
-12221
-11420
-9536
-7055
-4679
-2417
254
3363
6079
7615
8188
8727
9750
10831
11248
10879
10228
9673
9071
8200
7127
5893
4040
1144
-2285
-4899
-5972
-6348
-7501
-9670
-11506
-11654
-10315
-8830
-8037
-7483
-6197
-3852
-996
1638
3818
5815
7909
9959
11492
12105
11732
10477
8452
5851
3102
522
-2071
-5055
-8269
-10909
-12389
-12962
-13261
-13337
-12605
-10703
-8088
-5481
-3004
-231
2858
5534
7103
7823
8605
9878
11048
11316
10658
9798
9236
8753
7898
6570
4890
2737
10
-2816
-4775
-5608
-6254
-7835
-10089
-11513
-11090
-9479
-8175
-7738
-7364
-5975
-3446
-519
2079
4223
6149
8016
9702
10989
11680
11614
10574
8478
5628
2675
73
-2367
-5075
-7960
-10287
-11560
-12094
-12461
-12514
-11510
-9229
-6487
-4180
-2191
324
3538
6494
8155
8610
8878
9689
10762
11322
11026
10198
9293
8419
7498
6515
5358
3573
879
-2209
-4543
-5620
-6180
-7358
-9244
-10733
-10864
-9900
-8909
-8381
-7827
-6492
-4306
-1787
526
2592
4709
7081
9396
11029
11651
11430
10625
9131
6797
3889
977
-1743
-4519
-7466
-10093
-11819
-12622
-12964
-13034
-12456
-10849
-8428
-5816
-3309
-675
2274
5127
7193
8284
8954
9851
11008
11878
11940
11176
9993
8827
7842
6823
5296
2861
-252
-3151
-4982
-5918
-6951
-8729
-10685
-11709
-11392
-10383
-9494
-8743
-7531
-5469
-2856
-285
1905
3872
5985
8366
10547
11864
12059
11444
10312
8605
6170
3239
301
-2427
-5103
-7837
-10298
-12032
-12932
-13233
-12989
-11976
-10088
-7719
-5361
-3030
-323
2790
5573
7236
7892
8462
9512
10650
11089
10665
9837
9027
8179
7113
5895
4606
2967
651
-2040
-4132
-5052
-5440
-6537
-8597
-10380
-10559
-9324
-8129
-7841
-7814
-6835
-4648
-2062
128
1949
3890
6121
8249
9794
10616
10834
10462
9317
7322
4748
2104
-327
-2670
-5208
-7866
-10168
-11657
-12274
-12238
-11660
-10516
-8816
-6708
-4314
-1675
1093
3644
5580
6841
7804
8891
10074
10920
11110
10758
10217
9628
8900
7895
6542
4651
2112
-708
-3037
-4484
-5600
-7220
-9364
-10987
-11212
-10353
-9556
-9329
-9010
-7640
-5157
-2391
-125
1680
3678
6256
8950
10821
11485
11414
11193
10637
9108
6451
3360
562
-1906
-4496
-7328
-9910
-11689
-12587
-12872
-12653
-11806
-10284
-8309
-6077
-3550
-713
2025
4092
5396
6476
7825
9299
10332
10665
10575
10443
10246
9672
8605
7233
5617
3528
961
-1474
-3105
-4165
-5626
-7951
-10238
-11216
-10726
-9933
-9758
-9827
-9071
-7120
-4594
-2230
-112
2163
4788
7452
9605
10990
11697
11899
11474
10182
8028
5446
2897
450
-2155
-4988
-7684
-9788
-11182
-12008
-12253
-11730
-10472
-8870
-7203
-5279
-2808
-90
2127
3479
4480
5895
7796
9485
10347
10509
10533
10671
10654
10173
9170
7654
5499
2824
177
-1859
-3464
-5351
-7841
-10214
-11450
-11363
-10801
-10591
-10586
-9990
-8317
-5913
-3408
-1119
1148
3664
6379
8779
10374
11112
11362
11248
10419
8549
5962
3404
1209
-964
-3564
-6411
-8862
-10409
-11102
-11251
-11086
-10639
-9820
-8465
-6449
-3936
-1438
579
2144
3696
5491
7299
8727
9717
10562
11423
11970
11697
10615
9316
8123
6528
3971
865
-1663
-3229
-4631
-6711
-9126
-10767
-11148
-10904
-10885
-11081
-10742
-9303
-7010
-4555
-2374
-308
2060
4826
7516
9493
10577
11060
11127
10531
9099
7177
5316
3538
1376
-1406
-4344
-6737
-8361
-9519
-10513
-11207
-11279
-10592
-9307
-7627
-5682
-3651
-1741
27
1875
3936
6033
7881
9436
10788
11870
12428
12381
11977
11407
10374
8378
5548
2722
567
-1298
-3663
-6623
-9303
-10951
-11719
-12235
-12711
-12775
-12074
-10598
-8590
-6275
-3786
-1103
1822
4833
7463
9339
10527
11354
11788
11385
9962
8027
6233
4540
2389
-474
-3520
-6007
-7649
-8772
-9805
-10768
-11264
-10864
-9531
-7608
-5614
-3851
-2226
-389
1803
4107
6153
7862
9419
10926
12145
12661
12399
11720
11005
9985
8091
5282
2391
170
-1618
-3823
-6687
-9373
-10995
-11618
-12060
-12683
-13013
-12367
-10745
-8729
-6833
-4951
-2584
478
3733
6331
7938
8976
9981
10736
10556
9220
7441
6000
4802
3052
376
-2630
-5044
-6583
-7744
-8987
-10103
-10541
-10136
-9222
-8095
-6722
-5027
-3133
-1249
591
2524
4640
6842
8875
10486
11500
11961
12124
12163
11802
10516
8338
5987
4111
2403
88
-3006
-6038
-8125
-9312
-10343
-11623
-12702
-12907
-12019
-10437
-8689
-7029
-5185
-2689
497
3663
5986
7381
8506
9757
10652
10476
9297
7963
6947
5854
4045
1550
-1013
-3137
-4819
-6312
-7707
-8847
-9454
-9380
-8687
-7654
-6562
-5458
-4095
-2245
-12
2252
4355
6414
8526
10469
11798
12408
12647
12816
12570
11350
9226
6992
5201
3466
1020
-2239
-5467
-7801
-9194
-10328
-11658
-12908
-13430
-12929
-11658
-10054
-8286
-6194
-3581
-560
2365
4694
6361
7744
9033
9896
9845
8959
7834
6864
5777
4049
1653
-849
-2918
-4580
-6177
-7765
-8947
-9378
-9188
-8807
-8412
-7736
-6436
-4571
-2616
-911
700
2693
5235
7913
9938
10874
11097
11377
11887
11859
10648
8635
6809
5373
3563
752
-2546
-5267
-7062
-8535
-10271
-12013
-13061
-13072
-12333
-11296
-10151
-8687
-6595
-3816
-774
1930
3983
5592
7095
8419
9114
8925
8189
7390
6612
5503
3824
1774
-190
-1820
-3256
-4729
-6182
-7251
-7675
-7580
-7335
-7089
-6599
-5528
-3915
-2207
-758
579
2359
4852
7588
9588
10380
10554
11025
11815
11990
10974
9285
7816
6550
4699
1849
-1310
-3801
-5470
-7042
-9063
-11153
-12466
-12606
-12004
-11237
-10385
-8972
-6684
-3764
-880
1526
3511
5412
7228
8486
8795
8379
7857
7457
6842
5605
3840
1957
234
-1384
-2997
-4526
-5775
-6615
-7021
-7045
-6835
-6546
-6141
-5352
-4010
-2322
-730
633
2162
4315
6865
8885
9772
9989
10429
11135
11257
10312
8881
7711
6592
4682
1777
-1259
-3504
-5048
-6686
-8788
-10866
-12189
-12523
-12155
-11466
-10562
-9249
-7301
-4786
-2111
271
2214
3916
5502
6746
7303
7193
6810
6435
5916
4934
3446
1734
98
-1351
-2662
-3869
-4967
-5908
-6585
-6865
-6747
-6440
-6132
-5693
-4784
-3353
-1804
-509
795
2689
5171
7350
8451
8819
9427
10468
11042
10484
9238
8145
7171
5590
3114
413
-1736
-3393
-5202
-7403
-9464
-10789
-11329
-11403
-11177
-10573
-9424
-7654
-5340
-2823
-530
1358
2998
4534
5765
6431
6580
6504
6288
5779
4900
3797
2616
1339
-72
-1481
-2642
-3474
-4119
-4730
-5205
-5344
-5179
-4972
-4827
-4486
-3698
-2562
-1367
-84
1606
3763
5848
7206
7904
8615
9691
10579
10621
9916
9104
8352
7143
5078
2519
277
-1386
-2977
-5062
-7383
-9173
-10033
-10275
-10318
-10150
-9458
-8072
-6161
-4052
-2041
-268
1268
2634
3777
4596
5081
5361
5474
5309
4818
4147
3415
2483
1235
-110
-1119
-1739
-2365
-3312
-4290
-4789
-4778
-4770
-5069
-5312
-4971
-4043
-2950
-1887
-592
1214
3361
5273
6496
7203
7977
9047
9905
9970
9260
8273
7219
5840
3904
1716
-221
-1880
-3713
-5894
-7930
-9269
-9884
-10116
-10096
-9712
-8815
-7420
-5650
-3746
-1960
-418
920
2082
2996
3629
4068
4377
4451
4246
3855
3370
2683
1783
898
271
-214
-864
-1753
-2614
-3166
-3447
-3731
-4189
-4593
-4598
-4104
-3343
-2480
-1482
-182
1494
3362
5005
6067
6747
7536
8556
9191
8922
8024
7224
6675
5752
4000
1834
116
-1058
-2403
-4415
-6521
-7812
-8161
-8192
-8338
-8378
-7899
-6774
-5262
-3763
-2593
-1723
-871
197
1335
2200
2596
2685
2817
3149
3494
3438
2894
2226
1883
1791
1487
704
-324
-1173
-1737
-2273
-2997
-3730
-4140
-4159
-4007
-3755
-3229
-2303
-1094
275
1755
3210
4371
5220
6125
7271
8160
8092
7259
6607
6621
6550
5480
3510
1684
592
-304
-1834
-3924
-5645
-6449
-6661
-6916
-7319
-7544
-7193
-6219
-4976
-4019
-3521
-3030
-1989
-535
531
816
864
1506
2645
3442
3399
2976
2878
3147
3256
2774
1843
886
183
-410
-1210
-2332
-3400
-3941
-3950
-3917
-4095
-4073
-3352
-2058
-819
141
1217
2761
4372
5405
5892
6486
7348
7745
7214
6335
6008
6050
5476
3833
1912
693
43
-1006
-2842
-4654
-5595
-5764
-5904
-6388
-6987
-7220
-6847
-6059
-5307
-4760
-4096
-3004
-1698
-732
-194
405
1462
2629
3269
3310
3324
3704
4124
3982
3163
2181
1528
1103
375
-830
-2034
-2695
-2875
-3072
-3486
-3810
-3662
-3035
-2218
-1427
-618
419
1755
3139
4160
4764
5319
6069
6644
6573
6092
5865
5979
5673
4458
2845
1745
1221
478
-995
-2753
-4048
-4771
-5395
-6273
-7275
-8043
-8237
-7822
-7081
-6435
-5926
-5196
-3982
-2552
-1398
-537
426
1706
2940
3717
4084
4408
4781
4917
4576
3881
3112
2348
1500
533
-452
-1409
-2303
-3002
-3351
-3448
-3513
-3479
-3034
-2169
-1294
-621
234
1646
3199
4084
4239
4588
5706
6842
6858
5963
5490
6013
6464
5666
3887
2397
1779
1332
128
-1865
-3855
-5234
-6073
-6774
-7537
-8267
-8669
-8495
-7799
-6975
-6249
-5360
-3971
-2257
-779
278
1278
2551
3866
4706
4889
4705
4561
4554
4415
3815
2755
1632
817
243
-482
-1508
-2480
-2910
-2800
-2659
-2824
-3001
-2637
-1648
-509
289
735
1259
2224
3471
4416
4756
4890
5344
5971
6136
5719
5293
5281
5285
4615
3193
1640
533
-274
-1376
-3016
-4698
-5831
-6412
-6963
-7771
-8525
-8667
-8046
-7082
-6302
-5714
-4764
-3050
-935
718
1540
1996
2768
3854
4597
4483
3774
3201
3078
2988
2376
1318
395
-25
-188
-555
-1261
-2005
-2391
-2307
-1988
-1764
-1731
-1681
-1322
-569
339
1048
1476
1962
2806
3771
4279
4217
4170
4618
5210
5218
4578
3990
3939
3942
3154
1471
-271
-1343
-1976
-2943
-4485
-6029
-6936
-7151
-7144
-7323
-7641
-7595
-6796
-5461
-4235
-3449
-2730
-1553
44
1445
2182
2443
2750
3267
3644
3474
2767
1974
1575
1610
1586
1044
158
-379
-186
309
330
-354
-1130
-1261
-789
-451
-658
-930
-572
365
1189
1469
1530
1964
2897
3861
4353
4386
4438
4913
5609
5819
5123
4051
3525
3647
3419
2019
-52
-1539
-1978
-2226
-3274
-4953
-6129
-6157
-5586
-5370
-5704
-5958
-5510
-4413
-3259
-2530
-2134
-1585
-673
287
834
981
1140
1578
2077
2271
2124
1890
1779
1756
1749
1668
1403
891
324
-34
-195
-426
-867
-1304
-1466
-1341
-1172
-1110
-1051
-781
-246
410
1034
1558
2026
2560
3234
3901
4247
4164
3960
4001
4150
3854
2880
1782
1228
1105
636
-527
-1810
-2510
-2633
-2779
-3323
-4081
-4600
-4697
-4564
-4483
-4547
-4605
-4426
-3865
-3075
-2407
-2059
-1753
-1091
-108
715
1078
1277
1766
2493
2879
2587
1937
1501
1382
1186
591
-231
-853
-1055
-1049
-1207
-1632
-2037
-2080
-1790
-1436
-1154
-799
-268
376
1033
1685
2291
2736
2975
3107
3283
3473
3492
3218
2854
2717
2859
2894
2448
1639
1054
1075
1377
1269
517
-345
-705
-578
-611
-1274
-2318
-3003
-3020
-2823
-3042
-3636
-3960
-3618
-2895
-2319
-1993
-1599
-920
-165
320
473
537
707
898
908
707
488
415
387
168
-268
-658
-742
-574
-421
-458
-618
-687
-521
-164
145
260
271
397
674
896
887
703
583
670
884
1001
923
820
984
1445
1882
2006
1959
2175
2750
3210
3020
2342
1907
2104
2436
2131
1149
237
31
266
184
-517
-1326
-1665
-1584
-1632
-2137
-2828
-3164
-2926
-2537
-2551
-2965
-3138
-2657
-1895
-1591
-1878
-2136
-1830
-1162
-719
-679
-741
-588
-206
264
680
946
1038
1042
1086
1184
1177
896
400
-46
-266
-376
-591
-906
-1112
-1074
-913
-841
-896
-903
-707
-364
-34
256
630
1148
1676
2092
2517
3130
3843
4271
4211
3926
3931
4333
4648
4356
3561
2855
2554
2374
1804
705
-621
-1713
-2465
-3132
-4023
-5058
-5877
-6216
-6142
-5943
-5786
-5534
-4873
-3769
-2542
-1580
-893
-228
565
1293
1653
1643
1587
1726
1871
1703
1214
773
602
544
269
-281
-855
-1195
-1277
-1314
-1516
-1912
-2271
-2354
-2179
-2016
-2006
-1936
-1484
-644
233
830
1224
1808
2801
3917
4606
4704
4666
5054
5863
6438
6170
5178
4294
4143
4389
4068
2780
1241
357
167
-146
-1133
-2498
-3492
-3813
-3826
-4037
-4477
-4762
-4636
-4212
-3769
-3379
-2991
-2539
-2024
-1418
-758
-207
100
235
445
752
911
727
395
240
294
236
-197
-858
-1362
-1536
-1638
-1982
-2492
-2719
-2424
-1884
-1514
-1342
-1035
-429
300
870
1228
1511
1893
2392
2838
3043
3029
3052
3278
3566
3584
3246
2854
2790
3023
3171
2993
2623
2328
2212
2278
2425
2450
2135
1573
1120
993
977
608
-269
-1275
-1885
-2096
-2392
-3102
-3935
-4410
-4445
-4389
-4484
-4581
-4391
-3913
-3476
-3338
-3375
-3225
-2764
-2253
-1998
-1953
-1789
-1298
-662
-270
-244
-275
10
573
1011
1089
998
1074
1360
1620
1623
1396
1178
1156
1260
1209
852
342
-48
-187
-204
-315
-585
-801
-661
-158
365
654
894
1441
2275
2979
3324
3557
4077
4877
5509
5558
5142
4857
5043
5300
4878
3680
2425
1792
1535
771
-895
-2825
-4047
-4434
-4796
-5820
-7175
-7968
-7788
-7100
-6628
-6560
-6420
-5669
-4392
-3180
-2429
-1908
-1185
-171
839
1560
1944
2150
2387
2725
3021
3032
2692
2210
1874
1717
1503
1032
409
-51
-164
-96
-208
-662
-1170
-1279
-937
-616
-719
-1019
-950
-370
246
454
410
609
1190
1804
2152
2349
2679
3161
3593
3873
4119
4460
4872
5143
5077
4663
4184
3922
3800
3408
2515
1436
646
239
-241
-1188
-2477
-3563
-4145
-4495
-5070
-5929
-6691
-7045
-7005
-6781
-6492
-6180
-5765
-5150
-4320
-3443
-2711
-2080
-1379
-554
248
913
1503
2111
2681
3059
3213
3262
3327
3378
3295
3003
2567
2123
1738
1345
829
159
-573
-1217
-1708
-2121
-2575
-3054
-3394
-3437
-3212
-2921
-2707
-2503
-2085
-1349
-430
432
1176
1963
2946
4048
5043
5811
6434
7036
7602
7979
8015
7663
7040
6370
5758
5000
3770
2084
393
-880
-1849
-3013
-4633
-6351
-7551
-8047
-8263
-8698
-9279
-9473
-8935
-7917
-6900
-6033
-5055
-3684
-2008
-417
784
1669
2509
3385
4080
4396
4408
4344
4320
4204
3815
3128
2329
1603
981
383
-248
-885
-1464
-1931
-2280
-2544
-2742
-2862
-2878
-2772
-2542
-2239
-1924
-1613
-1261
-853
-417
44
570
1181
1802
2349
2797
3218
3657
4102
4522
4876
5104
5181
5219
5342
5480
5416
5093
4678
4304
3920
3439
2869
2227
1505
739
-24
-812
-1727
-2774
-3851
-4821
-5593
-6139
-6510
-6842
-7177
-7387
-7235
-6649
-5820
-5034
-4335
-3481
-2317
-1029
5
662
1149
1720
2385
2963
3288
3369
3343
3300
3190
2862
2255
1468
711
109
-411
-1021
-1780
-2541
-3145
-3570
-3908
-4215
-4461
-4555
-4389
-3982
-3530
-3220
-2941
-2378
-1429
-358
507
1168
1897
2909
4086
5094
5720
6114
6611
7317
7951
8159
7934
7586
7355
7144
6704
5926
4937
3936
3047
2257
1428
413
-798
-1978
-2878
-3487
-4082
-4884
-5725
-6217
-6221
-6072
-6125
-6329
-6293
-5841
-5172
-4560
-4020
-3374
-2552
-1696
-1004
-550
-238
58
338
495
451
287
171
150
88
-181
-620
-1005
-1159
-1137
-1140
-1276
-1450
-1491
-1354
-1174
-1127
-1245
-1359
-1268
-989
-736
-659
-648
-498
-176
195
529
865
1278
1771
2317
2884
3473
4079
4678
5250
5819
6439
7105
7711
8115
8265
8219
8079
7855
7468
6829
5982
5021
3993
2884
1709
531
-632
-1822
-3090
-4393
-5577
-6498
-7202
-7895
-8679
-9353
-9644
-9514
-9187
-8869
-8541
-7986
-6993
-5592
-4121
-2934
-2029
-1071
119
1299
2063
2302
2282
2331
2494
2527
2209
1600
995
596
342
37
-398
-848
-1137
-1226
-1234
-1295
-1398
-1382
-1150
-785
-471
-250
23
479
1059
1593
2006
2359
2750
3205
3658
4006
4177
4201
4182
4216
4303
4318
4131
3789
3497
3401
3394
3264
2969
2665
2514
2513
2532
2466
2318
2138
1892
1490
960
448
-5
-548
-1334
-2269
-3155
-3892
-4622
-5503
-6505
-7380
-7885
-8044
-8066
-8133
-8141
-7865
-7161
-6149
-5076
-4067
-3037
-1807
-393
983
2066
2852
3540
4241
4810
5008
4841
4524
4264
4011
3597
2915
2007
1038
142
-619
-1304
-1972
-2612
-3109
-3357
-3390
-3340
-3309
-3219
-2930
-2400
-1730
-1076
-502
24
628
1356
2121
2791
3349
3895
4454
4919
5163
5213
5213
5248
5251
5131
4903
4660
4432
4174
3870
3574
3340
3133
2874
2496
1991
1419
874
387
-151
-873
-1766
-2607
-3220
-3648
-4153
-4938
-5901
-6688
-7003
-6989
-7019
-7262
-7425
-7137
-6395
-5563
-4959
-4502
-3846
-2790
-1590
-674
-174
210
799
1551
2190
2537
2694
2842
3008
3014
2718
2200
1696
1332
989
501
-115
-670
-1050
-1315
-1572
-1825
-1997
-2033
-1942
-1773
-1533
-1187
-712
-148
423
1003
1686
2552
3516
4411
5159
5846
6568
7280
7873
8286
8517
8550
8398
8116
7752
7241
6490
5539
4555
3668
2805
1792
603
-588
-1632
-2587
-3587
-4646
-5665
-6572
-7364
-8041
-8569
-8943
-9238
-9517
-9709
-9626
-9222
-8645
-8080
-7495
-6761
-5829
-4789
-3736
-2691
-1688
-755
114
969
1805
2542
3110
3508
3801
4024
4187
4276
4285
4198
3994
3680
3319
2966
2598
2165
1693
1286
982
706
379
47
-189
-307
-402
-551
-721
-781
-662
-426
-205
-15
259
719
1282
1776
2150
2527
3033
3623
4137
4466
4635
4726
4770
4732
4581
4321
3932
3375
2675
1963
1316
632
-252
-1328
-2414
-3385
-4323
-5350
-6383
-7215
-7754
-8136
-8485
-8764
-8817
-8561
-8085
-7522
-6916
-6162
-5173
-3997
-2789
-1639
-509
689
1989
3332
4577
5570
6260
6752
7138
7336
7189
6691
6024
5370
4747
4062
3228
2267
1303
466
-215
-810
-1373
-1898
-2344
-2679
-2904
-3054
-3147
-3139
-2933
-2537
-2093
-1751
-1475
-1128
-646
-129
281
555
775
1049
1418
1863
2310
2659
2861
2986
3166
3441
3685
3753
3657
3547
3520
3508
3366
3041
2616
2210
1855
1474
980
389
-204
-726
-1238
-1820
-2467
-3074
-3557
-3959
-4370
-4841
-5276
-5541
-5570
-5464
-5356
-5237
-4941
-4352
-3585
-2859
-2280
-1704
-960
-36
880
1600
2121
2601
3130
3589
3781
3674
3397
3050
2606
2028
1331
602
-44
-551
-1014
-1582
-2204
-2649
-2806
-2868
-3071
-3325
-3312
-2884
-2253
-1707
-1272
-766
-95
625
1227
1726
2266
2903
3499
3885
4088
4305
4622
4864
4820
4527
4238
4069
3882
3514
3006
2529
2167
1849
1462
995
520
87
-314
-697
-1027
-1297
-1564
-1875
-2160
-2347
-2513
-2849
-3386
-3901
-4168
-4260
-4448
-4821
-5153
-5196
-4990
-4782
-4720
-4667
-4377
-3788
-3096
-2533
-2077
-1482
-545
647
1783
2642
3284
3923
4621
5202
5460
5395
5171
4949
4743
4465
4035
3472
2852
2227
1580
905
239
-372
-927
-1457
-1921
-2256
-2422
-2502
-2559
-2569
-2453
-2189
-1826
-1411
-955
-450
77
591
1073
1526
1924
2226
2437
2606
2740
2767
2618
2344
2070
1852
1631
1322
917
487
110
-208
-529
-897
-1257
-1506
-1630
-1708
-1789
-1822
-1731
-1570
-1507
-1630
-1801
-1803
-1637
-1550
-1689
-1874
-1803
-1452
-1109
-1040
-1159
-1138
-771
-225
135
194
192
443
978
1565
1993
2236
2414
2632
2878
3026
2972
2743
2436
2109
1764
1376
901
337
-268
-865
-1489
-2175
-2842
-3359
-3702
-3982
-4253
-4418
-4345
-4050
-3700
-3412
-3131
-2705
-2086
-1402
-809
-332
139
679
1253
1765
2161
2452
2689
2911
3121
3271
3319
3290
3254
3219
3107
2857
2544
2286
2105
1871
1507
1088
759
544
340
88
-175
-373
-490
-569
-684
-906
-1211
-1462
-1548
-1540
-1625
-1854
-2085
-2123
-1973
-1826
-1851
-1991
-2039
-1877
-1609
-1416
-1331
-1211
-902
-401
154
616
966
1276
1597
1862
1982
1952
1847
1702
1494
1227
961
727
447
34
-455
-852
-1069
-1180
-1330
-1565
-1794
-1886
-1798
-1633
-1508
-1420
-1280
-1039
-747
-448
-138
199
553
914
1287
1684
2086
2431
2660
2800
2935
3127
3327
3428
3362
3161
2911
2630
2259
1778
1278
854
472
29
-458
-865
-1142
-1371
-1629
-1878
-1997
-1969
-1918
-1974
-2092
-2088
-1890
-1643
-1528
-1538
-1517
-1346
-1091
-888
-812
-788
-703
-527
-328
-175
-70
20
125
281
516
788
995
1074
1062
1046
1060
1052
959
759
514
308
195
120
-55
-415
-887
-1284
-1521
-1686
-1937
-2291
-2596
-2687
-2580
-2442
-2387
-2351
-2226
-1993
-1706
-1391
-1065
-795
-599
-344
144
838
1506
1939
2151
2326
2590
2902
3107
3097
2925
2752
2680
2640
2487
2184
1849
1601
1429
1242
996
719
462
260
129
37
-70
-213
-363
-511
-711
-963
-1186
-1296
-1334
-1401
-1529
-1611
-1524
-1293
-1100
-1074
-1147
-1140
-993
-800
-662
-570
-445
-228
81
419
686
835
914
1009
1128
1190
1151
1038
902
738
541
359
246
144
-72
-450
-881
-1216
-1403
-1517
-1660
-1839
-1958
-1931
-1779
-1591
-1445
-1352
-1255
-1037
-650
-229
21
100
224
552
977
1288
1422
1463
1548
1755
2082
2416
2644
2753
2829
2915
2945
2844
2608
2305
1990
1668
1304
885
439
16
-365
-706
-1011
-1274
-1465
-1553
-1553
-1544
-1583
-1623
-1565
-1399
-1238
-1166
-1121
-969
-703
-465
-380
-380
-299
-82
154
286
317
377
556
818
1051
1188
1257
1291
1277
1163
945
659
354
50
-262
-618
-1026
-1427
-1730
-1929
-2110
-2339
-2554
-2637
-2584
-2515
-2561
-2677
-2700
-2529
-2264
-2078
-2005
-1913
-1691
-1382
-1122
-926
-664
-220
321
761
1031
1239
1512
1837
2100
2243
2307
2368
2447
2496
2462
2338
2171
1979
1763
1533
1343
1220
1137
1037
906
768
669
625
618
612
598
582
556
518
472
449
434
382
253
89
-5
35
157
216
147
22
-17
57
114
10
-258
-524
-652
-655
-667
-758
-859
-844
-701
-579
-626
-847
-1097
-1241
-1295
-1358
-1483
-1604
-1659
-1687
-1752
-1850
-1922
-1964
-2019
-2112
-2198
-2226
-2158
-2012
-1810
-1555
-1235
-858
-497
-200
44
322
678
1054
1346
1552
1777
2093
2437
2666
2721
2673
2655
2710
2764
2731
2615
2500
2448
2429
2373
2232
2047
1876
1737
1574
1338
1070
855
748
690
592
454
361
379
429
379
191
-23
-145
-181
-237
-395
-618
-810
-910
-947
-1017
-1177
-1393
-1573
-1632
-1578
-1486
-1437
-1405
-1291
-1055
-773
-565
-475
-477
-520
-597
-741
-989
-1300
-1583
-1791
-1991
-2245
-2514
-2716
-2833
-2931
-3033
-3093
-3037
-2847
-2580
-2298
-2012
-1692
-1304
-860
-423
-81
124
277
522
895
1281
1557
1748
1976
2296
2630
2855
2943
2983
3053
3147
3195
3185
3143
3085
2987
2828
2630
2440
2283
2136
1964
1774
1614
1502
1398
1264
1096
938
835
784
722
562
317
79
-81
-219
-429
-704
-929
-1019
-1020
-1034
-1095
-1165
-1200
-1212
-1232
-1294
-1396
-1499
-1540
-1518
-1516
-1627
-1850
-2098
-2300
-2462
-2637
-2846
-3062
-3240
-3357
-3409
-3386
-3287
-3142
-2992
-2861
-2699
-2437
-2058
-1638
-1263
-947
-632
-254
195
677
1122
1464
1686
1824
1954
2126
2332
2512
2617
2647
2651
2672
2715
2746
2726
2663
2595
2571
2593
2628
2646
2656
2689
2742
2791
2808
2802
2782
2713
2551
2324
2117
1956
1775
1504
1155
791
464
190
-33
-231
-457
-731
-1035
-1329
-1581
-1753
-1837
-1885
-1974
-2116
-2256
-2336
-2363
-2380
-2439
-2563
-2710
-2781
-2705
-2530
-2362
-2238
-2120
-1988
-1892
-1875
-1915
-1957
-1977
-1982
-1974
-1954
-1916
-1850
-1760
-1668
-1568
-1397
-1109
-751
-424
-184
-3
209
505
847
1131
1307
1434
1566
1684
1747
1763
1776
1807
1837
1856
1877
1911
1957
2014
2091
2176
2239
2263
2263
2265
2273
2271
2239
2174
2079
1964
1824
1654
1449
1230
1041
888
740
547
317
99
-60
-185
-352
-595
-873
-1099
-1268
-1433
-1641
-1868
-2044
-2138
-2173
-2217
-2296
-2379
-2394
-2321
-2209
-2111
-2024
-1911
-1763
-1589
-1393
-1178
-970
-779
-598
-426
-307
-259
-243
-216
-205
-265
-384
-483
-501
-449
-393
-377
-378
-342
-264
-193
-159
-116
15
240
483
662
788
916
1058
1166
1208
1218
1242
1278
1301
1300
1264
1175
1046
941
922
970
1016
1006
956
938
989
1088
1168
1205
1197
1160
1102
1049
1019
996
958
899
837
786
742
669
553
407
248
75
-112
-289
-435
-550
-629
-655
-628
-568
-484
-367
-208
-29
135
232
241
193
135
85
28
-32
-67
-74
-62
-31
9
11
-63
-207
-381
-561
-754
-960
-1163
-1356
-1541
-1705
-1820
-1885
-1941
-2025
-2119
-2174
-2170
-2115
-2029
-1919
-1778
-1600
-1373
-1123
-871
-648
-485
-411
-415
-429
-414
-346
-246
-136
-61
-28
28
179
414
636
778
865
976
1159
1389
1596
1736
1826
1911
1992
2023
1963
1836
1708
1638
1629
1631
1590
1496
1418
1392
1387
1344
1249
1138
1028
904
757
608
498
432
380
307
190
33
-138
-284
-380
-443
-507
-583
-630
-615
-556
-541
-636
-805
-963
-1058
-1145
-1296
-1512
-1721
-1854
-1917
-1960
-2029
-2116
-2186
-2209
-2182
-2129
-2072
-2024
-1958
-1836
-1643
-1404
-1177
-981
-795
-581
-337
-84
146
341
498
634
769
920
1073
1215
1342
1423
1428
1370
1342
1401
1509
1559
1505
1399
1333
1346
1409
1449
1432
1388
1376
1416
1472
1498
1486
1456
1431
1424
1433
1447
1443
1410
1364
1313
1245
1137
1005
902
857
833
773
691
624
575
493
384
291
235
169
48
-122
-316
-513
-703
-869
-1014
-1170
-1358
-1570
-1767
-1917
-2015
-2092
-2176
-2269
-2346
-2403
-2442
-2464
-2463
-2453
-2450
-2438
-2379
-2253
-2101
-1972
-1882
-1795
-1673
-1515
-1362
-1254
-1175
-1073
-912
-717
-523
-344
-186
-74
-5
71
196
357
467
467
385
327
391
560
743
866
945
1024
1119
1219
1307
1387
1454
1533
1647
1795
1951
2084
2189
2263
2302
2306
2294
2282
2257
2195
2101
2028
2019
2039
2017
1909
1749
1595
1505
1467
1436
1359
1215
1008
779
591
461
332
127
-145
-423
-661
-859
-1043
-1224
-1408
-1599
-1793
-1978
-2139
-2262
-2362
-2461
-2564
-2655
-2703
-2717
-2733
-2778
-2829
-2825
-2746
-2613
-2448
-2253
-2035
-1824
-1647
-1506
-1380
-1254
-1145
-1067
-974
-794
-531
-297
-174
-135
-103
-34
73
215
377
523
626
707
783
882
1014
1169
1309
1406
1474
1537
1620
1733
1870
1994
2085
2171
2303
2486
2655
2738
2731
2710
2744
2818
2847
2784
2668
2585
2563
2584
2600
2572
2472
2314
2142
1985
1840
1660
1419
1117
801
509
246
-14
-277
-557
-887
-1281
-1700
-2077
-2381
-2648
-2928
-3230
-3494
-3663
-3735
-3769
-3806
-3835
-3830
-3791
-3750
-3701
-3617
-3471
-3282
-3088
-2900
-2695
-2448
-2163
-1895
-1699
-1578
-1450
-1247
-986
-759
-617
-526
-412
-245
-60
79
147
169
205
290
417
546
639
696
766
907
1120
1353
1551
1700
1825
1971
2165
2401
2638
2852
3048
3233
3419
3582
3694
3715
3648
3544
3472
3432
3348
3172
2939
2718
2522
2317
2089
1841
1566
1254
941
680
455
218
-42
-282
-472
-635
-815
-1039
-1300
-1572
-1821
-2026
-2189
-2332
-2487
-2674
-2886
-3089
-3249
-3371
-3487
-3602
-3689
-3714
-3682
-3616
-3525
-3388
-3200
-2989
-2773
-2549
-2312
-2078
-1852
-1621
-1386
-1164
-980
-821
-637
-383
-69
221
412
505
556
610
666
715
751
783
822
882
959
1037
1111
1201
1321
1471
1660
1893
2155
2411
2630
2824
3021
3230
3433
3606
3740
3827
3862
3839
3776
3680
3539
3345
3124
2938
2798
2662
2462
2178
1860
1565
1291
989
628
244
-112
-413
-659
-879
-1080
-1263
-1421
-1565
-1703
-1818
-1908
-1997
-2098
-2191
-2275
-2397
-2596
-2851
-3098
-3304
-3471
-3601
-3673
-3667
-3594
-3489
-3391
-3302
-3194
-3032
-2813
-2574
-2353
-2163
-1984
-1801
-1613
-1442
-1304
-1178
-1027
-857
-718
-632
-539
-374
-148
56
186
270
368
505
662
803
915
1015
1136
1288
1439
1549
1638
1760
1961
2221
2483
2701
2866
2986
3074
3155
3232
3263
3203
3063
2913
2791
2686
2577
2446
2293
2106
1911
1723
1514
1238
897
562
301
130
13
-102
-257
-441
-620
-758
-867
-975
-1100
-1233
-1340
-1393
-1396
-1391
-1404
-1432
-1469
-1531
-1626
-1719
-1769
-1765
-1759
-1804
-1902
-2011
-2079
-2094
-2073
-2046
-2031
-2010
-1939
-1800
-1630
-1484
-1369
-1231
-1040
-825
-644
-514
-401
-271
-118
46
215
367
467
491
474
479
525
577
604
620
670
777
922
1062
1180
1284
1387
1484
1570
1645
1691
1702
1697
1694
1694
1680
1678
1709
1760
1781
1745
1674
1603
1563
1552
1554
1520
1425
1290
1155
1033
910
791
691
610
518
388
221
50
-101
-214
-299
-378
-455
-514
-541
-549
-562
-582
-583
-551
-508
-512
-602
-741
-842
-867
-871
-938
-1067
-1193
-1270
-1332
-1451
-1649
-1887
-2103
-2261
-2372
-2455
-2517
-2530
-2485
-2421
-2379
-2355
-2309
-2228
-2128
-2037
-1956
-1844
-1653
-1401
-1163
-991
-855
-682
-457
-231
-55
79
201
324
428
500
558
623
680
715
740
790
872
966
1065
1176
1296
1400
1484
1556
1615
1644
1652
1677
1748
1864
1981
2058
2095
2118
2154
2206
2248
2261
2247
2237
2245
2263
2251
2172
2033
1884
1769
1667
1535
1367
1191
1040
905
762
600
416
228
53
-97
-229
-374
-530
-686
-832
-997
-1198
-1406
-1585
-1713
-1813
-1905
-2009
-2123
-2232
-2320
-2386
-2456
-2534
-2601
-2632
-2619
-2584
-2543
-2515
-2491
-2453
-2382
-2273
-2147
-2023
-1910
-1786
-1624
-1395
-1122
-857
-647
-486
-335
-180
-26
116
254
387
509
629
753
862
924
929
909
909
955
1052
1185
1331
1478
1622
1760
1888
2016
2140
2236
2302
2371
2469
2586
2702
2806
2881
2914
2910
2898
2884
2854
2804
2731
2612
2410
2137
1850
1590
1345
1083
811
555
332
118
-110
-348
-570
-746
-887
-1016
-1155
-1310
-1470
-1633
-1806
-2005
-2215
-2396
-2528
-2640
-2762
-2901
-3041
-3174
-3271
-3307
-3284
-3236
-3192
-3146
-3082
-2979
-2847
-2700
-2556
-2439
-2361
-2306
-2228
-2116
-1997
-1893
-1763
-1578
-1373
-1216
-1107
-983
-809
-617
-452
-305
-134
85
354
643
921
1166
1388
1616
1859
2100
2323
2544
2786
3048
3293
3486
3614
3708
3780
3832
3858
3868
3869
3856
3817
3744
3643
3529
3403
3242
3028
2770
2509
2284
2094
1913
1702
1432
1122
809
537
313
123
-61
-258
-469
-668
-834
-976
-1118
-1263
-1393
-1498
-1589
-1707
-1874
-2066
-2222
-2344
-2500
-2725
-2975
-3178
-3328
-3464
-3613
-3777
-3930
-4025
-4032
-3979
-3923
-3885
-3819
-3689
-3504
-3315
-3143
-2965
-2755
-2509
-2245
-1972
-1701
-1430
-1147
-829
-466
-80
286
606
893
1178
1453
1696
1890
2072
2289
2545
2792
2972
3060
3094
3131
3192
3254
3286
3292
3295
3306
3320
3333
3339
3320
3274
3201
3105
2977
2836
2711
2623
2557
2470
2336
2158
1955
1746
1552
1381
1231
1080
907
703
488
278
82
-102
-296
-508
-738
-967
-1190
-1396
-1587
-1776
-1964
-2148
-2310
-2451
-2598
-2796
-3058
-3333
-3554
-3678
-3729
-3753
-3785
-3826
-3840
-3804
-3712
-3598
-3492
-3402
-3317
-3223
-3125
-3019
-2894
-2746
-2578
-2388
-2150
-1848
-1517
-1211
-941
-651
-302
97
499
860
1159
1403
1619
1823
2015
2203
2392
2572
2725
2847
2971
3121
3289
3417
3460
3424
3375
3372
3410
3431
3397
3323
3240
3151
3048
2927
2780
2595
2377
2176
2024
1916
1819
1708
1571
1404
1222
1050
911
797
673
507
301
87
-116
-323
-561
-835
-1123
-1398
-1647
-1864
-2039
-2176
-2296
-2431
-2573
-2699
-2806
-2900
-2987
-3062
-3114
-3142
-3151
-3153
-3159
-3170
-3176
-3160
-3102
-2987
-2813
-2600
-2377
-2172
-1986
-1788
-1558
-1299
-1051
-842
-682
-547
-398
-212
11
255
489
674
812
933
1069
1214
1367
1536
1719
1894
2048
2167
2242
2277
2299
2336
2407
2511
2621
2688
2676
2612
2558
2536
2512
2442
2342
2242
2158
2060
1933
1791
1663
1565
1477
1371
1240
1103
985
892
805
699
556
392
252
155
80
-16
-147
-300
-458
-613
-769
-932
-1094
-1257
-1421
-1592
-1755
-1881
-1949
-1982
-2031
-2130
-2262
-2364
-2384
-2333
-2286
-2294
-2339
-2364
-2338
-2271
-2175
-2066
-2001
-2005
-2039
-2028
-1944
-1836
-1733
-1616
-1463
-1299
-1170
-1082
-1002
-896
-748
-548
-307
-74
104
219
303
394
506
644
794
948
1094
1235
1373
1518
1670
1811
1913
1961
1960
1929
1892
1876
1896
1934
1942
1913
1885
1886
1895
1873
1809
1730
1676
1659
1659
1640
1603
1568
1531
1462
1336
1193
1079
993
889
736
553
382
255
153
31
-138
-327
-499
-644
-788
-944
-1105
-1251
-1365
-1443
-1490
-1522
-1553
-1602
-1664
-1708
-1698
-1634
-1556
-1502
-1468
-1427
-1356
-1265
-1170
-1097
-1060
-1036
-1000
-944
-899
-879
-858
-800
-701
-602
-536
-508
-502
-482
-431
-339
-225
-111
-18
48
99
154
221
285
330
362
391
413
420
417
432
483
567
661
733
777
804
833
873
916
945
943
926
926
958
1015
1079
1148
1227
1299
1346
1368
1373
1363
1320
1249
1160
1079
1018
966
911
843
775
701
607
492
359
224
83
-54
-175
-279
-371
-477
-607
-729
-804
-823
-818
-811
-799
-783
-788
-831
-910
-1007
-1095
-1158
-1197
-1226
-1255
-1287
-1321
-1362
-1414
-1472
-1531
-1575
-1590
-1586
-1592
-1641
-1714
-1770
-1777
-1738
-1665
-1564
-1459
-1367
-1292
-1212
-1117
-1021
-930
-825
-685
-513
-340
-170
6
184
334
430
499
583
707
850
996
1161
1355
1571
1768
1918
2035
2145
2246
2309
2323
2330
2374
2449
2521
2566
2593
2601
2587
2535
2437
2295
2123
1958
1807
1657
1492
1309
1113
898
671
450
249
67
-110
-287
-458
-600
-693
-738
-757
-769
-777
-782
-793
-819
-856
-894
-946
-1013
-1076
-1116
-1137
-1173
-1244
-1345
-1424
-1443
-1420
-1416
-1466
-1536
-1573
-1565
-1549
-1559
-1603
-1655
-1678
-1668
-1646
-1633
-1613
-1567
-1483
-1365
-1222
-1081
-978
-908
-810
-637
-421
-228
-88
43
192
352
501
629
741
838
932
1034
1138
1227
1295
1351
1408
1478
1574
1684
1775
1831
1869
1913
1954
1960
1913
1837
1770
1722
1674
1596
1490
1372
1257
1139
1003
835
634
418
221
57
-85
-229
-375
-506
-608
-678
-730
-791
-878
-989
-1098
-1193
-1273
-1339
-1393
-1438
-1462
-1457
-1424
-1386
-1373
-1398
-1449
-1511
-1576
-1628
-1655
-1654
-1650
-1668
-1705
-1721
-1683
-1597
-1507
-1447
-1408
-1362
-1297
-1215
-1122
-1006
-852
-663
-458
-253
-47
151
322
463
591
728
872
1023
1187
1369
1553
1721
1860
1975
2078
2161
2220
2254
2289
2337
2384
2389
2328
2240
2167
2130
2082
1991
1864
1739
1645
1565
1467
1329
1165
1006
876
757
628
479
338
224
136
61
-11
-85
-175
-275
-378
-477
-577
-670
-749
-817
-896
-991
-1082
-1153
-1210
-1268
-1323
-1366
-1396
-1407
-1377
-1326
-1291
-1306
-1355
-1400
-1426
-1445
-1472
-1503
-1529
-1531
-1496
-1428
-1351
-1299
-1288
-1296
-1275
-1202
-1094
-986
-896
-813
-720
-600
-448
-281
-129
-4
108
237
395
558
698
791
846
879
895
890
881
891
916
922
911
916
960
1025
1081
1124
1174
1225
1249
1224
1166
1107
1054
1007
962
917
866
806
741
684
639
595
527
423
286
152
69
62
108
152
155
119
61
-16
-113
-223
-321
-383
-402
-403
-420
-474
-552
-632
-705
-778
-853
-934
-1003
-1048
-1072
-1110
-1180
-1250
-1276
-1245
-1184
-1128
-1098
-1097
-1107
-1102
-1086
-1069
-1043
-983
-886
-786
-706
-630
-523
-384
-235
-102
34
193
361
508
603
667
732
832
949
1058
1146
1235
1342
1455
1552
1619
1653
1648
1605
1542
1475
1418
1373
1339
1295
1223
1120
994
865
754
672
604
515
399
279
186
130
88
52
17
-9
-34
-69
-115
-166
-223
-285
-349
-410
-462
-505
-529
-531
-516
-513
-542
-602
-666
-721
-769
-809
-823
-794
-739
-684
-642
-599
-550
-505
-498
-549
-640
-720
-754
-738
-704
-683
-685
-692
-676
-639
-597
-552
-497
-427
-341
-231
-110
-16
10
-17
-37
-4
66
130
173
212
263
316
358
383
402
425
458
506
565
626
689
749
766
711
594
466
375
326
297
249
166
66
-21
-75
-101
-111
-114
-117
-129
-171
-240
-316
-359
-367
-342
-297
-231
-141
-18
134
268
332
308
235
153
100
102
169
260
312
313
273
211
137
72
46
50
67
71
49
-12
-110
-219
-314
-372
-400
-409
-436
-498
-593
-673
-695
-658
-586
-512
-455
-424
-420
-434
-447
-435
-376
-261
-104
56
187
265
301
317
328
339
358
410
505
621
698
695
633
567
537
544
566
580
580
553
483
368
250
194
210
229
173
31
-134
-253
-304
-312
-321
-344
-371
-384
-364
-313
-247
-179
-102
-4
103
197
263
339
455
597
692
696
629
561
539
546
538
491
432
398
407
433
444
421
350
218
32
-152
-273
-317
-311
-299
-315
-381
-480
-578
-652
-679
-648
-580
-532
-538
-574
-610
-629
-628
-596
-535
-456
-374
-305
-270
-270
-271
-240
-173
-102
-68
-75
-84
-56
9
58
38
-42
-128
-167
-163
-145
-142
-165
-207
-261
-312
-365
-414
-467
-512
-536
-535
-496
-423
-338
-274
-246
-241
-226
-162
-46
101
239
364
474
566
637
695
746
787
817
832
838
838
848
869
869
825
755
698
671
644
606
549
460
332
171
18
-96
-170
-213
-250
-311
-389
-440
-415
-325
-209
-119
-75
-75
-87
-97
-109
-127
-141
-127
-97
-81
-93
-122
-137
-123
-90
-55
-28
-23
-47
-91
-130
-148
-149
-145
-149
-168
-183
-174
-135
-90
-45
10
79
129
139
116
92
77
41
-44
-170
-294
-383
-433
-465
-487
-486
-452
-386
-312
-260
-243
-247
-233
-173
-64
56
148
214
277
346
413
478
538
571
559
513
471
451
455
467
463
421
337
239
170
156
195
246
256
200
106
28
1
8
22
28
23
4
-26
-49
-69
-92
-123
-144
-136
-123
-121
-124
-113
-93
-84
-90
-94
-99
-109
-121
-131
-140
-156
-166
-152
-115
-77
-67
-88
-121
-150
-160
-142
-114
-95
-90
-82
-79
-104
-144
-171
-171
-154
-132
-104
-112
-176
-277
-373
-443
-486
-488
-436
-351
-270
-212
-176
-161
-158
-154
-139
-110
-61
9
87
160
217
252
265
271
291
310
295
238
169
129
126
140
125
64
-17
-67
-61
-23
6
-5
-30
-49
-63
-98
-158
-208
-222
-198
-151
-112
-102
-137
-186
-205
-179
-139
-119
-109
-90
-59
-30
-7
26
72
128
192
238
255
253
266
302
340
369
386
394
411
456
522
557
534
479
445
448
457
437
370
284
232
244
301
342
333
265
171
96
70
85
110
126
134
132
99
24
-55
-83
-53
-3
23
16
-8
-28
-27
-5
28
49
34
-34
-129
-213
-273
-303
-299
-272
-252
-252
-256
-263
-294
-335
-345
-313
-290
-322
-390
-446
-466
-452
-417
-369
-330
-313
-328
-351
-350
-305
-224
-145
-105
-122
-160
-161
-121
-97
-135
-200
-239
-236
-213
-174
-100
15
153
277
366
420
472
534
594
618
599
563
520
458
373
291
232
194
176
193
241
296
331
327
281
195
101
15
-70
-149
-202
-211
-181
-136
-86
-50
-27
-25
-59
-141
-242
-306
-321
-312
-316
-329
-345
-359
-384
-424
-469
-510
-537
-553
-554
-543
-534
-543
-588
-656
-701
-677
-584
-488
-427
-397
-373
-352
-337
-302
-224
-103
14
102
166
246
350
447
512
545
559
541
487
414
361
354
379
409
422
435
460
498
540
590
649
703
733
740
733
714
680
631
589
573
585
606
621
620
593
538
466
397
344
313
293
271
231
176
124
101
109
132
132
101
45
-40
-158
-294
-400
-446
-447
-438
-436
-453
-488
-534
-561
-553
-530
-528
-560
-602
-628
-635
-627
-600
-549
-475
-387
-297
-231
-206
-216
-244
-266
-273
-265
-246
-220
-191
-176
-178
-189
-200
-216
-235
-249
-238
-175
-60
75
178
228
244
250
253
240
213
184
181
221
280
305
259
156
46
-31
-56
-37
6
50
102
177
267
319
299
246
219
228
231
193
119
42
-5
-12
8
25
43
82
153
232
292
315
302
268
217
152
86
20
-32
-72
-95
-113
-153
-203
-239
-242
-243
-258
-296
-350
-422
-482
-497
-459
-404
-384
-410
-468
-524
-553
-545
-512
-465
-408
-357
-318
-289
-249
-201
-157
-134
-122
-97
-52
-22
-45
-104
-148
-124
-51
29
94
163
251
358
459
514
514
499
515
566
612
618
586
536
482
427
387
391
439
488
499
471
422
363
310
272
242
211
192
191
177
145
115
114
151
212
277
325
356
386
417
424
404
387
412
448
433
344
236
170
141
113
50
-27
-85
-107
-107
-111
-122
-125
-117
-114
-128
-169
-220
-273
-316
-353
-374
-378
-373
-389
-446
-529
-609
-645
-635
-601
-573
-554
-536
-528
-539
-562
-575
-571
-559
-545
-517
-472
-422
-379
-352
-351
-386
-425
-425
-380
-313
-251
-200
-154
-90
-4
73
111
122
144
200
264
282
232
149
102
121
169
200
199
186
183
202
227
241
240
233
230
222
209
206
224
269
315
339
338
339
364
393
405
402
381
330
252
174
110
41
-41
-111
-144
-151
-166
-199
-223
-217
-184
-148
-108
-72
-39
-4
44
88
71
-24
-145
-214
-211
-183
-174
-179
-178
-166
-163
-178
-188
-154
-73
21
92
155
221
269
263
209
154
120
109
103
101
91
73
59
53
45
23
-9
-49
-79
-87
-73
-45
-27
-22
-33
-44
-52
-47
-16
47
106
80
-61
-240
-336
-295
-163
-25
64
84
51
7
1
38
106
191
289
384
434
426
387
356
347
357
388
452
529
570
535
433
320
249
248
302
379
441
465
461
467
500
534
518
438
321
202
94
-3
-79
-121
-143
-168
-210
-251
-278
-304
-346
-412
-469
-483
-457
-431
-443
-495
-556
-599
-607
-585
-553
-543
-555
-577
-578
-541
-491
-474
-519
-613
-704
-748
-738
-700
-661
-621
-576
-527
-476
-412
-343
-288
-257
-239
-223
-217
-224
-240
-256
-255
-225
-176
-127
-85
-37
32
129
229
305
331
321
314
330
352
357
354
377
439
527
623
698
715
673
611
558
525
513
528
560
573
551
515
493
480
454
417
384
378
381
372
337
283
222
171
155
173
193
194
183
175
158
102
-8
-161
-318
-426
-439
-370
-290
-269
-308
-359
-377
-364
-347
-343
-361
-384
-396
-376
-333
-296
-284
-297
-320
-358
-529
-1102
-2130
-2955
-2483
-445
1896
2749
1647
-19
-459
708
2154
2351
1173
-245
-847
-540
322
1558
2921
3670
2919
651
-1832
-2772
-1583
385
1083
-160
-1949
-2347
-831
1369
2588
2304
1269
438
-42
-507
-884
-594
542
1763
1990
1025
-146
-389
366
1101
945
75
-589
-514
-39
124
-223
-605
-624
-521
-887
-1777
-2498
-2336
-1396
-538
-491
-1112
-1636
-1491
-865
-428
-535
-884
-939
-625
-323
-306
-327
-29
488
666
136
-737
-1179
-826
-153
54
-444
-1118
-1311
-909
-343
-21
31
8
-27
-217
-599
-885
-691
-35
563
578
55
-439
-379
214
849
1081
899
631
532
605
751
944
1177
1338
1230
777
177
-148
106
767
1235
1029
285
-371
-438
32
577
772
548
127
-236
-408
-338
-19
420
683
536
81
-267
-143
426
1013
1158
798
282
-6
14
194
412
627
764
702
413
54
-99
66
363
473
283
-28
-224
-241
-154
-36
84
123
-38
-419
-818
-937
-673
-230
35
-80
-472
-834
-907
-683
-333
-35
128
134
-11
-230
-358
-216
195
604
638
217
-292
-404
1
552
770
515
58
-243
-280
-183
-94
-52
-64
-146
-287
-411
-382
-121
251
433
221
-224
-490
-333
70
300
144
-172
-258
-5
289
301
80
-52
67
225
142
-115
-205
31
348
363
10
-414
-566
-401
-152
-30
-6
55
154
170
70
-1
100
315
414
222
-178
-488
-470
-171
117
160
-44
-331
-541
-618
-570
-443
-310
-302
-497
-830
-1087
-1046
-674
-183
98
-12
-400
-743
-808
-602
-291
-48
18
-123
-417
-713
-830
-665
-297
32
96
-124
-388
-424
-135
335
720
809
575
190
-100
-134
95
448
715
731
505
215
77
197
523
863
994
823
491
264
310
572
851
952
812
526
288
245
398
630
800
835
750
612
522
555
691
836
875
778
588
395
287
292
364
399
332
161
-53
-232
-304
-246
-115
-18
-33
-150
-309
-458
-586
-698
-774
-790
-746
-702
-711
-755
-751
-671
-613
-663
-799
-906
-920
-871
-809
-738
-607
-379
-105
84
93
-33
-148
-152
-62
1
-50
-188
-292
-265
-93
161
388
469
359
127
-132
-352
-459
-371
-127
83
112
21
-18
65
148
80
-141
-311
-204
190
648
905
908
795
741
798
863
791
564
319
181
145
145
195
357
574
653
454
97
-95
75
423
542
213
-356
-732
-647
-243
82
72
-186
-430
-527
-538
-557
-570
-492
-322
-196
-237
-366
-374
-195
-23
-96
-433
-792
-918
-751
-459
-257
-213
-232
-206
-164
-208
-364
-501
-486
-334
-218
-268
-426
-480
-326
-85
18
-75
-176
-77
189
378
333
181
197
459
746
788
611
484
578
748
745
548
357
310
316
239
111
85
239
453
569
528
433
407
482
584
587
431
168
-40
-45
137
350
416
318
166
74
51
30
1
32
148
255
231
90
-4
57
213
280
140
-154
-432
-525
-404
-201
-72
-77
-172
-288
-368
-366
-301
-261
-333
-524
-748
-894
-824
-506
-121
24
-194
-573
-766
-625
-274
35
139
41
-139
-300
-406
-419
-274
27
301
312
40
-253
-252
104
558
749
516
50
-294
-305
-84
131
197
115
-60
-266
-410
-352
-42
385
638
518
112
-274
-364
-149
161
335
324
252
246
314
377
412
458
491
411
179
-67
-111
159
624
1017
1117
923
599
307
119
35
46
113
156
93
-86
-287
-356
-217
29
146
-46
-486
-891
-976
-704
-309
-78
-130
-375
-645
-795
-738
-475
-117
122
64
-275
-616
-653
-358
-29
41
-167
-436
-550
-456
-244
-64
-20
-106
-240
-342
-364
-293
-147
12
102
53
-147
-381
-463
-305
-44
95
37
-86
-98
36
215
321
324
266
176
72
24
119
356
598
682
549
301
123
151
366
615
743
689
482
227
34
-12
110
330
481
406
121
-150
-168
86
380
448
216
-153
-397
-359
-75
277
517
548
382
132
-47
-39
134
328
378
245
31
-92
-10
212
376
330
112
-106
-208
-201
-155
-106
-54
24
126
210
231
204
166
104
-25
-222
-429
-574
-601
-506
-354
-229
-177
-159
-138
-124
-160
-250
-326
-318
-230
-148
-133
-124
-12
190
326
262
55
-92
-65
54
98
22
-94
-161
-174
-164
-149
-115
-60
-30
-70
-165
-212
-132
44
197
238
187
119
101
142
190
192
131
44
-26
-61
-52
22
133
207
167
4
-208
-343
-326
-197
-79
-70
-147
-220
-221
-158
-62
47
129
120
-13
-209
-359
-371
-249
-99
-52
-151
-301
-355
-277
-169
-158
-271
-427
-549
-584
-513
-339
-121
40
70
-45
-242
-421
-506
-495
-441
-389
-344
-283
-181
-40
109
213
245
204
121
39
9
52
128
168
132
46
-7
41
182
320
354
265
135
93
204
422
637
739
704
577
443
372
386
463
527
519
439
360
353
434
547
616
606
544
497
504
545
569
555
530
515
483
396
265
174
187
284
377
408
375
306
232
156
72
-38
-134
-174
-164
-163
-189
-204
-188
-187
-257
-399
-543
-606
-560
-459
-397
-418
-488
-537
-531
-501
-487
-506
-524
-508
-457
-395
-340
-267
-171
-99
-112
-185
-234
-215
-164
-172
-264
-374
-413
-362
-284
-242
-244
-279
-324
-338
-296
-210
-117
-50
-41
-110
-218
-265
-172
44
274
389
336
196
125
201
335
357
196
-40
-184
-148
15
166
185
51
-139
-257
-243
-125
21
134
183
172
137
115
136
195
264
297
259
170
94
96
152
180
131
57
26
27
20
-9
-21
11
79
135
110
4
-108
-126
-51
26
21
-40
-73
-43
3
13
8
19
35
0
-102
-227
-296
-262
-154
-53
-12
-5
20
53
39
-44
-145
-183
-159
-141
-194
-283
-306
-189
38
242
293
185
30
-41
11
136
262
335
330
275
228
247
348
495
591
540
350
142
43
77
173
266
320
335
328
331
371
436
499
517
452
299
121
8
-21
-26
-39
-35
20
113
210
289
333
321
240
96
-67
-172
-177
-124
-121
-212
-353
-450
-455
-410
-391
-426
-469
-453
-398
-371
-395
-413
-372
-313
-317
-422
-549
-587
-504
-397
-382
-453
-509
-463
-345
-222
-132
-42
60
138
124
30
-44
-2
141
250
214
57
-71
-41
128
315
420
443
414
353
271
217
262
395
503
446
202
-82
-200
-94
84
144
32
-151
-286
-319
-268
-178
-93
-33
-15
-56
-140
-195
-149
-26
62
26
-127
-310
-441
-475
-426
-331
-226
-138
-106
-160
-240
-233
-89
94
175
115
-4
-58
-2
114
182
123
-40
-191
-231
-148
-9
132
228
230
125
-19
-87
-9
180
348
354
183
-33
-130
-76
21
61
13
-76
-156
-159
-41
161
342
400
306
131
-13
-37
67
220
316
294
190
99
96
155
198
174
103
30
-26
-29
52
212
363
419
384
317
289
297
324
353
383
410
422
398
328
229
157
168
255
345
356
259
106
-27
-84
-61
3
57
77
68
49
25
27
85
184
230
163
42
-17
18
85
112
72
-30
-175
-318
-413
-445
-453
-459
-468
-460
-430
-399
-389
-395
-403
-402
-408
-447
-528
-616
-647
-587
-471
-381
-357
-385
-422
-435
-406
-337
-258
-187
-118
-76
-95
-159
-186
-122
-8
51
-8
-167
-307
-321
-185
6
143
169
112
41
19
46
78
93
72
8
-89
-148
-106
15
134
188
169
110
57
34
38
56
86
115
132
129
105
84
91
135
165
114
-19
-156
-219
-185
-81
51
169
235
236
184
131
111
116
120
118
134
165
185
178
150
113
70
35
32
66
122
182
230
256
225
125
-12
-97
-65
46
136
153
141
158
216
262
259
200
108
4
-74
-67
38
176
234
168
56
24
144
362
537
557
432
283
213
239
327
436
513
496
376
226
130
115
156
185
138
15
-105
-103
54
282
424
377
185
-7
-85
-70
-35
-33
-76
-158
-251
-302
-281
-208
-115
-46
-44
-112
-191
-202
-149
-99
-125
-228
-354
-451
-503
-515
-485
-422
-359
-333
-341
-366
-388
-393
-382
-405
-500
-622
-684
-651
-561
-465
-389
-352
-373
-424
-450
-394
-255
-90
17
18
-41
-72
-30
49
110
141
146
111
17
-100
-164
-119
10
125
135
23
-131
-210
-176
-84
-24
-27
-70
-121
-158
-155
-92
20
121
133
31
-108
-148
-20
207
377
402
328
275
319
438
565
653
694
688
624
522
442
443
503
541
478
332
210
209
330
450
449
303
115
-5
-21
33
116
209
276
280
202
93
25
41
103
130
78
-15
-69
-54
-7
12
-19
-91
-171
-252
-324
-368
-359
-307
-262
-271
-333
-384
-376
-301
-210
-168
-211
-310
-378
-363
-291
-236
-237
-265
-280
-276
-281
-292
-272
-198
-117
-94
-122
-129
-60
46
103
88
57
85
168
244
267
250
226
201
165
115
86
138
276
433
507
471
380
310
293
300
286
241
202
181
146
56
-49
-92
-39
56
126
149
156
194
254
278
214
82
-64
-173
-222
-222
-205
-209
-228
-228
-197
-161
-154
-192
-258
-321
-364
-372
-312
-173
-25
28
-44
-154
-213
-204
-180
-173
-169
-146
-115
-103
-112
-121
-109
-76
-37
-27
-70
-133
-143
-65
64
167
199
170
123
112
145
174
139
41
-75
-150
-155
-93
5
98
158
179
165
131
115
148
211
245
195
80
-30
-89
-100
-110
-122
-132
-132
-131
-149
-182
-197
-159
-96
-64
-87
-121
-109
-52
2
12
-8
-24
-14
5
32
79
160
236
239
164
82
71
124
177
178
126
44
-33
-76
-75
-69
-111
-198
-264
-228
-95
44
93
56
-4
-50
-99
-163
-203
-177
-107
-57
-90
-202
-328
-386
-322
-186
-56
15
55
90
112
105
99
113
134
123
62
-11
-53
-26
54
141
210
271
326
338
276
180
134
174
255
293
270
227
217
245
276
281
279
302
337
333
263
183
164
202
224
173
70
-18
-45
-5
66
139
194
221
241
263
294
304
265
173
60
-23
-57
-61
-65
-76
-86
-96
-120
-168
-215
-221
-181
-137
-133
-161
-188
-189
-179
-179
-210
-248
-261
-249
-247
-281
-321
-336
-335
-358
-416
-474
-487
-440
-342
-228
-145
-134
-210
-342
-467
-523
-486
-382
-258
-165
-116
-96
-65
2
96
173
185
124
19
-78
-122
-86
12
127
215
239
199
139
111
136
178
194
158
87
15
-23
-19
14
48
53
7
-99
-217
-273
-210
-59
88
155
135
74
28
25
61
102
112
84
16
-74
-143
-145
-75
2
24
-13
-53
-43
35
145
227
236
182
107
58
55
92
133
120
37
-64
-105
-63
22
89
111
107
119
163
232
313
389
429
413
362
310
263
228
224
251
257
200
110
69
121
230
324
348
288
183
94
69
102
150
184
201
215
224
235
240
239
235
222
208
192
170
147
114
76
23
-47
-132
-207
-229
-188
-122
-93
-103
-116
-102
-66
-37
-35
-69
-127
-194
-273
-372
-475
-551
-571
-541
-485
-426
-366
-314
-289
-278
-251
-187
-115
-90
-123
-185
-237
-271
-281
-252
-193
-143
-138
-161
-165
-133
-90
-66
-58
-39
-4
24
13
-56
-186
-323
-392
-351
-268
-232
-267
-313
-320
-280
-214
-148
-102
-69
-36
-21
-40
-72
-62
9
84
103
67
45
80
146
177
148
105
99
136
166
163
141
122
107
70
-2
-97
-163
-160
-95
-12
66
148
235
301
322
305
