-226
-274
-256
-180
-87
-32
-19
-32
-51
-55
-27
27
79
118
125
92
38
7
12
31
37
38
45
51
49
15
-51
-132
-184
-185
-158
-146
-168
-193
-179
-119
-46
5
30
25
-14
-74
-113
-113
-111
-145
-208
-218
-126
26
165
246
300
338
350
321
276
256
273
294
287
256
223
209
208
207
189
144
91
57
43
21
-20
-54
-32
37
107
144
146
138
123
95
41
-26
-59
-34
1
-13
-65
-101
-74
-4
69
111
129
158
212
264
288
294
302
302
272
215
160
128
111
111
132
176
221
249
252
229
181
106
13
-80
-157
-214
-239
-247
-247
-240
-205
-131
-66
-53
-94
-140
-156
-141
-114
-100
-101
-102
-105
-129
-179
-218
-204
-139
-64
0
48
73
57
-8
-107
-212
-294
-353
-383
-395
-386
-344
-268
-183
-111
-57
-16
16
40
68
101
116
92
35
-34
-105
-159
-171
-130
-57
-2
5
-42
-106
-144
-156
-170
-202
-218
-198
-149
-90
-46
-50
-119
-210
-251
-209
-108
6
107
160
143
75
14
6
46
93
109
70
-11
-66
-23
95
197
227
192
130
62
40
76
139
184
224
285
335
324
244
141
64
48
84
136
148
129
122
145
160
131
59
-41
-131
-161
-111
-33
-7
-37
-77
-96
-74
-20
57
113
135
150
191
236
243
200
138
103
112
140
161
170
170
140
83
23
-7
-6
4
3
-27
-73
-114
-125
-95
-27
55
115
122
96
67
42
4
-59
-123
-169
-170
-133
-80
-41
-26
-13
7
11
-20
-53
-44
14
77
95
44
-53
-132
-155
-132
-108
-90
-67
-58
-83
-129
-144
-98
-19
46
69
62
40
27
40
73
91
78
50
12
-26
-57
-63
-69
-97
-141
-166
-161
-146
-137
-118
-91
-81
-105
-146
-171
-155
-94
-5
74
107
86
42
21
47
102
140
134
94
33
-48
-133
-179
-161
-116
-106
-154
-239
-318
-345
-295
-199
-119
-87
-72
-33
30
81
75
14
-49
-61
-32
-15
-19
-13
28
81
106
76
17
-34
-60
-75
-88
-83
-68
-63
-71
-65
-20
42
86
97
102
108
102
75
66
106
174
225
232
209
170
119
44
-62
-157
-175
-103
18
124
188
199
167
119
91
101
138
153
127
75
44
64
111
158
180
159
101
36
10
10
-2
-35
-42
10
88
132
123
104
102
114
101
82
77
86
79
50
11
-48
-131
-208
-256
-284
-307
-292
-207
-72
63
157
213
250
281
302
299
275
254
241
227
204
183
153
98
11
-91
-179
-211
-172
-99
-46
-37
-62
-95
-107
-78
-31
0
3
0
-4
-24
-57
-85
-114
-149
-181
-183
-157
-141
-161
-219
-268
-263
-197
-106
-33
-1
-13
-52
-88
-96
-95
-107
-142
-169
-151
-78
10
57
58
54
65
77
64
20
-41
-105
-138
-130
-95
-53
-11
39
69
64
37
22
30
30
19
5
6
9
-1
-23
-53
-51
2
100
187
219
180
100
33
8
3
-33
-111
-193
-234
-216
-142
-52
0
-33
-128
-206
-203
-129
-41
19
47
55
60
58
42
16
-8
-9
-2
-6
-54
-145
-251
-324
-336
-308
-256
-187
-106
-50
-36
-40
-26
15
61
104
141
172
199
238
284
311
307
292
283
276
252
203
143
111
141
217
289
316
310
286
252
229
244
261
230
161
123
140
157
134
93
79
94
106
91
40
-33
-86
-73
-15
23
-2
-50
-47
14
78
95
87
81
71
40
0
-11
7
40
62
59
23
-28
-58
-67
-84
-125
-157
-159
-156
-170
-195
-207
-218
-233
-231
-183
-106
-39
-11
-12
-14
-10
-15
-43
-84
-133
-170
-201
-225
-259
-290
-281
-224
-151
-115
-124
-151
-169
-165
-137
-93
-73
-90
-106
-90
-66
-90
-170
-255
-302
-296
-245
-182
-149
-151
-143
-78
26
104
111
63
17
11
41
70
83
94
115
123
89
28
-12
2
43
84
109
118
101
71
53
49
34
-7
-34
6
119
251
322
311
237
143
57
-10
-48
-51
-16
35
87
138
196
233
217
143
74
64
90
101
87
88
123
169
197
183
131
54
-10
-45
-62
-79
-92
-78
-43
-12
6
33
50
16
-62
-113
-88
-36
-8
-12
-19
-8
11
21
-7
-83
-180
-241
-230
-152
-50
28
54
42
53
114
204
246
223
186
195
234
246
213
153
102
80
96
125
115
55
-20
-68
-93
-89
-64
-28
-5
-2
3
30
55
58
40
26
14
-24
-58
-46
14
58
81
134
224
269
212
100
-2
-88
-155
-191
-197
-216
-267
-328
-365
-360
-316
-246
-176
-122
-71
-15
26
23
3
10
34
15
-51
-92
-67
-30
-38
-64
-53
-11
7
-4
2
42
67
27
-40
-62
-22
43
69
39
-47
-149
-224
-231
-172
-95
-51
-72
-148
-250
-333
-367
-350
-296
-220
-132
-57
-13
19
56
82
72
31
-20
-76
-120
-108
-40
19
17
-20
-43
-39
-24
-9
11
13
-7
-31
-32
0
49
110
162
186
171
135
104
103
140
224
322
379
369
344
339
315
239
154
110
62
-40
-144
-157
-79
3
37
48
54
49
41
51
79
91
98
128
174
214
241
280
301
275
205
137
96
72
58
56
62
50
23
10
20
23
8
9
46
83
81
39
-15
-68
-115
-138
-119
-72
-24
-9
-50
-157
-274
-343
-357
-368
-389
-385
-338
-274
-230
-209
-189
-157
-119
-97
-94
-99
-109
-104
-56
55
183
248
223
158
100
50
5
-4
69
197
293
304
264
244
256
248
193
119
68
27
-10
-32
-28
-25
-56
-109
-149
-159
-160
-164
-154
-126
-103
-106
-126
-161
-200
-223
-210
-151
-81
-38
-62
-145
-229
-258
-227
-172
-119
-83
-55
-40
-41
-73
-104
-111
-88
-64
-50
-33
-16
-8
-10
-3
24
63
81
57
15
7
53
111
131
109
67
16
-42
-71
-32
77
186
222
167
79
25
12
15
14
7
-1
-13
-5
27
48
8
-71
-122
-106
-48
-2
-3
-50
-94
-75
-9
32
5
-40
-36
39
147
213
203
151
137
190
263
302
294
257
216
193
202
239
277
291
271
230
182
114
29
-29
-6
76
122
74
-36
-128
-167
-174
-175
-168
-124
-41
45
61
-17
-120
-157
-105
-32
-6
-25
-41
-23
36
90
99
50
-8
-22
24
78
108
127
158
186
185
170
166
165
144
138
173
229
243
207
159
119
84
57
47
29
-23
-83
-113
-124
-152
-193
-216
-220
-215
-192
-144
-93
-75
-88
-127
-184
-248
-292
-306
-309
-321
-328
-310
-271
-222
-163
-117
-92
-64
15
121
165
109
17
-34
-46
-75
-135
-174
-154
-89
-23
28
68
115
168
214
236
227
192
151
113
61
-30
-158
-255
-247
-146
-64
-86
-164
-197
-152
-95
-72
-93
-143
-198
-238
-252
-269
-303
-330
-321
-293
-283
-289
-291
-283
-274
-266
-262
-258
-245
-219
-182
-151
-133
-138
-146
-121
-54
21
53
55
77
150
260
358
419
442
443
429
407
406
414
384
286
180
150
196
247
251
236
247
291
329
345
369
411
434
381
259
144
81
39
-25
-97
-148
-174
-190
-196
-200
-218
-225
-172
-52
66
124
142
151
146
120
126
211
310
314
221
126
120
191
271
296
240
142
80
97
142
145
103
69
77
111
146
171
164
104
16
-59
-95
-116
-140
-156
-139
-102
-76
-63
-40
-5
-11
-94
-227
-330
-345
-269
-153
-62
-25
-23
-19
-5
13
18
11
1
6
35
72
76
13
-89
-180
-234
-282
-339
-381
-391
-382
-358
-299
-214
-147
-122
-93
-29
35
30
-41
-117
-161
-173
-169
-149
-136
-156
-220
-308
-370
-368
-305
-220
-156
-100
-31
38
73
45
-27
-113
-167
-154
-69
36
88
69
37
68
176
290
314
214
70
-2
27
87
107
70
15
-12
21
93
145
126
65
39
75
125
123
81
52
64
94
108
84
20
-68
-143
-166
-146
-113
-93
-82
-79
-90
-109
-119
-104
-60
27
134
210
212
165
141
177
266
364
431
441
413
388
388
394
362
311
284
287
251
145
30
-12
32
111
172
178
116
44
39
107
167
176
181
224
266
252
201
160
123
41
-92
-201
-197
-85
30
29
-76
-161
-141
-73
-68
-152
-252
-298
-286
-256
-281
-401
-590
-735
-748
-640
-501
-405
-358
-359
-407
-481
-484
-322
-22
258
347
249
120
123
258
401
448
425
425
512
653
735
619
229
-353
-876
-991
-538
242
760
589
-110
-677
-599
-23
438
330
-217
-697
-667
-85
688
1129
920
240
-394
-530
-174
280
416
112
-428
-873
-931
-542
60
464
461
229
112
299
640
858
771
439
106
6
174
403
414
151
-219
-474
-569
-593
-623
-652
-664
-714
-832
-962
-980
-854
-620
-361
-158
-75
-80
-51
48
126
76
-69
-211
-303
-351
-341
-284
-256
-351
-525
-635
-579
-393
-206
-81
-8
83
207
298
296
242
266
409
584
680
670
600
542
547
614
663
589
368
97
-75
-104
-70
-95
-197
-304
-376
-474
-663
-913
-1124
-1230
-1244
-1217
-1142
-1013
-824
-597
-359
-136
51
257
524
818
1009
1055
1080
1241
1544
1852
2073
2230
2407
2633
2905
3187
3418
3525
3481
3347
3251
3306
3517
3652
3262
1920
-327
-2743
-4294
-4495
-3873
-3546
-4258
-5763
-7132
-7592
-7076
-5992
-4700
-3350
-2082
-1092
-398
333
1582
3532
5792
7568
8221
7761
6788
5918
5261
4480
3274
1642
-243
-2268
-4366
-6372
-7958
-8841
-9050
-8925
-8738
-8395
-7579
-6117
-4156
-2015
57
1992
3846
5645
7315
8789
10078
11161
11853
11949
11461
10515
8969
6445
2976
-579
-3076
-4194
-4819
-6233
-8824
-11633
-13238
-13056
-11712
-10217
-9004
-7828
-6308
-4303
-1867
978
4202
7521
10277
11813
12073
11683
11274
10793
9618
7386
4424
1368
-1495
-4300
-7113
-9582
-11237
-12075
-12597
-13147
-13332
-12402
-10122
-7106
-4216
-1813
364
2743
5391
7979
10124
11750
12970
13776
14000
13630
12932
12103
10977
9198
6632
3406
-253
-3991
-7204
-9271
-10140
-10495
-11241
-12606
-13822
-13758
-11942
-9002
-6080
-3930
-2451
-970
1178
4129
7420
10316
12242
12995
12725
11878
10957
10123
8957
6801
3477
-417
-3924
-6443
-8076
-9404
-10893
-12488
-13686
-13955
-13047
-11047
-8344
-5519
-3037
-922
1211
3707
6507
9148
11129
12223
12604
12666
12728
12853
12807
12148
10474
7780
4508
1160
-2041
-4970
-7329
-8859
-9805
-10847
-12347
-13730
-13874
-12246
-9532
-7042
-5513
-4560
-3201
-801
2502
6014
8968
10907
11798
11936
11726
11456
11044
9978
7679
4120
84
-3331
-5567
-6992
-8495
-10579
-12844
-14328
-14392
-13218
-11420
-9357
-6979
-4247
-1438
1121
3438
5839
8454
10835
12280
12593
12374
12382
12744
12915
12269
10618
8278
5786
3447
978
-2077
-5519
-8319
-9655
-9947
-10453
-11856
-13358
-13490
-11678
-8924
-6715
-5526
-4558
-2846
-216
2843
5823
8468
10582
11878
12162
11644
10898
10278
9346
7225
3710
-231
-3336
-5271
-6769
-8651
-10918
-12754
-13356
-12642
-11248
-9773
-8186
-6034
-3199
-171
2443
4528
6423
8389
10205
11396
11801
11800
11836
11883
11573
10726
9440
7789
5754
3392
822
-1950
-4832
-7357
-8929
-9553
-9979
-10940
-12170
-12493
-11062
-8459
-6208
-5164
-4696
-3485
-914
2531
5808
8114
9305
9833
10280
10877
11343
11104
9618
6772
3140
-208
-2496
-3865
-5211
-7304
-10033
-12417
-13366
-12610
-10881
-9188
-7887
-6522
-4474
-1682
1268
3710
5491
6938
8332
9572
10443
10972
11357
11599
11515
11010
10191
9098
7594
5584
3175
527
-2238
-4882
-7008
-8390
-9330
-10383
-11640
-12349
-11693
-9884
-8176
-7458
-7192
-6024
-3279
409
3793
6064
7308
8195
9282
10531
11433
11458
10350
8111
5068
1900
-687
-2583
-4360
-6654
-9380
-11665
-12561
-11957
-10680
-9669
-9004
-7858
-5536
-2356
596
2578
3885
5357
7304
9120
10025
10011
9825
10066
10592
10867
10570
9672
8183
6151
3785
1315
-1190
-3613
-5603
-6928
-7972
-9403
-11197
-12268
-11562
-9458
-7602
-7083
-7159
-6156
-3396
208
3338
5477
6920
8124
9283
10334
11088
11258
10456
8378
5251
2002
-371
-1791
-3205
-5525
-8548
-11052
-11907
-11088
-9665
-8786
-8538
-7908
-5943
-2825
252
2272
3266
4113
5517
7353
8948
9865
10222
10316
10300
10222
10140
9857
8940
7210
5001
2667
128
-2646
-5082
-6488
-7065
-7867
-9527
-11280
-11686
-10324
-8402
-7352
-7110
-6311
-4053
-916
1884
3780
5107
6430
7978
9534
10660
10937
10140
8233
5516
2687
481
-1056
-2678
-5059
-7894
-10055
-10682
-9978
-8976
-8522
-8466
-7834
-5913
-3061
-411
1278
2266
3376
5030
6817
8048
8559
8797
9179
9647
9937
9961
9673
8835
7287
5360
3547
1785
-399
-2991
-5198
-6428
-7118
-8194
-9752
-10723
-10185
-8637
-7489
-7258
-6954
-5404
-2676
178
2298
3636
4640
5810
7346
8992
10101
10013
8484
5898
3124
970
-421
-1701
-3622
-6232
-8683
-9950
-9714
-8693
-7985
-7974
-7874
-6608
-4093
-1390
417
1305
2111
3523
5352
6868
7644
7958
8303
8827
9371
9834
10096
9764
8526
6648
4730
2891
765
-1674
-3774
-5072
-6056
-7583
-9615
-10946
-10596
-9090
-7955
-7790
-7594
-6149
-3558
-927
998
2379
3771
5509
7492
9211
10042
9688
8392
6634
4791
3017
1242
-822
-3376
-6102
-8215
-9205
-9330
-9310
-9570
-9836
-9387
-7727
-5161
-2595
-831
166
1101
2639
4685
6518
7607
8180
8831
9717
10455
10694
10484
9927
9021
7815
6416
4582
1893
-1387
-4068
-5240
-5465
-6246
-8238
-10350
-11015
-10020
-8666
-7982
-7523
-6218
-3932
-1547
224
1548
3046
5063
7343
9198
9960
9434
8013
6331
4832
3553
2221
389
-2156
-5001
-7202
-8141
-8160
-8171
-8660
-9223
-9042
-7664
-5403
-3015
-1152
57
944
2044
3585
5265
6574
7369
7948
8596
9329
10010
10436
10291
9396
8029
6618
5073
2824
-127
-2751
-4019
-4335
-5270
-7657
-10323
-11319
-10248
-8690
-8181
-8423
-7985
-6152
-3542
-1090
860
2524
4192
5961
7665
8937
9407
8980
7871
6375
4684
2854
822
-1498
-3991
-6257
-7830
-8587
-8832
-9065
-9458
-9543
-8590
-6478
-4022
-2223
-1316
-617
656
2613
4653
6191
7244
8177
9071
9737
10203
10663
10880
10276
8790
7044
5393
3373
625
-2200
-4026
-4830
-5810
-7924
-10483
-11775
-11060
-9449
-8471
-8228
-7577
-5745
-3186
-763
1197
2981
4868
6794
8446
9522
9854
9431
8360
6819
5041
3197
1224
-1109
-3748
-6168
-7786
-8565
-8950
-9357
-9738
-9657
-8677
-6784
-4488
-2494
-1134
-97
1226
3070
4977
6361
7203
8014
9054
10024
10571
10756
10736
10257
9024
7270
5511
3696
1353
-1391
-3587
-4675
-5449
-7116
-9610
-11293
-10888
-9101
-7873
-7984
-8201
-6880
-3907
-650
1597
2726
3576
4942
6881
8707
9620
9281
8006
6379
4806
3327
1743
-193
-2517
-4891
-6752
-7801
-8273
-8635
-9055
-9218
-8675
-7289
-5434
-3687
-2378
-1303
52
1949
4013
5586
6488
7213
8281
9566
10526
10879
10761
10263
9264
7818
6206
4417
2050
-832
-3318
-4611
-5248
-6565
-8938
-11036
-11293
-9830
-8326
-7931
-7931
-6888
-4436
-1560
717
2178
3285
4547
6176
7892
9055
9147
8206
6759
5275
3839
2263
399
-1762
-4046
-6134
-7668
-8542
-8953
-9203
-9370
-9192
-8253
-6468
-4344
-2602
-1453
-388
1144
3067
4803
6034
7014
8114
9252
10012
10264
10294
10316
10028
9057
7477
5617
3461
853
-1803
-3652
-4492
-5269
-7016
-9440
-10985
-10579
-8926
-7675
-7381
-7036
-5538
-3049
-576
1221
2482
3706
5212
6851
8121
8553
8094
7082
5850
4495
2954
1229
-611
-2434
-4101
-5492
-6558
-7308
-7765
-7969
-7916
-7495
-6550
-5140
-3626
-2422
-1560
-597
897
2805
4557
5789
6731
7805
9012
9918
10231
10124
9867
9362
8379
6962
5299
3298
884
-1505
-3185
-4212
-5467
-7535
-9716
-10643
-9952
-8727
-8136
-7971
-7233
-5564
-3568
-1790
-187
1448
3053
4427
5506
6318
6850
6998
6651
5751
4424
2970
1662
475
-850
-2456
-4108
-5401
-6132
-6498
-6831
-7161
-7151
-6519
-5480
-4506
-3787
-2969
-1647
96
1735
2938
3950
5232
6859
8417
9490
10072
10470
10739
10501
9450
7861
6210
4486
2372
-44
-2229
-3988
-5730
-7755
-9586
-10393
-10145
-9709
-9687
-9581
-8628
-6875
-4995
-3306
-1616
245
2177
4003
5639
7025
8054
8545
8348
7473
6189
4917
3895
2934
1592
-350
-2569
-4446
-5629
-6332
-7021
-7788
-8237
-8035
-7378
-6708
-6074
-5099
-3546
-1648
216
1945
3684
5508
7262
8717
9769
10553
11215
11562
11158
9903
8217
6441
4404
1900
-729
-2933
-4729
-6667
-8934
-10785
-11344
-10776
-10144
-9990
-9757
-8703
-6834
-4669
-2563
-578
1317
3143
4932
6640
8066
8943
9134
8719
7918
6926
5847
4658
3203
1291
-1014
-3264
-4916
-5906
-6735
-7834
-8946
-9379
-8900
-8004
-7252
-6500
-5210
-3285
-1267
442
2075
4070
6339
8323
9631
10394
11011
11586
11758
11153
9898
8382
6542
3989
916
-1760
-3500
-4938
-6994
-9495
-11110
-10971
-9840
-9231
-9486
-9479
-8237
-6096
-4039
-2468
-1056
658
2781
5070
7083
8417
8911
8819
8612
8517
8260
7432
5939
4003
1872
-243
-2095
-3595
-4981
-6607
-8334
-9502
-9606
-8995
-8495
-8394
-8015
-6573
-4189
-1748
149
1775
3693
5938
7954
9269
10019
10705
11496
11922
11448
10183
8640
6895
4556
1693
-875
-2590
-4009
-6111
-8816
-10754
-10878
-9867
-9334
-9805
-10215
-9402
-7448
-5257
-3422
-1841
-162
1770
3877
5941
7637
8629
8932
8916
8838
8498
7598
6202
4548
2699
640
-1399
-3147
-4709
-6457
-8364
-9795
-10192
-9821
-9503
-9514
-9202
-7838
-5557
-3129
-1028
896
2967
5160
7155
8736
10018
11185
12103
12346
11693
10457
9092
7582
5504
2805
99
-1980
-3614
-5491
-7763
-9601
-10137
-9669
-9395
-9925
-10500
-10055
-8451
-6477
-4738
-3181
-1387
775
3007
4934
6444
7676
8707
9444
9679
9364
8649
7707
6449
4734
2726
775
-1079
-3140
-5504
-7709
-9099
-9553
-9665
-10070
-10542
-10147
-8394
-5906
-3698
-2035
-345
1916
4561
6918
8562
9711
10783
11810
12414
12282
11499
10335
8878
6876
4233
1384
-933
-2553
-4092
-6132
-8356
-9798
-10058
-9777
-9834
-10196
-10150
-9263
-7815
-6187
-4389
-2308
-74
1992
3782
5447
7138
8699
9764
10096
9827
9281
8592
7568
6037
4135
2106
-14
-2335
-4754
-6941
-8568
-9607
-10332
-10998
-11388
-10926
-9388
-7268
-5256
-3459
-1468
977
3577
5798
7457
8809
10098
11208
11858
11883
11336
10377
9141
7500
5231
2485
-57
-1819
-3030
-4505
-6667
-8892
-10162
-10298
-10172
-10516
-11037
-10959
-9999
-8459
-6639
-4629
-2519
-486
1419
3407
5648
7876
9480
10121
10114
10040
10066
9766
8621
6552
3999
1557
-478
-2290
-4261
-6457
-8512
-10045
-10994
-11413
-11149
-10093
-8536
-6975
-5463
-3567
-1036
1720
4063
5813
7303
8847
10353
11475
11937
11766
11222
10485
9339
7399
4814
2367
694
-483
-2027
-4340
-6836
-8546
-9256
-9666
-10428
-11336
-11770
-11419
-10314
-8581
-6494
-4450
-2636
-784
1515
4295
7034
9039
10089
10567
10966
11346
11294
10329
8388
5989
3817
2042
191
-2243
-5112
-7679
-9346
-10178
-10612
-10815
-10582
-9789
-8548
-6943
-4911
-2556
-231
1798
3599
5397
7242
8931
10181
10931
11297
11367
11073
10263
8809
6796
4730
3191
2111
635
-1802
-4632
-6651
-7473
-7967
-9165
-10962
-12260
-12260
-11146
-9653
-8247
-6931
-5407
-3381
-772
2155
4905
7052
8517
9533
10311
10837
10924
10406
9223
7575
5806
4076
2123
-331
-3124
-5696
-7581
-8731
-9431
-9992
-10406
-10358
-9519
-7954
-6113
-4451
-2981
-1340
717
2967
4959
6480
7681
8806
9846
10533
10637
10194
9350
8135
6668
5293
4138
2762
658
-1929
-4140
-5527
-6630
-8286
-10441
-12046
-12270
-11478
-10666
-10195
-9486
-7858
-5322
-2446
234
2555
4620
6578
8446
10027
10997
11183
10755
10007
9069
7851
6228
4177
1799
-707
-3073
-5072
-6605
-7769
-8730
-9477
-9753
-9323
-8307
-7101
-5971
-4810
-3328
-1402
709
2586
4028
5286
6722
8303
9571
10163
10253
10207
10010
9235
7755
6054
4678
3494
1841
-620
-3418
-5764
-7412
-8731
-10095
-11374
-12223
-12424
-11905
-10645
-8782
-6668
-4586
-2531
-291
2186
4686
6872
8480
9390
9718
9808
9885
9737
8927
7352
5341
3283
1302
-634
-2551
-4381
-5969
-7104
-7699
-7882
-7899
-7850
-7597
-6974
-5997
-4841
-3612
-2277
-773
887
2653
4434
6056
7304
8160
8847
9584
10190
10151
9123
7492
6078
5219
4331
2598
30
-2605
-4612
-6076
-7524
-9245
-10873
-11719
-11461
-10402
-9135
-7939
-6677
-5057
-2980
-594
1779
3838
5414
6501
7218
7748
8236
8567
8409
7536
6124
4569
3123
1725
187
-1554
-3256
-4493
-5081
-5350
-5788
-6441
-6903
-6870
-6453
-5868
-5149
-4242
-3168
-1984
-659
871
2549
4167
5537
6689
7814
8945
9788
9932
9267
8092
6912
5984
5019
3389
852
-1995
-4173
-5342
-6199
-7587
-9403
-10610
-10514
-9555
-8627
-7938
-6965
-5350
-3341
-1396
319
1864
3271
4497
5572
6485
7079
7199
6903
6370
5649
4704
3584
2423
1256
68
-1065
-2002
-2792
-3638
-4569
-5304
-5621
-5694
-5825
-6006
-5843
-5075
-3891
-2716
-1685
-517
1068
2921
4585
5785
6684
7611
8605
9341
9408
8671
7316
5805
4566
3584
2326
354
-2007
-3912
-4897
-5406
-6178
-7327
-8202
-8226
-7545
-6732
-6079
-5404
-4441
-3187
-1810
-438
876
2102
3199
4122
4769
5065
5081
5002
4887
4583
3924
3002
2151
1564
996
45
-1267
-2478
-3232
-3695
-4233
-4950
-5586
-5814
-5545
-4992
-4412
-3797
-2909
-1577
54
1670
3062
4254
5370
6483
7485
8122
8230
7902
7317
6441
5224
3922
2863
1925
614
-1136
-2708
-3433
-3527
-3939
-5118
-6266
-6338
-5570
-5142
-5539
-5922
-5402
-4105
-2780
-1818
-1029
-134
893
1879
2655
3137
3372
3517
3684
3775
3608
3165
2603
2006
1287
391
-562
-1398
-2092
-2779
-3533
-4219
-4602
-4595
-4297
-3882
-3444
-2940
-2209
-1143
141
1345
2267
2971
3719
4686
5692
6266
6155
5765
5661
5711
5116
3641
2151
1610
1780
1538
337
-1150
-1921
-1901
-1956
-2820
-4235
-5350
-5678
-5442
-5129
-4995
-4982
-4823
-4241
-3229
-2117
-1205
-434
416
1270
1907
2375
2937
3583
3943
3770
3230
2695
2303
1830
955
-229
-1235
-1779
-2146
-2701
-3315
-3589
-3423
-3102
-2876
-2704
-2365
-1739
-899
-18
806
1535
2153
2692
3273
3972
4653
5057
5140
5079
4922
4479
3798
3362
3463
3606
3005
1639
329
-304
-644
-1520
-3086
-4550
-5161
-5108
-5154
-5629
-6069
-5884
-5056
-4080
-3327
-2701
-1865
-703
541
1511
2067
2412
2826
3318
3612
3527
3161
2695
2137
1396
507
-341
-981
-1454
-1882
-2248
-2438
-2477
-2505
-2510
-2311
-1847
-1286
-825
-457
-14
596
1272
1839
2289
2750
3289
3825
4231
4472
4580
4608
4526
4240
3790
3392
3171
2833
1972
617
-674
-1384
-1688
-2192
-3197
-4269
-4858
-4961
-5005
-5220
-5416
-5333
-4873
-4131
-3277
-2477
-1777
-1114
-409
312
953
1421
1706
1836
1800
1592
1270
950
642
288
-129
-478
-657
-754
-922
-1147
-1189
-936
-620
-583
-804
-892
-569
-16
370
493
628
1071
1762
2405
2849
3212
3592
3906
4082
4222
4332
4160
3476
2568
2044
2057
2004
1223
-43
-904
-930
-813
-1427
-2692
-3696
-3916
-3764
-3845
-4195
-4425
-4314
-3943
-3465
-2965
-2519
-2148
-1733
-1114
-409
17
24
-6
358
953
1214
935
534
480
734
873
682
378
289
404
436
308
260
474
738
706
353
46
166
717
1314
1628
1691
1814
2220
2829
3384
3586
3348
2869
2551
2559
2577
2125
1264
682
851
1338
1241
329
-724
-1160
-1040
-1059
-1636
-2437
-2849
-2775
-2621
-2735
-3034
-3238
-3191
-2944
-2648
-2426
-2278
-2095
-1800
-1432
-1126
-931
-776
-549
-283
-116
-112
-138
-6
227
328
208
166
507
1085
1435
1378
1208
1264
1514
1689
1627
1418
1286
1389
1661
1836
1707
1350
1055
995
1044
960
706
516
591
854
1045
977
654
262
156
565
1211
1436
978
355
227
578
715
91
-1056
-1930
-2089
-1920
-2125
-2868
-3689
-4083
-3975
-3698
-3625
-3791
-3831
-3432
-2752
-2254
-2070
-1794
-1057
-92
518
627
717
1275
2114
2591
2398
1982
1999
2543
3046
2966
2372
1783
1608
1734
1713
1198
339
-362
-567
-466
-502
-817
-1127
-1113
-786
-430
-267
-231
-52
444
1122
1749
2206
2475
2528
2515
2769
3337
3712
3318
2314
1444
1189
1144
517
-904
-2455
-3403
-3781
-4139
-4752
-5376
-5711
-5681
-5360
-4853
-4310
-3812
-3280
-2581
-1712
-813
42
899
1783
2555
3074
3427
3810
4225
4425
4243
3834
3505
3327
3035
2386
1482
668
133
-256
-722
-1324
-1888
-2205
-2261
-2252
-2308
-2317
-2080
-1600
-1096
-725
-428
8
718
1608
2443
3086
3638
4209
4626
4529
3923
3359
3271
3347
2825
1561
243
-460
-780
-1513
-2869
-4157
-4647
-4543
-4593
-5077
-5544
-5522
-5041
-4410
-3826
-3245
-2544
-1638
-580
462
1311
1969
2600
3292
3874
4073
3829
3341
2866
2462
2045
1526
956
434
0
-412
-898
-1489
-2115
-2587
-2795
-2813
-2827
-2902
-2919
-2709
-2244
-1672
-1133
-618
1
749
1481
2046
2454
2863
3350
3770
3872
3652
3362
3137
2799
2242
1728
1520
1464
1111
363
-417
-822
-936
-1216
-1841
-2408
-2454
-2135
-1998
-2275
-2615
-2604
-2183
-1663
-1339
-1205
-991
-468
243
782
899
764
790
1140
1490
1430
977
548
422
410
92
-658
-1427
-1721
-1537
-1407
-1719
-2253
-2451
-2080
-1494
-1204
-1335
-1521
-1386
-949
-526
-302
-180
21
332
629
804
876
1005
1328
1811
2236
2471
2630
2946
3392
3601
3265
2692
2660
3418
4163
3867
2670
1752
1865
2388
2189
1011
-271
-797
-734
-924
-1735
-2640
-3033
-2957
-2897
-3075
-3265
-3156
-2689
-2093
-1678
-1581
-1617
-1472
-1055
-628
-528
-773
-1014
-914
-551
-335
-465
-647
-509
-180
-168
-650
-1235
-1486
-1431
-1418
-1639
-1911
-1922
-1573
-1089
-779
-726
-680
-306
471
1312
1766
1817
1974
2700
3780
4572
4715
4537
4627
5184
5765
5733
4991
4132
3855
4116
4191
3470
2213
1215
895
811
213
-1020
-2234
-2771
-2787
-2973
-3706
-4612
-5120
-5097
-4904
-4921
-5111
-5111
-4602
-3735
-2991
-2716
-2647
-2209
-1270
-409
-252
-651
-938
-766
-488
-585
-1096
-1604
-1724
-1500
-1326
-1492
-1789
-1752
-1188
-441
-20
-41
-74
366
1236
2025
2374
2463
2672
3083
3452
3570
3486
3423
3578
3947
4315
4411
4183
3874
3778
3931
4043
3778
3103
2379
2077
2235
2327
1805
791
-40
-278
-302
-821
-1969
-3104
-3586
-3564
-3734
-4394
-5120
-5364
-5141
-4920
-5006
-5191
-5034
-4431
-3759
-3433
-3437
-3386
-2975
-2302
-1721
-1473
-1404
-1136
-498
255
730
830
865
1187
1793
2300
2429
2368
2500
2876
3138
3043
2778
2681
2823
2993
3017
2913
2771
2596
2376
2176
2086
2063
1958
1735
1497
1345
1238
1127
1047
1041
1074
1096
1138
1231
1311
1270
1177
1262
1577
1806
1603
1069
585
320
24
-595
-1550
-2577
-3390
-3972
-4537
-5229
-5891
-6295
-6394
-6295
-6102
-5872
-5558
-4989
-4088
-3098
-2383
-1939
-1423
-603
326
1036
1449
1785
2297
2982
3629
4037
4238
4341
4376
4256
3951
3554
3172
2839
2492
2060
1484
778
59
-482
-758
-913
-1195
-1663
-2068
-2133
-1909
-1726
-1720
-1633
-1184
-533
-88
68
290
839
1490
1864
1978
2206
2679
3034
2913
2490
2274
2383
2421
2010
1292
695
392
126
-499
-1527
-2577
-3226
-3542
-3931
-4598
-5288
-5661
-5670
-5478
-5192
-4741
-4030
-3035
-1900
-859
-79
540
1273
2182
2999
3433
3594
3810
4186
4448
4288
3731
3093
2654
2355
1911
1167
336
-261
-570
-827
-1265
-1856
-2370
-2599
-2594
-2616
-2856
-3164
-3196
-2836
-2371
-2147
-2114
-1896
-1301
-552
31
473
1047
1849
2628
3101
3299
3521
4011
4702
5272
5416
5121
4684
4452
4469
4438
4023
3210
2357
1821
1558
1123
192
-1033
-2003
-2436
-2620
-3053
-3855
-4648
-5001
-4860
-4540
-4335
-4239
-4006
-3461
-2737
-2130
-1752
-1375
-768
-31
506
705
745
888
1208
1530
1559
1172
592
159
-44
-269
-706
-1242
-1656
-1944
-2271
-2621
-2778
-2673
-2539
-2604
-2772
-2781
-2538
-2181
-1847
-1508
-1087
-579
-18
606
1326
2082
2784
3455
4213
5074
5861
6378
6629
6814
7089
7385
7514
7387
7075
6630
6027
5300
4588
3907
3010
1720
248
-978
-1836
-2646
-3734
-5020
-6090
-6683
-6980
-7340
-7822
-8111
-7956
-7497
-7049
-6687
-6196
-5415
-4444
-3497
-2659
-1856
-1051
-330
208
606
986
1348
1575
1590
1455
1277
1104
897
568
115
-308
-559
-694
-884
-1130
-1244
-1083
-739
-464
-417
-467
-292
246
899
1327
1502
1711
2155
2740
3236
3551
3788
4078
4400
4619
4662
4630
4676
4849
5054
5143
5051
4839
4636
4491
4322
3939
3267
2423
1692
1192
714
-73
-1185
-2237
-2934
-3392
-4006
-4914
-5878
-6546
-6849
-7036
-7314
-7594
-7615
-7297
-6752
-6115
-5410
-4622
-3737
-2775
-1845
-1063
-393
354
1247
2087
2620
2854
3059
3409
3780
3899
3672
3264
2918
2723
2560
2227
1628
883
234
-162
-387
-657
-1075
-1489
-1672
-1629
-1566
-1602
-1609
-1408
-991
-515
-136
129
387
782
1340
1937
2446
2851
3216
3592
3954
4237
4400
4473
4508
4477
4291
3947
3553
3184
2795
2254
1502
628
-127
-629
-1050
-1715
-2691
-3621
-4134
-4260
-4389
-4792
-5326
-5633
-5566
-5281
-5004
-4788
-4554
-4197
-3637
-2861
-1992
-1250
-743
-357
95
605
1003
1178
1214
1259
1373
1487
1483
1318
1059
846
740
642
370
-140
-715
-1079
-1130
-1079
-1217
-1566
-1818
-1712
-1362
-1109
-1111
-1165
-1003
-610
-182
134
387
684
1048
1442
1840
2232
2571
2831
3054
3309
3591
3837
4019
4153
4264
4394
4570
4744
4801
4696
4527
4408
4343
4215
3878
3264
2462
1703
1097
474
-430
-1550
-2502
-3007
-3226
-3599
-4359
-5294
-5956
-6158
-6143
-6273
-6609
-6894
-6899
-6598
-6075
-5422
-4720
-3986
-3145
-2189
-1274
-590
-116
367
983
1619
2030
2176
2221
2295
2272
1960
1411
914
660
499
174
-340
-797
-993
-976
-906
-863
-795
-630
-320
114
595
1047
1454
1851
2296
2776
3210
3518
3734
3966
4230
4442
4549
4632
4760
4870
4827
4602
4329
4153
4048
3842
3433
2913
2463
2119
1765
1289
709
102
-517
-1176
-1850
-2439
-2926
-3417
-4026
-4663
-5150
-5479
-5836
-6346
-6891
-7279
-7449
-7496
-7510
-7497
-7367
-7046
-6495
-5714
-4777
-3816
-2916
-1997
-954
151
1150
1966
2662
3272
3788
4225
4613
4894
4940
4739
4405
4043
3647
3166
2628
2117
1696
1343
1012
700
423
170
-103
-369
-562
-643
-606
-444
-188
28
118
161
344
754
1325
1911
2387
2761
3165
3672
4135
4352
4343
4323
4382
4325
3923
3213
2481
1965
1588
1103
401
-331
-849
-1145
-1453
-2001
-2782
-3581
-4126
-4383
-4573
-4971
-5548
-5973
-6008
-5789
-5701
-5907
-6194
-6164
-5709
-5092
-4606
-4208
-3617
-2728
-1699
-714
184
1027
1850
2696
3534
4232
4668
4866
4970
5046
5053
4888
4515
3978
3392
2833
2285
1681
1024
398
-139
-590
-992
-1381
-1774
-2109
-2267
-2230
-2128
-2075
-2005
-1782
-1375
-859
-311
229
752
1297
1893
2465
2907
3211
3496
3826
4122
4255
4189
4015
3828
3603
3214
2644
2027
1498
1056
623
164
-325
-844
-1353
-1786
-2155
-2537
-2936
-3275
-3544
-3822
-4090
-4214
-4138
-3992
-3916
-3913
-3853
-3631
-3309
-3044
-2916
-2717
-2234
-1518
-853
-410
-51
397
951
1466
1824
2021
2108
2166
2246
2364
2450
2400
2180
1875
1632
1481
1310
981
514
92
-158
-291
-495
-836
-1217
-1480
-1570
-1572
-1601
-1691
-1745
-1646
-1376
-1025
-692
-379
-29
404
888
1387
1887
2360
2749
3019
3207
3354
3442
3428
3317
3156
2959
2711
2410
2066
1680
1261
824
364
-132
-656
-1152
-1576
-1956
-2331
-2694
-2979
-3162
-3286
-3396
-3469
-3468
-3375
-3149
-2769
-2323
-1980
-1787
-1587
-1190
-667
-301
-251
-334
-237
80
366
390
246
202
368
626
820
941
1068
1253
1484
1702
1817
1760
1578
1428
1418
1463
1369
1071
735
548
464
294
-28
-350
-525
-578
-603
-633
-626
-539
-378
-215
-136
-112
-28
166
360
433
408
400
476
599
690
704
661
626
637
684
712
690
649
679
819
965
959
797
677
704
731
513
51
-398
-630
-704
-826
-1071
-1313
-1385
-1274
-1140
-1157
-1340
-1499
-1458
-1270
-1175
-1284
-1417
-1334
-1013
-709
-630
-709
-659
-319
162
516
674
816
1108
1530
1922
2159
2245
2279
2341
2386
2288
2000
1603
1187
743
231
-313
-820
-1279
-1735
-2181
-2526
-2691
-2687
-2623
-2583
-2565
-2480
-2255
-1906
-1535
-1246
-1051
-838
-497
-41
372
608
693
784
978
1198
1304
1269
1214
1218
1269
1276
1206
1070
898
743
654
628
585
459
291
182
165
184
189
214
316
492
642
678
617
576
632
734
762
652
444
211
-10
-250
-512
-726
-828
-870
-981
-1179
-1315
-1242
-1009
-815
-764
-763
-649
-378
-36
269
479
616
768
964
1097
1028
775
511
346
233
63
-182
-434
-654
-887
-1181
-1479
-1676
-1778
-1892
-2056
-2179
-2161
-2019
-1813
-1604
-1410
-1221
-981
-632
-179
327
802
1175
1448
1710
2036
2394
2669
2806
2823
2761
2656
2529
2385
2215
2025
1827
1615
1375
1113
854
635
488
407
349
272
177
90
24
8
41
70
2
-154
-299
-350
-343
-374
-481
-641
-779
-871
-954
-1092
-1282
-1459
-1578
-1659
-1746
-1835
-1882
-1845
-1713
-1480
-1166
-830
-554
-350
-142
149
505
811
962
948
841
706
556
370
132
-156
-502
-894
-1289
-1625
-1894
-2135
-2360
-2513
-2522
-2393
-2171
-1925
-1681
-1427
-1088
-594
2
538
910
1192
1538
2000
2452
2732
2798
2769
2779
2838
2847
2728
2511
2271
2046
1823
1596
1369
1129
865
600
388
254
147
27
-72
-94
-50
-17
-22
-22
22
77
74
0
-101
-179
-266
-399
-574
-745
-875
-987
-1127
-1330
-1553
-1702
-1718
-1630
-1520
-1417
-1280
-1064
-776
-476
-212
-6
165
323
444
489
444
348
233
133
54
-51
-250
-554
-876
-1153
-1390
-1604
-1768
-1868
-1935
-1961
-1881
-1695
-1519
-1444
-1387
-1175
-776
-356
-94
9
130
420
860
1320
1708
2048
2375
2678
2921
3086
3188
3246
3290
3324
3306
3167
2880
2525
2199
1918
1612
1253
898
634
470
339
165
-91
-394
-673
-901
-1121
-1336
-1481
-1505
-1501
-1569
-1693
-1741
-1662
-1537
-1477
-1487
-1467
-1333
-1109
-905
-792
-719
-580
-354
-119
38
135
229
348
452
497
477
411
317
196
43
-129
-275
-364
-438
-595
-877
-1205
-1458
-1596
-1685
-1818
-1990
-2078
-1971
-1719
-1499
-1421
-1395
-1251
-919
-482
-87
181
391
699
1176
1695
2066
2226
2285
2373
2499
2539
2411
2178
1990
1905
1842
1707
1490
1274
1123
1013
872
676
487
378
346
320
246
144
63
4
-103
-294
-507
-626
-634
-626
-705
-872
-1007
-1013
-895
-785
-795
-931
-1096
-1178
-1122
-956
-765
-623
-526
-392
-170
94
306
421
475
529
616
687
667
518
269
-11
-261
-452
-641
-945
-1417
-1947
-2356
-2579
-2712
-2868
-3057
-3166
-3068
-2736
-2319
-1988
-1758
-1447
-910
-211
430
866
1158
1480
1916
2358
2650
2752
2792
2905
3095
3227
3183
2987
2768
2627
2554
2472
2325
2133
1965
1852
1769
1655
1488
1306
1161
1063
955
786
571
363
184
7
-185
-384
-556
-693
-828
-992
-1152
-1259
-1345
-1509
-1764
-1983
-2044
-1981
-1939
-1992
-2068
-2041
-1843
-1521
-1196
-927
-673
-373
-55
188
290
254
156
57
-43
-188
-383
-584
-776
-995
-1256
-1524
-1752
-1919
-2014
-2023
-1961
-1869
-1788
-1715
-1584
-1336
-971
-567
-212
82
366
691
1028
1331
1607
1895
2181
2413
2586
2735
2846
2875
2814
2740
2718
2736
2715
2598
2385
2139
1931
1763
1562
1256
893
589
424
352
253
62
-163
-321
-407
-510
-694
-928
-1138
-1270
-1341
-1421
-1559
-1711
-1796
-1794
-1784
-1842
-1973
-2091
-2088
-1921
-1647
-1393
-1227
-1101
-919
-631
-293
-8
167
252
324
415
499
502
382
151
-137
-426
-672
-874
-1090
-1379
-1710
-1945
-1964
-1805
-1650
-1649
-1768
-1811
-1612
-1216
-815
-551
-380
-158
199
661
1128
1506
1778
2032
2352
2729
3051
3219
3212
3109
3009
2965
2945
2867
2703
2488
2286
2107
1930
1738
1522
1282
1028
810
676
625
591
514
392
253
122
28
-19
-64
-202
-449
-693
-816
-831
-871
-1031
-1266
-1467
-1579
-1658
-1766
-1884
-1944
-1915
-1838
-1766
-1711
-1654
-1583
-1516
-1465
-1407
-1310
-1180
-1059
-986
-969
-1015
-1098
-1166
-1187
-1188
-1200
-1203
-1145
-1034
-946
-956
-1029
-1058
-984
-843
-703
-566
-388
-146
109
333
538
776
1065
1352
1590
1793
2033
2328
2611
2818
2954
3076
3195
3253
3211
3093
2938
2777
2601
2402
2185
1958
1717
1463
1201
933
639
320
39
-129
-210
-332
-573
-857
-1056
-1163
-1295
-1525
-1801
-2000
-2075
-2072
-2090
-2167
-2243
-2220
-2095
-1979
-1959
-2006
-2040
-2015
-1938
-1854
-1805
-1783
-1716
-1540
-1302
-1100
-968
-837
-637
-395
-194
-83
-20
66
195
324
377
355
314
332
391
417
385
346
363
429
507
545
536
512
537
628
751
867
974
1077
1158
1190
1200
1241
1349
1491
1609
1663
1666
1648
1626
1570
1444
1273
1123
1032
950
835
682
520
376
239
109
-5
-88
-146
-203
-277
-366
-454
-534
-606
-643
-627
-573
-528
-508
-483
-445
-428
-471
-548
-596
-576
-505
-444
-439
-505
-613
-702
-720
-670
-598
-544
-492
-414
-286
-90
162
408
567
636
672
704
707
635
464
219
-35
-221
-312
-343
-373
-449
-596
-797
-984
-1100
-1152
-1199
-1280
-1360
-1361
-1218
-959
-685
-484
-362
-271
-160
-19
152
334
496
623
714
772
797
806
821
865
922
964
937
833
701
616
604
620
626
617
614
600
556
485
416
370
344
308
249
186
143
129
124
108
93
89
75
7
-119
-273
-396
-457
-470
-491
-561
-652
-708
-721
-747
-814
-883
-908
-877
-790
-656
-486
-325
-210
-167
-171
-189
-216
-279
-383
-493
-574
-635
-687
-720
-734
-772
-868
-986
-1043
-1008
-914
-801
-687
-601
-570
-575
-550
-453
-308
-144
38
238
428
585
734
902
1068
1204
1310
1441
1610
1774
1865
1866
1844
1868
1932
1968
1931
1841
1740
1634
1505
1366
1263
1221
1200
1144
1034
907
817
785
777
731
608
436
278
169
94
14
-78
-167
-250
-332
-415
-494
-579
-689
-812
-923
-997
-1027
-1030
-1038
-1075
-1135
-1191
-1223
-1213
-1164
-1121
-1148
-1258
-1391
-1473
-1499
-1505
-1534
-1589
-1640
-1637
-1568
-1486
-1460
-1494
-1537
-1540
-1499
-1440
-1380
-1310
-1209
-1082
-947
-802
-620
-402
-218
-130
-89
25
260
548
792
964
1122
1320
1549
1743
1850
1898
1932
1979
2028
2065
2095
2139
2198
2225
2166
2020
1861
1745
1658
1553
1400
1203
997
824
709
624
503
320
115
-40
-113
-144
-189
-273
-384
-496
-595
-688
-777
-834
-821
-768
-774
-901
-1089
-1210
-1218
-1185
-1224
-1353
-1477
-1491
-1397
-1282
-1226
-1223
-1232
-1212
-1164
-1112
-1080
-1082
-1097
-1111
-1114
-1095
-1038
-957
-875
-809
-750
-696
-624
-504
-339
-187
-76
30
166
302
382
417
453
529
645
800
972
1128
1247
1335
1422
1514
1608
1691
1766
1849
1938
2017
2058
2067
2052
2023
1989
1951
1887
1765
1589
1379
1152
926
729
571
444
337
248
171
84
-27
-147
-247
-305
-318
-296
-270
-261
-267
-264
-232
-179
-136
-145
-209
-283
-323
-328
-334
-384
-492
-636
-778
-906
-1039
-1193
-1376
-1556
-1690
-1740
-1720
-1698
-1720
-1781
-1837
-1864
-1851
-1813
-1773
-1756
-1757
-1766
-1769
-1751
-1696
-1610
-1517
-1445
-1387
-1316
-1209
-1062
-889
-691
-480
-291
-163
-70
68
324
682
1035
1287
1433
1549
1686
1818
1897
1928
1950
1972
1983
1973
1955
1931
1894
1846
1793
1732
1661
1593
1554
1543
1546
1551
1549
1517
1438
1345
1284
1267
1241
1172
1090
1059
1105
1148
1091
915
703
538
406
239
14
-225
-436
-640
-882
-1176
-1497
-1819
-2131
-2425
-2685
-2886
-3000
-3017
-2946
-2831
-2719
-2614
-2502
-2376
-2265
-2184
-2125
-2051
-1943
-1800
-1642
-1486
-1348
-1246
-1151
-1019
-841
-662
-517
-382
-222
-49
89
168
219
311
483
704
914
1090
1255
1426
1588
1745
1920
2121
2312
2457
2543
2568
2542
2491
2446
2422
2422
2424
2382
2266
2106
1972
1881
1800
1694
1567
1448
1352
1271
1184
1078
954
840
757
710
685
663
616
518
366
206
80
-28
-173
-371
-594
-805
-998
-1175
-1334
-1499
-1700
-1922
-2128
-2308
-2491
-2674
-2830
-2937
-3008
-3048
-3040
-2979
-2904
-2849
-2806
-2726
-2592
-2430
-2281
-2160
-2030
-1849
-1601
-1326
-1070
-861
-710
-620
-568
-513
-438
-362
-293
-206
-67
130
363
608
836
1008
1112
1182
1272
1394
1533
1677
1846
2052
2273
2460
2573
2607
2604
2606
2633
2674
2708
2725
2709
2655
2572
2469
2352
2217
2095
2022
2002
1992
1934
1802
1593
1316
1004
718
495
320
162
7
-136
-275
-412
-562
-764
-1043
-1374
-1677
-1896
-2031
-2125
-2220
-2349
-2508
-2660
-2780
-2895
-3040
-3205
-3323
-3348
-3306
-3260
-3229
-3170
-3046
-2856
-2627
-2383
-2132
-1888
-1672
-1497
-1340
-1144
-876
-558
-242
40
269
429
528
609
731
896
1059
1193
1302
1408
1494
1557
1599
1658
1786
1971
2108
2081
1971
1976
2179
2416
2487
2427
2435
2602
2798
2883
2876
2879
2884
2806
2644
2490
2383
2239
1988
1672
1395
1203
1072
949
778
521
216
-46
-220
-348
-479
-605
-697
-773
-885
-1066
-1299
-1522
-1681
-1777
-1856
-1944
-2031
-2101
-2157
-2196
-2218
-2239
-2273
-2328
-2389
-2435
-2434
-2390
-2352
-2355
-2361
-2314
-2230
-2162
-2121
-2057
-1921
-1721
-1492
-1271
-1056
-846
-658
-504
-366
-213
-50
85
196
340
549
760
883
900
865
867
942
1065
1187
1273
1311
1307
1269
1234
1243
1319
1437
1549
1630
1690
1750
1807
1849
1862
1846
1835
1854
1893
1896
1814
1686
1586
1557
1566
1564
1533
1457
1322
1146
957
767
558
354
208
129
47
-112
-345
-597
-818
-996
-1123
-1189
-1201
-1194
-1206
-1262
-1375
-1535
-1677
-1732
-1712
-1708
-1787
-1899
-1946
-1903
-1837
-1822
-1870
-1923
-1907
-1792
-1614
-1442
-1319
-1251
-1206
-1149
-1070
-1000
-963
-926
-834
-674
-512
-404
-354
-298
-183
-26
108
187
239
304
408
558
733
883
963
988
1009
1056
1119
1194
1295
1412
1527
1605
1646
1689
1758
1834
1869
1876
1911
1971
1982
1904
1786
1707
1670
1618
1499
1337
1185
1070
969
853
743
666
629
588
514
417
320
227
126
13
-104
-225
-339
-423
-456
-449
-445
-471
-515
-540
-536
-541
-586
-660
-742
-845
-992
-1177
-1360
-1507
-1623
-1730
-1839
-1924
-1972
-1997
-2024
-2066
-2095
-2074
-1975
-1814
-1641
-1495
-1396
-1325
-1257
-1158
-1027
-894
-798
-742
-699
-646
-586
-528
-449
-331
-201
-118
-111
-153
-186
-168
-79
66
238
413
571
698
794
884
1000
1146
1293
1403
1473
1529
1603
1701
1814
1942
2075
2188
2243
2239
2222
2232
2254
2232
2145
2011
1870
1732
1564
1354
1143
1007
954
924
850
736
625
556
539
555
561
504
387
262
171
87
-57
-287
-553
-772
-911
-1023
-1189
-1443
-1739
-2002
-2192
-2334
-2481
-2643
-2782
-2853
-2876
-2888
-2903
-2891
-2837
-2757
-2650
-2504
-2316
-2114
-1938
-1804
-1675
-1505
-1283
-1033
-755
-455
-178
28
183
333
475
577
648
726
799
816
791
780
805
829
828
830
875
972
1108
1250
1372
1487
1626
1775
1895
1983
2065
2151
2205
2218
2214
2228
2259
2286
2307
2337
2363
2338
2243
2124
2020
1898
1726
1523
1346
1183
978
714
446
230
64
-72
-181
-267
-372
-511
-650
-740
-801
-894
-1045
-1215
-1367
-1513
-1706
-1952
-2200
-2387
-2506
-2597
-2691
-2779
-2832
-2847
-2836
-2804
-2742
-2643
-2526
-2397
-2237
-2047
-1862
-1729
-1639
-1551
-1430
-1263
-1079
-931
-847
-794
-711
-591
-488
-427
-373
-292
-191
-97
4
130
263
384
509
663
843
1015
1167
1312
1459
1615
1775
1947
2145
2382
2653
2912
3119
3253
3332
3378
3409
3414
3381
3310
3210
3074
2887
2669
2465
2310
2171
2000
1770
1506
1249
1018
803
601
437
334
261
165
20
-168
-402
-686
-981
-1238
-1436
-1597
-1736
-1872
-2022
-2192
-2368
-2520
-2637
-2723
-2806
-2914
-3059
-3216
-3348
-3438
-3508
-3594
-3693
-3741
-3688
-3552
-3399
-3251
-3065
-2801
-2488
-2191
-1946
-1719
-1459
-1151
-829
-529
-256
-12
196
350
445
508
584
695
826
957
1076
1182
1279
1379
1515
1701
1927
2158
2369
2547
2709
2890
3117
3351
3505
3548
3535
3550
3605
3653
3650
3587
3472
3342
3223
3114
2969
2775
2571
2401
2252
2098
1924
1730
1499
1227
923
603
278
-26
-282
-494
-684
-881
-1085
-1275
-1414
-1506
-1591
-1709
-1867
-2029
-2160
-2252
-2342
-2452
-2591
-2749
-2904
-3030
-3116
-3198
-3305
-3417
-3495
-3521
-3518
-3485
-3413
-3295
-3152
-3004
-2862
-2737
-2613
-2458
-2252
-1993
-1705
-1413
-1154
-941
-752
-545
-321
-127
2
76
164
310
488
638
744
849
989
1147
1292
1426
1578
1764
1979
2194
2387
2551
2677
2760
2834
2951
3119
3305
3476
3622
3722
3729
3632
3473
3323
3196
3076
2939
2782
2592
2358
2095
1829
1569
1300
1018
728
446
185
-29
-219
-442
-706
-955
-1144
-1300
-1440
-1552
-1626
-1711
-1847
-2032
-2235
-2440
-2619
-2741
-2802
-2841
-2897
-2969
-3040
-3088
-3099
-3058
-2990
-2946
-2941
-2936
-2885
-2799
-2708
-2625
-2530
-2406
-2250
-2060
-1834
-1577
-1290
-982
-698
-465
-261
-30
219
444
640
841
1071
1314
1542
1722
1851
1954
2057
2161
2262
2384
2547
2725
2864
2944
2980
2988
2980
2960
2957
2975
3018
3066
3100
3105
3082
3043
2992
2927
2827
2670
2439
2172
1925
1717
1507
1253
963
663
379
123
-95
-301
-499
-689
-881
-1106
-1366
-1589
-1726
-1789
-1857
-1996
-2203
-2412
-2540
-2600
-2662
-2783
-2918
-3002
-3030
-3037
-3031
-3003
-2973
-2961
-2962
-2945
-2900
-2852
-2833
-2842
-2844
-2790
-2678
-2535
-2393
-2265
-2142
-1993
-1783
-1521
-1237
-965
-710
-473
-246
-12
239
499
743
956
1124
1250
1350
1469
1618
1776
1901
1990
2089
2222
2363
2479
2587
2738
2934
3132
3272
3325
3322
3327
3371
3406
3377
3281
3150
2984
2785
2597
2457
2351
2227
2048
1829
1609
1424
1267
1088
847
557
265
4
-225
-435
-632
-815
-972
-1121
-1285
-1445
-1549
-1595
-1654
-1794
-1988
-2137
-2170
-2125
-2104
-2167
-2278
-2372
-2413
-2413
-2395
-2382
-2372
-2339
-2261
-2161
-2103
-2111
-2154
-2183
-2175
-2124
-2031
-1934
-1887
-1877
-1813
-1645
-1420
-1210
-1041
-886
-731
-557
-364
-179
-18
128
303
499
687
862
1049
1242
1412
1569
1743
1931
2077
2173
2251
2338
2418
2494
2573
2620
2589
2493
2408
2364
2341
2295
2235
2177
2127
2071
1996
1897
1788
1703
1643
1574
1450
1263
1042
827
636
472
338
245
197
151
57
-86
-220
-310
-383
-498
-657
-806
-892
-920
-934
-982
-1072
-1188
-1305
-1401
-1483
-1571
-1675
-1796
-1924
-2050
-2157
-2236
-2299
-2382
-2497
-2608
-2641
-2564
-2434
-2347
-2334
-2331
-2254
-2086
-1902
-1772
-1708
-1646
-1546
-1416
-1291
-1170
-1026
-850
-654
-481
-346
-246
-141
6
196
406
606
786
940
1084
1241
1437
1677
1931
2153
2312
2409
2451
2464
2465
2476
2507
2542
2556
2533
2473
2391
2304
2234
2176
2100
2018
1979
2016
2061
2018
1860
1664
1514
1421
1359
1295
1191
1005
746
493
315
199
75
-98
-313
-535
-738
-909
-1034
-1117
-1181
-1270
-1414
-1601
-1792
-1952
-2095
-2237
-2378
-2499
-2593
-2653
-2679
-2683
-2700
-2725
-2711
-2644
-2562
-2507
-2456
-2391
-2312
-2218
-2110
-2014
-1979
-1989
-1963
-1821
-1577
-1304
-1070
-878
-671
-401
-96
165
353
518
718
950
1158
1323
1464
1613
1760
1881
1968
2026
2071
2122
2199
2287
2368
2453
2585
2753
2876
2908
2874
2830
2783
2706
2615
2551
2529
2505
2421
2280
2143
2056
1988
1884
1744
1609
1493
1376
1218
1026
835
676
527
337
82
-203
-458
-662
-837
-1035
-1284
-1552
-1774
-1915
-2013
-2138
-2321
-2507
-2628
-2681
-2745
-2878
-3038
-3126
-3113
-3063
-3051
-3070
-3078
-3036
-2950
-2830
-2709
-2624
-2572
-2501
-2369
-2196
-2032
-1891
-1744
-1574
-1399
-1239
-1105
-993
-892
-767
-584
-341
-67
219
499
763
1003
1224
1435
1607
1729
1815
1926
2063
2184
2248
2267
2294
2360
2452
2528
2548
2522
2500
2508
2514
2488
2440
2405
2398
2393
2353
2249
2097
1957
1877
1843
1785
1665
1501
1347
1221
1085
906
689
481
323
209
109
-16
-167
-321
-451
-567
-706
-887
-1094
-1276
-1415
-1518
-1617
-1726
-1832
-1930
-2007
-2059
-2083
-2093
-2123
-2176
-2212
-2188
-2112
-2064
-2089
-2146
-2150
-2086
-2014
-1963
-1881
-1720
-1534
-1409
-1365
-1345
-1275
-1131
-938
-745
-593
-470
-337
-162
42
240
392
503
615
769
955
1118
1234
1311
1369
1430
1538
1709
1868
1918
1872
1833
1879
1979
2056
2079
2093
2147
2235
2294
2259
2124
1944
1812
1782
1817
1835
1784
1670
1508
1341
1219
1147
1068
921
713
506
345
226
85
-121
-371
-589
-750
-925
-1157
-1409
-1603
-1709
-1759
-1809
-1882
-1970
-2064
-2164
-2279
-2375
-2401
-2358
-2311
-2309
-2338
-2343
-2287
-2179
-2056
-1975
-1970
-2022
-2042
-1948
-1739
-1520
-1397
-1368
-1337
-1225
-1046
-863
-729
-646
-568
-434
-216
51
302
497
636
752
889
1078
1281
1415
1423
1363
1357
1443
1525
1481
1332
1216
1255
1432
1619
1717
1728
1716
1737
1811
1937
2076
2147
2103
1981
1870
1819
1818
1823
1801
1756
1709
1656
1561
1416
1252
1088
910
718
554
433
309
133
-81
-274
-413
-529
-667
-851
-1073
-1281
-1445
-1548
-1602
-1633
-1667
-1715
-1772
-1803
-1785
-1717
-1639
-1600
-1609
-1618
-1566
-1463
-1369
-1326
-1301
-1258
-1200
-1144
-1083
-1002
-918
-864
-842
-833
-813
-774
-706
-615
-530
-474
-428
-349
-230
-110
-8
103
237
388
543
702
849
964
1043
1117
1194
1255
1288
1299
1287
1260
1252
1294
1363
1403
1388
1343
1313
1317
1343
1345
1285
1182
1126
1158
1243
1291
1254
1153
1016
870
737
652
635
641
604
476
294
123
-15
-165
-358
-552
-682
-738
-768
-831
-974
-1199
-1435
-1583
-1613
-1590
-1616
-1712
-1821
-1827
-1685
-1464
-1291
-1229
-1230
-1206
-1124
-1015
-946
-942
-971
-976
-948
-917
-895
-874
-854
-864
-900
-923
-880
-781
-664
-546
-420
-284
-159
-47
64
171
257
313
376
481
629
791
930
1031
1090
1105
1081
1044
1027
1056
1130
1224
1303
1347
1372
1400
1424
1398
1311
1223
1212
1262
1274
1192
1082
1038
1053
1062
1017
944
878
820
750
648
522
410
341
301
253
186
108
14
-113
-260
-359
-365
-328
-346
-465
-640
-790
-862
-866
-845
-843
-860
-877
-880
-865
-840
-832
-866
-924
-956
-934
-896
-892
-932
-970
-969
-936
-911
-927
-966
-995
-1008
-1018
-1034
-1034
-1008
-966
-914
-840
-728
-595
-478
-409
-374
-315
-178
15
183
260
280
338
489
686
821
844
801
789
873
1009
1105
1108
1064
1054
1107
1184
1225
1209
1158
1110
1097
1120
1158
1175
1153
1097
1033
1011
1039
1073
1044
938
794
638
471
302
176
111
79
30
-56
-163
-282
-416
-569
-706
-770
-719
-606
-539
-596
-738
-864
-931
-949
-955
-950
-940
-951
-988
-1036
-1058
-1047
-1030
-1041
-1090
-1125
-1093
-1001
-941
-981
-1068
-1084
-979
-837
-757
-749
-751
-717
-638
-520
-379
-257
-195
-187
-188
-153
-76
10
81
143
233
357
480
562
606
657
732
811
880
947
1008
1029
984
911
875
894
932
937
901
860
859
887
886
825
732
663
644
655
662
627
552
472
450
501
579
626
607
544
467
395
321
241
160
90
41
6
-22
-49
-57
-23
50
113
113
50
-40
-134
-215
-272
-287
-264
-208
-149
-133
-195
-338
-504
-629
-694
-715
-713
-694
-665
-639
-641
-688
-783
-887
-954
-956
-906
-847
-799
-764
-722
-663
-596
-550
-540
-540
-505
-413
-285
-155
-43
54
145
235
301
324
319
334
391
448
473
485
527
601
687
764
819
832
787
694
580
480
432
444
485
503
468
389
295
219
204
255
320
304
173
-10
-155
-218
-239
-258
-273
-245
-165
-81
-47
-74
-129
-154
-123
-84
-109
-211
-323
-395
-427
-448
-472
-502
-529
-529
-497
-469
-481
-541
-622
-686
-725
-757
-804
-850
-855
-810
-758
-749
-776
-785
-723
-597
-449
-315
-189
-67
43
134
222
313
386
436
487
563
646
689
684
668
689
737
769
779
803
879
983
1068
1109
1106
1067
1008
954
916
881
841
803
786
774
719
588
411
259
180
171
192
203
175
115
52
0
-56
-128
-190
-205
-171
-113
-59
-31
-36
-68
-115
-173
-237
-297
-323
-316
-312
-349
-424
-490
-522
-532
-557
-603
-650
-666
-647
-619
-612
-631
-663
-695
-712
-691
-620
-517
-436
-415
-444
-478
-490
-485
-501
-563
-645
-693
-670
-589
-491
-386
-261
-138
-48
-4
23
70
146
256
385
504
579
603
594
590
635
735
849
918
914
853
770
718
727
777
784
697
541
422
406
454
464
384
258
176
175
223
247
211
135
59
11
-4
18
55
57
-22
-163
-294
-354
-342
-311
-319
-369
-412
-410
-377
-359
-393
-485
-598
-679
-697
-668
-630
-620
-655
-724
-776
-788
-766
-740
-710
-658
-588
-516
-462
-407
-333
-243
-172
-141
-134
-120
-100
-84
-67
-22
73
200
299
312
260
232
307
462
606
671
664
635
620
624
648
680
695
672
626
607
623
623
553
441
346
280
228
181
148
120
85
64
95
179
276
339
352
327
303
298
287
239
171
118
88
60
30
4
-24
-56
-77
-72
-61
-49
-14
51
98
91
54
32
27
-12
-93
-177
-215
-202
-159
-121
-121
-168
-218
-225
-187
-139
-99
-43
27
74
71
38
-4
-61
-137
-201
-229
-243
-269
-304
-317
-311
-303
-310
-343
-414
-513
-576
-533
-387
-229
-147
-149
-170
-152
-104
-76
-90
-102
-55
48
130
137
86
38
31
56
93
129
166
184
177
150
129
121
107
69
8
-41
-59
-38
-10
8
22
52
93
109
102
94
113
135
128
82
33
9
-16
-82
-192
-303
-373
-396
-381
-338
-295
-275
-278
-267
-235
-210
-234
-290
-318
-278
-189
-103
-58
-66
-118
-183
-217
-203
-159
-106
-55
-17
6
20
42
59
49
34
57
131
202
224
213
207
211
194
138
72
44
76
150
210
236
241
254
269
275
276
290
332
404
485
543
554
558
591
631
615
528
423
353
332
337
347
327
279
230
205
186
153
114
75
20
-39
-48
11
84
87
6
-106
-191
-226
-234
-239
-252
-266
-286
-303
-283
-211
-138
-113
-125
-113
-65
-37
-80
-181
-265
-278
-208
-101
-29
-30
-87
-140
-133
-62
20
65
63
42
29
8
-31
-101
-198
-298
-345
-298
-201
-147
-187
-275
-319
-262
-142
-39
-3
-6
5
55
107
120
88
48
16
-36
-116
-175
-163
-99
-54
-59
-84
-102
-113
-113
-95
-60
-29
6
57
117
155
174
217
288
331
295
182
49
-60
-116
-122
-109
-108
-125
-150
-174
-201
-228
-240
-238
-240
-254
-260
-230
-174
-128
-110
-122
-152
-207
-264
-301
-303
-277
-234
-198
-194
-219
-257
-296
-338
-374
-383
-369
-342
-300
-231
-141
-70
-37
-31
-12
31
104
208
337
459
527
534
494
436
379
362
394
455
503
514
488
423
358
324
337
365
376
377
370
367
371
398
433
445
441
453
490
511
478
401
322
286
303
350
377
351
291
245
248
274
270
222
154
97
59
22
-14
-65
-144
-247
-317
-295
-202
-116
-97
-135
-186
-210
-196
-175
-187
-230
-264
-262
-246
-257
-309
-386
-449
-463
-435
-409
-415
-427
-419
-413
-454
-537
-599
-596
-544
-486
-445
-409
-344
-260
-190
-170
-176
-168
-137
-104
-88
-76
-58
-29
3
29
48
61
75
89
107
123
138
146
131
91
53
44
55
61
53
52
74
111
158
212
269
301
276
195
116
88
108
124
108
85
90
121
141
134
114
112
151
209
238
203
136
87
75
65
34
-11
-44
-55
-51
-29
0
31
52
42
-9
-77
-115
-108
-82
-68
-76
-119
-204
-293
-328
-291
-222
-174
-180
-240
-304
-314
-262
-194
-147
-120
-104
-108
-132
-170
-205
-236
-243
-198
-99
25
125
180
186
164
144
157
208
277
323
313
259
196
151
139
167
218
246
237
230
270
326
347
317
260
188
93
5
-34
-21
4
16
49
118
202
259
280
276
259
254
279
316
332
301
255
220
206
188
140
65
-4
-19
26
85
112
124
153
197
228
239
238
216
152
51
-51
-113
-135
-136
-147
-183
-226
-249
-269
-324
-431
-546
-624
-651
-637
-608
-578
-551
-505
-444
-393
-371
-380
-404
-427
-431
-400
-338
-259
-180
-112
-52
9
71
111
111
87
71
81
102
108
78
14
-61
-95
-61
22
86
92
54
27
39
72
88
70
30
-16
-49
-62
-48
-27
-27
-41
-40
-6
40
70
94
136
190
229
247
263
279
281
285
306
344
378
399
408
411
401
363
303
235
175
125
78
27
-20
-46
-38
-18
-27
-87
-175
-254
-291
-275
-221
-179
-196
-256
-306
-301
-240
-148
-66
-28
-29
-37
-38
-67
-154
-272
-355
-360
-316
-277
-261
-246
-209
-162
-121
-63
37
164
253
259
199
125
77
46
25
12
26
70
122
153
148
102
43
-3
-9
27
86
150
193
197
179
172
182
195
197
198
183
149
106
73
54
37
10
-21
-47
-48
-13
43
74
61
33
41
104
192
264
305
324
333
338
335
319
302
303
315
327
339
366
408
441
434
370
255
122
0
-100
-189
-267
-309
-279
-196
-125
-127
-186
-233
-245
-247
-266
-287
-281
-254
-221
-189
-162
-167
-225
-306
-351
-335
-304
-323
-404
-480
-493
-452
-413
-395
-366
-317
-275
-275
-316
-389
-476
-538
-540
-470
-342
-194
-85
-67
-118
-155
-118
-23
70
125
149
161
159
124
65
17
23
78
143
172
160
130
112
111
115
121
146
192
234
243
220
196
203
229
234
203
165
168
208
238
222
182
157
148
133
115
121
167
233
277
274
231
176
121
58
-21
-92
-136
-150
-148
-130
-95
-52
-18
-9
-21
-50
-62
-39
24
84
110
105
91
73
38
-19
-78
-107
-92
-80
-138
-270
-407
-474
-458
-381
-281
-181
-82
38
183
313
381
389
383
392
391
347
279
230
229
274
343
396
399
365
325
300
283
255
205
127
40
-8
6
67
125
156
156
139
120
114
121
127
132
148
162
143
90
54
70
116
146
140
115
90
65
25
-39
-123
-198
-234
-237
-245
-276
-316
-334
-322
-290
-257
-240
-264
-326
-396
-442
-461
-470
-484
-498
-500
-506
-539
-596
-633
-622
-581
-552
-551
-567
-587
-603
-606
-571
-494
-409
-365
-356
-343
-306
-271
-253
-224
-157
-75
-13
26
56
75
73
62
73
116
179
239
304
393
487
541
529
496
498
521
509
430
339
289
284
291
285
275
270
278
297
334
384
442
492
524
559
598
628
619
569
509
475
467
460
437
403
368
325
277
235
226
242
255
229
167
104
68
55
23
-37
-106
-152
-166
-178
-216
-298
-392
-460
-502
-553
-620
-671
-679
-639
-582
-542
-547
-584
-614
-617
-615
-640
-672
-674
-614
-500
-364
-234
-119
-20
66
139
189
213
222
248
303
358
378
356
327
327
352
371
347
266
163
105
124
167
136
-39
-473
-1238
-1959
-1679
120
2359
3021
1414
-845
-1630
-582
832
1255
754
256
271
625
1220
2286
3587
3980
2522
-122
-1989
-1731
62
1547
1418
-45
-1421
-1420
-11
1522
1698
273
-1623
-2802
-3105
-3049
-2778
-1994
-733
289
388
-293
-895
-677
210
862
615
-128
-336
364
1214
1286
637
110
129
149
-506
-1615
-2257
-1904
-1038
-593
-1061
-2032
-2567
-2125
-1163
-652
-908
-1239
-925
-182
194
16
-38
570
1381
1471
654
-204
-165
744
1610
1695
1175
779
865
1095
999
603
342
429
595
436
-28
-328
-93
483
821
599
39
-396
-463
-246
20
128
0
-243
-400
-393
-296
-152
63
283
335
137
-163
-330
-237
81
457
634
440
34
-175
43
489
791
783
555
261
12
-94
17
277
451
336
-16
-334
-375
-115
245
431
282
-82
-380
-423
-261
-39
144
223
151
-60
-252
-249
-43
196
322
376
469
603
662
604
540
592
725
768
583
234
-46
-67
113
268
207
-74
-431
-663
-665
-518
-399
-385
-436
-543
-745
-979
-1011
-687
-197
50
-129
-448
-478
-108
380
638
571
330
136
86
134
210
289
346
324
213
89
74
240
521
660
404
-179
-643
-603
-192
87
-103
-577
-866
-745
-451
-389
-629
-852
-762
-482
-377
-554
-679
-463
-111
-57
-343
-555
-441
-189
-75
-78
-45
30
25
-105
-288
-427
-442
-317
-149
-125
-320
-578
-624
-358
28
253
189
-49
-251
-261
-135
-11
49
121
238
276
150
-21
-22
177
392
409
199
-65
-179
-82
139
377
558
605
480
262
143
229
444
594
576
430
247
108
89
242
503
677
622
391
187
176
367
637
813
775
545
286
185
297
536
745
817
733
562
435
458
614
746
689
403
-1
-351
-504
-424
-213
-66
-100
-254
-363
-347
-255
-163
-102
-116
-252
-451
-550
-438
-178
57
140
52
-120
-270
-320
-278
-208
-159
-125
-80
-39
-27
-72
-167
-293
-406
-442
-370
-239
-154
-154
-181
-183
-211
-347
-541
-636
-580
-487
-459
-448
-360
-225
-132
-116
-140
-176
-199
-169
-66
51
88
35
4
97
304
523
668
686
548
289
14
-175
-230
-114
154
400
365
37
-289
-356
-271
-317
-544
-713
-619
-330
-62
63
63
-4
-58
-9
151
270
209
34
-80
-83
-35
104
412
781
904
623
152
-110
11
301
414
204
-153
-369
-306
-97
5
-158
-512
-886
-1162
-1305
-1311
-1164
-894
-600
-428
-405
-396
-235
51
266
253
54
-159
-252
-203
-68
97
260
392
450
397
239
70
31
196
477
656
586
345
187
268
476
543
377
176
200
453
688
693
531
447
557
725
760
679
677
839
1007
978
760
547
473
460
393
306
316
429
519
482
333
136
-49
-120
-16
179
237
57
-181
-212
-13
162
114
-71
-167
-127
-109
-233
-392
-409
-273
-168
-235
-427
-556
-497
-328
-273
-465
-786
-995
-976
-794
-585
-430
-372
-435
-603
-801
-883
-762
-491
-257
-203
-309
-442
-460
-314
-90
-2
-206
-595
-858
-766
-396
-47
84
46
7
15
2
-27
46
280
517
532
294
28
-17
191
479
628
543
292
72
69
279
521
643
656
600
429
152
-29
83
387
554
398
23
-308
-413
-269
-8
181
216
174
151
112
-14
-178
-222
-113
-20
-108
-329
-471
-397
-158
79
149
6
-264
-477
-515
-409
-265
-147
-47
-2
-69
-228
-338
-279
-96
63
82
-59
-267
-349
-158
219
485
473
303
185
145
102
76
163
315
332
127
-150
-273
-173
7
90
27
-73
-68
85
331
565
694
671
526
356
261
272
342
410
437
376
179
-128
-360
-319
-35
216
226
66
-56
-78
-85
-117
-117
-51
8
-18
-106
-146
-64
101
208
143
-69
-274
-309
-154
87
279
356
299
131
-86
-265
-322
-234
-82
-31
-174
-404
-496
-356
-111
23
-39
-215
-366
-404
-337
-223
-126
-90
-132
-212
-260
-226
-144
-105
-160
-289
-392
-362
-156
122
310
308
164
-11
-140
-193
-165
-65
61
163
238
300
326
281
166
37
-52
-74
-33
69
193
293
353
401
472
527
493
340
139
-14
-72
-36
67
190
277
317
363
445
493
416
247
122
102
112
60
-18
-38
14
78
104
96
82
76
72
45
-21
-96
-128
-123
-138
-199
-237
-196
-103
-40
-35
-57
-86
-138
-212
-279
-316
-332
-345
-346
-362
-452
-627
-782
-778
-613
-426
-341
-348
-363
-329
-289
-292
-321
-310
-258
-246
-331
-441
-437
-299
-149
-116
-174
-202
-111
71
240
282
183
56
43
169
329
454
551
637
652
529
283
41
-65
-19
72
104
81
61
73
112
180
277
360
393
363
289
198
137
161
280
412
445
368
298
323
381
362
241
99
16
15
82
179
255
275
242
183
140
146
198
230
158
-19
-205
-278
-217
-101
-14
15
-2
-71
-172
-249
-279
-308
-357
-376
-313
-228
-201
-202
-136
-10
55
9
-67
-78
-69
-102
-153
-151
-105
-74
-52
-7
24
-3
-40
-6
60
40
-85
-181
-152
-42
41
53
18
-13
0
46
52
-49
-199
-284
-231
-99
23
119
197
239
210
131
59
19
-12
-51
-58
-12
58
97
94
89
95
66
-25
-103
-54
94
190
134
14
-57
-66
-69
-71
-49
-38
-80
-181
-269
-278
-185
-25
110
130
22
-115
-175
-134
-45
19
-10
-158
-368
-506
-482
-345
-238
-243
-300
-293
-165
23
181
246
197
29
-211
-416
-475
-380
-245
-170
-149
-101
-22
8
-55
-120
-92
17
88
72
14
-16
8
57
104
117
108
114
166
238
278
281
274
273
255
200
129
117
227
454
690
800
729
557
418
364
340
289
253
299
411
472
438
386
434
568
655
597
424
249
138
94
106
177
297
396
391
262
101
30
71
141
118
-19
-198
-311
-320
-266
-221
-245
-344
-465
-519
-465
-355
-283
-287
-344
-425
-518
-586
-560
-428
-275
-194
-193
-214
-224
-237
-267
-309
-358
-415
-461
-450
-362
-245
-185
-227
-330
-409
-415
-367
-324
-329
-373
-410
-412
-378
-313
-188
3
190
254
165
39
21
134
277
357
357
315
268
231
188
126
85
124
211
232
145
72
147
332
450
393
232
111
98
149
175
157
157
207
246
190
62
-20
16
95
84
-59
-239
-315
-253
-135
-52
-9
32
50
4
-88
-148
-123
-21
101
172
142
21
-108
-184
-215
-263
-334
-393
-416
-436
-477
-494
-443
-353
-305
-320
-328
-261
-122
30
131
150
95
20
-15
22
115
196
204
135
71
102
207
299
328
314
266
175
99
138
329
554
657
582
418
293
280
367
480
523
455
343
309
407
563
651
593
406
193
64
45
73
88
86
77
41
-28
-68
-34
41
69
25
-53
-104
-110
-83
-51
-39
-60
-99
-143
-192
-254
-303
-303
-262
-241
-266
-296
-290
-260
-230
-196
-142
-87
-72
-106
-159
-185
-161
-97
-31
-2
-7
-33
-84
-181
-316
-426
-464
-448
-445
-468
-470
-410
-320
-248
-180
-102
-45
-37
-34
13
68
71
33
4
0
-2
-3
15
40
48
43
41
40
8
-42
-44
45
183
280
301
253
163
72
43
91
162
203
206
194
148
69
2
12
64
59
-42
-154
-164
-81
12
60
81
82
39
-46
-130
-183
-210
-222
-236
-267
-313
-326
-287
-235
-201
-172
-128
-99
-133
-214
-278
-268
-185
-50
100
190
154
23
-85
-99
-78
-99
-148
-140
-26
148
306
402
434
413
337
234
161
143
157
170
195
250
305
324
300
256
196
126
71
57
78
118
177
246
302
310
278
251
262
308
350
346
281
196
155
201
309
406
429
347
192
50
25
130
258
272
156
15
-58
-65
-71
-105
-156
-186
-165
-81
36
129
148
93
12
-65
-133
-182
-174
-101
-42
-78
-191
-271
-245
-143
-68
-82
-156
-218
-239
-247
-258
-231
-131
-3
72
66
27
9
27
47
35
-21
-90
-134
-136
-124
-145
-216
-310
-374
-387
-350
-283
-210
-179
-214
-294
-360
-383
-369
-352
-358
-399
-443
-433
-340
-199
-82
-22
5
13
-30
-147
-284
-346
-310
-253
-228
-218
-187
-146
-121
-93
-38
16
12
-49
-110
-115
-56
51
163
232
207
101
2
-19
13
13
-34
-60
-25
35
71
96
146
206
223
173
86
26
39
123
202
202
134
85
129
237
338
418
480
487
388
225
106
111
219
319
325
229
121
97
156
208
184
107
43
24
37
49
45
26
10
-7
-58
-148
-225
-207
-81
68
166
201
222
265
318
351
349
335
332
337
324
277
218
184
167
129
48
-16
13
157
342
436
372
214
107
132
225
288
304
319
345
339
266
158
86
82
108
90
1
-96
-136
-107
-46
-2
-11
-82
-193
-302
-387
-446
-487
-531
-602
-698
-760
-730
-630
-537
-531
-606
-694
-725
-684
-621
-590
-589
-567
-479
-344
-239
-199
-197
-180
-140
-93
-54
-36
-29
-15
14
36
23
-20
-54
-57
-40
-32
-29
-3
54
98
84
38
12
35
74
102
134
172
217
262
301
301
233
129
57
45
45
3
-71
-113
-105
-62
0
87
175
208
164
90
44
48
75
115
171
248
307
323
324
356
420
467
465
417
352
308
303
328
366
406
431
395
293
177
114
103
115
131
146
138
100
57
27
-5
-68
-150
-226
-289
-352
-394
-380
-335
-338
-405
-459
-420
-291
-135
-25
-5
-89
-217
-298
-287
-219
-152
-115
-108
-116
-138
-156
-135
-63
22
56
28
-12
6
80
157
188
161
114
75
62
68
82
109
146
179
168
106
37
12
22
18
-17
-61
-98
-147
-203
-229
-199
-136
-65
-14
-11
-72
-139
-131
-48
18
-6
-75
-90
-17
101
202
251
243
197
144
100
76
79
116
161
160
118
78
70
69
62
78
147
254
329
327
239
135
74
54
25
-24
-67
-80
-73
-68
-86
-135
-204
-247
-226
-150
-71
-40
-45
-57
-63
-80
-108
-116
-83
-32
8
16
-19
-90
-145
-151
-122
-102
-101
-89
-65
-44
-46
-56
-54
-47
-74
-137
-186
-187
-157
-133
-128
-136
-150
-160
-155
-146
-131
