24
68
141
224
297
335
332
292
248
230
248
275
265
213
158
137
139
132
107
76
49
45
70
106
114
73
23
-1
9
18
6
-35
-110
-211
-296
-316
-278
-235
-231
-236
-217
-188
-204
-263
-306
-298
-276
-290
-326
-319
-231
-85
51
109
85
28
1
33
116
221
310
348
313
204
73
2
21
82
127
147
159
155
109
23
-53
-70
-34
-4
-23
-69
-93
-67
4
97
194
262
280
242
163
57
-53
-139
-196
-231
-240
-211
-164
-141
-150
-155
-142
-128
-141
-159
-155
-112
-49
8
45
49
8
-74
-147
-173
-157
-155
-198
-255
-289
-295
-312
-349
-377
-368
-338
-313
-286
-248
-200
-161
-128
-95
-70
-67
-80
-85
-71
-61
-80
-127
-160
-155
-121
-71
-12
53
103
144
170
172
145
108
87
68
36
1
-9
20
65
89
79
49
35
50
57
16
-80
-164
-183
-137
-67
3
72
128
149
120
63
0
-43
-58
-36
19
95
180
257
317
354
382
418
459
481
473
439
399
362
328
298
265
233
213
210
204
178
141
126
164
239
310
357
386
399
364
279
180
105
60
33
27
33
15
-45
-109
-132
-123
-108
-97
-83
-73
-61
-39
-23
-43
-91
-131
-143
-136
-126
-114
-98
-97
-128
-198
-282
-338
-335
-273
-200
-159
-168
-211
-249
-255
-220
-175
-149
-143
-141
-148
-182
-213
-202
-141
-81
-58
-63
-58
-26
13
20
-8
-60
-106
-131
-121
-87
-74
-94
-106
-57
36
109
115
82
58
82
141
197
204
149
49
-66
-152
-185
-176
-172
-195
-232
-243
-223
-198
-194
-213
-229
-209
-155
-106
-90
-98
-106
-102
-87
-62
-35
-17
-23
-39
-50
-53
-43
-2
61
109
114
116
152
216
269
310
347
369
357
302
215
117
53
61
124
181
177
113
33
-18
-26
-1
44
98
133
130
93
44
-13
-80
-131
-138
-106
-73
-51
-7
81
163
165
73
-37
-89
-69
-32
-22
-32
-41
-41
-45
-54
-67
-66
-49
-30
-30
-66
-128
-200
-253
-264
-224
-140
-44
28
41
2
-45
-63
-64
-85
-102
-58
54
185
284
352
403
440
454
420
336
241
202
237
304
338
326
289
257
244
236
214
168
125
110
119
143
160
162
137
86
29
-16
-37
-31
-11
7
18
28
57
112
180
220
196
119
31
-30
-58
-71
-89
-121
-178
-267
-373
-438
-414
-301
-170
-84
-59
-65
-58
-32
-11
-29
-80
-119
-116
-86
-71
-79
-79
-61
-56
-109
-205
-298
-319
-265
-190
-162
-190
-226
-250
-264
-283
-299
-306
-305
-292
-276
-275
-288
-289
-265
-219
-177
-143
-114
-75
-42
-32
-57
-90
-115
-132
-154
-175
-200
-237
-270
-274
-245
-216
-193
-161
-108
-59
-31
-23
-18
-13
-9
0
-3
-33
-78
-91
-50
18
59
59
40
15
-14
-45
-57
-30
34
105
146
173
226
325
427
484
482
446
412
406
434
475
528
607
697
745
712
628
547
469
371
268
220
250
317
358
345
313
296
291
269
212
121
22
-51
-73
-52
-14
14
18
7
8
40
82
95
64
21
6
20
35
31
7
-34
-106
-192
-255
-274
-264
-236
-183
-118
-90
-132
-211
-268
-283
-283
-284
-282
-254
-214
-181
-158
-133
-108
-108
-138
-173
-185
-164
-131
-114
-133
-173
-197
-195
-174
-153
-139
-146
-169
-179
-149
-81
-7
46
60
45
48
84
120
107
59
25
19
14
-25
-87
-145
-185
-205
-223
-243
-247
-218
-169
-151
-182
-235
-256
-238
-222
-236
-260
-256
-219
-166
-126
-104
-87
-42
42
134
180
175
157
156
149
111
37
-46
-104
-100
-45
13
39
45
55
71
77
70
62
63
66
54
27
-1
-4
22
58
80
71
35
-9
-32
-23
16
68
126
180
215
206
155
87
49
56
89
136
203
302
412
492
508
462
408
392
428
490
555
598
598
545
455
354
256
185
157
145
117
71
34
36
59
68
39
-16
-55
-47
-6
13
-22
-97
-175
-242
-298
-323
-295
-216
-123
-68
-69
-95
-101
-88
-94
-130
-145
-91
11
95
111
69
11
-39
-83
-114
-108
-65
-15
10
-15
-88
-201
-314
-384
-379
-321
-260
-227
-216
-211
-219
-255
-311
-352
-350
-318
-287
-280
-287
-268
-184
-47
66
95
42
-35
-87
-121
-155
-192
-193
-146
-81
-33
-26
-45
-83
-110
-103
-64
-23
1
8
12
16
27
43
47
3
-102
-210
-265
-255
-226
-209
-180
-120
-54
-43
-77
-109
-94
-34
50
122
143
108
71
90
162
236
276
295
304
299
250
158
64
17
28
68
107
125
124
118
121
120
108
84
62
51
54
73
87
89
78
71
60
40
33
64
111
134
131
160
252
370
435
409
328
252
223
238
277
316
337
348
351
345
316
273
239
203
136
22
-80
-112
-62
4
13
-59
-183
-292
-345
-346
-325
-287
-225
-145
-88
-65
-63
-71
-87
-104
-105
-110
-134
-162
-162
-144
-152
-176
-174
-144
-126
-148
-183
-189
-157
-118
-113
-143
-170
-142
-69
9
51
52
29
8
11
20
-5
-71
-119
-100
-24
33
33
-10
-42
-39
-8
35
64
71
64
60
56
35
7
5
31
76
122
155
156
114
42
-42
-101
-102
-46
7
15
0
14
54
78
52
-3
-31
-8
37
41
-10
-71
-83
-39
14
33
13
-17
-38
-70
-118
-154
-141
-74
-2
34
17
-19
-38
-38
-56
-117
-195
-244
-253
-240
-208
-159
-85
14
135
235
262
195
102
55
60
62
27
-8
4
65
135
167
158
135
122
119
116
134
175
221
232
199
131
62
6
-40
-91
-144
-177
-170
-138
-126
-161
-227
-262
-232
-170
-135
-136
-127
-90
-65
-94
-158
-188
-154
-98
-80
-108
-134
-117
-75
-47
-67
-125
-170
-142
-65
-34
-70
-92
-4
141
234
212
128
76
110
206
282
281
203
115
52
15
-14
-22
18
114
237
354
440
475
465
444
443
446
401
281
126
1
-52
-33
34
113
177
213
221
206
175
138
96
36
-24
-51
-36
-12
-12
-37
-66
-84
-94
-117
-153
-191
-195
-148
-79
-19
19
64
99
84
8
-68
-69
-6
50
50
18
-1
10
38
55
38
-4
-26
-8
17
-17
-117
-219
-255
-218
-155
-116
-109
-111
-110
-109
-128
-166
-209
-241
-253
-238
-205
-165
-138
-124
-122
-145
-186
-251
-316
-350
-330
-280
-241
-220
-196
-155
-114
-95
-98
-112
-133
-157
-162
-145
-125
-133
-157
-171
-161
-131
-90
-31
38
102
131
121
87
43
-8
-60
-93
-99
-96
-106
-112
-99
-74
-57
-64
-92
-115
-105
-82
-84
-122
-149
-117
-43
23
31
3
-15
1
37
69
113
174
236
276
288
287
289
294
281
235
180
164
211
282
342
384
415
424
404
390
420
479
503
455
369
294
248
196
119
32
-30
-37
3
76
144
183
184
151
101
58
57
98
148
179
193
202
192
155
91
33
7
28
94
180
256
283
243
144
15
-115
-201
-219
-173
-98
-24
26
53
71
85
90
77
65
86
146
228
290
303
258
170
62
-46
-141
-210
-234
-215
-170
-140
-137
-161
-194
-238
-275
-292
-283
-259
-238
-230
-233
-239
-242
-247
-261
-275
-296
-323
-358
-383
-396
-422
-463
-506
-537
-567
-596
-587
-530
-458
-400
-358
-320
-293
-262
-202
-140
-131
-184
-229
-207
-118
-25
21
19
23
71
132
154
106
36
-10
-15
-18
-71
-174
-281
-348
-366
-336
-267
-199
-182
-216
-274
-321
-337
-291
-187
-61
50
148
247
332
376
362
340
365
446
532
594
653
714
735
673
586
562
612
641
601
523
421
228
-105
-487
-767
-893
-980
-1164
-1362
-1273
-635
409
1370
1784
1617
1249
1160
1593
2456
3426
4114
4224
3675
2679
1657
990
779
817
743
288
-626
-1857
-3131
-4143
-4647
-4534
-3889
-3000
-2246
-1894
-1935
-2081
-1923
-1179
134
1662
2902
3473
3296
2595
1790
1273
1212
1463
1700
1626
1093
147
-977
-1951
-2483
-2497
-2138
-1709
-1460
-1466
-1605
-1624
-1314
-588
407
1377
2016
2214
2116
2008
2124
2432
2630
2280
1181
-412
-1895
-2780
-3081
-3258
-3779
-4694
-5644
-6227
-6313
-6015
-5450
-4595
-3432
-2126
-977
-133
618
1646
3093
4652
5807
6261
6117
5653
5031
4252
3325
2329
1344
348
-728
-1866
-2904
-3592
-3731
-3302
-2486
-1543
-623
282
1238
2282
3456
4814
6278
7393
7422
5972
3621
1713
1251
1926
2302
1054
-1855
-5149
-7348
-7906
-7409
-6806
-6574
-6536
-6301
-5684
-4627
-2936
-389
2764
5652
7375
7795
7583
7493
7680
7723
7128
5720
3662
1279
-1109
-3261
-4992
-6246
-7184
-8113
-9185
-10122
-10353
-9510
-7794
-5788
-3955
-2306
-558
1491
3757
5992
7986
9636
10868
11659
12063
12132
11820
11047
9836
8217
5990
2887
-795
-4007
-5770
-6254
-6759
-8419
-10986
-13010
-13218
-11629
-9393
-7655
-6655
-5756
-4233
-1926
796
3559
6229
8635
10334
10923
10600
10062
9758
9301
7868
5147
1767
-1201
-3216
-4653
-6293
-8427
-10571
-11967
-12276
-11650
-10364
-8564
-6413
-4214
-2217
-335
1835
4546
7501
9957
11354
11816
11948
12154
12268
11831
10536
8271
5092
1425
-1855
-3940
-4910
-5815
-7743
-10663
-13275
-14107
-12824
-10471
-8486
-7467
-6832
-5500
-2911
586
4169
7239
9615
11266
12167
12469
12533
12477
11848
10016
6922
3281
1
-2545
-4696
-7004
-9578
-11925
-13452
-13982
-13722
-12857
-11386
-9322
-6863
-4272
-1654
1044
3852
6588
8965
10828
12302
13578
14573
14883
14190
12689
10909
9059
6694
3337
-630
-4027
-6049
-7199
-8729
-11156
-13562
-14539
-13644
-11790
-10209
-9252
-8222
-6246
-3210
225
3339
5956
8255
10231
11639
12381
12672
12546
11548
9206
5825
2453
-76
-1965
-4139
-7141
-10424
-12809
-13598
-13184
-12477
-11881
-10957
-9118
-6386
-3317
-351
2503
5294
7778
9620
10882
11980
13148
14040
14067
13045
11412
9798
8301
6290
3057
-1126
-4892
-7009
-7738
-8559
-10501
-12954
-14365
-13866
-12006
-9990
-8470
-7149
-5334
-2737
262
3081
5501
7709
9807
11529
12532
12803
12520
11600
9721
6873
3679
867
-1481
-3956
-6974
-10078
-12251
-12928
-12576
-12132
-11981
-11594
-10149
-7393
-3843
-311
2663
5002
6910
8606
10170
11580
12767
13608
13854
13230
11703
9698
7813
6145
4041
889
-2815
-5673
-6916
-7421
-8718
-11090
-13131
-13356
-11834
-9968
-8833
-8126
-6758
-4222
-1112
1625
3692
5555
7678
9849
11440
12130
12137
11605
10196
7595
4301
1428
-478
-2072
-4431
-7703
-10835
-12638
-12923
-12489
-12088
-11606
-10368
-8064
-5180
-2436
-65
2264
4859
7561
9892
11526
12505
13031
13220
13081
12617
11801
10562
8776
6315
3143
-327
-3221
-4903
-5804
-7149
-9553
-12126
-13323
-12618
-11018
-9869
-9431
-8825
-7185
-4586
-1788
655
2872
5255
7806
10025
11469
12144
12264
11720
10161
7613
4772
2362
326
-2087
-5306
-8710
-11119
-12026
-12081
-12222
-12495
-12020
-10087
-7029
-3875
-1291
890
3182
5673
7945
9596
10689
11508
12126
12330
11949
11061
9850
8476
6894
4812
1932
-1405
-4199
-5739
-6571
-7914
-10147
-12203
-12742
-11660
-10103
-9120
-8594
-7585
-5473
-2532
458
2944
4954
6857
8891
10809
12131
12567
12166
10963
8949
6365
3756
1396
-1074
-4095
-7384
-9999
-11318
-11686
-11955
-12422
-12479
-11299
-8780
-5605
-2526
214
2751
5176
7401
9330
10949
12198
12870
12828
12274
11640
11041
10058
8247
5688
2869
180
-2199
-4151
-5715
-7286
-9257
-11430
-12935
-13048
-11902
-10391
-9253
-8457
-7371
-5466
-2734
364
3276
5683
7617
9299
10822
12048
12652
12307
10791
8271
5333
2625
253
-2226
-5189
-8319
-10811
-12148
-12603
-12839
-13044
-12643
-10953
-8070
-4849
-2062
315
2776
5509
8090
9991
11127
11787
12185
12327
12201
11808
10951
9348
7079
4619
2274
-125
-2665
-4976
-6688
-8080
-9703
-11486
-12596
-12401
-11226
-10005
-9194
-8353
-6751
-4173
-1079
1872
4279
6227
8095
10089
11884
12908
12850
11804
9954
7480
4677
1908
-738
-3477
-6427
-9278
-11478
-12753
-13314
-13518
-13322
-12289
-10140
-7220
-4202
-1441
1199
3893
6482
8646
10265
11447
12222
12474
12207
11695
11152
10378
9025
7064
4763
2215
-610
-3410
-5528
-6707
-7555
-8916
-10819
-12283
-12351
-11094
-9502
-8331
-7378
-5899
-3547
-705
1990
4312
6521
8865
11069
12515
12865
12351
11338
9835
7690
5013
2170
-673
-3634
-6691
-9382
-11198
-12141
-12694
-13165
-13208
-12173
-9860
-6821
-3821
-1199
1205
3598
5919
7985
9712
11085
11969
12205
11910
11410
10836
9921
8471
6671
4756
2531
-230
-3099
-5209
-6347
-7355
-9090
-11236
-12475
-12007
-10423
-8986
-8192
-7405
-5755
-3130
-177
2454
4691
6848
9034
10881
11958
12201
11823
10824
8943
6161
3023
212
-2192
-4686
-7599
-10480
-12512
-13349
-13422
-13290
-12905
-11712
-9427
-6469
-3481
-698
2035
4726
7050
8765
10042
11188
12174
12680
12535
11883
10907
9653
8168
6461
4303
1421
-1847
-4519
-5972
-6798
-8148
-10294
-12158
-12542
-11476
-10056
-9071
-8216
-6707
-4290
-1430
1282
3618
5737
7855
9919
11552
12397
12356
11515
9892
7532
4743
2008
-465
-2940
-5734
-8693
-11173
-12631
-13128
-13168
-13001
-12287
-10571
-7923
-4929
-2068
613
3243
5751
7905
9614
10967
11990
12524
12493
12080
11460
10507
9065
7312
5494
3388
628
-2424
-4737
-5841
-6573
-8122
-10455
-12191
-12170
-10727
-9180
-8262
-7498
-6018
-3650
-974
1412
3520
5752
8216
10411
11714
11996
11606
10781
9362
7160
4388
1546
-1123
-3761
-6531
-9159
-11128
-12225
-12754
-13058
-12953
-11923
-9777
-6961
-4079
-1347
1344
4004
6390
8318
9887
11271
12353
12824
12614
12007
11219
10125
8614
6812
4791
2302
-653
-3380
-5138
-6197
-7595
-9744
-11728
-12316
-11416
-10090
-9253
-8676
-7532
-5474
-2964
-574
1586
3764
6082
8306
9996
10863
10960
10522
9605
8055
5836
3246
647
-1883
-4436
-6978
-9210
-10879
-11984
-12662
-12845
-12207
-10573
-8279
-5925
-3732
-1388
1398
4349
6817
8437
9452
10322
11150
11678
11712
11322
10590
9488
8073
6455
4450
1759
-1285
-3653
-4742
-5319
-6718
-9150
-11279
-11713
-10563
-9191
-8577
-8386
-7593
-5683
-3051
-469
1659
3503
5455
7580
9484
10677
10953
10420
9241
7570
5597
3486
1232
-1263
-3905
-6340
-8230
-9546
-10526
-11321
-11696
-11163
-9559
-7342
-5134
-3053
-754
1876
4403
6311
7604
8717
9909
10952
11493
11490
11107
10348
9195
7848
6475
4720
2175
-749
-2947
-4001
-4857
-6686
-9307
-11258
-11480
-10423
-9367
-8913
-8562
-7492
-5469
-2921
-458
1631
3494
5427
7462
9251
10373
10656
10182
9084
7473
5507
3357
1092
-1259
-3593
-5693
-7431
-8867
-10132
-11107
-11360
-10527
-8826
-6934
-5237
-3469
-1190
1466
3846
5503
6667
7849
9154
10228
10784
10919
10754
10176
9179
8039
6825
5091
2649
172
-1487
-2555
-4155
-6792
-9501
-10869
-10690
-10081
-10055
-10397
-10175
-8855
-6704
-4308
-2059
66
2300
4750
7115
8915
9907
10214
10003
9283
8054
6430
4507
2214
-406
-3024
-5203
-6829
-8186
-9573
-10872
-11518
-11076
-9749
-8185
-6715
-5060
-2888
-387
1900
3703
5242
6845
8502
9956
11021
11660
11748
11222
10366
9548
8548
6759
4210
1794
103
-1473
-3880
-6986
-9534
-10655
-10825
-11144
-11899
-12332
-11648
-9854
-7543
-5218
-2964
-554
2176
5052
7566
9359
10487
11182
11358
10697
9144
7104
5026
2991
829
-1538
-3934
-6168
-8217
-10079
-11414
-11676
-10790
-9433
-8314
-7327
-5773
-3358
-631
1668
3420
5105
7064
9094
10761
11895
12525
12655
12344
11784
10939
9345
6839
4116
2040
414
-1802
-4984
-8142
-10051
-10721
-11176
-12017
-12688
-12360
-10977
-9165
-7367
-5446
-3077
-200
2875
5693
7896
9398
10359
10903
10911
10179
8760
6941
4920
2679
216
-2267
-4540
-6584
-8502
-10187
-11225
-11325
-10736
-9980
-9120
-7681
-5400
-2779
-585
1059
2739
4953
7453
9558
10933
11772
12309
12540
12428
11999
11046
9291
6936
4666
2742
557
-2432
-5726
-8186
-9438
-10215
-11332
-12625
-13264
-12727
-11221
-9297
-7305
-5267
-2990
-293
2726
5559
7656
8934
9740
10261
10276
9550
8227
6570
4648
2452
124
-2135
-4292
-6394
-8344
-9831
-10556
-10530
-10108
-9581
-8781
-7290
-5067
-2643
-553
1211
3065
5252
7571
9618
11163
12123
12533
12575
12447
11953
10575
8297
5944
4258
2783
424
-2999
-6254
-8178
-9029
-9992
-11554
-12968
-13249
-12227
-10553
-8901
-7429
-5710
-3256
-57
3214
5772
7398
8514
9513
10216
10174
9283
7923
6416
4734
2729
475
-1827
-4066
-6202
-8061
-9332
-9830
-9722
-9393
-8941
-8046
-6401
-4254
-2191
-487
1174
3178
5462
7616
9377
10756
11751
12291
12409
12168
11386
9886
7976
6287
4853
2941
7
-3364
-5984
-7472
-8584
-10135
-11888
-12939
-12781
-11757
-10516
-9308
-7845
-5688
-2773
430
3227
5235
6597
7735
8815
9558
9578
8838
7572
5981
4161
2257
432
-1338
-3219
-5240
-7088
-8329
-8775
-8669
-8387
-8009
-7266
-5978
-4340
-2682
-1036
850
3079
5375
7343
8818
9867
10653
11321
11822
11787
10903
9408
7940
6646
4941
2326
-767
-3381
-5187
-6770
-8740
-10830
-12271
-12680
-12361
-11755
-11001
-9854
-7981
-5318
-2288
449
2564
4280
6004
7711
8900
9147
8650
7935
7170
6014
4251
2173
225
-1525
-3338
-5267
-6957
-7969
-8285
-8280
-8257
-8049
-7281
-5890
-4235
-2666
-1119
702
2863
5052
6963
8515
9826
10981
11874
12130
11440
10083
8800
7949
6934
4957
2034
-902
-3148
-4928
-6895
-9103
-10929
-11894
-12104
-11943
-11551
-10769
-9320
-7113
-4402
-1683
697
2738
4618
6344
7676
8372
8464
8196
7649
6654
5139
3427
1885
439
-1295
-3395
-5355
-6554
-6897
-6925
-7169
-7526
-7374
-6351
-4822
-3444
-2387
-1170
654
2909
4978
6495
7616
8724
9939
10923
11136
10478
9519
8838
8204
6816
4384
1553
-813
-2619
-4423
-6577
-8682
-10105
-10721
-10920
-11070
-11065
-10460
-8873
-6442
-3798
-1537
314
2117
4025
5691
6708
7084
7182
7183
6828
5838
4364
2920
1735
520
-1132
-3127
-4856
-5777
-5937
-5893
-6083
-6380
-6300
-5600
-4505
-3380
-2278
-985
647
2475
4210
5613
6663
7626
8733
9725
9945
9246
8294
7735
7214
5891
3640
1267
-520
-1974
-3775
-6045
-8082
-9271
-9708
-9931
-10187
-10241
-9651
-8142
-5888
-3479
-1483
83
1646
3420
5030
5989
6304
6403
6449
6115
5158
3886
2809
1946
889
-579
-2136
-3273
-3834
-4122
-4504
-4981
-5186
-4850
-4158
-3494
-2967
-2327
-1339
4
1576
3239
4781
6015
7013
7938
8626
8655
8115
7663
7614
7269
5793
3406
1174
-258
-1384
-2998
-5166
-7144
-8350
-8884
-9194
-9471
-9508
-8914
-7451
-5377
-3358
-1845
-589
902
2619
4008
4739
5044
5284
5401
5104
4363
3450
2572
1629
480
-810
-1970
-2817
-3393
-3857
-4280
-4573
-4631
-4470
-4221
-3882
-3285
-2358
-1294
-245
929
2375
3873
5069
6027
7015
7881
8045
7460
6877
6898
6993
6074
3903
1483
-81
-866
-1867
-3706
-5860
-7410
-8066
-8309
-8604
-8838
-8452
-7115
-5151
-3285
-1939
-852
450
2004
3326
4068
4366
4535
4611
4432
3978
3361
2631
1743
732
-244
-1006
-1519
-1934
-2391
-2859
-3156
-3228
-3230
-3265
-3192
-2797
-2118
-1383
-628
377
1746
3226
4470
5421
6221
6838
7031
6787
6521
6556
6562
5819
4170
2313
1070
438
-407
-2073
-4179
-5775
-6437
-6617
-6914
-7349
-7424
-6743
-5405
-3875
-2552
-1479
-469
574
1529
2205
2560
2725
2848
2920
2807
2410
1753
988
288
-250
-663
-1070
-1527
-1983
-2328
-2519
-2646
-2860
-3134
-3211
-2926
-2455
-2060
-1628
-865
271
1511
2681
3761
4686
5345
5746
6001
6098
6047
5896
5638
5018
3867
2441
1249
442
-476
-1960
-3742
-5074
-5716
-6105
-6623
-7052
-6939
-6159
-5013
-3897
-3011
-2266
-1458
-517
401
1058
1386
1557
1830
2206
2378
2100
1548
1161
1099
1109
821
229
-315
-478
-406
-596
-1289
-2093
-2403
-2172
-1904
-1948
-1996
-1570
-653
421
1471
2512
3440
4085
4571
5225
5973
6235
5711
4992
4856
5163
4916
3598
1851
707
267
-330
-1755
-3555
-4709
-4935
-4888
-5220
-5752
-5867
-5279
-4316
-3490
-2997
-2597
-1968
-1095
-260
300
638
982
1469
1956
2180
2085
1940
2021
2222
2142
1581
823
293
57
-241
-856
-1588
-2033
-2122
-2167
-2359
-2482
-2168
-1377
-391
456
1066
1628
2421
3487
4539
5180
5214
4799
4427
4566
5080
5206
4338
2829
1612
1116
701
-456
-2211
-3565
-3993
-4103
-4688
-5699
-6423
-6410
-5795
-5047
-4568
-4392
-4102
-3269
-2028
-1015
-627
-518
-54
903
1820
2179
2056
1953
2160
2429
2335
1777
1084
545
119
-427
-1121
-1742
-2106
-2242
-2257
-2113
-1703
-1100
-572
-223
192
989
2119
3176
3790
4009
4225
4708
5232
5334
5007
4758
4936
5083
4451
2987
1553
839
461
-430
-1950
-3358
-4157
-4600
-5157
-5867
-6445
-6652
-6437
-5893
-5158
-4378
-3639
-2980
-2351
-1684
-925
-86
765
1492
1984
2272
2488
2662
2614
2257
1788
1485
1288
905
274
-327
-690
-933
-1153
-1221
-1061
-922
-996
-1029
-637
116
785
1178
1529
2128
2889
3559
4026
4360
4565
4601
4584
4656
4713
4394
3632
2810
2330
2001
1246
-148
-1695
-2775
-3364
-3942
-4844
-5841
-6428
-6333
-5826
-5421
-5334
-5218
-4590
-3430
-2232
-1452
-967
-288
797
1867
2367
2290
2152
2367
2789
2977
2677
2052
1481
1203
1088
806
219
-458
-894
-1022
-1076
-1253
-1465
-1501
-1365
-1162
-850
-262
567
1359
1938
2394
2975
3752
4493
4833
4731
4654
4987
5443
5263
4205
2862
1983
1566
886
-625
-2645
-4223
-4841
-4970
-5527
-6771
-7986
-8254
-7482
-6489
-6031
-5915
-5273
-3724
-1897
-734
-349
18
1018
2365
3211
3154
2669
2510
2826
3107
2889
2322
1847
1578
1233
625
-53
-539
-828
-1114
-1490
-1843
-1990
-1830
-1401
-825
-261
210
648
1233
2074
3018
3738
4114
4433
4982
5506
5436
4792
4297
4426
4571
3761
1955
235
-538
-839
-1799
-3667
-5420
-6090
-5900
-5851
-6425
-7119
-7093
-6105
-4767
-3880
-3555
-3110
-1973
-414
765
1239
1480
2092
3017
3627
3530
2992
2556
2413
2307
1944
1320
688
260
-23
-425
-1025
-1548
-1691
-1593
-1675
-2004
-2137
-1671
-841
-211
49
425
1373
2627
3456
3588
3575
4046
4878
5426
5371
4995
4624
4225
3757
3320
2906
2070
607
-977
-1914
-2172
-2600
-3800
-5357
-6252
-6188
-5854
-5948
-6305
-6247
-5504
-4443
-3551
-2950
-2343
-1375
-28
1296
2072
2212
2146
2441
3112
3539
3156
2169
1422
1320
1370
870
-101
-799
-854
-682
-932
-1646
-2245
-2186
-1556
-950
-765
-784
-535
98
825
1440
1975
2490
2922
3261
3650
4127
4474
4409
3989
3643
3650
3700
3157
1921
750
411
654
380
-934
-2509
-3174
-2823
-2529
-3160
-4349
-4973
-4542
-3689
-3288
-3453
-3554
-3073
-2137
-1313
-976
-880
-489
326
1043
1161
860
754
1081
1441
1333
760
138
-222
-391
-608
-966
-1347
-1533
-1427
-1188
-1130
-1320
-1436
-1160
-593
-115
115
286
633
1158
1692
2080
2281
2340
2358
2401
2471
2531
2542
2434
2154
1776
1479
1404
1480
1473
1168
664
379
612
1069
1137
634
25
-177
-52
-119
-691
-1474
-1941
-1956
-1943
-2278
-2804
-3017
-2680
-2123
-1857
-1972
-2016
-1583
-920
-635
-854
-1025
-657
47
456
260
-196
-291
145
611
548
43
-297
-105
362
577
327
-104
-249
50
470
534
115
-399
-491
-76
343
228
-336
-710
-426
262
671
532
335
758
1788
2712
3013
2945
3111
3641
4084
3966
3380
2912
2940
3149
2847
1857
747
199
206
97
-651
-1830
-2729
-2992
-2973
-3263
-3931
-4470
-4413
-3895
-3467
-3395
-3325
-2765
-1796
-971
-648
-569
-291
266
770
874
641
450
564
784
733
330
-129
-372
-448
-580
-890
-1273
-1545
-1628
-1603
-1568
-1506
-1350
-1090
-797
-519
-215
197
719
1215
1558
1799
2125
2595
3055
3307
3323
3243
3221
3331
3513
3628
3526
3148
2644
2367
2527
2808
2577
1675
719
365
474
293
-611
-1868
-2768
-3036
-3062
-3362
-3969
-4431
-4388
-3940
-3487
-3267
-3113
-2670
-1865
-1119
-865
-988
-983
-627
-243
-200
-479
-742
-725
-473
-306
-486
-860
-1035
-891
-766
-964
-1333
-1455
-1178
-745
-447
-292
-83
254
573
715
732
798
981
1183
1287
1334
1476
1777
2126
2396
2636
2965
3303
3429
3332
3334
3659
4032
3933
3272
2596
2498
2881
3036
2444
1420
747
761
946
570
-447
-1459
-1911
-1983
-2272
-3021
-3865
-4337
-4337
-4135
-3997
-3976
-3908
-3584
-2988
-2364
-2002
-1912
-1819
-1526
-1140
-934
-976
-1059
-963
-731
-599
-660
-748
-641
-351
-84
13
-9
20
203
527
869
1125
1276
1391
1515
1634
1737
1808
1823
1745
1610
1468
1338
1230
1185
1219
1275
1339
1481
1724
1984
2218
2520
2975
3518
3955
4093
3897
3604
3554
3749
3733
3129
2175
1456
1173
871
28
-1305
-2528
-3227
-3673
-4389
-5423
-6262
-6540
-6451
-6403
-6492
-6470
-6101
-5393
-4580
-3946
-3599
-3317
-2754
-1867
-1036
-587
-329
206
1103
1896
2192
2165
2265
2589
2796
2601
2120
1685
1480
1394
1179
704
94
-376
-539
-488
-452
-583
-842
-1017
-902
-497
-80
81
76
294
941
1719
2189
2354
2675
3414
4282
4804
4953
5103
5473
5796
5649
5003
4276
3858
3624
3114
2081
772
-362
-1135
-1784
-2703
-4001
-5327
-6205
-6528
-6625
-6868
-7243
-7368
-6909
-5955
-4928
-4124
-3452
-2632
-1566
-433
473
993
1242
1497
1896
2278
2401
2261
2073
1994
1953
1791
1454
1031
636
326
114
-39
-231
-524
-803
-861
-671
-504
-630
-929
-984
-612
-161
-114
-435
-558
-99
620
960
782
619
976
1707
2209
2202
2068
2320
2956
3512
3697
3727
3967
4456
4877
4906
4516
4002
3709
3630
3351
2504
1251
125
-567
-1065
-1883
-3214
-4662
-5629
-5979
-6184
-6686
-7306
-7478
-6933
-5997
-5169
-4617
-4056
-3130
-1859
-666
96
545
1062
1810
2548
2950
2964
2845
2853
2934
2794
2276
1568
963
528
104
-468
-1167
-1813
-2220
-2419
-2636
-3004
-3359
-3443
-3257
-3002
-2790
-2498
-1988
-1314
-673
-152
375
1067
1885
2600
3099
3513
4007
4495
4788
4906
5040
5199
5177
4894
4561
4404
4346
4132
3673
3157
2771
2486
2108
1529
831
122
-570
-1246
-1849
-2383
-2987
-3766
-4568
-5074
-5207
-5236
-5431
-5679
-5627
-5145
-4449
-3823
-3292
-2697
-1948
-1182
-622
-332
-152
116
468
727
776
694
658
746
857
827
618
373
240
201
109
-91
-309
-451
-552
-709
-941
-1154
-1272
-1316
-1344
-1374
-1365
-1275
-1089
-826
-480
-10
592
1258
1895
2471
3023
3600
4240
4896
5470
5905
6243
6534
6728
6725
6501
6160
5856
5629
5354
4867
4119
3208
2320
1571
881
-17
-1265
-2637
-3719
-4360
-4850
-5530
-6385
-7044
-7239
-7094
-6946
-6921
-6843
-6463
-5729
-4778
-3790
-2885
-2094
-1379
-700
-55
459
727
732
605
521
467
298
-43
-411
-656
-803
-955
-1139
-1303
-1448
-1598
-1713
-1699
-1531
-1309
-1138
-984
-706
-280
116
320
425
683
1141
1604
1896
2110
2460
2980
3461
3711
3792
3927
4192
4432
4502
4471
4523
4701
4876
4889
4731
4530
4416
4358
4213
3897
3503
3187
2941
2559
1835
877
11
-624
-1296
-2346
-3689
-4888
-5670
-6232
-6947
-7879
-8655
-8892
-8610
-8189
-7930
-7749
-7321
-6430
-5172
-3886
-2845
-2024
-1151
-115
872
1535
1894
2175
2468
2672
2706
2657
2612
2515
2282
1935
1573
1202
743
158
-420
-803
-955
-1007
-1073
-1094
-936
-569
-122
256
540
839
1275
1838
2370
2747
3037
3392
3810
4113
4155
3993
3819
3749
3691
3469
3082
2770
2702
2735
2622
2370
2217
2283
2401
2352
2121
1898
1827
1830
1647
1107
350
-322
-783
-1258
-2043
-3117
-4112
-4706
-5034
-5507
-6296
-7083
-7447
-7338
-7080
-6981
-6999
-6806
-6112
-4963
-3683
-2583
-1691
-795
274
1424
2361
2918
3237
3580
3989
4218
4048
3572
3081
2746
2468
2044
1403
646
-80
-690
-1165
-1522
-1827
-2171
-2514
-2659
-2463
-2084
-1840
-1791
-1636
-1083
-240
510
993
1435
2099
2871
3419
3662
3868
4242
4664
4908
4954
4978
5091
5207
5136
4822
4402
4039
3732
3362
2885
2382
1913
1481
1082
725
337
-205
-930
-1697
-2344
-2894
-3492
-4213
-4900
-5365
-5601
-5825
-6210
-6679
-6977
-6949
-6708
-6477
-6363
-6204
-5769
-5028
-4175
-3375
-2575
-1662
-659
270
1003
1548
1994
2397
2744
2986
3091
3091
3048
2977
2809
2467
1986
1502
1105
760
355
-122
-566
-850
-977
-1063
-1183
-1282
-1229
-972
-555
-34
567
1201
1810
2391
2992
3641
4290
4850
5271
5611
5931
6186
6241
6064
5778
5512
5255
4878
4307
3589
2821
2068
1326
578
-219
-1067
-1886
-2543
-3062
-3674
-4532
-5435
-6009
-6148
-6157
-6405
-6884
-7219
-7089
-6613
-6238
-6217
-6288
-5984
-5183
-4252
-3591
-3173
-2613
-1664
-513
459
1116
1674
2372
3161
3785
4078
4144
4189
4288
4324
4163
3818
3447
3176
2971
2695
2263
1750
1324
1075
906
626
177
-289
-556
-616
-675
-902
-1206
-1351
-1239
-1009
-842
-735
-550
-239
118
469
864
1311
1721
2015
2205
2361
2508
2628
2677
2626
2482
2293
2077
1812
1447
960
360
-269
-807
-1217
-1617
-2130
-2729
-3239
-3536
-3675
-3845
-4125
-4334
-4233
-3866
-3556
-3478
-3399
-2978
-2224
-1508
-1129
-955
-575
197
1051
1517
1525
1500
1834
2412
2810
2802
2573
2411
2418
2456
2347
2032
1607
1206
917
715
501
189
-191
-523
-748
-926
-1138
-1391
-1645
-1865
-2032
-2113
-2110
-2082
-2068
-2052
-1972
-1793
-1536
-1239
-940
-618
-266
93
429
743
1074
1417
1750
2050
2308
2509
2663
2824
3024
3213
3325
3354
3357
3356
3312
3167
2899
2543
2160
1779
1372
909
435
18
-368
-795
-1283
-1759
-2169
-2518
-2804
-2980
-3032
-3043
-3087
-3133
-3077
-2896
-2680
-2539
-2458
-2309
-1983
-1557
-1213
-1001
-772
-365
155
581
800
898
1039
1259
1413
1328
1015
677
467
347
165
-125
-426
-656
-822
-977
-1121
-1214
-1211
-1119
-963
-766
-503
-162
184
448
630
814
1056
1317
1532
1672
1753
1804
1851
1885
1895
1890
1879
1811
1634
1409
1277
1286
1312
1231
1074
981
1012
1047
908
566
188
-57
-176
-309
-525
-763
-945
-1067
-1179
-1339
-1582
-1895
-2201
-2399
-2465
-2489
-2588
-2767
-2880
-2780
-2487
-2173
-1972
-1833
-1577
-1084
-440
130
500
795
1239
1891
2582
3110
3411
3582
3755
3940
3965
3610
2911
2168
1672
1407
1086
458
-468
-1385
-1968
-2159
-2219
-2456
-2913
-3337
-3402
-3026
-2489
-2198
-2271
-2375
-2098
-1433
-818
-653
-828
-884
-547
-34
267
241
99
86
243
436
525
496
471
552
719
887
1016
1108
1171
1239
1391
1647
1906
2018
1967
1889
1937
2115
2273
2277
2143
2014
1953
1859
1585
1151
762
551
396
63
-455
-887
-1010
-930
-976
-1302
-1705
-1828
-1587
-1257
-1155
-1278
-1328
-1073
-610
-233
-119
-148
-76
189
492
593
395
-3
-399
-692
-909
-1145
-1445
-1768
-2049
-2239
-2380
-2568
-2829
-3028
-2983
-2709
-2402
-2223
-2106
-1876
-1464
-983
-572
-225
183
700
1198
1567
1885
2303
2795
3171
3318
3353
3448
3623
3730
3649
3431
3252
3202
3183
3018
2667
2261
1945
1735
1517
1200
805
460
263
154
-8
-282
-564
-710
-732
-783
-1002
-1338
-1598
-1695
-1767
-1988
-2311
-2493
-2415
-2253
-2297
-2587
-2857
-2828
-2533
-2248
-2168
-2182
-2015
-1522
-851
-304
-19
143
426
851
1223
1395
1411
1382
1315
1153
891
589
286
-46
-427
-800
-1064
-1197
-1295
-1465
-1683
-1805
-1724
-1507
-1330
-1269
-1220
-1044
-746
-445
-200
37
346
737
1153
1511
1759
1916
1999
1998
1912
1779
1654
1554
1477
1410
1337
1233
1095
965
876
822
758
681
627
642
731
821
838
770
699
712
768
735
538
280
145
174
189
1
-365
-683
-774
-705
-704
-899
-1163
-1262
-1112
-868
-743
-767
-774
-584
-182
270
615
825
974
1122
1250
1297
1212
985
683
389
148
-78
-347
-699
-1113
-1522
-1857
-2122
-2352
-2563
-2742
-2905
-3045
-3081
-2928
-2628
-2339
-2136
-1919
-1515
-915
-299
142
428
732
1155
1619
1997
2265
2492
2737
2982
3163
3247
3267
3248
3164
3002
2800
2595
2357
2051
1678
1283
907
593
360
181
19
-156
-334
-482
-546
-515
-470
-516
-663
-797
-808
-719
-685
-847
-1172
-1456
-1499
-1341
-1250
-1450
-1843
-2089
-1979
-1689
-1578
-1751
-1915
-1719
-1174
-625
-370
-354
-305
-69
237
402
373
265
201
182
121
-35
-261
-507
-761
-1033
-1297
-1506
-1661
-1835
-2055
-2230
-2236
-2074
-1845
-1634
-1435
-1204
-928
-606
-240
162
560
900
1187
1484
1831
2176
2441
2615
2737
2822
2836
2756
2605
2437
2291
2160
2018
1851
1683
1540
1419
1298
1158
1011
891
831
824
839
866
927
1030
1124
1126
1012
859
800
860
893
735
411
118
-27
-125
-368
-779
-1158
-1300
-1219
-1143
-1244
-1471
-1607
-1509
-1240
-988
-870
-844
-781
-645
-522
-529
-670
-825
-906
-967
-1141
-1432
-1691
-1824
-1931
-2169
-2505
-2734
-2753
-2707
-2791
-2988
-3078
-2901
-2523
-2147
-1884
-1668
-1334
-822
-223
276
593
811
1122
1613
2178
2614
2812
2875
2977
3202
3423
3488
3346
3154
3037
3002
2946
2819
2671
2543
2406
2206
1991
1849
1794
1699
1484
1217
1058
1041
1049
956
751
501
262
38
-193
-451
-750
-1085
-1429
-1722
-1919
-2065
-2267
-2561
-2809
-2852
-2700
-2533
-2494
-2533
-2477
-2227
-1832
-1415
-1061
-799
-607
-432
-254
-116
-111
-273
-538
-807
-1028
-1227
-1436
-1674
-1952
-2263
-2566
-2767
-2802
-2708
-2591
-2483
-2285
-1904
-1402
-948
-615
-313
82
568
1031
1397
1719
2075
2465
2815
3089
3303
3494
3670
3808
3865
3813
3669
3466
3240
3010
2807
2646
2509
2355
2175
1993
1843
1727
1594
1407
1199
1043
959
870
694
421
117
-176
-453
-721
-960
-1181
-1426
-1719
-2010
-2165
-2130
-2021
-2035
-2202
-2330
-2236
-1970
-1761
-1725
-1746
-1641
-1344
-981
-723
-631
-629
-607
-549
-540
-637
-836
-1086
-1344
-1559
-1677
-1686
-1676
-1783
-2032
-2296
-2383
-2251
-2030
-1906
-1920
-1904
-1653
-1143
-588
-220
-36
186
613
1161
1636
1955
2217
2543
2936
3311
3588
3760
3826
3790
3689
3607
3579
3550
3427
3225
3051
2968
2896
2683
2326
1993
1826
1759
1612
1343
1075
888
710
434
77
-235
-423
-543
-734
-1065
-1458
-1777
-1979
-2147
-2372
-2660
-2909
-3038
-3053
-3057
-3134
-3245
-3275
-3158
-2953
-2765
-2636
-2502
-2293
-1990
-1663
-1390
-1204
-1086
-993
-908
-837
-808
-820
-874
-938
-998
-1020
-1014
-1009
-1020
-1019
-954
-831
-676
-528
-393
-281
-165
13
294
651
1009
1304
1519
1686
1858
2086
2352
2615
2834
3014
3171
3304
3384
3374
3303
3227
3177
3130
3036
2890
2683
2421
2127
1859
1630
1387
1068
696
356
88
-128
-340
-560
-809
-1083
-1334
-1495
-1566
-1633
-1773
-1963
-2097
-2117
-2081
-2090
-2156
-2189
-2128
-2025
-1960
-1927
-1845
-1681
-1485
-1338
-1247
-1125
-871
-495
-147
39
95
163
329
513
580
489
339
253
236
179
1
-238
-411
-462
-455
-483
-572
-656
-641
-508
-354
-278
-265
-214
-64
154
367
523
647
794
982
1153
1250
1290
1342
1431
1527
1570
1525
1422
1329
1303
1303
1260
1155
1034
949
916
902
863
777
687
655
687
707
633
461
263
106
-16
-154
-324
-481
-590
-684
-815
-964
-1055
-1069
-1079
-1133
-1170
-1097
-924
-766
-677
-614
-511
-373
-249
-172
-130
-102
-71
-41
-11
25
58
64
23
-43
-130
-271
-509
-814
-1107
-1330
-1487
-1603
-1683
-1704
-1653
-1557
-1469
-1417
-1369
-1285
-1163
-1035
-919
-818
-714
-577
-387
-167
10
102
138
182
275
400
511
564
555
534
557
624
670
641
573
559
639
756
828
858
903
1030
1239
1466
1615
1658
1653
1662
1665
1592
1434
1267
1167
1138
1131
1125
1126
1119
1070
981
898
865
856
807
707
614
602
660
712
718
705
703
689
609
440
217
8
-146
-272
-414
-566
-674
-724
-787
-944
-1186
-1441
-1670
-1894
-2118
-2271
-2304
-2273
-2289
-2372
-2450
-2461
-2450
-2489
-2580
-2618
-2498
-2246
-1966
-1738
-1525
-1271
-978
-697
-465
-273
-102
52
185
299
417
548
676
799
950
1166
1410
1591
1650
1643
1692
1839
2004
2077
2066
2062
2117
2200
2278
2337
2351
2283
2155
2046
1993
1969
1911
1799
1653
1505
1357
1170
929
674
472
340
221
77
-68
-188
-295
-415
-517
-585
-663
-812
-1013
-1177
-1229
-1192
-1157
-1195
-1301
-1420
-1528
-1641
-1778
-1929
-2074
-2211
-2343
-2449
-2484
-2434
-2354
-2335
-2391
-2438
-2365
-2158
-1897
-1690
-1556
-1424
-1211
-911
-612
-412
-316
-223
-35
238
496
666
755
788
779
742
730
758
787
774
719
662
645
694
798
903
970
1012
1092
1242
1422
1549
1581
1568
1582
1655
1767
1876
1942
1937
1878
1821
1809
1820
1790
1691
1582
1527
1498
1384
1155
906
733
613
487
359
290
296
324
325
299
282
282
263
209
132
45
-88
-282
-512
-735
-946
-1148
-1310
-1407
-1465
-1542
-1658
-1804
-1978
-2162
-2322
-2417
-2491
-2611
-2778
-2902
-2895
-2768
-2607
-2474
-2352
-2188
-1956
-1686
-1436
-1241
-1089
-932
-734
-511
-304
-145
-38
22
67
132
243
396
553
680
795
958
1198
1446
1618
1712
1802
1926
2052
2171
2316
2486
2597
2593
2533
2511
2525
2477
2335
2203
2176
2190
2123
1957
1786
1671
1586
1476
1331
1185
1086
1051
1023
943
810
683
589
499
374
217
83
13
-25
-116
-307
-564
-811
-1029
-1256
-1537
-1874
-2240
-2615
-2952
-3212
-3389
-3512
-3591
-3600
-3545
-3490
-3487
-3501
-3452
-3317
-3158
-3032
-2937
-2834
-2688
-2479
-2205
-1903
-1627
-1388
-1150
-892
-634
-388
-153
68
254
411
570
758
935
1049
1097
1135
1223
1360
1499
1610
1705
1810
1923
2009
2050
2070
2111
2185
2282
2383
2470
2536
2598
2679
2783
2866
2903
2911
2921
2929
2896
2812
2700
2599
2512
2423
2312
2200
2114
2031
1889
1667
1432
1247
1095
893
599
253
-65
-325
-541
-776
-1084
-1477
-1908
-2288
-2554
-2720
-2889
-3164
-3534
-3843
-3961
-3921
-3871
-3890
-3946
-3961
-3898
-3752
-3549
-3354
-3243
-3232
-3209
-3050
-2727
-2353
-2051
-1855
-1704
-1527
-1283
-971
-643
-368
-167
8
223
480
726
882
930
937
1000
1153
1331
1464
1530
1575
1649
1798
2016
2250
2435
2560
2672
2809
2967
3104
3193
3230
3265
3351
3501
3655
3727
3691
3586
3471
3355
3219
3057
2873
2663
2425
2186
1960
1726
1462
1188
939
722
506
258
-16
-297
-574
-841
-1099
-1368
-1693
-2076
-2448
-2726
-2940
-3205
-3570
-3932
-4170
-4276
-4364
-4512
-4691
-4816
-4833
-4768
-4669
-4561
-4410
-4190
-3892
-3544
-3167
-2789
-2450
-2169
-1918
-1646
-1345
-1058
-820
-624
-449
-272
-86
100
277
442
603
750
861
941
1015
1097
1186
1282
1395
1521
1651
1795
1972
2194
2442
2678
2866
3007
3125
3252
3401
3568
3728
3827
3836
3785
3746
3718
3640
3489
3328
3212
3106
2956
2762
2554
2321
2048
1766
1544
1388
1233
1009
728
441
199
-19
-265
-562
-889
-1196
-1462
-1689
-1898
-2102
-2295
-2466
-2631
-2823
-3049
-3260
-3402
-3482
-3564
-3696
-3828
-3885
-3843
-3759
-3685
-3591
-3430
-3202
-2953
-2725
-2510
-2278
-2022
-1771
-1568
-1443
-1369
-1293
-1163
-956
-698
-439
-208
16
269
538
778
969
1123
1251
1344
1419
1501
1592
1670
1725
1766
1799
1816
1838
1909
2052
2236
2406
2545
2674
2811
2946
3035
3040
2975
2899
2853
2805
2690
2515
2367
2312
2292
2190
1969
1726
1562
1437
1244
940
619
383
226
41
-242
-573
-834
-987
-1099
-1232
-1389
-1536
-1702
-1898
-2076
-2164
-2159
-2153
-2223
-2353
-2474
-2527
-2531
-2544
-2601
-2662
-2661
-2592
-2518
-2490
-2513
-2545
-2542
-2460
-2274
-2010
-1745
-1563
-1476
-1412
-1272
-1030
-773
-614
-586
-608
-576
-452
-293
-191
-191
-238
-230
-97
123
324
438
505
601
756
941
1109
1245
1340
1414
1510
1656
1840
2005
2105
2166
2252
2394
2526
2559
2491
2422
2425
2452
2435
2371
2305
2239
2158
2102
2120
2187
2191
2071
1888
1749
1683
1622
1503
1341
1171
993
797
614
486
366
171
-100
-312
-357
-307
-325
-477
-675
-831
-946
-1058
-1168
-1263
-1378
-1557
-1783
-1951
-2014
-2042
-2155
-2375
-2609
-2761
-2821
-2868
-2956
-3053
-3078
-2986
-2830
-2676
-2549
-2435
-2347
-2302
-2273
-2215
-2115
-1989
-1843
-1683
-1510
-1328
-1121
-905
-711
-568
-464
-355
-201
1
210
394
570
767
965
1120
1219
1296
1385
1495
1626
1782
1960
2143
2308
2453
2590
2725
2815
2810
2723
2639
2651
2742
2810
2779
2691
2630
2634
2657
2642
2560
2415
2238
2064
1920
1789
1641
1459
1258
1072
920
782
612
394
149
-74
-261
-423
-565
-687
-824
-1029
-1303
-1559
-1719
-1811
-1927
-2122
-2357
-2553
-2669
-2734
-2834
-3034
-3302
-3521
-3615
-3612
-3593
-3593
-3597
-3579
-3520
-3392
-3177
-2919
-2690
-2540
-2410
-2193
-1845
-1443
-1121
-922
-789
-621
-385
-121
100
232
277
306
388
536
681
765
801
855
965
1127
1312
1484
1628
1756
1913
2117
2346
2557
2731
2889
3053
3226
3382
3504
3610
3717
3811
3886
3967
4059
4104
4031
3861
3693
3570
3431
3204
2893
2545
2194
1845
1509
1203
914
620
314
8
-276
-511
-709
-897
-1116
-1368
-1627
-1863
-2076
-2288
-2495
-2678
-2837
-3002
-3168
-3296
-3374
-3459
-3584
-3715
-3785
-3782
-3766
-3776
-3797
-3787
-3748
-3685
-3566
-3381
-3187
-3090
-3093
-3075
-2906
-2612
-2317
-2101
-1923
-1722
-1490
-1245
-1003
-777
-598
-467
-326
-104
215
552
811
992
1195
1504
1887
2245
2516
2719
2915
3155
3450
3749
3971
4082
4127
4179
4259
4328
4327
4245
4123
4000
3890
3773
3657
3549
3443
3314
3163
3001
2820
2604
2353
2116
1903
1687
1429
1141
864
613
360
81
-205
-460
-680
-896
-1134
-1387
-1626
-1844
-2061
-2276
-2459
-2618
-2813
-3089
-3406
-3679
-3868
-3992
-4104
-4227
-4367
-4500
-4581
-4576
-4496
-4405
-4362
-4355
-4307
-4164
-3966
-3803
-3716
-3635
-3456
-3148
-2783
-2472
-2249
-2049
-1783
-1437
-1047
-656
-292
26
320
656
1062
1472
1783
1961
2068
2191
2395
2675
2961
3161
3265
3354
3520
3762
4002
4156
4204
4190
4195
4288
4467
4635
4685
4585
4420
4296
4263
4253
4153
3905
3584
3321
3162
3024
2795
2456
2068
1711
1425
1212
1012
753
388
-31
-400
-645
-806
-1003
-1297
-1625
-1878
-2048
-2215
-2440
-2684
-2878
-3004
-3091
-3164
-3247
-3363
-3518
-3671
-3781
-3846
-3920
-4036
-4163
-4237
-4219
-4136
-4040
-3963
-3890
-3785
-3632
-3442
-3246
-3061
-2886
-2697
-2486
-2272
-2091
-1940
-1760
-1490
-1127
-714
-303
105
516
922
1282
1572
1822
2075
2338
2568
2732
2848
2964
3123
3312
3462
3528
3531
3559
3656
3773
3817
3766
3680
3639
3644
3633
3537
3352
3130
2949
2832
2742
2614
2428
2220
2033
1888
1750
1575
1349
1090
834
598
388
189
-23
-273
-547
-798
-986
-1121
-1273
-1511
-1826
-2118
-2287
-2352
-2410
-2535
-2687
-2801
-2871
-2953
-3089
-3256
-3404
-3493
-3524
-3512
-3490
-3477
-3481
-3461
-3379
-3225
-3048
-2905
-2806
-2716
-2581
-2396
-2182
-1973
-1787
-1639
-1509
-1329
-1058
-750
-502
-345
-211
-9
291
648
987
1274
1521
1769
2026
2275
2516
2753
2968
3104
3150
3165
3237
3379
3514
3558
3508
3431
3394
3415
3453
3423
3272
3032
2809
2677
2611
2531
2369
2128
1887
1732
1686
1682
1649
1562
1435
1292
1154
1027
895
723
495
230
-31
-249
-422
-604
-848
-1143
-1400
-1559
-1650
-1761
-1941
-2160
-2349
-2457
-2512
-2579
-2702
-2841
-2928
-2966
-3011
-3103
-3205
-3253
-3238
-3217
-3255
-3346
-3400
-3329
-3139
-2912
-2716
-2553
-2402
-2240
-2060
-1868
-1680
-1504
-1330
-1136
-915
-675
-430
-204
0
195
415
681
989
1299
1568
1774
1929
2060
2195
2334
2448
2510
2515
2506
2526
2586
2643
2667
2661
2657
2680
2723
2766
2768
2700
2564
2401
2243
2089
1927
1770
1646
1550
1438
1287
1131
997
873
726
561
407
290
207
110
-41
-242
-449
-610
-700
-716
-684
-653
-686
-814
-999
-1158
-1258
-1350
-1502
-1704
-1880
-1972
-1987
-1973
-1976
-2013
-2061
-2091
-2096
-2098
-2116
-2145
-2145
-2095
-2002
-1900
-1808
-1718
-1623
-1511
-1408
-1323
-1258
-1165
-1020
-835
-654
-515
-433
-396
-368
-310
-218
-138
-105
-75
35
244
461
583
617
645
746
936
1162
1316
1339
1286
1285
1385
1528
1633
1681
1690
1681
1685
1730
1810
1867
1856
1791
1731
1720
1756
1789
1781
1733
1688
1674
1680
1683
1670
1645
1602
1531
1423
1272
1090
880
669
492
367
270
157
23
-97
-181
-240
-303
-387
-497
-620
-741
-862
-995
-1157
-1348
-1550
-1713
-1797
-1813
-1815
-1845
-1907
-1980
-2029
-2024
-1975
-1945
-1983
-2068
-2131
-2125
-2063
-1972
-1881
-1799
-1727
-1634
-1486
-1287
-1088
-962
-928
-931
-885
-755
-578
-442
-376
-323
-209
-16
196
376
511
618
699
755
801
854
918
984
1064
1183
1328
1465
1566
1655
1770
1909
2049
2162
2264
2369
2458
2477
2396
2240
2074
1953
1895
1868
1818
1702
1524
1322
1142
1011
918
809
638
415
196
9
-165
-364
-594
-814
-966
-1020
-1012
-1020
-1092
-1197
-1282
-1329
-1343
-1355
-1396
-1498
-1649
-1776
-1817
-1786
-1763
-1802
-1877
-1919
-1889
-1814
-1754
-1733
-1725
-1689
-1636
-1599
-1598
-1604
-1586
-1539
-1459
-1339
-1177
-1004
-849
-713
-583
-440
-293
-149
-19
106
234
372
513
645
771
913
1084
1261
1400
1486
1546
1623
1725
1838
1940
2010
2045
2062
2093
2144
2208
2278
2334
2374
2403
2430
2440
2400
2309
2207
2130
2070
1989
1861
1698
1531
1373
1200
989
750
511
298
115
-60
-230
-385
-530
-688
-860
-1010
-1132
-1256
-1406
-1553
-1665
-1739
-1778
-1792
-1794
-1818
-1865
-1914
-1959
-1995
-2009
-1979
-1944
-1948
-1987
-2002
-1965
-1903
-1851
-1820
-1806
-1802
-1782
-1719
-1626
-1546
-1495
-1447
-1374
-1274
-1157
-1021
-852
-650
-432
-215
-6
184
347
492
639
782
916
1035
1146
1232
1276
1292
1321
1396
1506
1611
1681
1718
1740
1756
1768
1776
1773
1741
1681
1617
1580
1583
1593
1552
1442
1306
1206
1157
1110
1004
827
625
443
292
138
-37
-215
-358
-444
-480
-502
-551
-654
-778
-854
-851
-812
-812
-892
-1029
-1162
-1230
-1205
-1114
-1038
-1043
-1133
-1228
-1243
-1162
-1031
-923
-876
-872
-854
-776
-654
-561
-562
-637
-684
-623
-488
-396
-403
-454
-457
-377
-263
-183
-159
-170
-172
-121
-11
118
204
237
253
312
426
574
713
812
873
926
1017
1144
1272
1360
1408
1439
1480
1537
1578
1582
1565
1567
1599
1633
1642
1625
1570
1467
1313
1149
1017
931
854
753
628
494
351
198
49
-64
-142
-219
-326
-470
-612
-716
-774
-796
-791
-769
-771
-838
-953
-1040
-1057
-1053
-1094
-1196
-1301
-1366
-1393
-1417
-1458
-1494
-1488
-1442
-1385
-1346
-1336
-1361
-1419
-1478
-1496
-1464
-1404
-1341
-1285
-1233
-1170
-1073
-934
-786
-671
-603
-542
-437
-276
-102
14
70
114
205
350
522
703
881
1050
1191
1283
1309
1285
1251
1251
1290
1354
1414
1439
1418
1366
1325
1304
1298
1296
1297
1286
1246
1165
1066
997
983
985
915
741
521
337
214
124
28
-97
-231
-317
-317
-257
-234
-319
-491
-660
-743
-729
-662
-594
-548
-531
-523
-467
-311
-86
96
142
64
-53
-111
-88
-48
-84
-229
-421
-552
-562
-482
-426
-473
-593
-675
-644
-531
-439
-437
-518
-605
-627
-562
-446
-349
-323
-348
-345
-266
-128
-7
57
66
60
73
127
242
387
499
500
397
277
233
283
359
393
372
341
335
352
375
395
420
430
418
395
380
369
332
249
132
40
19
61
103
92
14
-86
-155
-172
-150
-127
-124
-132
-105
-23
93
194
254
275
257
213
174
169
215
290
355
376
342
283
234
212
188
143
74
1
-61
-114
-169
-238
-310
-376
-441
-518
-603
-651
-648
-630
-649
-710
-769
-793
-787
-769
-738
-688
-624
-561
-499
-425
-347
-291
-277
-274
-245
-177
-86
4
76
120
137
139
152
189
252
297
287
236
210
243
304
335
306
219
94
-12
-44
3
64
81
44
-3
-4
58
142
185
150
67
2
1
62
141
189
201
215
270
372
491
568
567
511
475
515
591
626
587
513
447
403
371
355
351
326
245
126
33
14
39
27
-57
-183
-290
-336
-320
-282
-293
-391
-539
-638
-613
-482
-342
-272
-274
-292
-283
-257
-239
-245
-261
-278
-286
-280
-254
-218
-188
-170
-160
-142
-88
10
125
210
228
188
124
95
115
167
203
200
152
84
35
20
20
-6
-66
-135
-191
-209
-180
-119
-67
-52
-55
-33
30
99
145
167
192
236
314
430
553
630
633
598
595
644
703
713
660
584
536
533
532
501
449
400
343
253
150
80
54
41
0
-72
-143
-181
-191
-202
-237
-294
-365
-442
-514
-568
-586
-565
-533
-528
-556
-585
-580
-549
-535
-569
-631
-665
-633
-550
-469
-442
-464
-486
-458
-393
-329
-277
-229
-192
-191
-230
-275
-300
-298
-270
-231
-200
-205
-229
-232
-195
-160
-170
-231
-316
-402
-458
-463
-414
-352
-312
-296
-273
-216
-116
4
104
170
231
317
402
448
437
403
387
414
489
581
664
718
740
739
736
754
791
822
829
819
808
801
782
744
693
630
561
496
458
447
452
452
419
342
241
164
122
84
14
-93
-208
-293
-323
-311
-290
-294
-327
-358
-353
-290
-203
-144
-142
-173
-203
-218
-217
-203
-166
-116
-69
-40
-27
-17
-2
12
0
-44
-106
-146
-146
-127
-132
-175
-204
-174
-84
35
139
190
165
74
-32
-106
-126
-115
-103
-104
-109
-106
-79
-16
66
118
105
44
-2
8
53
93
91
58
23
-2
-23
-49
-75
-101
-139
-187
-228
-248
-258
-284
-337
-400
-450
-483
-516
-555
-591
-589
-535
-442
-366
-329
-314
-285
-238
-190
-148
-117
-100
-90
-82
-77
-91
-107
-68
49
210
343
421
466
497
510
490
449
410
413
479
593
685
695
618
500
399
335
287
238
184
141
113
101
92
67
17
-35
-45
-9
15
-23
-115
-197
-218
-195
-179
-207
-265
-318
-336
-302
-226
-153
-144
-195
-247
-232
-158
-88
-79
-140
-242
-329
-362
-341
-305
-296
-319
-344
-338
-292
-231
-185
-172
-179
-186
-186
-173
-152
-138
-142
-157
-145
-84
6
72
78
32
-13
-9
43
115
187
255
301
327
363
456
580
683
731
745
756
758
746
716
677
622
561
513
499
522
575
642
697
723
716
693
668
618
509
354
217
137
92
27
-66
-156
-215
-256
-303
-346
-355
-313
-267
-256
-284
-322
-359
-404
-458
-521
-594
-671
-730
-743
-717
-695
-716
-786
-869
-915
-893
-817
-724
-649
-594
-554
-512
-466
-427
-411
-404
-355
-239
-92
15
41
-5
-77
-129
-128
-80
-20
15
15
-2
-11
7
49
103
161
221
288
352
412
464
502
508
475
423
386
391
429
484
535
573
600
626
654
661
615
518
394
290
226
217
251
292
316
319
314
307
289
244
171
94
50
61
85
64
-22
-135
-233
-297
-321
-304
-262
-230
-246
-314
-401
-474
-534
-607
-691
-736
-702
-622
-568
-569
-593
-603
-587
-555
-506
-443
-384
-339
-290
-210
-118
-56
-52
-84
-100
-74
-31
-18
-51
-86
-76
-10
66
127
165
197
235
285
352
411
440
431
402
388
404
433
431
374
291
221
179
159
159
181
209
234
269
308
331
324
323
341
349
321
280
284
336
391
399
384
407
476
536
536
511
507
529
529
488
426
352
259
152
70
33
15
-9
-23
-11
18
21
-7
-35
-33
-19
-34
-101
-203
-298
-349
-343
-320
-339
-428
-546
-617
-617
-573
-547
-562
-607
-638
-629
-578
-528
-521
-550
-562
-507
-397
-281
-206
-181
-196
-219
-242
-268
-299
-338
-378
-421
-463
-492
-491
-447
-385
-336
-320
-307
-250
-157
-75
-38
-20
0
11
2
-17
-27
-23
-11
7
24
28
8
-33
-71
-77
-42
3
31
63
129
213
247
194
99
42
77
181
295
374
411
428
452
501
581
681
759
776
723
638
558
510
493
494
479
433
380
345
337
339
344
350
360
377
408
444
455
398
278
142
38
-26
-73
-127
-187
-237
-252
-223
-164
-129
-155
-227
-292
-316
-320
-338
-380
-435
-507
-578
-600
-554
-475
-427
-444
-500
-541
-520
-430
-317
-245
-222
-210
-169
-101
-36
-3
-9
-36
-40
12
113
214
274
287
273
254
250
259
272
285
304
324
334
342
366
401
406
341
235
167
187
272
351
381
368
334
290
249
236
255
269
228
138
64
69
146
230
255
199
76
-48
-103
-84
-57
-94
-197
-313
-396
-450
-489
-520
-528
-506
-444
-357
-279
-255
-289
-359
-433
-494
-521
-507
-478
-473
-505
-538
-519
-438
-336
-282
-287
-311
-296
-228
-152
-111
-109
-115
-111
-97
-103
-146
-211
-254
-250
-220
-188
-158
-116
-79
-47
-12
37
76
75
49
39
77
138
166
138
91
87
136
200
246
261
250
224
209
219
219
172
100
77
136
235
325
406
501
596
644
638
629
665
730
778
792
780
748
688
598
489
386
333
364
454
518
484
372
254
174
130
106
97
78
8
-102
-200
-254
-275
-275
-250
-211
-185
-200
-251
-336
-434
-503
-510
-452
-369
-302
-269
-262
-263
-262
-258
-254
-255
-256
-253
-239
-224
-211
-217
-235
-238
-202
-150
-113
-109
-135
-177
-213
-228
-231
-243
-270
-294
-305
-309
-326
-361
-409
-447
-457
-436
-387
-304
-189
-60
64
167
243
300
352
390
398
393
409
453
487
484
452
410
381
373
384
398
410
423
431
414
364
296
236
192
157
114
74
74
127
196
228
208
162
103
37
-27
-85
-156
-254
-349
-400
-405
-392
-404
-434
-464
-467
-428
-358
-284
-246
-261
-328
-417
-479
-484
-436
-374
-339
-349
-384
-416
-431
-414
-358
-292
-257
-271
-285
-266
-219
-185
-195
-249
-324
-371
-361
-306
-248
-214
-213
-213
-173
-64
96
257
396
505
589
639
651
633
596
559
538
542
555
548
510
455
407
398
436
508
589
659
713
742
740
722
719
729
718
668
601
534
459
366
259
158
104
119
187
257
296
311
301
263
194
112
39
-14
-57
-100
-154
-218
-279
-336
-377
-412
-453
-501
-538
-542
-513
-495
-518
-579
-647
-679
-662
-619
-598
-620
-648
-642
-616
-614
-637
-649
-636
-626
-643
-677
-675
-598
-464
-344
-304
-333
-362
-333
-258
-197
-215
-403
-890
-1533
-1596
-325
1798
2840
1366
-1542
-2891
-920
2785
4718
2952
-1021
-3846
-3351
-184
3086
4224
2939
709
-721
-579
779
2522
3752
3588
1640
-1191
-2779
-1637
1317
3335
2649
144
-1798
-1756
-370
741
607
-381
-1180
-1160
-581
-190
-357
-637
-253
900
1993
2098
1099
-167
-731
-321
444
690
148
-774
-1481
-1738
-1667
-1489
-1307
-1128
-1056
-1298
-1895
-2495
-2581
-2036
-1380
-1291
-1818
-2277
-2035
-1219
-542
-448
-719
-802
-422
181
546
445
100
-37
225
591
607
263
13
226
739
1093
1071
837
678
673
735
763
739
698
684
740
869
1032
1164
1224
1178
1015
791
609
561
625
663
556
333
157
140
324
647
927
909
550
194
270
836
1471
1644
1204
521
175
411
926
1167
871
276
-176
-247
-58
146
179
9
-269
-514
-632
-637
-615
-653
-752
-809
-745
-617
-566
-621
-669
-604
-460
-332
-275
-287
-387
-592
-791
-769
-441
-74
-90
-601
-1169
-1228
-707
-107
51
-274
-758
-1057
-1001
-622
-182
-15
-186
-401
-398
-247
-133
-22
219
468
417
16
-392
-404
2
458
554
209
-263
-441
-177
278
493
245
-226
-409
-44
579
902
704
324
220
435
639
622
489
386
277
94
-89
-112
96
419
577
386
24
-93
175
473
407
31
-260
-276
-214
-325
-570
-725
-658
-424
-180
-94
-239
-480
-556
-333
55
318
248
-133
-582
-801
-648
-279
-28
-114
-443
-705
-701
-475
-170
144
433
591
468
75
-339
-447
-166
270
534
482
204
-102
-251
-139
201
557
651
350
-172
-556
-540
-166
288
520
404
56
-258
-319
-82
326
724
932
816
376
-158
-432
-264
197
605
716
541
294
211
360
635
876
1003
991
795
434
89
43
403
905
1134
887
369
4
57
438
810
894
698
429
249
136
-12
-199
-345
-375
-323
-297
-395
-608
-793
-782
-549
-265
-152
-328
-693
-1016
-1080
-859
-533
-316
-306
-494
-812
-1095
-1094
-707
-145
186
39
-451
-895
-917
-469
112
372
165
-229
-436
-349
-170
-82
-93
-82
-5
62
21
-152
-322
-309
-62
230
270
-33
-452
-635
-432
-14
308
338
125
-107
-155
23
294
506
579
474
170
-218
-373
-54
557
945
774
257
-65
134
663
1019
863
344
-47
69
537
798
454
-236
-594
-269
393
770
622
206
-97
-127
42
258
415
466
367
53
-442
-880
-943
-572
-142
-132
-603
-1060
-957
-288
373
431
-154
-864
-1123
-826
-360
-176
-347
-572
-575
-402
-302
-391
-480
-316
62
328
219
-141
-368
-249
42
155
-26
-270
-266
10
292
332
176
75
145
269
273
178
166
333
549
603
452
275
281
480
671
668
500
385
468
677
796
721
539
442
536
750
901
838
610
495
702
1097
1268
1015
583
339
378
479
461
340
224
150
72
-55
-193
-244
-153
16
102
-4
-235
-414
-436
-367
-317
-318
-345
-407
-562
-784
-930
-854
-601
-401
-467
-771
-1065
-1107
-871
-543
-381
-521
-870
-1162
-1173
-922
-628
-497
-572
-748
-866
-792
-512
-178
-8
-110
-383
-611
-637
-484
-292
-178
-136
-113
-102
-127
-139
-28
250
568
679
455
56
-143
90
598
967
922
560
202
96
272
605
902
989
789
400
53
-56
112
423
651
606
279
-103
-251
-95
161
288
256
194
150
41
-187
-427
-503
-342
-59
129
28
-347
-735
-823
-538
-111
157
116
-160
-474
-598
-399
56
495
641
422
3
-343
-381
-32
512
844
657
87
-393
-426
-49
424
711
687
378
-58
-373
-357
-31
351
496
338
47
-143
-123
83
363
540
471
183
-119
-239
-167
-26
95
180
211
158
42
-44
-33
58
144
145
51
-31
23
216
400
409
227
-9
-111
-24
152
282
343
396
454
452
371
318
418
646
821
773
486
113
-125
-84
185
456
491
254
-107
-360
-348
-67
272
355
30
-508
-871
-835
-510
-216
-175
-377
-628
-728
-613
-391
-254
-296
-472
-650
-719
-631
-433
-259
-233
-358
-510
-564
-496
-395
-394
-547
-748
-801
-591
-253
-40
-104
-328
-447
-326
-85
44
-56
-296
-482
-483
-329
-141
-1
98
172
197
149
53
-20
-16
57
116
88
-7
-70
-48
11
54
101
203
328
361
249
83
21
146
380
545
498
265
46
17
176
368
460
425
308
185
153
245
380
449
444
443
465
443
340
232
248
428
655
731
559
247
38
76
272
406
343
120
-135
-331
-429
-429
-319
-152
-52
-134
-372
-563
-528
-293
-66
-22
-153
-328
-436
-437
-344
-188
-44
18
-19
-110
-188
-191
-102
37
148
179
130
48
9
68
173
176
-13
-298
-459
-369
-126
53
40
-82
-136
-45
115
221
236
221
235
267
276
270
320
458
603
629
513
387
404
535
596
438
121
-152
-228
-116
28
66
-14
-81
-7
200
395
447
353
219
109
-1
-143
-265
-277
-189
-121
-186
-331
-396
-299
-156
-140
-270
-389
-371
-263
-210
-265
-390
-511
-577
-551
-462
-414
-459
-516
-481
-384
-322
-306
-268
-219
-250
-360
-428
-358
-224
-193
-363
-667
-922
-952
-719
-370
-146
-167
-301
-289
-52
250
403
385
298
224
177
173
232
334
412
411
354
305
323
409
545
662
695
628
540
506
509
482
397
299
226
205
252
364
490
560
533
413
275
234
348
530
576
358
-25
-287
-218
97
365
347
69
-226
-288
-64
231
314
94
-222
-371
-291
-152
-119
-198
-284
-296
-256
-240
-295
-385
-413
-347
-259
-242
-293
-340
-346
-348
-383
-403
-327
-175
-82
-163
-361
-488
-409
-174
34
76
-13
-96
-82
16
146
251
278
204
82
2
8
71
146
206
246
253
227
198
224
332
487
605
603
474
279
117
51
79
145
191
191
152
112
106
170
298
439
495
404
210
38
0
86
205
243
165
9
-131
-186
-181
-193
-256
-327
-367
-363
-313
-246
-199
-193
-207
-213
-240
-320
-414
-430
-325
-162
-37
12
22
36
66
104
127
127
96
19
-121
-292
-419
-454
-411
-331
-237
-140
-74
-85
-179
-272
-258
-107
69
135
63
-47
-124
-185
-266
-319
-264
-109
38
56
-69
-240
-311
-225
-34
134
187
124
-3
-122
-159
-57
155
353
380
194
-83
-248
-165
108
357
383
176
-105
-266
-205
58
382
581
537
302
38
-89
-24
169
346
361
180
-88
-262
-238
-59
143
237
174
24
-92
-93
-20
58
116
154
147
59
-84
-202
-223
-165
-99
-95
-156
-252
-323
-332
-248
-91
55
98
37
-49
-85
-71
-28
30
69
33
-84
-198
-202
-70
96
152
25
-200
-337
-238
58
345
430
305
121
40
101
222
294
276
195
112
85
156
320
488
547
455
280
149
134
209
253
180
15
-112
-93
53
202
234
147
39
24
138
311
416
382
253
157
171
277
388
431
362
199
7
-128
-152
-89
-30
-64
-183
-306
-340
-249
-77
59
49
-103
-258
-291
-208
-133
-175
-320
-482
-570
-554
-463
-351
-275
-271
-340
-424
-442
-359
-226
-133
-127
-185
-261
-306
-287
-226
-202
-268
-407
-538
-588
-544
-424
-272
-112
22
89
73
-2
-73
-81
6
135
188
99
-71
-188
-193
-101
43
193
272
217
61
-78
-111
-41
71
163
176
77
-86
-197
-144
75
336
480
424
241
96
122
301
485
541
449
312
213
156
117
93
100
134
177
208
211
191
167
161
170
197
219
196
98
-19
-59
45
240
391
398
264
105
36
105
252
377
399
306
152
4
-72
-79
-71
-111
-174
-175
-75
45
88
70
70
139
213
200
81
-67
-127
-81
-13
-31
-129
-198
-144
-24
29
-24
-71
9
197
349
332
150
-72
-199
-194
-118
-68
-99
-220
-376
-468
-410
-223
-30
40
-38
-179
-279
-262
-113
103
247
203
12
-156
-153
10
192
249
143
-36
-163
-177
-118
-60
-34
-38
-67
-113
-145
-119
-32
73
112
34
-137
-286
-321
-237
-132
-117
-229
-403
-511
-480
-318
-136
-35
-48
-126
-210
-270
-294
-272
-220
-181
-203
-282
-357
-340
-203
-24
66
11
-139
-274
-315
-250
-133
-43
-18
-55
-136
-231
-277
-222
-96
-17
-85
-260
-399
-378
-207
7
143
155
85
12
0
63
175
299
407
472
467
381
256
193
274
474
642
649
520
395
377
447
534
590
607
573
473
335
246
283
420
533
495
