311
264
246
296
418
552
630
619
548
485
476
512
549
550
518
492
497
528
554
557
534
485
408
314
231
183
182
220
273
313
333
335
319
288
246
181
73
-64
-184
-238
-215
-122
6
128
219
286
334
348
322
293
287
313
353
391
406
370
287
193
128
98
88
92
94
69
9
-69
-147
-224
-301
-356
-380
-394
-431
-489
-542
-583
-629
-672
-688
-671
-647
-628
-605
-569
-534
-518
-523
-513
-462
-376
-304
-279
-289
-284
-247
-202
-188
-213
-259
-293
-307
-309
-314
-328
-331
-321
-315
-336
-373
-392
-377
-350
-325
-302
-271
-247
-268
-343
-427
-439
-347
-214
-142
-161
-204
-204
-167
-144
-142
-134
-116
-117
-137
-125
-61
22
77
109
142
191
253
314
364
399
423
438
461
498
547
589
606
577
495
387
296
249
223
192
171
183
228
285
350
429
497
518
480
414
349
303
273
262
285
356
455
533
556
550
544
525
445
292
110
-24
-64
-25
41
85
91
90
120
191
258
270
231
172
118
62
3
-45
-56
-36
-20
-27
-28
9
87
147
134
37
-94
-199
-258
-302
-367
-442
-477
-446
-363
-273
-206
-169
-133
-85
-41
-24
-35
-42
-15
50
108
133
126
110
93
72
48
27
7
-36
-106
-191
-269
-337
-412
-492
-548
-547
-507
-478
-483
-483
-435
-377
-376
-438
-481
-459
-410
-376
-344
-287
-220
-160
-92
13
126
205
229
204
152
94
71
98
142
154
114
47
-19
-59
-38
58
187
259
244
184
137
127
147
175
186
169
140
124
118
104
73
23
-21
-40
-24
6
16
-22
-88
-161
-234
-304
-359
-368
-330
-255
-180
-130
-123
-154
-195
-234
-267
-285
-252
-168
-55
47
119
154
146
108
53
20
55
189
376
522
566
532
493
502
569
641
647
556
412
273
164
82
11
-60
-127
-177
-202
-216
-239
-276
-308
-323
-325
-343
-367
-352
-269
-146
-35
33
46
12
-40
-56
6
139
273
353
362
334
288
235
187
164
165
149
99
36
-8
-32
-66
-120
-179
-221
-230
-187
-74
100
281
399
428
403
373
353
323
278
229
207
229
279
327
342
337
334
338
315
239
111
-30
-129
-157
-132
-93
-49
-2
33
32
8
-12
-14
-5
10
8
-17
-57
-91
-100
-84
-49
-29
-57
-117
-158
-155
-134
-111
-99
-110
-175
-290
-397
-428
-396
-360
-348
-335
-298
-249
-215
-194
-176
-151
-105
-45
13
53
83
120
160
174
137
43
-80
-196
-271
-286
-260
-217
-194
-205
-257
-335
-429
-533
-617
-658
-642
-599
-545
-483
-410
-330
-259
-208
-183
-169
-145
-99
-50
-19
-21
-53
-93
-110
-93
-58
-15
38
108
194
297
409
475
448
331
194
105
101
158
226
253
227
173
124
83
72
115
213
332
404
411
367
325
315
349
418
497
572
619
628
597
550
501
446
378
331
327
352
361
315
227
112
-5
-118
-210
-247
-222
-156
-97
-55
-31
-18
-6
11
34
33
-17
-104
-171
-179
-139
-103
-110
-170
-258
-325
-333
-304
-295
-347
-432
-509
-537
-512
-457
-388
-314
-244
-194
-151
-84
5
94
143
129
62
-2
1
68
144
176
171
157
148
145
141
141
142
138
116
73
20
-28
-66
-105
-143
-182
-224
-281
-342
-368
-335
-274
-266
-322
-357
-261
-37
190
302
278
175
69
23
53
132
217
289
335
327
265
183
128
98
71
27
-15
-31
-5
47
93
114
131
177
237
251
170
31
-83
-108
-46
58
163
240
280
296
312
335
359
365
353
329
302
269
230
193
167
150
153
178
205
205
162
83
-7
-79
-122
-159
-221
-315
-412
-485
-531
-561
-591
-619
-643
-635
-579
-474
-348
-248
-186
-157
-130
-94
-50
-18
-15
-54
-127
-184
-196
-162
-113
-61
-8
30
38
9
-56
-140
-196
-186
-121
-61
-37
-41
-26
10
23
-25
-105
-147
-115
-32
57
126
146
89
-17
-105
-120
-76
-20
16
18
-11
-49
-66
-46
-26
-49
-122
-199
-227
-199
-122
-32
44
79
82
102
167
251
301
284
208
112
49
51
81
75
17
-32
-14
78
223
384
517
574
542
456
364
293
261
280
331
358
322
240
168
129
124
150
190
219
212
192
185
205
243
280
307
325
327
306
274
252
248
230
179
114
74
67
80
99
122
121
62
-40
-121
-131
-92
-85
-150
-246
-300
-294
-271
-277
-311
-358
-401
-425
-423
-398
-351
-268
-169
-116
-150
-239
-322
-368
-386
-411
-462
-535
-583
-568
-492
-395
-319
-269
-236
-197
-144
-91
-62
-62
-55
-22
19
39
42
65
117
162
172
141
81
-8
-107
-175
-187
-164
-151
-170
-220
-303
-402
-479
-496
-449
-379
-325
-305
-301
-296
-271
-218
-148
-80
-34
6
63
123
160
176
188
197
193
183
175
169
159
167
225
334
455
555
613
602
511
389
323
349
422
473
474
442
392
318
212
86
-29
-96
-100
-47
23
78
131
210
323
427
491
519
525
507
460
404
356
293
212
143
133
150
121
24
-91
-163
-154
-59
88
221
290
294
267
248
226
175
82
-19
-74
-76
-54
-36
-26
-18
-19
-48
-127
-251
-390
-487
-517
-491
-462
-474
-539
-607
-613
-549
-448
-360
-302
-264
-224
-173
-122
-76
-14
88
212
324
379
360
286
225
232
285
314
276
196
130
114
130
125
58
-60
-175
-261
-330
-407
-490
-553
-563
-504
-405
-318
-295
-341
-418
-461
-434
-355
-285
-274
-303
-315
-287
-232
-160
-62
65
183
238
225
175
118
55
4
-11
13
44
41
9
-36
-82
-136
-182
-206
-207
-218
-257
-305
-331
-332
-326
-308
-260
-184
-88
3
87
142
178
207
250
317
391
446
460
442
422
421
417
383
304
204
122
89
102
130
148
157
161
157
137
112
91
79
81
97
107
93
69
62
76
80
65
59
82
105
108
94
86
73
46
14
-12
-28
-43
-50
-52
-54
-51
-22
55
169
272
323
333
334
356
399
455
496
493
451
423
447
490
496
458
415
389
372
348
306
258
220
208
206
190
165
140
107
39
-74
-198
-277
-278
-220
-157
-130
-141
-177
-225
-267
-294
-318
-368
-436
-481
-463
-396
-328
-288
-277
-289
-297
-254
-144
-17
58
72
82
125
169
152
48
-109
-245
-317
-327
-329
-372
-458
-541
-560
-496
-382
-279
-222
-208
-218
-244
-278
-302
-303
-297
-290
-295
-327
-416
-552
-669
-729
-722
-673
-601
-533
-502
-509
-514
-461
-346
-238
-213
-278
-356
-358
-277
-169
-95
-62
-47
-15
52
143
231
290
305
270
210
170
197
279
386
486
551
556
515
489
512
546
540
484
415
352
299
253
211
157
86
13
-49
-67
-26
75
175
227
252
293
378
468
546
604
637
638
601
545
489
437
387
337
281
216
164
171
243
318
307
197
53
-43
-38
65
235
400
503
526
498
454
412
391
392
392
363
294
196
85
-2
-20
8
10
-79
-207
-254
-156
1
61
-60
-295
-493
-516
-369
-203
-191
-353
-513
-499
-308
-83
40
43
-16
-66
-82
-68
-45
-34
-64
-143
-259
-369
-425
-404
-296
-138
-10
-4
-147
-355
-499
-511
-440
-377
-357
-354
-368
-428
-550
-655
-609
-351
6
246
225
-11
-287
-449
-465
-392
-304
-237
-195
-142
-61
25
70
36
-71
-233
-412
-570
-652
-622
-503
-374
-327
-413
-612
-829
-930
-818
-505
-108
258
554
805
1021
1172
1247
1298
1411
1599
1788
1882
1827
1611
1266
878
540
297
117
-90
-413
-875
-1401
-1863
-2154
-2254
-2205
-2082
-1931
-1742
-1495
-1200
-879
-515
-67
496
1107
1640
1969
2082
2071
2013
1927
1787
1610
1414
1209
997
774
533
283
89
45
191
490
842
1141
1326
1433
1544
1604
1327
412
-1031
-2387
-2980
-2702
-2165
-2198
-3088
-4325
-5077
-4934
-4166
-3304
-2643
-2097
-1464
-694
70
721
1420
2441
3763
4859
5146
4548
3589
2849
2438
2009
1223
156
-819
-1455
-1869
-2266
-2553
-2393
-1597
-334
1076
2381
3482
4373
5187
6056
6804
6798
5391
2715
-90
-1693
-1798
-1444
-2018
-3911
-6225
-7647
-7646
-6759
-5856
-5269
-4652
-3599
-2147
-646
788
2456
4650
7063
8813
9173
8268
6945
5912
5112
3942
1977
-655
-3477
-5991
-7802
-8732
-8999
-9140
-9522
-9950
-9763
-8436
-6108
-3482
-1202
620
2213
3717
5109
6419
7752
9087
10169
10702
10634
10196
9597
8734
7243
4851
1640
-1819
-4698
-6439
-7206
-7687
-8450
-9479
-10205
-10017
-8745
-6827
-4897
-3291
-1970
-795
393
1829
3654
5693
7502
8654
8926
8368
7277
5999
4638
3042
1043
-1354
-3917
-6211
-7800
-8548
-8706
-8611
-8419
-8079
-7407
-6102
-3949
-1139
1669
3726
4783
5287
6002
7289
8751
9634
9576
8973
8514
8405
8036
6543
3657
93
-2930
-4648
-5338
-6018
-7416
-9280
-10620
-10627
-9312
-7411
-5762
-4677
-3798
-2565
-739
1503
3795
5802
7306
8315
8979
9388
9462
9008
7835
5845
3185
286
-2361
-4494
-6128
-7449
-8659
-9760
-10440
-10293
-9214
-7544
-5796
-4246
-2700
-725
1795
4345
6201
7118
7509
7947
8577
9089
9195
9068
9069
9041
8127
5616
1905
-1501
-3228
-3289
-3156
-4359
-6946
-9396
-10062
-8649
-6330
-4624
-4127
-4214
-3801
-2314
8
2460
4356
5377
5739
6018
6668
7592
8179
7711
5881
3088
233
-1969
-3494
-4817
-6330
-8007
-9532
-10529
-10686
-9846
-8165
-6153
-4418
-3158
-1925
-28
2717
5603
7529
7972
7508
7270
7879
8921
9543
9365
8635
7603
6047
3648
659
-1918
-3186
-3304
-3498
-4836
-7090
-8916
-9132
-7797
-6041
-4967
-4715
-4562
-3728
-2024
152
2236
3840
4900
5623
6273
6956
7494
7523
6731
5103
2938
647
-1505
-3461
-5234
-6821
-8142
-9081
-9521
-9421
-8797
-7691
-6191
-4507
-2825
-1057
1076
3608
5994
7461
7751
7500
7685
8630
9631
9737
8806
7539
6460
5162
2849
-447
-3472
-4895
-4774
-4622
-5814
-8054
-9628
-9175
-7025
-4811
-3814
-3875
-3779
-2557
-318
2018
3603
4334
4781
5597
6915
8246
8858
8307
6692
4516
2330
394
-1382
-3268
-5398
-7570
-9303
-10196
-10176
-9488
-8432
-7180
-5792
-4271
-2572
-571
1815
4366
6499
7626
7720
7459
7675
8555
9382
9287
8186
6872
5948
4974
2981
-90
-2900
-4020
-3603
-3378
-4767
-7254
-8831
-8135
-5882
-4080
-3918
-4688
-4763
-3325
-1006
991
2086
2668
3439
4645
5933
6807
7020
6574
5567
4114
2407
607
-1231
-3152
-5116
-6886
-8139
-8725
-8775
-8537
-8135
-7458
-6309
-4630
-2585
-380
1890
4130
6089
7457
8199
8622
9076
9553
9657
9094
8083
7119
6188
4523
1521
-2122
-4668
-5080
-4270
-4257
-6027
-8502
-9704
-8738
-6533
-4791
-4382
-4769
-4732
-3482
-1180
1326
3173
4084
4505
5176
6421
7808
8492
7936
6310
4263
2347
621
-1184
-3253
-5425
-7368
-8808
-9635
-9859
-9565
-8885
-7899
-6604
-4971
-2996
-678
1944
4595
6754
8022
8551
8936
9613
10396
10660
10055
8913
7815
6748
4950
1896
-1686
-4206
-4840
-4501
-4940
-6843
-9088
-9829
-8347
-5731
-3830
-3560
-4216
-4273
-2771
-74
2495
3794
3819
3637
4317
5917
7543
8252
7747
6352
4548
2659
776
-1120
-3049
-5006
-6918
-8568
-9635
-9941
-9637
-9055
-8329
-7287
-5685
-3508
-967
1687
4234
6388
7853
8598
8995
9478
10061
10302
9849
8858
7763
6625
4898
2095
-1322
-3991
-4914
-4623
-4790
-6463
-8841
-10002
-8868
-6335
-4382
-4114
-4778
-4676
-2908
-143
2164
3156
3237
3501
4677
6513
8129
8786
8382
7264
5821
4256
2600
763
-1398
-3883
-6415
-8489
-9693
-9988
-9755
-9473
-9269
-8760
-7400
-4993
-1937
1020
3356
5071
6474
7776
8977
9966
10546
10444
9570
8311
7287
6663
5700
3373
-392
-4140
-6058
-5808
-5004
-5555
-7634
-9479
-9256
-7026
-4679
-3945
-4597
-4888
-3505
-904
1357
2251
2197
2450
3802
5911
7742
8490
8056
6838
5276
3655
2059
399
-1537
-3836
-6268
-8286
-9355
-9391
-8901
-8561
-8490
-8059
-6512
-3792
-684
1846
3517
4839
6397
8128
9385
9678
9096
8099
7098
6355
6017
5977
5623
4008
755
-3064
-5348
-4927
-3019
-2291
-4130
-7127
-8482
-6882
-3806
-1915
-2424
-4137
-4919
-3717
-1240
993
1962
1869
1822
2896
5199
7729
9154
8821
7137
5088
3481
2413
1360
-375
-3012
-6010
-8312
-9150
-8763
-8181
-8207
-8517
-8023
-6037
-3060
-288
1535
2749
4182
6065
7726
8359
7912
7044
6480
6447
6659
6643
6133
5084
3428
1159
-1183
-2563
-2485
-1823
-2190
-4201
-6682
-7692
-6501
-4362
-3302
-4062
-5481
-5796
-4322
-1889
140
1042
1254
1850
3557
6070
8310
9228
8533
6775
4873
3415
2197
499
-2144
-5352
-8119
-9578
-9693
-9245
-9094
-9295
-9021
-7437
-4567
-1271
1502
3379
4695
6004
7445
8562
8764
7942
6589
5418
4859
4822
4882
4638
3793
2168
-89
-2170
-3035
-2499
-1702
-2162
-4185
-6457
-7207
-5956
-3966
-3015
-3631
-4714
-4737
-3180
-834
1087
1955
2168
2717
4300
6590
8401
8610
7081
4736
2732
1449
240
-1777
-4694
-7564
-9271
-9501
-8940
-8510
-8473
-8215
-6883
-4219
-867
2075
3916
4872
5750
7022
8284
8629
7604
5710
3999
3200
3216
3462
3509
3341
3006
2262
838
-887
-1846
-1388
-338
-439
-2491
-5309
-6763
-5908
-3893
-2788
-3481
-4911
-5240
-3659
-1009
1186
2090
2192
2681
4278
6494
8106
8207
6891
4918
2970
1202
-712
-3082
-5767
-8130
-9571
-10001
-9815
-9380
-8684
-7388
-5234
-2411
503
3007
5007
6628
7846
8405
8169
7308
6138
4851
3503
2270
1469
1303
1638
2174
2586
2448
1322
-512
-1754
-1289
206
563
-1523
-4804
-6567
-5462
-2927
-1674
-2806
-4781
-5186
-3248
-354
1571
1860
1403
1622
3195
5543
7320
7442
5898
3631
1697
367
-984
-3085
-5840
-8303
-9549
-9487
-8724
-7845
-6941
-5702
-3812
-1244
1648
4294
6243
7342
7682
7478
6961
6244
5235
3841
2220
820
91
181
867
1771
2544
2776
2063
479
-977
-1132
-7
840
-153
-2825
-5226
-5497
-3755
-1972
-1913
-3350
-4539
-4070
-2153
-109
936
1015
1124
2204
4178
6004
6597
5644
3654
1396
-628
-2428
-4273
-6239
-7970
-9042
-9344
-9046
-8266
-7013
-5305
-3203
-798
1736
4124
6095
7410
7934
7685
6893
5818
4627
3398
2211
1160
366
19
394
1603
3243
4277
3651
1424
-791
-1089
669
2371
1611
-1701
-5084
-5824
-3689
-1096
-644
-2523
-4567
-4659
-2694
-311
949
869
472
972
2778
5093
6458
5848
3526
797
-1095
-1976
-2709
-4169
-6298
-8123
-8700
-7917
-6490
-5221
-4315
-3241
-1351
1369
4130
5984
6589
6341
5891
5520
5000
3934
2291
574
-561
-838
-488
186
1141
2411
3640
4111
3433
2181
1573
2158
3053
2657
442
-2321
-3678
-2937
-1378
-973
-2419
-4509
-5454
-4573
-2732
-1277
-860
-1001
-638
965
3439
5423
5605
3872
1449
-237
-793
-1099
-2254
-4422
-6625
-7666
-7168
-5843
-4792
-4480
-4300
-3165
-682
2347
4529
5097
4452
3655
3410
3530
3288
2201
556
-814
-1197
-522
747
2156
3593
5015
5964
5766
4450
3178
3150
4054
4106
1995
-1495
-4128
-4431
-3125
-2283
-3228
-5311
-6756
-6361
-4410
-2154
-720
-297
-83
980
3091
5189
5795
4438
2151
471
-14
-146
-1185
-3460
-6024
-7567
-7518
-6389
-5248
-4821
-4885
-4384
-2475
502
3116
4128
3604
2772
2740
3405
3696
2777
1004
-433
-581
498
2006
3261
4238
5279
6346
6762
5929
4266
3037
2974
3280
2389
-239
-3363
-5076
-4675
-3395
-3147
-4554
-6321
-6650
-5043
-2621
-875
-288
-113
769
2696
4835
5875
5234
3514
1876
969
453
-565
-2600
-5198
-7266
-7969
-7412
-6447
-5907
-5823
-5409
-3856
-1254
1380
2990
3351
3119
3091
3459
3671
3097
1821
728
667
1629
2818
3560
4020
4886
6401
7724
7596
5707
3333
2202
2657
3155
1861
-1284
-4341
-5281
-4114
-2801
-3157
-4960
-6351
-5853
-3752
-1624
-694
-822
-780
484
2844
4983
5517
4197
2132
753
510
478
-643
-3138
-5877
-7336
-7001
-5740
-4942
-5172
-5691
-5178
-3086
-204
2019
2683
2094
1361
1381
2127
2818
2714
1869
1090
1279
2578
4259
5482
6154
6857
7751
7995
6648
4170
2321
2192
2734
1792
-1307
-4798
-6263
-5218
-3562
-3516
-5350
-7245
-7261
-5193
-2603
-1186
-1263
-1619
-746
1700
4450
5681
4665
2436
781
512
784
85
-2120
-4859
-6669
-7007
-6457
-5893
-5675
-5555
-5019
-3612
-1411
846
2164
2171
1485
1192
1812
2827
3246
2710
1877
1720
2531
3774
4799
5546
6394
7395
7885
7063
5029
3033
2334
2742
2617
559
-2908
-5651
-5972
-4340
-2943
-3498
-5559
-7026
-6324
-3917
-1662
-892
-1205
-1054
626
3301
5276
5264
3619
2002
1708
2370
2341
472
-2619
-5093
-5737
-5083
-4612
-5093
-5905
-5915
-4646
-2613
-724
373
635
495
590
1366
2636
3601
3504
2573
1945
2548
4068
5401
5905
6049
6641
7699
8211
7180
4799
2457
1403
1409
1031
-865
-3770
-5997
-6213
-4856
-3760
-4363
-6117
-7055
-5917
-3403
-1322
-667
-786
-235
1572
3735
4801
4291
3045
2242
2155
2013
860
-1389
-3777
-5182
-5398
-5267
-5610
-6315
-6534
-5719
-4163
-2613
-1532
-850
-242
467
1269
2103
2849
3234
3054
2583
2457
3064
4101
4987
5545
6158
7079
7833
7477
5678
3262
1639
1397
1661
880
-1568
-4547
-6188
-5686
-4205
-3678
-4910
-6712
-7125
-5404
-2727
-920
-603
-794
-120
1730
3767
4675
4109
2941
2320
2406
2255
900
-1535
-3891
-5082
-5075
-4788
-5073
-5868
-6323
-5725
-4173
-2443
-1216
-589
-163
442
1303
2237
2935
3107
2729
2260
2401
3379
4625
5371
5531
5695
6212
6637
6201
4759
2999
1849
1511
1279
194
-1901
-4025
-4931
-4301
-3190
-3009
-4086
-5252
-5078
-3404
-1470
-519
-564
-578
305
1942
3373
3764
3172
2380
2044
1978
1440
-42
-2111
-3888
-4739
-4794
-4695
-4899
-5268
-5242
-4369
-2732
-952
274
690
688
970
1926
3180
3862
3464
2459
1927
2533
3839
4791
4846
4523
4701
5493
6126
5780
4458
2858
1756
1334
1053
75
-1841
-3873
-4806
-4261
-3248
-3124
-4177
-5253
-5012
-3374
-1551
-692
-773
-861
-201
1113
2360
2886
2647
2128
1763
1440
695
-674
-2289
-3546
-4189
-4478
-4837
-5323
-5555
-5095
-3923
-2519
-1502
-1115
-1006
-532
570
1885
2666
2520
1760
1156
1332
2237
3214
3619
3474
3411
3994
5082
6002
6137
5367
4006
2602
1673
1239
676
-720
-2679
-4036
-3940
-2952
-2480
-3206
-4311
-4369
-2976
-1188
-369
-754
-1348
-1029
359
1970
2745
2381
1527
1110
1344
1495
690
-1114
-3010
-4027
-4015
-3705
-3846
-4389
-4596
-3965
-2860
-2045
-1777
-1544
-771
409
1272
1348
914
622
792
1242
1648
1931
2253
2826
3692
4660
5444
5933
6260
6363
5806
4238
2217
872
673
727
-172
-1999
-3442
-3409
-2375
-1758
-2332
-3368
-3640
-2802
-1629
-1003
-1027
-1145
-815
70
1202
2054
2241
1803
1214
867
661
82
-1116
-2455
-3122
-2877
-2393
-2473
-3104
-3543
-3246
-2404
-1558
-991
-621
-321
-150
-173
-297
-295
-49
395
953
1582
2276
3052
3934
4826
5556
6065
6486
6773
6459
5096
3036
1452
1144
1556
1254
-388
-2402
-3277
-2696
-1887
-2208
-3661
-4939
-4894
-3663
-2411
-2103
-2635
-3002
-2213
-252
1722
2338
1396
157
-5
842
1271
197
-1788
-3025
-2645
-1526
-1218
-2182
-3351
-3463
-2446
-1382
-1223
-1863
-2441
-2329
-1710
-1182
-1041
-925
-280
943
2185
2971
3480
4244
5382
6344
6571
6186
5866
5926
5818
4763
2839
1137
560
736
378
-1110
-2858
-3568
-3093
-2613
-3203
-4609
-5546
-5143
-3846
-2894
-2968
-3510
-3352
-1971
-42
1229
1249
589
344
944
1676
1531
414
-754
-1110
-791
-650
-1232
-2195
-2735
-2519
-2007
-1922
-2394
-2904
-2886
-2302
-1574
-1076
-772
-295
606
1796
2896
3684
4224
4718
5248
5721
6043
6314
6662
6910
6571
5393
3808
2691
2464
2539
1847
19
-2022
-3020
-2778
-2447
-3121
-4524
-5347
-4857
-3719
-3095
-3277
-3482
-2907
-1635
-442
144
277
433
782
1157
1333
1221
857
368
-33
-252
-422
-811
-1510
-2306
-2826
-2933
-2889
-3066
-3415
-3476
-2934
-2034
-1302
-938
-597
231
1578
2864
3493
3515
3546
4091
5050
5926
6317
6207
5916
5734
5631
5241
4310
3131
2231
1662
803
-791
-2677
-3900
-4089
-3912
-4279
-5282
-6071
-5817
-4654
-3506
-3119
-3362
-3451
-2762
-1359
22
627
371
-1
317
1232
1789
1266
63
-786
-806
-598
-1010
-2147
-3293
-3750
-3493
-3075
-2997
-3222
-3263
-2729
-1785
-900
-335
97
680
1488
2342
3060
3642
4256
5003
5759
6303
6616
6904
7288
7576
7327
6282
4655
3146
2256
1662
489
-1553
-3617
-4591
-4298
-3745
-4019
-5176
-6128
-5889
-4661
-3598
-3449
-3805
-3717
-2794
-1515
-574
-130
230
890
1717
2231
2170
1701
1197
829
513
44
-649
-1433
-2092
-2523
-2821
-3095
-3341
-3461
-3423
-3240
-2881
-2275
-1475
-693
-87
447
1228
2457
3949
5200
5825
5915
5954
6372
7180
7932
8031
7176
5637
4021
2784
1948
1173
66
-1423
-2781
-3375
-3211
-3057
-3581
-4592
-5274
-5098
-4314
-3628
-3508
-3775
-3834
-3271
-2232
-1228
-666
-482
-235
438
1328
1782
1462
786
445
612
805
515
-240
-1039
-1580
-1944
-2353
-2841
-3248
-3475
-3502
-3261
-2680
-1827
-874
138
1321
2677
3957
4850
5316
5646
6101
6597
6781
6504
6010
5573
5111
4310
3117
1844
885
346
31
-357
-973
-1695
-2311
-2687
-2926
-3243
-3822
-4547
-5018
-4932
-4448
-4031
-3892
-3815
-3436
-2629
-1569
-571
161
652
1089
1557
1907
1919
1547
1021
597
299
-163
-1025
-2165
-3150
-3663
-3753
-3725
-3805
-3913
-3759
-3103
-2012
-788
248
1016
1646
2329
3117
3907
4581
5066
5333
5356
5199
4964
4707
4409
4086
3784
3466
3014
2349
1634
1147
947
681
-46
-1153
-2117
-2561
-2618
-2746
-3250
-3987
-4585
-4843
-4924
-4991
-4895
-4361
-3444
-2527
-1839
-1225
-374
755
1907
2701
2896
2531
1864
1148
440
-352
-1276
-2096
-2491
-2436
-2365
-2633
-2987
-2773
-1825
-822
-512
-761
-609
584
2321
3466
3487
2995
3002
3767
4596
4635
3823
2964
2902
3646
4426
4549
4095
3644
3500
3390
2854
1859
782
-10
-517
-979
-1589
-2285
-2852
-3247
-3612
-3994
-4149
-3947
-3660
-3682
-3956
-3970
-3302
-2103
-954
-263
104
540
1095
1432
1247
632
-79
-567
-728
-726
-847
-1200
-1565
-1697
-1620
-1609
-1815
-2028
-1864
-1185
-375
17
-135
-329
30
968
1852
2025
1534
1103
1417
2361
3164
3233
2808
2660
3259
4281
4903
4579
3569
2662
2312
2196
1751
859
-125
-875
-1288
-1447
-1537
-1771
-2274
-2968
-3540
-3584
-3006
-2282
-2047
-2371
-2692
-2529
-2013
-1559
-1367
-1320
-1270
-1170
-1046
-939
-826
-681
-552
-546
-648
-701
-573
-297
-51
-43
-359
-837
-1164
-1127
-792
-423
-249
-290
-333
-145
317
924
1479
1805
1867
1867
2173
2929
3839
4380
4343
4061
4063
4469
4760
4358
3342
2408
1935
1548
782
-192
-809
-895
-738
-606
-427
-68
309
319
-182
-865
-1316
-1571
-2031
-2888
-3853
-4508
-4741
-4724
-4633
-4454
-4048
-3309
-2307
-1287
-510
-76
122
264
438
540
404
7
-467
-827
-1114
-1466
-1874
-2060
-1803
-1194
-605
-347
-365
-289
243
1211
2178
2642
2511
2234
2373
2969
3435
3147
2230
1465
1449
1924
2135
1718
1088
971
1579
2366
2650
2474
2473
2956
3424
3269
2520
1738
1288
937
171
-1199
-2698
-3715
-4168
-4538
-5126
-5714
-5878
-5425
-4484
-3407
-2600
-2141
-1676
-834
186
757
515
-147
-484
-229
117
-71
-714
-1103
-775
-63
346
261
159
536
1267
1731
1575
1140
1007
1226
1244
641
-336
-1056
-1218
-1047
-907
-852
-621
-14
892
1861
2742
3492
4130
4672
5113
5448
5595
5373
4682
3854
3439
3499
3381
2513
1107
-111
-682
-835
-1247
-2359
-3787
-4660
-4598
-4147
-4081
-4570
-5168
-5386
-5142
-4756
-4584
-4574
-4310
-3506
-2357
-1306
-586
-71
559
1455
2408
2964
2888
2384
1866
1525
1215
648
-289
-1373
-2203
-2502
-2325
-2014
-1936
-2167
-2367
-2105
-1300
-289
475
817
920
1165
1731
2416
2857
2926
2880
3056
3531
4017
4175
3977
3813
4031
4420
4364
3617
2817
2752
3353
3638
2859
1373
205
-172
-403
-1440
-3301
-4947
-5562
-5460
-5606
-6341
-7091
-7068
-6067
-4615
-3471
-2964
-2637
-1764
-212
1277
1839
1394
698
505
782
856
265
-675
-1266
-1207
-855
-700
-831
-895
-563
93
670
865
776
729
914
1221
1418
1350
1055
728
551
538
596
716
973
1405
1978
2658
3379
3999
4435
4707
4847
4836
4738
4591
4239
3451
2518
2112
2398
2578
1797
357
-610
-455
124
-96
-1499
-3105
-3634
-2980
-2349
-2887
-4412
-5752
-6009
-5330
-4565
-4438
-4927
-5340
-4969
-3786
-2475
-1709
-1486
-1155
-236
931
1495
1144
522
430
853
1080
684
5
-368
-346
-354
-695
-1185
-1457
-1405
-1171
-840
-422
-15
238
416
809
1494
2078
2064
1488
990
1121
1675
1947
1633
1216
1332
2006
2744
3233
3664
4266
4837
4969
4759
4835
5476
5968
5324
3574
1852
1091
963
314
-1480
-3749
-5239
-5469
-5199
-5441
-6304
-6999
-6819
-5811
-4631
-3915
-3763
-3665
-3059
-1967
-1017
-726
-949
-1136
-983
-700
-644
-833
-918
-616
-48
457
733
854
932
985
1015
1022
959
738
350
-87
-390
-478
-443
-470
-609
-675
-473
-46
353
591
766
1047
1504
2080
2662
3086
3229
3157
3177
3545
4185
4693
4788
4601
4530
4800
5294
5778
6064
6004
5454
4521
3563
2853
2220
1221
-326
-2030
-3259
-3863
-4395
-5513
-7121
-8403
-8713
-8248
-7731
-7595
-7577
-7012
-5559
-3626
-2063
-1313
-1041
-619
124
812
1051
886
757
992
1443
1632
1329
836
651
893
1220
1282
1149
1210
1597
1913
1636
756
-176
-674
-814
-1021
-1527
-2131
-2446
-2273
-1697
-920
-69
770
1494
2088
2692
3437
4254
5022
5755
6544
7346
7973
8266
8166
7706
6985
6169
5339
4410
3194
1687
219
-805
-1346
-1882
-2923
-4412
-5721
-6415
-6808
-7576
-8841
-9931
-10140
-9480
-8592
-7999
-7670
-7175
-6173
-4736
-3300
-2242
-1532
-790
279
1515
2468
2865
2933
3104
3493
3787
3621
3022
2363
1991
1916
1861
1565
1027
470
145
75
108
75
-86
-332
-561
-669
-658
-615
-558
-364
46
540
932
1247
1733
2537
3493
4281
4793
5203
5767
6547
7372
7983
8268
8306
8178
7816
7091
6039
4781
3446
2057
650
-758
-2144
-3471
-4745
-5967
-7095
-7947
-8431
-8669
-8953
-9413
-9845
-9869
-9245
-8135
-6879
-5671
-4406
-2976
-1473
-88
1131
2309
3552
4805
5798
6329
6457
6486
6579
6538
6054
5071
3892
2823
1935
1056
78
-874
-1591
-2087
-2649
-3452
-4280
-4695
-4523
-4067
-3789
-3835
-3869
-3492
-2691
-1852
-1307
-967
-476
395
1510
2559
3387
4122
4954
5864
6661
7202
7510
7666
7713
7566
7080
6177
5023
3939
3125
2436
1511
167
-1383
-2673
-3516
-4212
-5208
-6484
-7525
-7932
-7899
-7925
-8156
-8242
-7786
-6789
-5567
-4437
-3505
-2667
-1734
-580
702
1877
2786
3502
4194
4863
5303
5290
4837
4127
3328
2444
1401
176
-1144
-2348
-3218
-3647
-3762
-3834
-4059
-4421
-4708
-4725
-4460
-4142
-4010
-4037
-3916
-3386
-2561
-1789
-1239
-651
298
1514
2503
2911
2995
3355
4305
5536
6476
6887
7098
7589
8448
9246
9520
9258
8898
8792
8783
8371
7237
5598
3970
2690
1615
321
-1358
-3063
-4249
-4844
-5333
-6206
-7387
-8358
-8751
-8665
-8486
-8426
-8352
-7958
-7097
-5917
-4705
-3635
-2650
-1625
-513
570
1469
2096
2464
2628
2552
2165
1514
857
390
9
-561
-1430
-2391
-3129
-3534
-3806
-4214
-4737
-5063
-4936
-4441
-3844
-3266
-2625
-1800
-838
119
964
1747
2581
3447
4198
4736
5168
5658
6253
6882
7488
8072
8627
9108
9416
9450
9189
8762
8320
7842
7157
6188
5138
4272
3572
2711
1491
159
-908
-1709
-2647
-3936
-5319
-6388
-7063
-7632
-8347
-9139
-9691
-9808
-9613
-9413
-9320
-9148
-8631
-7701
-6570
-5520
-4643
-3763
-2667
-1431
-325
456
971
1344
1646
1900
2118
2284
2359
2352
2280
2112
1792
1358
926
553
212
-83
-221
-169
-69
-102
-277
-410
-359
-199
-140
-239
-237
144
851
1477
1799
2050
2636
3581
4493
5024
5209
5358
5661
6063
6419
6670
6806
6806
6692
6527
6290
5795
4909
3819
2897
2289
1668
615
-875
-2282
-3125
-3561
-4196
-5328
-6502
-7087
-7021
-6827
-6935
-7234
-7338
-7067
-6605
-6217
-5969
-5735
-5346
-4727
-3883
-2906
-1939
-1093
-305
631
1774
2859
3492
3569
3386
3292
3358
3350
3031
2434
1855
1542
1400
1099
447
-383
-1028
-1312
-1413
-1675
-2224
-2807
-3014
-2711
-2169
-1764
-1578
-1364
-908
-321
66
112
39
219
805
1644
2469
3108
3621
4176
4886
5655
6289
6711
7025
7375
7704
7789
7474
6927
6482
6249
5975
5372
4487
3573
2726
1748
516
-797
-1881
-2673
-3451
-4473
-5639
-6524
-6904
-7034
-7376
-8012
-8550
-8614
-8266
-7918
-7838
-7910
-7770
-7151
-6103
-4919
-3868
-2982
-2095
-1052
82
1042
1555
1607
1489
1496
1622
1569
1118
397
-270
-667
-874
-1086
-1350
-1481
-1304
-904
-587
-570
-702
-619
-134
549
1047
1224
1317
1674
2365
3123
3617
3838
4090
4631
5384
6071
6559
6959
7420
7922
8307
8482
8542
8608
8635
8426
7898
7172
6408
5616
4691
3582
2371
1240
268
-633
-1665
-2905
-4202
-5289
-6016
-6510
-7066
-7838
-8651
-9183
-9356
-9446
-9763
-10289
-10658
-10535
-9956
-9269
-8760
-8309
-7523
-6135
-4325
-2527
-1046
144
1256
2400
3511
4420
5030
5405
5753
6224
6702
6883
6588
5968
5331
4779
4193
3447
2630
1928
1427
1019
534
-34
-520
-773
-859
-977
-1190
-1319
-1127
-575
137
795
1364
1953
2629
3354
4046
4631
5028
5197
5196
5189
5263
5299
5084
4589
4041
3660
3359
2844
1977
962
80
-620
-1299
-2079
-2893
-3595
-4146
-4678
-5329
-6049
-6605
-6874
-7017
-7308
-7782
-8152
-8111
-7650
-7064
-6605
-6237
-5713
-4873
-3794
-2683
-1666
-706
341
1553
2838
3951
4709
5192
5655
6239
6758
6897
6557
5966
5444
5038
4537
3760
2792
1878
1120
428
-313
-1063
-1717
-2278
-2869
-3566
-4241
-4659
-4711
-4506
-4242
-3951
-3511
-2825
-2015
-1295
-715
-113
678
1592
2391
2874
3104
3336
3779
4398
4974
5362
5579
5725
5823
5798
5533
5010
4345
3699
3094
2432
1610
633
-375
-1272
-1986
-2573
-3109
-3599
-3965
-4174
-4272
-4344
-4426
-4502
-4535
-4507
-4420
-4260
-4011
-3677
-3298
-2885
-2406
-1836
-1244
-762
-442
-211
66
450
879
1224
1403
1488
1640
1892
2087
2025
1720
1365
1128
974
749
383
-38
-407
-719
-1024
-1298
-1503
-1686
-1954
-2296
-2527
-2477
-2144
-1714
-1327
-938
-390
357
1111
1672
2039
2395
2867
3383
3786
4009
4150
4314
4512
4671
4738
4727
4641
4484
4244
3933
3502
2874
2042
1129
303
-396
-1044
-1716
-2376
-2924
-3294
-3471
-3511
-3512
-3572
-3721
-3885
-3952
-3872
-3714
-3599
-3561
-3494
-3257
-2847
-2435
-2196
-2142
-2127
-2012
-1785
-1531
-1315
-1109
-812
-316
402
1242
2031
2618
2985
3218
3392
3462
3327
3002
2657
2432
2300
2150
1922
1599
1142
548
-69
-552
-871
-1150
-1487
-1809
-1953
-1876
-1730
-1677
-1682
-1570
-1237
-805
-461
-266
-100
166
543
949
1292
1548
1770
2057
2445
2848
3110
3144
2982
2729
2483
2253
1979
1632
1246
829
304
-349
-966
-1329
-1405
-1372
-1401
-1504
-1596
-1623
-1596
-1561
-1573
-1685
-1874
-2004
-1959
-1756
-1543
-1415
-1317
-1105
-725
-305
-45
-4
-53
-47
5
-1
-71
-71
138
530
943
1204
1289
1295
1325
1360
1301
1068
678
209
-261
-695
-1106
-1511
-1891
-2164
-2264
-2238
-2248
-2429
-2721
-2909
-2846
-2579
-2278
-2027
-1792
-1506
-1137
-698
-235
179
524
874
1313
1789
2152
2327
2423
2603
2872
3079
3085
2915
2753
2719
2757
2711
2537
2349
2255
2209
2081
1810
1466
1172
1003
933
845
630
291
-51
-275
-354
-367
-450
-669
-941
-1090
-1060
-997
-1066
-1264
-1396
-1312
-1045
-807
-785
-961
-1127
-1067
-775
-463
-355
-462
-584
-513
-189
259
635
796
751
608
437
246
40
-129
-267
-448
-727
-1050
-1320
-1512
-1668
-1824
-1921
-1895
-1774
-1667
-1639
-1649
-1652
-1689
-1825
-2026
-2155
-2081
-1820
-1503
-1213
-845
-241
566
1317
1774
1968
2129
2438
2818
3044
2978
2737
2584
2683
2963
3202
3197
2916
2488
2068
1672
1236
752
300
-47
-295
-483
-664
-850
-1001
-1059
-1020
-958
-939
-937
-866
-677
-436
-264
-237
-296
-295
-161
11
21
-186
-451
-544
-419
-262
-288
-529
-808
-908
-766
-502
-296
-230
-262
-276
-190
-40
23
-122
-403
-613
-652
-637
-736
-1010
-1359
-1628
-1730
-1707
-1671
-1690
-1756
-1832
-1881
-1853
-1726
-1506
-1230
-939
-680
-472
-247
86
552
1045
1434
1679
1860
2079
2334
2531
2591
2538
2469
2443
2413
2294
2080
1868
1749
1738
1757
1728
1651
1580
1534
1447
1268
1039
853
748
678
564
353
55
-262
-533
-707
-774
-747
-673
-608
-614
-706
-823
-875
-856
-834
-882
-983
-1067
-1051
-904
-695
-549
-526
-533
-432
-194
49
177
199
231
331
422
365
111
-227
-502
-698
-944
-1349
-1834
-2195
-2312
-2246
-2147
-2084
-2036
-1979
-1935
-1940
-2000
-2080
-2119
-2058
-1902
-1706
-1520
-1312
-1008
-568
-38
486
959
1425
1945
2457
2784
2827
2724
2710
2871
3053
3067
2881
2647
2495
2390
2162
1734
1242
902
790
773
660
374
28
-184
-163
-14
87
86
91
219
440
629
714
711
677
632
552
410
233
106
88
131
108
-19
-144
-162
-104
-114
-267
-490
-645
-661
-600
-593
-716
-938
-1173
-1391
-1611
-1859
-2127
-2391
-2641
-2860
-3025
-3131
-3189
-3227
-3262
-3310
-3354
-3328
-3180
-2926
-2640
-2367
-2071
-1690
-1199
-678
-238
67
294
538
866
1294
1754
2165
2506
2852
3206
3454
3481
3325
3138
3006
2884
2695
2434
2169
1974
1854
1766
1685
1658
1731
1876
2009
2070
2086
2105
2133
2112
2001
1839
1712
1637
1512
1255
907
632
535
578
630
579
431
253
87
-116
-420
-821
-1249
-1593
-1784
-1847
-1895
-2003
-2099
-2044
-1811
-1527
-1341
-1294
-1342
-1441
-1572
-1731
-1916
-2103
-2285
-2462
-2644
-2814
-2958
-3087
-3214
-3303
-3280
-3129
-2911
-2709
-2543
-2374
-2143
-1825
-1444
-1044
-641
-233
190
612
1038
1466
1853
2105
2164
2072
1946
1894
1929
2006
2084
2181
2342
2589
2880
3130
3284
3365
3413
3409
3308
3126
2917
2697
2444
2182
1978
1875
1828
1760
1638
1483
1353
1258
1143
914
519
39
-365
-596
-734
-941
-1284
-1677
-1990
-2136
-2131
-2048
-1983
-1970
-1988
-1987
-1920
-1779
-1605
-1487
-1474
-1514
-1488
-1371
-1317
-1497
-1894
-2298
-2546
-2658
-2784
-3003
-3279
-3500
-3586
-3513
-3312
-3040
-2784
-2613
-2512
-2380
-2119
-1727
-1301
-937
-660
-403
-80
332
755
1138
1549
2105
2780
3379
3741
3884
3963
4072
4176
4177
4048
3877
3753
3675
3566
3403
3237
3103
2969
2800
2615
2462
2348
2232
2096
1978
1919
1883
1769
1529
1211
914
680
486
265
-11
-287
-449
-444
-361
-380
-602
-968
-1317
-1522
-1604
-1682
-1854
-2097
-2322
-2486
-2613
-2720
-2785
-2787
-2750
-2722
-2720
-2724
-2715
-2673
-2590
-2475
-2356
-2244
-2133
-2024
-1943
-1903
-1886
-1858
-1821
-1807
-1849
-1904
-1887
-1769
-1589
-1384
-1114
-742
-299
136
527
875
1206
1521
1815
2064
2243
2348
2396
2431
2475
2505
2470
2386
2353
2472
2697
2886
2951
2945
2976
3053
3075
2921
2572
2122
1716
1415
1185
927
609
301
127
123
188
189
64
-119
-255
-291
-285
-348
-521
-722
-882
-1025
-1212
-1436
-1632
-1755
-1843
-1937
-2037
-2061
-1952
-1736
-1527
-1411
-1375
-1370
-1389
-1507
-1742
-2019
-2188
-2167
-1989
-1770
-1592
-1450
-1266
-1009
-740
-583
-601
-744
-877
-894
-795
-665
-556
-427
-207
125
521
936
1318
1624
1814
1879
1854
1795
1763
1764
1752
1698
1666
1750
1966
2208
2370
2434
2463
2472
2401
2173
1804
1402
1084
884
732
546
332
165
60
-32
-146
-240
-279
-302
-377
-527
-720
-915
-1069
-1153
-1174
-1165
-1148
-1107
-1031
-935
-856
-787
-706
-613
-538
-497
-474
-461
-454
-437
-366
-215
-6
194
314
347
319
236
92
-84
-217
-276
-320
-422
-558
-654
-684
-683
-666
-610
-516
-415
-344
-319
-372
-511
-700
-877
-1001
-1059
-1045
-968
-849
-684
-452
-189
18
120
162
190
186
115
-32
-210
-352
-409
-382
-335
-320
-319
-266
-135
50
243
421
599
802
1015
1135
1047
746
386
161
163
335
562
773
972
1177
1360
1466
1485
1480
1539
1671
1805
1867
1851
1837
1884
1976
2040
2028
1949
1848
1764
1705
1652
1564
1423
1257
1108
995
878
715
484
216
-39
-271
-526
-877
-1329
-1817
-2262
-2622
-2899
-3102
-3252
-3376
-3505
-3607
-3614
-3479
-3240
-3010
-2879
-2869
-2902
-2885
-2797
-2679
-2565
-2409
-2176
-1912
-1705
-1593
-1534
-1459
-1317
-1087
-787
-473
-211
-9
170
355
527
670
808
977
1156
1271
1269
1192
1145
1212
1402
1661
1929
2157
2311
2386
2443
2564
2761
2940
2995
2943
2892
2902
2926
2899
2825
2761
2745
2756
2734
2649
2536
2443
2370
2263
2081
1836
1568
1324
1126
966
787
549
284
63
-100
-284
-593
-1030
-1501
-1908
-2239
-2527
-2776
-2954
-3051
-3101
-3137
-3173
-3190
-3187
-3180
-3188
-3216
-3252
-3280
-3252
-3125
-2890
-2609
-2359
-2155
-1933
-1607
-1211
-869
-670
-571
-475
-363
-306
-364
-484
-535
-447
-290
-173
-109
-10
184
431
646
803
948
1096
1203
1187
1060
940
931
1026
1132
1202
1268
1405
1625
1886
2109
2270
2388
2470
2493
2450
2396
2367
2349
2323
2309
2334
2372
2373
2313
2216
2121
2049
1978
1854
1644
1364
1056
736
384
8
-335
-585
-730
-814
-878
-931
-975
-1047
-1185
-1385
-1584
-1734
-1868
-2059
-2362
-2737
-3106
-3398
-3603
-3745
-3829
-3817
-3668
-3400
-3099
-2866
-2744
-2703
-2656
-2538
-2333
-2101
-1901
-1755
-1617
-1426
-1165
-904
-728
-638
-559
-425
-246
-63
96
255
438
651
858
1031
1188
1350
1519
1660
1745
1782
1825
1934
2105
2285
2427
2537
2661
2862
3151
3461
3665
3699
3613
3523
3470
3411
3309
3187
3094
3031
2955
2825
2632
2414
2215
2054
1925
1819
1721
1609
1471
1300
1085
800
447
71
-281
-623
-999
-1392
-1722
-1942
-2101
-2278
-2485
-2662
-2765
-2821
-2897
-3038
-3229
-3406
-3520
-3591
-3681
-3795
-3860
-3786
-3556
-3259
-3029
-2923
-2861
-2715
-2476
-2253
-2113
-1994
-1791
-1498
-1218
-1044
-996
-998
-966
-860
-704
-551
-423
-275
-48
230
428
443
347
288
373
564
767
926
1042
1186
1413
1727
2063
2365
2623
2850
3038
3150
3167
3114
3054
3045
3129
3299
3510
3699
3828
3888
3878
3768
3533
3171
2727
2252
1772
1292
839
442
115
-163
-401
-591
-715
-781
-834
-930
-1102
-1328
-1570
-1813
-2067
-2337
-2604
-2814
-2908
-2865
-2745
-2636
-2595
-2608
-2627
-2620
-2605
-2625
-2691
-2762
-2806
-2825
-2806
-2733
-2619
-2519
-2459
-2401
-2294
-2124
-1899
-1624
-1330
-1087
-932
-843
-748
-597
-401
-190
35
296
582
836
1029
1196
1396
1643
1915
2164
2340
2419
2425
2428
2481
2580
2706
2862
3045
3209
3290
3304
3338
3467
3660
3813
3862
3810
3695
3525
3276
2951
2599
2280
2026
1820
1616
1389
1167
1002
896
794
630
349
-43
-454
-769
-960
-1117
-1340
-1628
-1906
-2115
-2254
-2350
-2418
-2458
-2466
-2448
-2411
-2390
-2425
-2528
-2654
-2745
-2800
-2866
-2980
-3127
-3263
-3346
-3342
-3244
-3086
-2925
-2783
-2641
-2448
-2179
-1860
-1563
-1380
-1331
-1377
-1422
-1387
-1255
-1062
-856
-658
-463
-267
-88
78
240
428
661
947
1257
1525
1729
1876
2006
2124
2209
2238
2229
2230
2296
2431
2572
2656
2681
2688
2698
2680
2612
2516
2439
2407
2390
2305
2107
1844
1633
1531
1502
1483
1448
1416
1389
1338
1228
1042
786
501
266
142
112
80
-62
-318
-574
-706
-709
-695
-770
-933
-1112
-1251
-1354
-1441
-1514
-1579
-1650
-1741
-1845
-1953
-2048
-2115
-2138
-2145
-2187
-2277
-2354
-2330
-2185
-1991
-1864
-1871
-1979
-2096
-2146
-2110
-2013
-1864
-1644
-1330
-965
-628
-365
-163
-2
131
254
403
583
781
973
1137
1254
1321
1351
1354
1343
1348
1409
1516
1626
1704
1758
1798
1814
1791
1719
1610
1468
1314
1187
1137
1196
1331
1470
1548
1562
1538
1514
1493
1453
1369
1257
1181
1166
1160
1088
932
742
564
424
322
245
163
43
-108
-245
-340
-417
-516
-637
-755
-848
-917
-972
-1012
-1041
-1053
-1057
-1051
-1022
-988
-1001
-1075
-1149
-1163
-1142
-1182
-1321
-1505
-1659
-1775
-1893
-2021
-2115
-2113
-2039
-1952
-1901
-1882
-1854
-1796
-1706
-1632
-1604
-1602
-1558
-1444
-1296
-1168
-1079
-998
-889
-741
-580
-432
-285
-112
65
183
196
141
108
164
339
597
879
1128
1347
1563
1769
1923
2014
2096
2223
2412
2613
2762
2798
2728
2636
2608
2655
2711
2732
2743
2788
2852
2880
2846
2789
2743
2707
2648
2522
2303
2001
1679
1399
1200
1054
898
685
426
166
-48
-229
-443
-757
-1159
-1557
-1888
-2165
-2437
-2684
-2816
-2786
-2637
-2468
-2361
-2359
-2446
-2577
-2701
-2823
-2985
-3177
-3326
-3376
-3358
-3341
-3354
-3343
-3249
-3068
-2868
-2712
-2594
-2480
-2350
-2204
-2038
-1863
-1713
-1605
-1480
-1266
-961
-635
-343
-67
229
534
789
982
1177
1444
1751
2023
2222
2379
2501
2568
2623
2747
2960
3186
3341
3426
3502
3631
3808
3967
4035
3995
3877
3726
3561
3396
3261
3212
3154
3014
2771
2540
2320
1979
1624
1435
1510
1501
1197
691
210
-155
-501
-749
-881
-907
-960
-1127
-1358
-1565
-1657
-1704
-1822
-2065
-2350
-2604
-2844
-3118
-3394
-3606
-3724
-3774
-3774
-3731
-3680
-3651
-3633
-3585
-3515
-3463
-3444
-3394
-3257
-3067
-2902
-2796
-2707
-2583
-2405
-2205
-2037
-1927
-1829
-1674
-1428
-1131
-812
-471
-90
308
675
990
1283
1580
1874
2123
2306
2442
2565
2709
2897
3135
3379
3558
3638
3661
3686
3729
3776
3813
3863
3927
3995
4055
4098
4128
4130
4073
3914
3645
3307
2960
2654
2391
2149
1893
1613
1324
1039
756
480
206
-68
-364
-694
-1044
-1378
-1638
-1823
-1996
-2212
-2463
-2690
-2860
-2960
-3001
-3006
-3022
-3089
-3219
-3389
-3544
-3628
-3662
-3718
-3851
-4023
-4173
-4316
-4462
-4566
-4542
-4386
-4177
-3983
-3804
-3598
-3328
-2983
-2600
-2248
-1929
-1584
-1162
-692
-251
113
422
734
1069
1403
1696
1965
2249
2569
2918
3284
3660
3985
4176
4196
4106
3985
3876
3794
3761
3767
3724
3587
3425
3378
3454
3556
3573
3501
3367
3171
2920
2649
2404
2208
2074
1999
1947
1860
1726
1586
1468
1341
1163
946
760
630
491
263
-70
-446
-804
-1105
-1339
-1534
-1718
-1883
-2001
-2091
-2242
-2515
-2891
-3287
-3623
-3870
-4053
-4222
-4411
-4600
-4717
-4703
-4564
-4372
-4177
-3975
-3749
-3512
-3310
-3145
-3004
-2852
-2637
-2320
-1923
-1543
-1229
-963
-697
-439
-209
0
228
461
658
814
963
1122
1251
1322
1357
1407
1493
1611
1745
1892
2026
2152
2304
2529
2788
2986
3064
3064
3086
3181
3316
3413
3436
3425
3434
3466
3475
3440
3375
3284
3142
2945
2706
2437
2119
1751
1394
1115
927
776
627
469
290
66
-221
-567
-947
-1316
-1633
-1879
-2066
-2220
-2374
-2555
-2743
-2909
-3046
-3166
-3276
-3361
-3424
-3487
-3564
-3654
-3731
-3742
-3654
-3514
-3398
-3341
-3283
-3168
-3005
-2851
-2727
-2613
-2458
-2224
-1940
-1673
-1474
-1302
-1084
-798
-490
-220
-8
163
325
499
701
947
1247
1598
1968
2319
2628
2888
3085
3225
3326
3411
3476
3510
3543
3602
3671
3683
3612
3488
3355
3216
3097
3035
3042
3057
3010
2918
2838
2790
2716
2565
2338
2077
1826
1608
1412
1192
931
679
491
339
127
-165
-452
-664
-838
-1058
-1325
-1579
-1783
-1935
-2037
-2090
-2148
-2261
-2418
-2539
-2574
-2563
-2577
-2666
-2785
-2869
-2867
-2804
-2742
-2726
-2755
-2803
-2858
-2883
-2829
-2672
-2466
-2290
-2192
-2156
-2160
-2187
-2191
-2104
-1877
-1561
-1253
-1017
-853
-735
-634
-532
-389
-197
46
303
536
708
804
870
958
1092
1241
1371
1499
1634
1761
1844
1900
1964
2034
2084
2107
2127
2145
2130
2051
1922
1796
1730
1748
1836
1946
2040
2113
2185
2265
2320
2323
2273
2186
2070
1913
1707
1475
1261
1074
890
696
516
390
312
239
131
-18
-184
-341
-514
-747
-1066
-1400
-1650
-1776
-1835
-1916
-2043
-2183
-2282
-2316
-2302
-2270
-2246
-2225
-2198
-2157
-2123
-2102
-2083
-2030
-1929
-1794
-1678
-1629
-1650
-1686
-1656
-1544
-1397
-1287
-1241
-1236
-1222
-1149
-1000
-805
-621
-473
-337
-164
66
329
590
846
1114
1382
1637
1870
2088
2256
2352
2388
2404
2422
2439
2460
2501
2568
2621
2627
2589
2538
2479
2389
2276
2187
2138
2072
1929
1718
1509
1369
1304
1277
1222
1101
927
757
621
487
311
92
-127
-326
-495
-629
-730
-838
-988
-1161
-1314
-1432
-1528
-1594
-1627
-1650
-1713
-1827
-1960
-2064
-2129
-2185
-2240
-2282
-2292
-2274
-2246
-2212
-2185
-2160
-2138
-2109
-2087
-2074
-2049
-1984
-1868
-1729
-1616
-1567
-1564
-1545
-1481
-1394
-1312
-1225
-1113
-986
-852
-711
-561
-411
-254
-78
100
268
414
557
711
896
1096
1266
1365
1402
1441
1535
1693
1870
2017
2129
2250
2401
2533
2570
2512
2445
2444
2499
2543
2543
2517
2495
2485
2472
2440
2383
2307
2240
2200
2162
2072
1903
1685
1467
1267
1067
852
616
372
133
-83
-272
-447
-625
-808
-989
-1171
-1349
-1498
-1582
-1619
-1687
-1855
-2107
-2344
-2476
-2493
-2436
-2357
-2290
-2260
-2257
-2249
-2241
-2275
-2356
-2430
-2444
-2400
-2326
-2221
-2096
-1983
-1904
-1813
-1655
-1432
-1219
-1080
-991
-890
-755
-615
-493
-364
-173
89
384
666
920
1151
1347
1496
1588
1650
1723
1842
2018
2237
2473
2699
2881
2997
3039
3019
2959
2887
2826
2785
2757
2732
2704
2685
2654
2573
2420
2221
2030
1871
1727
1559
1342
1094
848
636
468
327
189
22
-191
-424
-613
-721
-795
-905
-1077
-1277
-1475
-1660
-1833
-2006
-2199
-2422
-2648
-2841
-2994
-3129
-3253
-3345
-3380
-3378
-3367
-3345
-3309
-3270
-3261
-3261
-3227
-3136
-3014
-2892
-2776
-2671
-2591
-2527
-2431
-2265
-2038
-1800
-1561
-1314
-1056
-819
-616
-428
-226
6
266
565
883
1195
1487
1760
2020
2258
2474
2674
2876
3095
3318
3500
3605
3672
3773
3941
4109
4169
4088
3929
3764
3623
3497
3383
3286
3189
3058
2883
2697
2550
2445
2346
2206
2019
1790
1524
1212
875
549
242
-74
-416
-746
-1005
-1182
-1327
-1500
-1713
-1909
-2042
-2113
-2170
-2268
-2427
-2611
-2775
-2905
-3018
-3125
-3190
-3190
-3132
-3070
-3036
-3025
-3028
-3040
-3061
-3055
-2980
-2828
-2635
-2444
-2265
-2082
-1884
-1693
-1538
-1408
-1246
-1019
-754
-531
-370
-218
-1
301
634
935
1175
1374
1565
1747
1905
2043
2197
2381
2577
2765
2930
3059
3123
3129
3091
3031
2943
2840
2763
2739
2738
2699
2611
2489
2333
2135
1925
1760
1643
1523
1364
1183
1018
867
701
489
237
-38
-317
-572
-765
-869
-912
-943
-990
-1048
-1121
-1238
-1418
-1635
-1832
-1974
-2089
-2213
-2360
-2506
-2634
-2755
-2859
-2903
-2842
-2674
-2459
-2269
-2151
-2095
-2060
-2033
-2018
-2007
-1953
-1825
-1676
-1598
-1615
-1646
-1590
-1434
-1234
-1030
-832
-629
-432
-250
-95
30
147
287
467
664
843
976
1072
1169
1317
1523
1731
1879
1953
2006
2092
2220
2357
2475
2571
2660
2744
2814
2847
2833
2780
2701
2605
2491
2368
2256
2184
2168
2186
2186
2121
1969
1736
1469
1238
1081
955
795
575
312
40
-202
-382
-492
-570
-678
-861
-1109
-1354
-1530
-1625
-1680
-1727
-1773
-1826
-1888
-1946
-1975
-1978
-1974
-1980
-1992
-1997
-2012
-2062
-2158
-2256
-2312
-2320
-2316
-2340
-2397
-2461
-2493
-2478
-2424
-2333
-2193
-1991
-1739
-1471
-1227
-1036
-880
-702
-477
-252
-78
48
192
399
651
878
1026
1105
1200
1382
1642
1914
2140
2314
2444
2531
2574
2591
2585
2555
2495
2435
2393
2376
2360
2330
2277
2202
2115
2021
1921
1805
1688
1581
1477
1344
1154
925
695
488
294
96
-101
-271
-394
-472
-521
-580
-687
-829
-951
-1022
-1077
-1160
-1266
-1359
-1426
-1478
-1514
-1524
-1521
-1520
-1538
-1587
-1678
-1797
-1901
-1949
-1913
-1801
-1665
-1578
-1574
-1621
-1649
-1624
-1564
-1518
-1523
-1562
-1584
-1544
-1427
-1230
-964
-681
-442
-285
-166
-46
95
245
385
508
607
703
806
936
1075
1205
1315
1420
1542
1681
1809
1901
1961
2007
2040
2034
1996
1948
1918
1915
1938
1979
1987
1920
1787
1632
1498
1381
1264
1134
981
823
664
509
343
181
49
-27
-50
-41
-20
-10
-34
-114
-252
-427
-585
-686
-725
-743
-789
-874
-960
-996
-975
-956
-983
-1037
-1079
-1122
-1218
-1370
-1537
-1678
-1769
-1799
-1771
-1728
-1700
-1678
-1636
-1588
-1567
-1581
-1584
-1537
-1437
-1310
-1191
-1086
-970
-803
-607
-454
-386
-377
-371
-341
-274
-169
-35
109
255
378
465
524
596
701
809
890
946
1014
1103
1197
1282
1357
1414
1444
1471
1525
1582
1582
1519
1473
1522
1641
1738
1742
1658
1530
1408
1312
1218
1112
1014
957
955
987
1017
1016
979
915
821
670
462
232
29
-131
-247
-320
-356
-369
-362
-347
-355
-415
-527
-655
-780
-899
-1022
-1154
-1304
-1460
-1583
-1656
-1706
-1770
-1826
-1824
-1748
-1639
-1542
-1483
-1460
-1475
-1518
-1553
-1524
-1405
-1231
-1071
-956
-867
-769
-645
-519
-414
-364
-361
-372
-363
-314
-238
-136
-19
103
226
361
502
622
702
769
839
898
912
889
876
915
1005
1110
1193
1251
1281
1296
1324
1413
1549
1661
1673
1595
1507
1481
1521
1554
1523
1447
1387
1355
1306
1196
1029
837
658
516
418
340
264
182
106
34
-30
-97
-180
-279
-375
-460
-548
-652
-761
-852
-921
-975
-1023
-1081
-1145
-1192
-1204
-1204
-1241
-1325
-1425
-1510
-1559
-1573
-1569
-1546
-1495
-1415
-1330
-1269
-1235
-1210
-1179
-1152
-1144
-1141
-1103
-998
-847
-692
-557
-441
-345
-266
-200
-134
-62
1
56
114
183
261
361
509
692
851
945
990
1021
1052
1086
1129
1189
1243
1266
1275
1305
1367
1421
1435
1411
1354
1275
1196
1163
1196
1273
1344
1377
1365
1316
1251
1195
1145
1072
954
820
712
620
512
387
267
165
72
-3
-54
-100
-185
-319
-486
-668
-859
-1043
-1186
-1273
-1319
-1365
-1435
-1516
-1578
-1599
-1607
-1639
-1700
-1761
-1802
-1824
-1829
-1815
-1790
-1773
-1756
-1716
-1641
-1564
-1509
-1452
-1347
-1171
-964
-772
-616
-466
-279
-42
211
460
684
858
945
946
915
909
949
1008
1049
1055
1037
1019
1025
1083
1191
1334
1491
1621
1675
1629
1528
1439
1408
1425
1454
1455
1405
1316
1228
1180
1172
1167
1145
1116
1109
1106
1059
943
772
573
353
121
-91
-257
-352
-365
-331
-333
-438
-622
-809
-932
-980
-976
-971
-1009
-1101
-1221
-1327
-1389
-1420
-1454
-1508
-1553
-1549
-1495
-1439
-1405
-1372
-1314
-1255
-1257
-1322
-1403
-1417
-1348
-1211
-1044
-884
-742
-614
-490
-411
-416
-487
-529
-461
-278
-56
114
200
241
305
410
525
625
737
878
1026
1138
1209
1262
1317
1361
1369
1347
1334
1369
1444
1511
1538
1539
1543
1557
1558
1546
1553
1586
1610
1579
1503
1438
1420
1430
1395
1279
1113
961
839
715
559
395
261
173
99
-8
-175
-378
-558
-681
-761
-846
-969
-1138
-1326
-1475
-1555
-1584
-1606
-1636
-1670
-1709
-1760
-1818
-1868
-1893
-1875
-1830
-1806
-1843
-1934
-2035
-2078
-2028
-1884
-1692
-1496
-1331
-1208
-1128
-1072
-1027
-980
-910
-780
-584
-354
-155
-22
69
172
314
469
603
707
799
891
981
1054
1097
1105
1085
1078
1133
1262
1410
1506
1522
1509
1537
1618
1711
1765
1772
1755
1731
1706
1676
1631
1545
1416
1261
1129
1055
1046
1072
1065
982
837
699
588
482
335
148
-32
-166
-236
-275
-309
-359
-412
-464
-531
-630
-765
-893
-971
-974
-945
-949
-1022
-1137
-1249
-1305
-1282
-1193
-1094
-1035
-1017
-1007
-979
-943
-907
-864
-791
-688
-595
-559
-569
-578
-539
-465
-396
-352
-307
-239
-154
-75
-12
50
110
158
169
131
40
-58
-104
-67
29
135
233
326
421
524
639
758
845
868
817
722
605
485
367
283
261
289
325
340
351
370
391
404
417
433
439
435
441
465
486
481
445
386
319
274
266
281
287
265
226
176
99
-16
-142
-245
-318
-368
-407
-442
-497
-578
-667
-735
-766
-785
-815
-851
-865
-854
-845
-848
-847
-819
-786
-762
-756
-751
-748
-753
-752
-731
-669
-585
-506
-461
-443
-428
-399
-355
-311
-270
-237
-202
-164
-123
-81
-23
55
137
201
242
282
335
405
476
543
612
696
804
906
974
990
974
961
963
972
995
1047
1124
1176
1170
1110
1043
998
982
970
935
877
824
802
785
736
645
556
505
502
522
535
537
539
550
552
516
421
278
131
22
-29
-51
-87
-173
-315
-465
-568
-614
-644
-707
-819
-962
-1082
-1131
-1106
-1051
-1020
-1021
-1040
-1073
-1110
-1139
-1132
-1069
-970
-873
-810
-776
-747
-706
-653
-608
-607
-654
-707
-708
-647
-561
-482
-410
-339
-268
-194
-108
-3
98
163
164
108
26
-26
-21
29
81
108
135
198
293
392
456
481
485
486
497
498
468
405
339
305
315
362
441
562
707
837
925
974
994
991
976
954
909
824
717
607
498
398
332
303
266
189
87
-1
-64
-109
-137
-133
-100
-52
-19
-21
-69
-171
-326
-516
-680
-768
-753
-667
-561
-492
-479
-499
-517
-517
-531
-579
-653
-715
-731
-682
-596
-513
-474
-487
-530
-581
-617
-614
-556
-458
-354
-275
-235
-221
-202
-135
-3
148
263
320
340
339
314
268
215
184
193
238
315
403
483
518
504
466
446
463
490
504
499
501
513
518
506
520
572
627
633
578
499
434
420
478
574
640
640
588
535
500
490
478
433
336
202
69
-38
-130
-217
-292
-357
-416
-467
-480
-450
-395
-348
-314
-277
-235
-192
-178
-204
-246
-270
-272
-294
-349
-418
-477
-540
-602
-632
-618
-583
-557
-550
-558
-568
-567
-538
-504
-479
-454
-415
-378
-377
-427
-497
-535
-501
-407
-310
-260
-255
-246
-201
-131
-55
27
123
233
347
448
518
558
583
609
636
664
690
708
704
665
617
596
636
716
789
823
815
769
693
607
533
472
400
288
148
18
-61
-77
-47
-20
-28
-60
-71
-39
7
27
-2
-74
-178
-273
-321
-335
-361
-409
-426
-384
-343
-384
-510
-639
-714
-735
-740
-751
-767
-763
-731
-686
-666
-681
-721
-763
-783
-754
-662
-519
-357
-211
-113
-75
-103
-186
-293
-395
-441
-411
-298
-150
-8
117
239
365
466
524
537
526
509
497
504
534
592
672
749
797
804
788
756
722
707
732
773
777
731
670
633
622
624
625
617
605
588
564
526
505
519
551
546
478
372
287
262
285
299
279
243
212
176
113
28
-54
-95
-81
-51
-52
-92
-141
-188
-251
-325
-384
-410
-416
-436
-483
-555
-634
-703
-734
-715
-663
-619
-610
-625
-652
-683
-722
-762
-803
-833
-827
-764
-662
-564
-487
-410
-326
-263
-242
-241
-235
-219
-209
-197
-173
-145
-119
-93
-73
-83
-137
-211
-260
-244
-157
-26
104
183
195
166
132
105
88
98
155
232
286
305
323
356
392
393
353
301
276
284
279
234
161
110
121
179
236
263
280
326
404
465
463
387
281
187
120
70
2
-97
-219
-318
-363
-345
-300
-263
-249
-250
-252
-265
-291
-309
-296
-252
-202
-160
-153
-201
-295
-385
-427
-419
-380
-325
-266
-208
-155
-95
-26
42
109
180
265
347
402
409
379
333
301
297
314
338
364
401
453
514
583
660
735
812
876
905
870
771
649
550
484
429
370
329
320
318
281
215
161
134
121
111
111
127
143
138
91
3
-104
-185
-209
-189
-152
-136
-130
-105
-45
-4
-35
-132
-217
-225
-175
-126
-135
-195
-267
-304
-293
-246
-184
-149
-171
-262
-378
-481
-554
-612
-664
-706
-722
-677
-566
-445
-404
-463
-567
-646
-674
-653
-586
-498
-438
-443
-478
-478
-417
-329
-259
-231
-246
-284
-310
-275
-167
-51
7
-8
-37
-48
-52
-63
-62
-28
29
80
100
76
31
31
109
218
275
250
185
139
148
204
259
267
217
144
96
99
145
204
251
279
306
352
413
463
486
494
499
497
478
448
426
407
374
320
267
226
195
172
176
210
234
220
173
120
78
60
82
126
135
73
-29
-104
-109
-71
-45
-64
-103
-117
-108
-111
-157
-225
-274
-285
-268
-254
-229
-176
-113
-85
-88
-60
12
104
180
233
240
180
84
0
-37
-24
28
99
182
273
351
375
328
260
224
227
233
208
145
55
-54
-160
-239
-256
-188
-43
132
264
306
282
239
198
143
85
74
154
306
438
457
364
219
86
-24
-130
-227
-284
-261
-168
-63
-8
-17
-54
-83
-116
-164
-225
-270
-270
-214
-131
-96
-152
-279
-406
-497
-548
-561
-540
-503
-477
-480
-510
-558
-601
-610
-567
-478
-373
-288
-230
-206
-228
-292
-359
-363
-286
-184
-144
-181
-241
-259
-227
-153
-61
22
56
32
-13
-43
-48
-44
-45
-62
-81
-76
-29
47
120
166
198
236
278
323
358
386
388
348
274
199
160
172
220
273
301
302
300
323
361
385
388
371
333
266
191
137
118
127
155
193
227
253
283
308
328
331
319
287
251
228
227
227
211
162
88
5
-49
-51
-24
-5
-39
-118
-207
-255
-235
-158
-67
-16
-30
-83
-130
-161
-194
-233
-263
-250
-184
-87
4
66
96
96
68
27
-3
-21
-38
-58
-54
-8
74
149
163
98
-21
-141
-227
-277
-320
-385
-448
-440
-318
-124
59
185
268
341
389
376
303
201
108
35
-8
-15
2
17
10
-15
-22
23
128
250
335
348
294
203
112
53
40
60
76
49
-28
-100
-121
-99
-83
-89
-92
-83
-90
-130
-186
-221
-252
-325
-442
-492
-345
-84
44
-87
-276
-254
-26
162
122
-85
-262
-267
-129
41
122
18
-304
-700
-835
-547
-94
91
-70
-271
-251
-59
94
73
-90
-295
-445
-488
-379
-109
221
412
343
119
-14
58
213
232
26
-325
-646
-748
-519
-62
319
400
241
58
-52
-100
-48
139
364
471
441
381
410
573
797
875
665
293
53
77
213
273
212
100
-2
-104
-209
-255
-149
97
330
367
179
-77
-176
-22
279
494
478
257
-21
-221
-293
-253
-143
9
152
204
143
77
156
364
530
504
319
122
8
-12
19
67
99
95
34
-83
-211
-257
-175
-52
-33
-163
-337
-446
-466
-427
-349
-278
-263
-303
-303
-193
10
208
297
245
104
-25
-69
-24
53
106
96
23
-88
-192
-241
-224
-172
-141
-165
-212
-221
-153
-32
72
74
-39
-185
-223
-92
129
282
272
160
73
78
147
253
389
500
500
379
236
174
181
185
129
-4
-195
-375
-454
-399
-287
-223
-222
-219
-182
-148
-157
-159
-115
-65
-109
-247
-377
-404
-336
-230
-121
-32
1
-29
-61
-39
19
60
88
144
207
214
160
114
117
143
149
115
49
-27
-78
-70
-21
10
-9
-62
-95
-95
-83
-85
-99
-96
-71
-45
-73
-161
-259
-313
-359
-461
-583
-602
-477
-303
-197
-133
-29
115
205
189
158
206
294
290
162
42
40
112
152
142
130
120
88
63
103
201
282
285
243
212
223
267
322
362
338
241
113
35
41
131
266
401
490
503
458
372
263
152
65
18
11
46
136
278
429
518
506
404
249
95
-17
-78
-123
-192
-285
-360
-383
-357
-313
-265
-213
-166
-168
-236
-333
-398
-417
-442
-513
-583
-558
-424
-259
-171
-187
-249
-284
-264
-227
-222
-258
-294
-294
-256
-199
-128
-52
12
39
22
-11
-45
-65
-45
44
195
339
434
479
510
543
563
558
542
565
648
738
743
644
513
425
386
342
269
200
181
233
329
404
397
310
206
138
103
56
-26
-138
-241
-300
-306
-275
-246
-255
-307
-374
-436
-503
-581
-643
-666
-652
-629
-589
-502
-379
-290
-287
-355
-422
-436
-402
-378
-427
-533
-600
-563
-465
-395
-384
-384
-335
-207
-35
96
100
-10
-115
-99
33
172
229
198
135
74
32
14
18
42
80
139
208
269
304
323
355
405
430
399
340
318
345
375
365
322
292
295
319
334
326
299
260
232
228
241
233
190
142
119
106
87
75
82
75
25
-38
-58
-28
7
8
-38
-103
-147
-137
-71
0
33
23
-3
-34
-95
-184
-262
-280
-242
-187
-143
-121
-108
-68
34
145
170
88
-7
-18
24
17
-81
-185
-206
-169
-166
-234
-299
-285
-190
-95
-65
-100
-123
-75
25
91
81
54
93
193
262
246
188
153
140
122
96
91
138
255
418
551
585
521
425
354
305
252
191
151
132
104
51
-8
-49
-68
-56
-14
26
23
-4
-12
5
25
25
9
-36
-99
-146
-141
-98
-68
-96
-190
-302
-379
-379
-318
-237
-185
-191
-277
-433
-591
-659
-593
-447
-322
-295
-352
-419
-443
-442
-472
-552
-637
-675
-648
-572
-466
-359
-292
-290
-329
-367
-386
-380
-337
-244
-133
-51
-3
39
95
145
169
172
165
131
51
-53
-116
-93
5
109
150
122
78
64
94
162
247
297
277
234
241
325
431
513
