79
-20
-131
-227
-310
-405
-525
-639
-701
-704
-692
-688
-685
-664
-605
-519
-428
-368
-335
-282
-157
22
183
264
269
252
251
278
311
343
370
382
358
297
235
220
262
336
400
436
458
482
516
555
592
618
624
632
643
636
587
523
475
435
376
293
222
186
170
147
109
75
46
-1
-90
-195
-264
-258
-202
-140
-92
-64
-61
-109
-182
-237
-247
-233
-240
-292
-393
-501
-573
-586
-556
-508
-459
-417
-401
-414
-417
-372
-288
-221
-219
-292
-382
-419
-367
-256
-148
-82
-61
-51
-17
53
123
154
163
200
289
392
450
439
390
347
335
365
416
457
444
393
355
364
398
436
478
528
549
497
387
250
117
-9
-111
-168
-205
-249
-320
-393
-441
-469
-498
-552
-606
-608
-543
-451
-393
-384
-407
-442
-479
-512
-524
-517
-496
-470
-437
-386
-316
-242
-190
-155
-134
-127
-155
-202
-235
-227
-188
-147
-121
-103
-70
-6
74
148
215
297
413
534
621
640
596
521
457
440
461
479
442
344
229
163
165
195
191
129
52
10
21
37
17
-41
-110
-164
-210
-250
-283
-298
-280
-226
-173
-153
-170
-216
-292
-405
-519
-576
-550
-463
-353
-258
-201
-170
-126
-55
14
48
54
57
78
118
161
171
140
115
136
197
257
308
358
407
452
499
568
657
753
822
847
823
779
745
734
733
721
702
665
615
565
539
535
539
545
560
570
545
478
406
357
323
265
152
-5
-171
-313
-421
-501
-545
-545
-506
-461
-439
-459
-518
-606
-701
-770
-789
-764
-713
-657
-603
-558
-514
-475
-457
-483
-536
-583
-595
-556
-469
-359
-273
-241
-243
-241
-222
-198
-186
-189
-197
-192
-162
-105
-38
8
1
-51
-102
-100
-25
98
212
266
253
199
146
107
76
57
61
103
144
139
78
12
-19
-20
-16
-16
-29
-65
-102
-99
-55
-23
-37
-86
-139
-168
-152
-103
-66
-64
-71
-54
-28
-45
-123
-228
-294
-286
-231
-194
-204
-216
-175
-93
-46
-63
-102
-108
-81
-54
-48
-54
-38
40
168
298
376
399
411
445
507
577
635
672
676
633
554
462
388
347
340
361
394
432
475
525
568
586
580
583
606
615
570
480
396
366
380
399
393
348
272
166
46
-61
-127
-146
-149
-188
-285
-396
-463
-459
-395
-310
-253
-247
-271
-293
-308
-329
-352
-374
-397
-424
-442
-438
-401
-337
-270
-237
-235
-238
-235
-233
-231
-211
-172
-124
-67
-9
31
36
21
15
28
44
38
-10
-102
-223
-322
-345
-277
-166
-81
-57
-81
-114
-142
-156
-151
-121
-81
-47
-19
10
33
35
13
-15
-22
3
39
54
32
-5
-30
-45
-78
-129
-174
-195
-192
-176
-156
-156
-183
-227
-249
-215
-144
-77
-39
-17
-6
-20
-68
-116
-131
-117
-101
-107
-149
-230
-313
-355
-316
-222
-127
-61
-9
56
145
239
321
379
413
433
448
457
451
425
405
423
477
538
585
621
649
644
582
464
309
155
32
-38
-91
-155
-209
-217
-160
-66
31
107
151
158
143
119
81
14
-86
-196
-289
-357
-419
-488
-562
-619
-639
-616
-565
-539
-560
-606
-617
-555
-431
-280
-137
-18
84
185
292
377
399
355
280
232
241
295
342
340
294
258
277
342
406
430
428
438
473
511
525
521
515
522
545
571
568
529
476
443
427
389
304
194
115
97
116
120
84
36
1
-36
-112
-215
-304
-340
-325
-290
-263
-249
-251
-282
-367
-495
-611
-657
-594
-467
-368
-389
-540
-729
-850
-864
-809
-733
-661
-603
-566
-533
-476
-383
-289
-241
-249
-277
-281
-245
-175
-86
-5
56
104
168
252
326
366
378
392
417
456
492
506
485
441
406
407
451
524
591
616
613
616
632
648
651
649
646
630
602
560
502
408
287
173
107
92
89
58
-22
-138
-271
-398
-507
-579
-604
-577
-520
-487
-509
-573
-627
-643
-631
-618
-598
-553
-485
-419
-373
-339
-308
-289
-292
-330
-396
-479
-555
-604
-609
-559
-458
-331
-202
-65
84
199
234
206
207
284
396
476
525
581
645
678
635
522
374
232
136
102
109
119
132
189
307
436
505
493
422
340
271
214
149
72
-11
-91
-168
-228
-263
-272
-269
-274
-288
-290
-227
-90
61
130
74
-61
-184
-256
-312
-388
-471
-498
-441
-324
-208
-135
-102
-70
3
114
214
253
233
204
215
281
373
453
485
475
448
428
415
390
366
360
381
415
434
431
395
331
252
190
162
168
203
256
305
318
291
248
211
177
144
100
33
-72
-182
-250
-256
-232
-214
-217
-242
-299
-382
-477
-570
-651
-701
-706
-677
-653
-647
-625
-560
-479
-446
-474
-533
-566
-545
-466
-359
-276
-252
-274
-300
-286
-221
-135
-86
-101
-138
-144
-121
-103
-92
-72
-42
-20
-10
19
94
220
357
453
485
497
511
517
460
321
135
-31
-136
-190
-219
-228
-195
-108
29
188
320
384
389
365
335
281
212
142
82
4
-102
-211
-286
-320
-356
-403
-446
-452
-453
-485
-539
-563
-524
-433
-307
-166
-30
79
157
214
273
344
421
486
536
577
597
583
536
494
479
477
449
380
308
281
314
376
427
446
444
442
460
490
529
574
624
659
667
668
686
701
657
539
407
349
391
466
480
416
334
295
299
303
271
196
82
-57
-186
-257
-260
-241
-274
-403
-603
-784
-850
-792
-676
-578
-524
-503
-497
-484
-451
-417
-432
-522
-637
-697
-677
-590
-490
-412
-390
-419
-466
-497
-503
-509
-520
-525
-502
-445
-352
-235
-116
-23
23
13
-36
-87
-105
-84
-36
35
118
206
295
376
431
446
437
432
442
453
459
471
472
442
359
237
116
25
-33
-102
-190
-258
-263
-236
-240
-290
-353
-384
-374
-333
-303
-326
-402
-486
-528
-512
-471
-456
-482
-528
-544
-510
-435
-361
-321
-317
-340
-381
-420
-421
-362
-268
-203
-207
-263
-287
-214
-53
108
199
230
269
367
507
614
621
517
391
380
537
769
908
892
786
679
622
638
719
809
832
794
748
722
715
740
794
822
779
695
617
557
494
421
350
297
304
370
440
429
312
134
-58
-229
-361
-448
-506
-535
-507
-409
-296
-251
-301
-398
-482
-511
-472
-372
-258
-187
-188
-244
-303
-334
-328
-303
-275
-278
-320
-360
-340
-274
-234
-255
-297
-292
-229
-136
-72
-83
-152
-218
-210
-130
-24
63
119
166
236
326
398
428
444
468
487
485
455
379
233
46
-93
-128
-89
-45
-28
-21
3
37
30
-70
-247
-415
-512
-530
-526
-546
-610
-694
-756
-801
-861
-948
-1019
-1053
-1050
-1012
-914
-751
-564
-392
-256
-155
-93
-52
-16
-8
-71
-198
-304
-302
-203
-90
-37
-24
10
70
120
158
208
264
314
380
492
598
647
656
691
783
888
978
1027
1005
905
764
650
587
554
560
618
731
847
913
906
834
731
644
595
546
436
254
51
-133
-283
-433
-575
-678
-715
-697
-657
-608
-550
-489
-444
-425
-410
-369
-301
-232
-189
-160
-119
-60
-30
-85
-212
-338
-402
-420
-413
-376
-302
-212
-123
-16
111
250
359
415
420
407
421
471
519
514
456
399
365
335
289
250
240
266
322
400
478
537
605
692
740
671
530
436
433
451
401
273
81
-129
-293
-364
-382
-402
-440
-468
-507
-566
-600
-546
-422
-316
-273
-293
-356
-453
-537
-565
-544
-537
-578
-648
-703
-760
-845
-938
-993
-980
-903
-765
-615
-531
-527
-490
-349
-174
-73
-52
-30
35
126
194
203
149
77
63
158
352
568
705
718
645
575
573
632
707
739
695
597
512
489
534
613
678
679
591
439
277
123
-13
-127
-206
-254
-282
-290
-276
-250
-209
-157
-133
-193
-320
-422
-447
-419
-373
-316
-278
-286
-354
-451
-556
-666
-773
-850
-876
-863
-831
-771
-661
-525
-432
-421
-451
-458
-414
-337
-226
-89
75
227
362
481
563
583
550
517
491
468
469
552
698
782
707
512
320
193
143
187
310
418
418
337
276
287
369
516
676
729
590
339
163
173
333
533
649
590
359
95
-30
24
131
135
-13
-206
-308
-264
-153
-96
-122
-145
-71
60
116
19
-157
-253
-172
35
200
187
-3
-220
-295
-163
55
156
86
-23
-9
115
243
293
262
182
126
132
155
123
52
34
91
154
163
160
180
208
205
185
182
180
119
-7
-122
-135
-51
15
-46
-218
-387
-447
-385
-256
-151
-134
-191
-283
-383
-498
-611
-683
-700
-710
-762
-860
-960
-1026
-1034
-962
-820
-667
-580
-535
-490
-426
-388
-362
-331
-301
-310
-339
-312
-232
-161
-162
-170
-93
62
186
188
101
36
93
285
503
589
495
348
300
381
521
648
727
716
599
436
335
341
397
410
311
124
-60
-139
-94
12
134
243
325
365
398
463
558
639
670
619
448
196
-34
-138
-114
-37
35
81
122
155
138
41
-89
-127
-18
161
245
170
27
-22
86
239
266
91
-217
-503
-648
-613
-429
-190
12
90
79
75
165
304
394
381
312
270
307
414
514
526
425
267
133
70
57
55
23
-27
-56
-30
42
108
82
-72
-293
-427
-368
-160
30
76
-2
-106
-134
-96
-63
-104
-196
-245
-192
-47
109
190
112
-152
-499
-745
-786
-676
-553
-494
-499
-525
-517
-451
-363
-319
-337
-400
-491
-583
-607
-522
-384
-291
-276
-282
-250
-149
-7
94
72
-50
-152
-144
-50
45
109
148
187
207
229
277
382
488
497
363
164
68
144
333
469
483
407
350
379
472
519
454
351
334
420
467
397
253
160
151
202
247
254
207
129
54
-12
-87
-178
-276
-366
-424
-431
-375
-291
-232
-218
-228
-235
-232
-221
-186
-130
-59
17
101
168
173
94
-41
-175
-264
-300
-288
-259
-225
-206
-187
-138
-27
145
291
337
248
122
15
-46
-100
-138
-134
-108
-99
-134
-162
-139
-55
50
152
217
248
254
243
167
5
-159
-208
-99
67
202
246
220
178
170
185
148
39
-91
-163
-173
-168
-224
-355
-488
-516
-421
-307
-231
-151
-31
50
-2
-136
-219
-181
-53
98
210
275
296
307
288
236
147
66
43
111
238
323
307
184
41
-46
16
219
435
489
353
174
123
257
511
740
799
664
471
392
428
448
346
176
23
-48
-30
97
309
514
596
494
266
47
-49
-5
127
232
211
31
-198
-367
-447
-520
-602
-668
-689
-675
-620
-521
-414
-361
-387
-448
-478
-407
-269
-176
-267
-511
-755
-840
-767
-657
-622
-698
-802
-822
-716
-571
-489
-449
-335
-88
188
336
288
144
96
223
404
437
253
-24
-192
-156
12
128
79
-73
-169
-139
-23
138
335
551
738
840
836
734
569
370
190
109
137
177
110
-44
-181
-248
-245
-178
-29
120
194
157
74
-30
-115
-132
-83
-6
30
40
29
11
-26
-23
43
118
99
-29
-146
-158
-96
-65
-84
-108
-90
-42
5
15
-22
-42
4
84
82
-24
-117
-48
178
430
582
653
742
919
1121
1194
1052
757
493
386
390
312
41
-349
-631
-688
-569
-422
-325
-262
-189
-59
132
355
493
495
396
341
388
503
563
488
238
-69
-240
-160
23
51
-160
-431
-565
-535
-434
-384
-445
-593
-688
-625
-440
-252
-107
-18
8
-29
-36
41
136
142
9
-212
-434
-557
-545
-469
-429
-476
-578
-660
-649
-525
-342
-175
-55
2
-18
-101
-188
-162
-31
114
125
-12
-196
-280
-219
-66
98
210
255
202
44
-192
-391
-445
-343
-186
-68
4
49
79
96
110
104
69
3
-31
-6
69
119
123
106
105
103
77
28
-6
-13
15
36
0
-108
-244
-336
-365
-311
-219
-151
-164
-160
-29
194
333
294
151
34
11
116
274
329
179
-30
-90
48
237
367
397
321
164
63
148
314
403
387
478
704
921
901
614
161
-223
-306
-58
265
357
228
136
265
502
624
509
251
30
-15
83
187
180
50
-137
-314
-456
-521
-464
-219
154
484
621
558
415
272
175
92
34
-31
-91
-150
-174
-133
-33
64
90
30
-87
-245
-428
-545
-490
-263
-10
105
59
-68
-145
-109
16
118
110
25
-65
-106
-118
-80
-31
-14
-69
-136
-178
-186
-184
-177
-186
-222
-224
-126
77
308
503
576
464
157
-168
-339
-338
-324
-415
-556
-635
-571
-374
-86
150
226
162
133
193
232
132
-73
-276
-425
-503
-517
-490
-477
-451
-396
-356
-427
-595
-738
-762
-645
-424
-160
35
124
137
163
226
283
270
151
-28
-185
-278
-344
-403
-433
-405
-324
-186
27
262
433
510
551
569
523
383
198
46
9
132
350
498
465
333
246
255
298
309
262
147
-38
-217
-290
-202
-20
167
314
410
447
441
436
409
331
206
108
31
-58
-184
-302
-394
-452
-454
-379
-266
-175
-118
-66
-4
39
47
-4
-142
-351
-524
-576
-514
-419
-325
-224
-95
71
271
474
641
755
782
723
638
650
776
908
906
762
562
379
239
118
18
-72
-111
-66
93
312
540
725
857
900
853
764
697
634
514
314
73
-138
-289
-379
-464
-544
-572
-504
-391
-294
-217
-132
-51
-10
-23
-78
-149
-196
-180
-124
-76
-103
-213
-366
-473
-507
-537
-642
-822
-1002
-1117
-1116
-992
-814
-667
-579
-513
-452
-409
-402
-424
-456
-474
-479
-493
-519
-506
-397
-220
-50
58
101
80
39
24
61
119
212
370
521
531
365
153
22
-18
-23
-17
22
93
153
162
145
183
282
377
390
343
266
176
78
18
5
-18
-121
-307
-507
-660
-699
-606
-427
-316
-356
-479
-529
-452
-279
-61
191
413
512
471
353
227
109
17
-47
-95
-150
-163
-85
51
150
197
272
390
487
522
571
676
791
843
813
709
581
521
561
613
601
606
725
909
999
958
842
723
624
553
489
400
317
298
351
425
470
451
338
148
-42
-202
-347
-510
-615
-607
-475
-303
-161
-99
-105
-137
-135
-115
-165
-335
-570
-719
-727
-632
-544
-502
-499
-483
-472
-480
-516
-547
-544
-501
-414
-310
-217
-145
-61
12
14
-70
-156
-163
-101
-33
6
14
-8
-45
-70
-63
-52
-62
-83
-95
-93
-109
-150
-181
-157
-42
162
415
623
692
612
493
446
445
385
214
9
-149
-224
-257
-301
-389
-489
-527
-482
-430
-444
-547
-706
-876
-981
-955
-797
-566
-365
-240
-168
-51
176
454
632
613
432
217
67
-5
-68
-152
-248
-297
-285
-250
-265
-355
-461
-498
-423
-257
-19
272
540
692
706
650
603
580
566
516
431
350
324
329
305
222
148
128
171
236
304
369
444
553
707
872
979
986
922
843
762
655
491
301
140
42
-37
-140
-259
-321
-312
-301
-355
-440
-494
-505
-511
-523
-515
-482
-451
-459
-522
-611
-659
-611
-487
-353
-255
-203
-167
-109
17
194
345
406
402
393
388
319
122
-176
-486
-727
-911
-1088
-1268
-1392
-1411
-1322
-1169
-1004
-849
-697
-512
-287
-50
141
271
374
506
692
904
1091
1205
1251
1280
1321
1353
1344
1299
1245
1184
1093
982
877
829
847
908
976
1023
1047
1045
1005
911
757
569
360
112
-169
-400
-460
-316
-26
277
462
425
180
-175
-579
-1066
-1669
-2317
-2904
-3341
-3577
-3576
-3361
-3004
-2579
-2107
-1603
-1089
-578
-74
398
773
1020
1164
1228
1223
1159
1057
913
714
488
281
81
-159
-475
-815
-1112
-1309
-1385
-1345
-1226
-1055
-788
-376
174
776
1391
2025
2667
3259
3754
4132
4378
4489
4495
4417
4228
3906
3485
3015
2530
2035
1504
851
12
-951
-1899
-2746
-3513
-4256
-4987
-5677
-6215
-6476
-6394
-6001
-5339
-4423
-3325
-2160
-1034
34
999
1808
2452
2987
3421
3681
3720
3561
3253
2808
2251
1633
966
229
-578
-1427
-2293
-3136
-3848
-4325
-4562
-4604
-4462
-4125
-3611
-2940
-2079
-1026
133
1286
2389
3454
4471
5372
6089
6573
6811
6826
6674
6378
5938
5355
4672
3926
3154
2406
1743
1156
540
-213
-1142
-2203
-3305
-4336
-5240
-6047
-6814
-7491
-7926
-7969
-7580
-6795
-5688
-4331
-2796
-1178
400
1789
2914
3782
4457
4943
5206
5194
4930
4504
4017
3517
2978
2379
1708
974
160
-714
-1633
-2563
-3473
-4305
-4988
-5489
-5784
-5844
-5598
-5016
-4116
-2974
-1642
-159
1423
3006
4466
5675
6559
7131
7458
7572
7443
7048
6432
5680
4857
3992
3106
2235
1401
626
-96
-806
-1563
-2389
-3244
-4100
-4970
-5862
-6728
-7479
-8002
-8184
-7955
-7373
-6543
-5515
-4245
-2758
-1189
286
1565
2614
3444
4093
4557
4799
4787
4607
4339
3986
3502
2887
2205
1492
769
32
-743
-1613
-2573
-3550
-4447
-5215
-5803
-6123
-6109
-5779
-5190
-4341
-3183
-1709
-22
1717
3367
4841
6091
7075
7736
8031
7969
7629
7098
6406
5552
4567
3551
2627
1871
1280
790
345
-86
-520
-1010
-1612
-2337
-3144
-3997
-4868
-5721
-6489
-7071
-7321
-7103
-6408
-5369
-4133
-2727
-1149
499
2016
3259
4189
4817
5132
5110
4758
4127
3365
2641
2047
1518
959
371
-194
-723
-1281
-1921
-2659
-3456
-4234
-4923
-5493
-5930
-6160
-6081
-5652
-4893
-3818
-2424
-760
1053
2837
4413
5675
6631
7335
7773
7871
7600
7046
6307
5434
4457
3474
2584
1847
1280
891
645
484
348
148
-249
-932
-1868
-2940
-4074
-5221
-6279
-7108
-7580
-7597
-7113
-6194
-4987
-3596
-2028
-324
1366
2843
3964
4679
4984
4917
4527
3857
2990
2084
1299
670
130
-339
-681
-882
-1018
-1211
-1536
-2055
-2761
-3582
-4413
-5194
-5852
-6246
-6244
-5810
-5013
-3902
-2492
-838
956
2747
4384
5732
6738
7420
7759
7710
7284
6602
5778
4873
3948
3076
2287
1544
837
215
-272
-632
-911
-1178
-1540
-2063
-2704
-3373
-4046
-4752
-5434
-5961
-6239
-6226
-5852
-5090
-4034
-2815
-1475
-35
1364
2542
3424
4015
4282
4220
3911
3461
2916
2312
1732
1214
740
323
40
-129
-320
-673
-1182
-1808
-2522
-3274
-3958
-4515
-4952
-5200
-5135
-4683
-3883
-2782
-1406
155
1762
3311
4745
5986
6923
7506
7724
7568
7053
6266
5297
4187
3018
1930
1028
290
-307
-697
-817
-726
-538
-332
-199
-266
-597
-1120
-1766
-2558
-3491
-4458
-5302
-5885
-6055
-5698
-4875
-3760
-2486
-1115
250
1460
2423
3113
3496
3534
3235
2682
1961
1179
447
-165
-655
-1010
-1156
-1077
-888
-747
-712
-789
-1008
-1379
-1824
-2280
-2772
-3308
-3789
-4060
-4016
-3604
-2798
-1638
-274
1152
2572
3893
4974
5716
6133
6248
6041
5527
4794
3916
2938
1969
1150
546
140
-76
-75
89
321
568
784
844
615
115
-548
-1344
-2296
-3340
-4320
-5136
-5726
-5988
-5832
-5291
-4476
-3440
-2234
-1029
-22
691
1118
1226
1012
581
92
-375
-770
-971
-892
-598
-227
204
729
1278
1687
1882
1855
1559
950
111
-811
-1749
-2638
-3345
-3731
-3782
-3526
-2921
-1934
-647
766
2145
3367
4331
5003
5409
5538
5363
4927
4374
3806
3224
2647
2167
1889
1820
1920
2150
2449
2718
2881
2909
2735
2237
1396
351
-733
-1822
-2952
-4091
-5134
-5961
-6460
-6545
-6241
-5674
-4939
-4043
-3029
-2053
-1263
-701
-320
-76
100
255
402
548
778
1202
1775
2339
2790
3144
3399
3473
3291
2850
2170
1286
276
-760
-1806
-2871
-3839
-4487
-4686
-4491
-4017
-3293
-2327
-1181
30
1202
2253
3125
3796
4221
4328
4102
3687
3296
3053
2946
2935
2995
3133
3354
3636
3901
4034
3983
3780
3424
2812
1858
638
-671
-1946
-3172
-4344
-5414
-6316
-6978
-7311
-7274
-6937
-6386
-5616
-4598
-3457
-2442
-1698
-1167
-724
-317
60
431
846
1356
2001
2747
3469
4035
4407
4600
4592
4327
3797
3041
2087
939
-361
-1727
-3065
-4286
-5279
-5940
-6222
-6113
-5593
-4648
-3369
-1955
-579
709
1912
2981
3832
4392
4654
4685
4636
4633
4665
4657
4613
4615
4692
4768
4754
4614
4342
3968
3542
3073
2455
1565
417
-837
-2068
-3269
-4441
-5512
-6383
-7000
-7316
-7301
-7002
-6509
-5847
-4993
-4003
-3026
-2137
-1300
-472
316
1026
1652
2217
2758
3352
4019
4648
5084
5269
5242
5007
4508
3721
2695
1475
111
-1313
-2674
-3900
-4964
-5791
-6260
-6316
-6000
-5377
-4470
-3321
-2045
-769
437
1541
2505
3301
3909
4323
4576
4780
5048
5362
5599
5688
5684
5664
5608
5435
5081
4547
3866
3100
2295
1410
358
-858
-2107
-3272
-4340
-5332
-6210
-6918
-7405
-7621
-7518
-7127
-6551
-5846
-4989
-3976
-2915
-1911
-990
-116
719
1512
2263
2956
3572
4141
4701
5194
5455
5383
5019
4436
3661
2695
1605
453
-750
-2009
-3259
-4412
-5391
-6133
-6572
-6678
-6477
-5987
-5192
-4106
-2845
-1544
-258
1026
2274
3414
4381
5151
5693
6008
6155
6203
6166
6016
5783
5540
5309
5041
4670
4189
3622
2994
2334
1634
842
-93
-1144
-2218
-3248
-4221
-5125
-5923
-6567
-7002
-7174
-7055
-6683
-6108
-5339
-4379
-3285
-2165
-1084
-61
869
1660
2301
2844
3346
3840
4312
4679
4792
4568
4079
3469
2804
2031
1112
71
-1060
-2253
-3462
-4594
-5571
-6325
-6787
-6892
-6611
-5973
-5022
-3825
-2484
-1129
160
1392
2573
3658
4549
5188
5575
5759
5825
5856
5887
5886
5823
5716
5597
5453
5238
4922
4480
3875
3127
2272
1319
215
-1030
-2305
-3475
-4475
-5295
-5915
-6346
-6620
-6734
-6583
-6127
-5454
-4703
-3918
-3072
-2192
-1347
-574
139
783
1338
1827
2306
2794
3287
3771
4215
4509
4539
4276
3764
3047
2145
1084
-112
-1394
-2682
-3861
-4869
-5696
-6310
-6614
-6522
-6018
-5165
-4080
-2898
-1726
-599
482
1498
2405
3159
3753
4192
4509
4758
5008
5283
5539
5710
5764
5722
5624
5474
5226
4798
4150
3302
2333
1327
333
-632
-1569
-2441
-3181
-3755
-4207
-4629
-5064
-5459
-5693
-5702
-5556
-5381
-5207
-4923
-4421
-3709
-2900
-2079
-1256
-377
603
1658
2689
3596
4346
4948
5372
5522
5333
4841
4156
3328
2310
1055
-355
-1735
-2946
-3969
-4831
-5505
-5912
-6022
-5864
-5487
-4923
-4204
-3360
-2450
-1550
-708
87
891
1727
2570
3365
4072
4680
5217
5719
6174
6521
6700
6688
6485
6081
5474
4686
3764
2774
1784
842
-20
-800
-1508
-2157
-2769
-3359
-3953
-4551
-5137
-5699
-6236
-6695
-6986
-7030
-6817
-6362
-5652
-4694
-3536
-2247
-865
561
1943
3194
4274
5146
5728
5975
5925
5659
5206
4574
3783
2864
1839
757
-287
-1225
-2071
-2859
-3562
-4114
-4505
-4761
-4877
-4820
-4591
-4226
-3736
-3120
-2360
-1466
-437
698
1888
3064
4154
5093
5841
6394
6758
6924
6864
6578
6112
5524
4839
4061
3233
2435
1715
1051
403
-215
-759
-1233
-1700
-2226
-2833
-3535
-4314
-5149
-5994
-6766
-7335
-7569
-7454
-7046
-6368
-5368
-4045
-2515
-956
514
1836
2996
3973
4755
5317
5626
5688
5542
5222
4732
4070
3284
2447
1605
749
-131
-1022
-1903
-2769
-3622
-4445
-5184
-5753
-6069
-6104
-5900
-5505
-4919
-4107
-3061
-1839
-564
648
1744
2751
3696
4531
5172
5581
5810
5925
5945
5845
5620
5341
5071
4790
4409
3870
3181
2377
1520
686
-95
-849
-1644
-2469
-3266
-3977
-4594
-5140
-5623
-6030
-6320
-6434
-6320
-5977
-5436
-4695
-3730
-2590
-1404
-283
762
1765
2707
3542
4237
4764
5106
5260
5255
5073
4679
4080
3344
2523
1624
631
-453
-1582
-2685
-3698
-4584
-5344
-5948
-6322
-6393
-6167
-5703
-5023
-4120
-3008
-1759
-458
793
1905
2852
3663
4359
4902
5259
5464
5595
5711
5829
5912
5880
5685
5379
5039
4640
4065
3268
2345
1418
546
-268
-1022
-1744
-2471
-3194
-3854
-4428
-4960
-5464
-5889
-6155
-6205
-6019
-5596
-4976
-4175
-3183
-2018
-763
487
1690
2813
3771
4462
4868
5047
5056
4908
4602
4152
3591
2959
2301
1622
873
5
-952
-1910
-2822
-3698
-4552
-5344
-5988
-6381
-6435
-6112
-5478
-4647
-3693
-2633
-1496
-355
698
1596
2347
3018
3665
4262
4736
5065
5290
5450
5527
5492
5348
5125
4825
4423
3866
3142
2297
1426
604
-135
-785
-1355
-1881
-2409
-2958
-3510
-4042
-4548
-5009
-5400
-5681
-5794
-5667
-5260
-4597
-3736
-2700
-1520
-281
872
1830
2560
3081
3412
3574
3581
3460
3263
3059
2872
2649
2340
1952
1510
995
346
-452
-1359
-2290
-3185
-4031
-4820
-5489
-5912
-5995
-5735
-5222
-4552
-3762
-2846
-1814
-736
292
1200
1977
2663
3272
3796
4235
4634
5046
5452
5761
5873
5769
5496
5108
4624
4028
3295
2433
1530
721
93
-388
-813
-1240
-1689
-2127
-2538
-2931
-3358
-3829
-4289
-4659
-4874
-4866
-4595
-4082
-3380
-2524
-1536
-502
451
1234
1833
2277
2590
2788
2870
2861
2823
2825
2879
2900
2793
2543
2213
1859
1431
833
17
-947
-1945
-2913
-3831
-4657
-5275
-5571
-5512
-5151
-4559
-3784
-2864
-1849
-832
111
934
1652
2302
2927
3546
4148
4714
5215
5613
5866
5941
5808
5445
4878
4169
3376
2518
1622
749
-12
-577
-926
-1098
-1219
-1434
-1801
-2248
-2689
-3137
-3661
-4263
-4888
-5448
-5829
-5888
-5564
-4892
-3970
-2896
-1796
-788
76
814
1437
1921
2244
2402
2425
2377
2366
2453
2607
2740
2787
2721
2519
2159
1599
817
-144
-1196
-2269
-3334
-4362
-5248
-5830
-5992
-5749
-5219
-4529
-3748
-2878
-1917
-924
7
821
1548
2242
2916
3554
4144
4673
5118
5464
5676
5713
5547
5203
4726
4135
3452
2725
2018
1385
872
527
345
228
16
-390
-983
-1701
-2516
-3405
-4310
-5132
-5772
-6120
-6072
-5609
-4810
-3784
-2597
-1341
-159
818
1548
2051
2365
2558
2690
2765
2769
2775
2907
3182
3462
3594
3531
3298
2908
2309
1412
183
-1295
-2853
-4323
-5600
-6593
-7207
-7376
-7096
-6437
-5523
-4475
-3352
-2167
-967
131
1029
1744
2383
3029
3694
4334
4907
5387
5783
6092
6242
6162
5855
5423
4936
4391
3763
3082
2432
1900
1518
1214
843
279
-480
-1322
-2170
-3040
-3979
-4929
-5750
-6315
-6563
-6434
-5880
-4946
-3747
-2405
-1045
187
1167
1857
2285
2489
2555
2575
2624
2721
2913
3242
3686
4099
4324
4259
3872
3144
2075
670
-1019
-2859
-4634
-6160
-7365
-8217
-8638
-8515
-7845
-6748
-5436
-4082
-2789
-1556
-386
657
1468
2026
2437
2833
3264
3722
4202
4707
5221
5705
6101
6318
6286
5989
5471
4789
3998
3158
2330
1543
830
226
-268
-765
-1386
-2152
-2976
-3792
-4573
-5274
-5791
-6031
-5916
-5405
-4525
-3432
-2277
-1116
36
1062
1785
2106
2084
1880
1694
1663
1822
2137
2612
3282
4061
4760
5141
5065
4484
3437
1999
261
-1691
-3707
-5568
-7059
-8081
-8622
-8669
-8199
-7267
-6002
-4590
-3218
-2034
-1076
-288
381
923
1349
1750
2244
2895
3689
4577
5445
6197
6784
7179
7298
7051
6441
5565
4542
3454
2377
1363
452
-304
-849
-1217
-1556
-2025
-2658
-3363
-4024
-4581
-5013
-5307
-5430
-5286
-4755
-3827
-2701
-1584
-549
415
1216
1712
1871
1799
1661
1600
1733
2080
2583
3185
3873
4575
5099
5229
4839
3910
2516
813
-1037
-2921
-4723
-6229
-7235
-7686
-7685
-7315
-6620
-5660
-4549
-3414
-2395
-1615
-1089
-686
-245
283
868
1509
2275
3232
4361
5511
6450
7033
7267
7233
6939
6339
5457
4416
3360
2395
1570
894
321
-170
-549
-808
-1049
-1452
-2073
-2814
-3504
-4064
-4482
-4741
-4809
-4646
-4201
-3443
-2488
-1580
-892
-391
-8
249
325
304
335
560
1050
1814
2737
3637
4377
4910
5163
4981
4239
2947
1269
-595
-2429
-4077
-5427
-6426
-7017
-7180
-6972
-6512
-5899
-5199
-4456
-3717
-3036
-2445
-1948
-1454
-838
-11
995
2097
3205
4274
5279
6165
6813
7107
7033
6683
6159
5522
4787
3962
3081
2222
1462
836
320
-149
-592
-974
-1263
-1520
-1863
-2331
-2819
-3222
-3524
-3774
-3989
-4118
-4043
-3658
-3016
-2306
-1694
-1166
-679
-244
85
341
585
890
1327
1944
2665
3343
3895
4315
4535
4397
3814
2821
1558
155
-1238
-2554
-3773
-4880
-5761
-6303
-6496
-6438
-6210
-5827
-5291
-4603
-3810
-2981
-2207
-1445
-563
538
1767
2953
4000
4892
5650
6305
6864
7227
7270
6984
6499
5899
5171
4299
3357
2448
1656
1034
603
304
79
-86
-217
-445
-910
-1616
-2413
-3165
-3785
-4244
-4508
-4569
-4360
-3816
-2988
-2090
-1329
-735
-244
174
454
572
587
640
875
1385
2107
2861
3436
3751
3795
3545
2910
1839
420
-1157
-2656
-3913
-4869
-5569
-6069
-6360
-6414
-6256
-5988
-5698
-5396
-5023
-4515
-3859
-3081
-2204
-1215
-75
1207
2538
3767
4782
5542
6091
6469
6658
6591
6262
5749
5133
4439
3661
2832
2028
1333
811
485
307
176
15
-234
-626
-1201
-1911
-2666
-3384
-4006
-4432
-4553
-4322
-3741
-2871
-1831
-834
-51
460
731
789
696
576
563
741
1141
1756
2519
3274
3858
4139
4036
3518
2636
1522
324
-853
-1929
-2842
-3555
-4093
-4501
-4813
-5032
-5165
-5215
-5157
-4917
-4435
-3744
-2935
-2095
-1213
-261
749
1738
2622
3360
3969
4510
5029
5520
5905
6099
6044
5711
5093
4244
3273
2294
1370
578
22
-217
-166
44
252
293
37
-568
-1427
-2367
-3233
-3934
-4376
-4474
-4196
-3586
-2767
-1909
-1203
-775
-627
-667
-779
-841
-729
-334
394
1424
2643
3852
4801
5267
5182
4612
3693
2567
1384
278
-699
-1531
-2214
-2753
-3178
-3568
-3991
-4472
-4953
-5326
-5478
-5311
-4797
-3991
-3030
-2040
-1107
-278
423
1038
1665
2383
3173
3973
4732
5427
5972
6240
6123
5590
4695
3554
2354
1298
538
134
74
276
589
831
810
397
-435
-1575
-2796
-3849
-4542
-4804
-4657
-4201
-3540
-2784
-2051
-1493
-1247
-1355
-1724
-2127
-2294
-2038
-1332
-283
945
2183
3283
4134
4640
4716
4336
3590
2659
1749
1022
501
79
-419
-1095
-1912
-2774
-3599
-4353
-4987
-5402
-5476
-5163
-4522
-3703
-2874
-2184
-1690
-1323
-928
-403
269
1077
2030
3124
4277
5363
6231
6724
6701
6116
5076
3815
2612
1704
1219
1121
1276
1541
1810
1976
1915
1528
775
-308
-1571
-2768
-3653
-4095
-4119
-3851
-3461
-3076
-2756
-2482
-2244
-2060
-1951
-1880
-1752
-1455
-920
-155
759
1688
2489
3056
3388
3543
3580
3493
3276
2947
2544
2073
1522
893
173
-654
-1561
-2438
-3178
-3746
-4166
-4437
-4546
-4502
-4353
-4147
-3912
-3655
-3351
-2932
-2315
-1454
-375
850
2138
3376
4438
5218
5676
5815
5651
5212
4567
3854
3244
2866
2734
2745
2735
2571
2215
1707
1100
407
-363
-1182
-1998
-2757
-3402
-3856
-4048
-3975
-3730
-3474
-3305
-3189
-3014
-2693
-2233
-1731
-1293
-971
-693
-333
189
857
1589
2282
2831
3165
3272
3184
2942
2567
2068
1465
796
114
-523
-1056
-1473
-1825
-2194
-2626
-3106
-3575
-3948
-4145
-4144
-4002
-3785
-3511
-3142
-2647
-2005
-1228
-358
525
1356
2096
2724
3197
3465
3523
3418
3212
2942
2660
2422
2265
2173
2133
2145
2189
2202
2119
1914
1599
1190
729
264
-159
-517
-790
-970
-1083
-1193
-1327
-1453
-1518
-1505
-1422
-1278
-1093
-894
-691
-478
-247
20
334
680
989
1206
1329
1389
1416
1401
1314
1120
819
446
59
-302
-603
-815
-941
-1056
-1258
-1620
-2141
-2738
-3308
-3768
-4082
-4225
-4180
-3937
-3505
-2917
-2226
-1505
-803
-145
437
865
1108
1227
1321
1426
1527
1619
1712
1819
1942
2084
2217
2321
2408
2515
2655
2783
2838
2766
2553
2230
1856
1496
1195
958
784
674
628
590
490
298
57
-181
-371
-473
-432
-232
92
480
874
1216
1441
1506
1403
1154
802
427
121
-55
-102
-44
82
211
245
92
-278
-839
-1519
-2222
-2851
-3349
-3685
-3850
-3858
-3774
-3669
-3555
-3380
-3109
-2760
-2361
-1920
-1443
-967
-525
-157
90
189
167
96
45
51
141
330
610
947
1271
1511
1609
1542
1331
1041
784
631
600
666
820
1057
1331
1562
1665
1617
1436
1141
776
426
190
136
274
565
926
1245
1429
1454
1346
1147
900
657
450
303
235
263
358
445
464
374
142
-221
-645
-1040
-1391
-1725
-2030
-2261
-2378
-2405
-2391
-2377
-2364
-2322
-2213
-2033
-1788
-1484
-1142
-796
-492
-252
-90
-8
8
-1
11
79
221
435
685
918
1101
1233
1295
1257
1100
846
566
329
202
213
356
595
877
1148
1348
1423
1352
1153
874
573
306
131
80
174
401
707
997
1194
1300
1370
1458
1555
1627
1631
1557
1425
1297
1199
1085
884
597
295
32
-194
-427
-690
-976
-1249
-1469
-1616
-1713
-1804
-1907
-2006
-2064
-2074
-2029
-1928
-1774
-1595
-1420
-1243
-1065
-892
-743
-616
-501
-396
-304
-206
-75
123
364
605
781
873
894
856
771
651
531
434
372
362
429
584
800
1023
1195
1245
1110
790
367
-60
-426
-690
-808
-774
-606
-321
65
496
890
1181
1350
1398
1349
1228
1062
886
744
662
633
607
547
439
279
70
-187
-481
-796
-1115
-1433
-1765
-2116
-2458
-2735
-2906
-2952
-2891
-2755
-2581
-2375
-2124
-1820
-1488
-1179
-936
-775
-683
-633
-593
-533
-412
-215
50
351
652
906
1070
1138
1120
1028
890
792
804
923
1101
1295
1493
1673
1803
1846
1761
1535
1182
750
287
-136
-429
-521
-417
-162
206
674
1176
1602
1868
1972
1971
1895
1758
1572
1368
1171
1008
917
921
1001
1102
1164
1140
992
713
342
-77
-509
-927
-1305
-1629
-1907
-2134
-2292
-2364
-2352
-2270
-2132
-1941
-1718
-1523
-1434
-1468
-1562
-1605
-1533
-1354
-1112
-833
-517
-181
133
367
497
530
490
396
269
153
110
208
466
824
1185
1454
1579
1538
1342
1029
619
139
-346
-744
-996
-1084
-997
-732
-300
244
815
1330
1735
2003
2110
2048
1863
1645
1478
1371
1301
1248
1237
1280
1353
1411
1410
1322
1114
783
364
-78
-496
-886
-1254
-1586
-1857
-2068
-2230
-2331
-2344
-2267
-2122
-1964
-1833
-1770
-1769
-1803
-1844
-1868
-1839
-1704
-1444
-1091
-736
-468
-330
-310
-352
-403
-424
-391
-284
-93
169
470
769
1028
1213
1285
1211
997
680
303
-107
-519
-883
-1137
-1222
-1113
-816
-368
164
693
1149
1517
1819
2061
2207
2220
2115
1954
1796
1672
1589
1549
1538
1537
1528
1506
1462
1388
1263
1053
732
310
-157
-593
-943
-1188
-1343
-1420
-1422
-1356
-1244
-1124
-1031
-975
-929
-857
-758
-680
-669
-727
-789
-797
-752
-696
-638
-555
-461
-413
-448
-541
-632
-679
-662
-581
-445
-268
-95
25
60
1
-140
-349
-596
-846
-1083
-1281
-1401
-1403
-1269
-999
-609
-149
320
748
1121
1429
1653
1775
1798
1753
1686
1629
1593
1579
1590
1629
1694
1773
1832
1841
1774
1611
1348
1009
628
230
-155
-468
-662
-754
-797
-821
-826
-793
-709
-568
-395
-238
-124
-63
-60
-119
-226
-338
-400
-372
-278
-195
-182
-249
-353
-457
-536
-621
-740
-891
-1015
-1057
-994
-845
-658
-476
-340
-273
-300
-436
-662
-926
-1166
-1326
-1363
-1258
-1013
-637
-162
344
785
1068
1175
1169
1141
1138
1146
1132
1085
1021
965
917
860
794
747
715
669
584
475
378
294
174
-38
-347
-672
-908
-1000
-980
-903
-806
-702
-600
-498
-393
-304
-276
-330
-438
-549
-620
-640
-613
-545
-441
-305
-150
-3
108
164
167
122
38
-79
-212
-312
-330
-253
-113
37
156
208
183
96
-11
-112
-204
-300
-369
-367
-276
-113
111
390
706
999
1202
1294
1297
1254
1178
1070
927
792
704
673
663
630
563
478
397
329
286
250
186
60
-118
-317
-518
-722
-907
-999
-947
-784
-604
-460
-347
-257
-200
-193
-245
-356
-513
-675
-781
-804
-748
-633
-471
-280
-95
44
119
147
149
126
79
30
14
47
138
282
444
573
640
652
638
591
489
334
163
29
-30
-18
35
114
226
412
660
903
1061
1107
1080
1044
1043
1068
1073
1022
932
837
744
642
543
464
389
275
108
-80
-244
-388
-550
-744
-932
-1054
-1096
-1050
-926
-751
-573
-451
-428
-529
-724
-954
-1184
-1411
-1610
-1721
-1692
-1541
-1343
-1165
-1041
-969
-919
-877
-854
-875
-921
-940
-898
-807
-686
-541
-364
-159
58
271
463
604
645
577
435
281
153
81
75
120
179
230
286
377
501
623
702
732
754
794
860
947
1046
1132
1167
1153
1123
1101
1077
1039
991
921
808
653
493
362
265
177
74
-43
-124
-118
-28
68
91
22
-113
-283
-464
-633
-782
-917
-1019
-1048
-985
-850
-689
-537
-433
-377
-350
-336
-336
-355
-372
-362
-309
-220
-95
54
207
341
434
487
508
505
477
437
411
402
390
355
304
265
238
205
163
128
138
217
368
534
627
607
545
528
555
561
519
470
449
448
442
431
431
437
422
363
268
150
21
-105
-201
-246
-250
-245
-252
-268
-293
-346
-456
-631
-840
-1037
-1184
-1275
-1323
-1337
-1310
-1229
-1100
-949
-799
-668
-568
-507
-486
-485
-476
-427
-321
-171
-16
103
186
270
388
524
618
649
620
576
531
487
423
323
187
36
-86
-153
-136
-41
98
228
321
395
464
527
572
597
598
566
504
431
367
325
295
274
237
192
147
105
57
-22
-138
-280
-411
-494
-517
-509
-525
-602
-749
-925
-1092
-1226
-1316
-1360
-1361
-1316
-1209
-1052
-880
-732
-615
-515
-428
-338
-218
-71
70
190
306
426
552
692
843
975
1060
1117
1180
1244
1280
1248
1160
1037
915
807
706
597
472
367
329
374
456
530
606
726
895
1065
1158
1131
995
825
704
682
747
851
929
933
867
758
640
510
350
136
-123
-408
-689
-927
-1086
-1164
-1201
-1246
-1306
-1382
-1469
-1563
-1634
-1664
-1659
-1627
-1572
-1493
-1400
-1298
-1195
-1087
-966
-836
-712
-612
-530
-451
-368
-284
-199
-106
5
140
292
436
550
628
697
757
789
777
730
690
683
700
698
650
589
576
661
824
1013
1152
1210
1202
1172
1151
1142
1147
1164
1193
1220
1248
1277
1278
1209
1062
883
732
606
450
223
-53
-339
-618
-885
-1116
-1296
-1442
-1582
-1723
-1852
-1966
-2058
-2123
-2162
-2185
-2197
-2186
-2141
-2066
-1974
-1877
-1775
-1660
-1515
-1335
-1140
-947
-756
-560
-367
-204
-82
-11
29
80
180
317
452
570
682
797
898
938
892
781
678
647
705
828
955
1047
1103
1168
1276
1402
1486
1503
1481
1466
1483
1545
1638
1740
1820
1851
1824
1742
1607
1407
1123
779
429
131
-93
-258
-383
-487
-584
-700
-847
-993
-1090
-1115
-1090
-1051
-1026
-1026
-1042
-1048
-1042
-1050
-1089
-1156
-1227
-1248
-1178
-1014
-830
-689
-606
-557
-513
-447
-333
-162
34
194
285
314
322
337
361
378
375
369
384
427
454
437
377
324
319
380
487
587
644
679
712
724
677
591
542
590
722
894
1063
1195
1259
1235
1140
999
834
667
506
329
120
-101
-282
-406
-511
-635
-786
-924
-1009
-1012
-959
-909
-906
-941
-988
-1055
-1147
-1250
-1331
-1379
-1407
-1409
-1378
-1311
-1218
-1113
-1009
-914
-815
-682
-504
-314
-157
-36
68
145
176
165
158
187
252
344
447
539
583
569
507
429
357
307
283
302
369
471
579
656
695
720
744
776
822
874
899
880
833
781
737
704
683
661
619
554
487
426
358
260
134
-2
-149
-317
-486
-614
-685
-733
-801
-884
-936
-921
-853
-769
-710
-699
-730
-784
-828
-831
-774
-664
-534
-404
-276
-153
-46
23
49
53
66
115
196
290
384
470
533
569
584
593
587
555
487
393
304
257
274
327
393
468
562
657
715
727
719
716
708
686
667
670
686
690
657
591
502
390
257
110
-19
-111
-187
-279
-390
-503
-589
-641
-658
-663
-686
-742
-819
-894
-956
-996
-992
-933
-837
-746
-693
-691
-715
-721
-685
-627
-576
-522
-423
-271
-122
-19
43
105
182
267
343
390
406
409
426
464
508
549
584
611
618
580
464
264
33
-152
-236
-240
-202
-144
-41
122
317
482
584
651
720
778
778
717
635
598
613
654
673
653
603
542
474
388
279
162
45
-73
-201
-334
-454
-538
-585
-639
-748
-898
-1028
-1084
-1064
-993
-891
-795
-740
-745
-792
-867
-977
-1102
-1196
-1213
-1159
-1057
-923
-771
-622
-503
-422
-375
-345
-314
-261
-170
-41
111
277
439
563
615
594
524
449
400
385
374
349
328
356
446
583
758
935
1064
1087
1019
935
907
935
956
933
900
914
981
1040
1047
1007
956
894
793
640
455
274
121
0
-88
-145
-173
-191
-241
-344
-485
-621
-716
-766
-774
-757
-747
-754
-774
-794
-818
-839
-857
-872
-870
-810
-684
-534
-409
-314
-216
-108
6
130
267
405
505
565
604
640
642
567
426
278
176
114
59
-11
-88
-154
-196
-219
-239
-243
-220
-156
-77
-19
-7
-31
-40
-7
72
167
268
369
461
523
531
485
413
354
325
317
298
244
155
45
-69
-185
-303
-421
-523
-581
-583
-546
-494
-446
-417
-426
-482
-585
-716
-836
-916
-943
-932
-887
-798
-655
-472
-275
-81
101
258
370
441
494
546
603
660
705
709
653
549
442
362
304
241
165
84
12
-36
-46
-13
34
72
93
99
88
54
23
18
47
107
193
292
393
486
552
564
511
410
285
162
64
-5
-60
-120
-184
-233
-264
-307
-374
-444
-465
-426
-363
-320
-322
-351
-383
-414
-459
-526
-590
-615
-589
-529
-467
-387
-257
-64
128
248
282
287
324
395
472
531
590
677
804
937
1031
1061
1046
1010
970
929
896
862
788
648
459
292
180
110
27
-96
-248
-393
-477
-469
-395
-320
-268
-205
-93
50
166
208
170
75
-51
-185
-320
-441
-522
-552
-563
-597
-654
-706
-737
-751
-778
-821
-877
-905
-889
-830
-753
-677
-615
-578
-545
-495
-427
-361
-288
-177
-30
127
273
392
477
531
571
603
600
562
516
507
536
576
606
625
642
661
688
725
752
729
623
456
281
142
61
27
1
-37
-67
-60
-55
-116
-242
-362
-417
-421
-401
-389
-384
-376
-366
-366
-381
-400
-412
-421
-425
-404
-354
-298
-269
-298
-385
-496
-578
-611
-624
-644
-668
-668
-640
-603
-570
-542
-505
-450
-366
-263
-142
-11
134
286
442
606
752
855
899
903
885
861
847
854
864
831
752
663
613
599
599
590
578
559
526
474
416
365
321
275
216
157
125
139
180
190
134
24
-88
-150
-147
-102
-43
14
72
117
116
53
-56
-165
-253
-303
-304
-252
-168
-96
-86
-146
-243
-343
-430
-503
-557
-596
-635
-687
-739
-754
-709
-624
-536
-464
-396
-329
-265
-217
-187
-181
-192
-186
-142
-76
-25
12
63
151
259
363
462
573
689
788
845
872
863
814
732
652
584
495
360
199
56
-21
-25
26
91
125
116
80
40
4
-21
-48
-87
-128
-152
-154
-158
-172
-178
-148
-82
-3
57
78
74
54
18
-52
-142
-223
-284
-344
-421
-497
-544
-539
-506
-487
-518
-577
-607
-569
-474
-373
-301
-272
-274
-291
-310
-330
-336
-325
-302
-264
-202
-134
-83
-32
82
271
469
592
618
587
547
527
528
531
497
398
243
90
-6
-50
-87
-131
-163
-178
-193
-229
-268
-287
-285
-295
-345
-410
-423
-349
-234
-164
-160
-147
-61
84
221
310
354
361
338
291
248
208
158
93
49
40
35
14
-15
-28
-24
-9
15
58
123
216
306
347
299
196
121
115
148
170
183
207
234
242
251
305
413
535
618
628
568
490
462
497
560
591
577
531
476
426
380
335
276
220
198
232
295
317
255
126
-14
-114
-162
-176
-183
-203
-243
-292
-326
-324
-289
-251
-241
-269
-308
-316
-291
-301
-399
-552
-659
-667
-604
-538
-503
-515
-570
-635
-680
-698
-717
-730
-731
-733
-764
-808
-797
-685
-520
-411
-410
-456
-448
-372
-282
-230
-212
-200
-161
-73
50
174
259
298
302
279
237
186
154
148
171
201
224
224
193
154
119
93
74
78
111
156
188
198
201
217
265
336
387
361
270
180
172
241
335
395
405
392
369
351
340
329
289
193
70
-27
-59
-40
2
38
49
32
3
-4
41
140
248
301
287
225
154
94
50
16
-31
-92
-141
-152
-129
-97
-67
-39
-12
10
33
61
79
70
41
19
25
55
87
102
79
26
-31
-55
-49
-53
-96
-159
-199
-192
-155
-116
-96
-98
-110
-111
-90
-56
-23
-8
-23
-54
-62
-8
114
274
421
511
543
546
536
493
418
333
269
219
171
126
106
114
120
96
51
26
39
79
128
173
200
193
172
176
217
251
234
161
67
-15
-71
-120
-186
-275
-355
-395
-398
-395
-407
-422
-428
-434
-461
-494
-498
-448
-371
-302
-268
-255
-236
-209
-202
-236
-310
-394
-462
-513
-571
-662
-779
-884
-944
-951
-915
-853
-760
-644
-511
-370
-212
-50
84
159
176
164
165
209
297
411
528
643
750
833
885
903
882
794
633
446
297
213
179
182
216
271
321
353
356
323
257
187
147
135
122
90
59
56
83
108
106
61
-27
-132
-217
-266
-294
-320
-340
-346
-351
-360
-363
-355
-361
-389
-411
-394
-348
-302
-285
-290
-296
-295
-291
-309
-352
-400
-426
-414
-371
-306
-223
-119
0
118
213
270
304
342
396
472
563
664
767
849
891
885
847
797
746
705
678
668
658
631
589
545
504
462
424
394
359
295
191
73
-8
-20
33
116
190
230
223
178
122
75
31
-13
-54
-79
-99
-142
-215
-300
-377
-436
-481
-515
-540
-551
-548
-533
-512
-498
-509
-552
-595
-596
-554
-501
-459
-431
-411
-397
-388
-374
-360
-340
-313
-258
-185
-123
-98
-105
-105
-56
40
135
182
178
190
265
390
509
584
601
565
491
410
332
260
191
141
120
115
122
124
115
81
24
-48
-122
-182
-217
-214
-192
-170
-157
-138
-104
-65
-34
-6
15
19
-26
-129
-261
-378
-445
-468
-461
-438
-404
-363
-332
-327
-353
-407
-476
-533
-535
-466
-341
-206
-83
33
145
252
313
316
270
233
249
312
392
449
461
433
416
436
472
473
423
343
252
160
81
26
-14
-59
-99
-112
-95
-88
-115
-164
-191
-177
-137
-81
-14
62
125
156
137
86
40
29
54
95
127
123
74
-15
-126
-234
-318
-375
-421
-446
-422
-346
-256
-196
-173
-170
-164
-134
-72
4
58
76
84
123
200
285
364
431
464
444
398
369
373
406
460
530
597
646
661
651
633
627
632
635
629
602
551
488
461
486
526
528
474
387
287
175
61
-46
-147
-246
-430
-817
-1428
-1946
-1838
-823
705
1792
1574
30
-1799
-2353
-912
1537
2971
2183
-161
-2277
-2709
-1242
1094
2582
2055
-156
-2527
-3716
-3379
-1998
-474
170
-582
-2131
-3194
-3072
-2167
-1246
-576
-63
221
143
-208
-583
-807
-587
442
2020
3046
2712
1514
620
582
1259
2434
3696
4201
3400
1872
683
273
370
665
896
682
-56
-786
-995
-903
-1019
-1336
-1445
-1273
-1063
-937
-823
-775
-825
-738
-254
521
1180
1406
1121
526
56
95
556
956
875
283
-559
-1308
-1735
-1868
-1964
-2195
-2471
-2625
-2640
-2593
-2515
-2370
-2132
-1787
-1333
-800
-290
121
417
687
1024
1465
1952
2366
2611
2690
2688
2681
2668
2581
2392
2134
1870
1605
1372
1243
1235
1085
408
-918
-2454
-3491
-3553
-2790
-1929
-1776
-2533
-3584
-4066
-3613
-2517
-1303
-385
74
173
203
423
925
1639
2390
2950
3164
2998
2506
1809
1042
335
-194
-437
-464
-563
-923
-1357
-1504
-1211
-540
378
1359
2146
2636
2915
3161
3540
4234
5251
6337
7109
7252
6440
4408
1396
-1708
-3895
-4835
-4936
-4999
-5589
-6702
-7766
-8243
-8021
-7257
-5945
-4053
-1902
-120
927
1472
2088
3189
4706
6250
7437
8116
8186
7457
5795
3438
942
-1174
-2758
-3992
-5144
-6298
-7365
-8286
-9090
-9676
-9644
-8602
-6578
-4044
-1492
859
3021
5008
6741
8144
9220
10034
10563
10726
10508
10050
9489
8724
7279
4609
796
-3229
-6348
-8167
-9017
-9412
-9691
-10040
-10382
-10454
-10052
-9084
-7361
-4810
-1859
731
2554
3711
4520
5259
6146
7150
7994
8373
8079
6949
4989
2523
-20
-2375
-4430
-6105
-7383
-8269
-8718
-8730
-8478
-8111
-7530
-6486
-4826
-2545
254
3285
6143
8473
10057
10830
10923
10638
10218
9722
9154
8575
7942
6900
4916
1755
-2129
-5771
-8346
-9654
-10036
-9937
-9691
-9416
-9074
-8548
-7766
-6593
-4836
-2452
250
2807
4876
6291
7021
7228
7212
7208
7225
7096
6542
5323
3393
956
-1672
-4196
-6319
-7808
-8585
-8789
-8588
-8133
-7539
-6891
-6109
-4987
-3332
-1080
1652
4555
7188
9206
10498
11123
11171
10742
9988
9128
8387
7897
7500
6706
4920
1984
-1608
-4956
-7346
-8531
-8728
-8363
-7845
-7375
-7003
-6710
-6397
-5775
-4579
-2804
-730
1304
3021
4204
4789
4907
4772
4518
4155
3623
2855
1829
542
-1020
-2861
-4855
-6728
-8180
-8995
-9098
-8601
-7787
-6958
-6243
-5554
-4670
-3348
-1415
1075
3783
6286
8316
9766
10540
10516
9712
8378
7005
6094
5824
5763
5078
3179
234
-2955
-5568
-7179
-7874
-7973
-7748
-7162
-6118
-4814
-3699
-2995
-2526
-1961
-1025
445
2346
4258
5742
6588
6710
6077
4897
3636
2648
1954
1323
448
-949
-2885
-5025
-6896
-8147
-8633
-8351
-7489
-6382
-5387
-4662
-4052
-3175
-1685
453
2962
5446
7604
9288
10423
10887
10533
9423
7920
6486
5371
4477
3412
1759
-575
-3201
-5579
-7407
-8664
-9364
-9441
-8776
-7392
-5590
-3887
-2670
-1932
-1380
-700
268
1557
3115
4826
6413
7445
7583
6863
5650
4316
3101
2069
1103
-41
-1490
-3133
-4749
-6149
-7157
-7615
-7496
-6880
-5859
-4560
-3208
-2005
-896
404
2119
4173
6267
8117
9552
10441
10602
9910
8496
6805
5343
4264
3239
1768
-290
-2615
-4699
-6288
-7389
-8126
-8479
-8307
-7529
-6351
-5144
-4145
-3319
-2484
-1525
-448
631
1655
2705
3861
4980
5719
5789
5126
3906
2407
833
-761
-2330
-3677
-4595
-5091
-5417
-5820
-6363
-6850
-6961
-6467
-5374
-3854
-2110
-332
1322
2766
4039
5297
6740
8417
9998
10886
10657
9402
7626
5864
4334
2838
1045
-1075
-3203
-5022
-6523
-7824
-8913
-9555
-9463
-8520
-6993
-5398
-4075
-3015
-2065
-1188
-388
403
1351
2610
4125
5549
6431
6513
5844
4653
3242
1834
467
-916
-2278
-3542
-4710
-5762
-6515
-6775
-6602
-6224
-5800
-5281
-4520
-3322
-1590
621
3082
5507
7633
9279
10368
10913
10992
10697
10104
9274
8209
6809
4857
2302
-496
-2944
-4743
-6061
-7202
-8271
-9101
-9420
-8994
-7881
-6352
-4685
-2954
-1238
295
1462
2260
2857
3501
4349
5312
6099
6422
6140
5201
3637
1572
-729
-2913
-4629
-5721
-6297
-6602
-6779
-6825
-6699
-6432
-6063
-5575
-4845
-3714
-2089
-23
2303
4674
6878
8716
10001
10595
10495
9861
8975
8067
7129
5873
3986
1513
-1149
-3549
-5461
-6855
-7873
-8656
-9119
-8940
-8017
-6693
-5307
-3866
-2290
-768
531
1613
2571
3444
4327
5254
6028
6404
6312
5804
4866
3485
1720
-266
-2179
-3687
-4680
-5314
-5737
-5934
-5897
-5759
-5677
-5695
-5686
-5365
-4476
-2984
-1053
1181
3598
5967
7935
9186
9589
9254
8481
7561
6618
5570
4225
2434
308
-1850
-3779
-5485
-7007
-8289
-9177
-9536
-9269
-8422
-7197
-5737
-4056
-2236
-548
787
1769
2558
3326
4169
5014
5659
5988
6007
5662
4800
3378
1549
-434
-2284
-3756
-4772
-5401
-5669
-5520
-5031
-4472
-4079
-3859
-3619
-3114
-2161
-720
1121
3199
5336
7335
8980
10044
10350
9922
9052
8046
6979
5708
4111
2198
125
-1869
-3622
-5148
-6559
-7794
-8625
-8831
-8433
-7601
-6492
-5085
-3324
-1319
544
1913
2766
3418
4157
4983
5693
6118
6204
5906
5154
3899
2193
243
-1648
-3242
-4505
-5484
-6160
-6408
-6199
-5674
-5077
-4582
-4166
-3668
-2929
-1922
-668
820
2560
4487
6425
8087
9146
9418
8992
8146
7056
5699
3999
1984
-128
-2071
-3653
-4895
-5897
-6725
-7321
-7594
-7486
-7078
-6534
-5863
-4852
-3335
-1503
287
1817
3094
4153
5001
5580
5828
5728
5367
4807
3984
2778
1184
-595
-2267
-3583
-4475
-4980
-5127
-4946
-4564
-4218
-4036
-3953
-3763
-3310
-2534
-1445
-55
1592
3394
5195
6790
7950
8492
8447
8058
7573
6959
5962
4355
2226
-86
-2178
-3865
-5159
-6197
-7063
-7694
-7951
-7817
-7482
-7057
-6402
-5268
-3683
-1895
-159
1403
2732
3812
4629
5130
5301
5262
5141
4840
4086
2743
983
-848
-2496
-3842
-4829
-5384
-5458
-5120
-4577
-4130
-3960
-3971
-3862
-3438
-2716
-1753
-460
1250
3287
5391
7233
8503
9025
8914
8472
7907
7128
5954
4329
2405
415
-1424
-2958
-4159
-5118
-5910
-6373
-6309
-5789
-5204
-4727
-4156
-3196
-1861
-338
1243
2817
4312
5575
6370
6477
5978
5257
4620
3999
3152
1982
608
-824
-2265
-3702
-5001
-5830
-5934
-5410
-4677
-4127
-3898
-3871
-3806
-3528
-2967
-2055
-675
1150
3171
5098
6716
7817
8221
7968
7300
6449
5471
4315
2914
1299
-366
-1931
-3432
-4937
-6315
-7278
-7623
-7390
-6817
-6208
-5665
-5003
-4026
-2799
-1481
-36
1608
3258
4498
5067
5028
4696
4403
4239
3936
3169
1902
423
-974
-2187
-3221
-4012
-4451
-4523
-4347
-4080
-3792
-3475
-3124
-2748
-2357
-1906
-1281
-314
1081
2839
4764
6615
8090
8908
8965
8424
7524
6339
4836
3075
1306
-245
-1545
-2734
-3931
-5130
-6127
-6631
-6528
-6083
-5667
-5371
-4986
-4339
-3436
-2330
-1008
545
2252
3881
5091
5632
5552
5110
4508
3760
2802
1656
472
-601
-1530
-2374
-3100
-3566
-3691
-3615
-3554
-3602
-3674
-3652
-3507
-3270
-2869
-2096
-763
1094
3216
5267
6969
8132
8671
8598
8043
7207
6198
4963
3363
1456
-526
-2318
-3817
-5036
-6041
-6810
-7219
-7203
-6906
-6515
-6008
-5229
-4192
-3057
-1927
-779
440
1721
2959
3933
4488
4683
4680
4495
3979
3071
1918
767
-252
-1163
-2006
-2689
-3061
-3107
-3015
-3021
-3190
-3406
-3485
-3344
-3001
-2445
-1571
-293
1296
2998
4696
6362
7863
8914
9288
8998
8254
7198
5842
4141
2209
242
-1627
-3367
-4923
-6165
-7009
-7405
-7362
-6981
-6489
-5995
-5412
-4630
-3718
-2750
-1715
-582
589
1748
2849
3768
4404
4758
4853
4596
3953
3054
2074
1070
59
-900
-1709
-2285
-2613
-2818
-3095
-3481
-3833
-4022
-4076
-4016
-3722
-3029
-1864
-290
1520
3393
5232
6978
8424
9301
9520
9242
8579
7434
5686
3448
1085
-1042
-2793
-4287
-5638
-6789
-7512
-7683
-7358
-6753
-6023
-5229
-4378
-3543
-2781
-1995
-1015
213
1522
2715
3674
4399
4916
5210
5173
4735
3991
3099
2075
833
-560
-1841
-2766
-3318
-3674
-4046
-4502
-4941
-5248
-5418
-5453
-5202
-4454
-3158
-1466
413
2349
4306
6242
7962
9131
9541
9313
8713
7817
6459
4521
2189
-158
-2221
-3965
-5492
-6782
-7674
-8020
-7844
-7296
-6581
-5834
-5025
-4029
-2864
-1705
-651
392
1532
2707
3779
4668
5351
5830
6103
6123
5818
5171
4240
3086
1759
372
-909
-1997
-2926
-3743
-4442
-4989
-5372
-5619
-5734
-5633
-5137
-4101
-2550
-669
1354
3400
5381
7142
8490
9267
9466
9201
8579
7544
5945
3768
1269
-1173
-3313
-5128
-6670
-7909
-8734
-9078
-8938
-8333
-7337
-6106
-4805
-3483
-2186
-1003
14
957
1893
2799
3623
4388
5095
5716
6232
6586
6626
6211
5373
4220
2804
1156
-616
-2359
-3921
-5153
-5981
-6470
-6770
-6933
-6856
-6346
-5253
-3616
-1660
359
2338
4236
5971
7433
8557
9282
9536
9298
8617
7559
6122
4273
2027
-434
-2837
-4950
-6680
-7938
-8649
-8807
-8497
-7812
-6890
-5927
-4994
-3988
-2850
-1740
-807
-5
801
1648
2489
3317
4169
5112
6135
7012
7410
7159
6353
5118
3480
1481
-711
-2850
-4707
-6121
-7096
-7744
-8109
-8112
-7654
-6740
-5434
-3800
-1916
104
2113
3983
5648
7135
8445
9438
9887
9667
8859
7649
6152
4359
2228
-156
-2517
-4578
-6185
-7301
-7898
-8022
-7839
-7501
-7038
-6469
-5837
-5086
-4074
-2824
-1584
-533
380
1269
2181
3155
4241
5417
6589
7618
8280
8323
7641
6312
4468
2239
-173
-2506
-4565
-6253
-7548
-8446
-8939
-8961
-8423
-7319
-5746
-3840
-1730
445
2525
4376
5940
7245
8368
9303
9915
10025
9558
8570
7184
5578
3914
2267
626
-974
-2396
-3540
-4430
-5161
-5786
-6333
-6774
-7009
-6924
-6513
-5832
-4893
-3711
-2454
-1359
-462
438
1515
2746
4016
5257
6407
7315
7750
7524
6610
5149
3330
1290
-913
-3204
-5447
-7439
-8982
-9952
-10310
-10059
-9201
-7781
-5937
-3869
-1733
393
2426
4228
5678
6745
7471
7910
8100
8047
7711
7085
6235
5293
4351
3449
2533
1491
266
-1061
-2383
-3710
-5067
-6343
-7329
-7894
-7937
-7404
-6386
-5143
-3858
-2556
-1247
15
1255
2544
3857
5080
6110
6846
7170
7062
6595
5796
4615
3079
1291
-690
-2868
-5170
-7372
-9159
-10244
-10491
-9968
-8814
-7143
-5079
-2856
-726
1144
2683
3867
4721
5298
5630
5728
5664
5527
5360
5162
4939
4719
4490
4224
3853
3284
2393
1152
-356
-1952
-3493
-4860
-5967
-6721
-7110
-7120
-6702
-5807
-4536
-3094
-1595
-53
1475
2841
3967
4840
5449
5750
5790
5609
5238
4689
4010
3142
1959
390
-1488
-3513
-5439
-6987
-7966
-8308
-8008
-7085
-5673
-3985
-2222
-545
880
1929
2596
2945
3069
3078
3065
3044
3032
3094
3317
3711
4263
4890
5378
5482
5148
4511
3678
2678
1534
316
-921
-2087
-3098
-3945
-4653
-5110
-5207
-4968
-4510
-3843
-2988
-2067
-1175
-301
498
1073
1427
1738
2097
2371
2422
2211
1753
1085
314
-461
-1181
-1789
-2245
-2590
-2894
-3117
-3152
-2967
-2640
-2241
-1821
-1428
-1092
-848
-727
-714
-667
-454
-88
339
806
1351
1959
2596
3241
3884
4489
5015
5372
5444
5229
4876
4521
4155
3663
2918
1899
745
-354
-1366
-2384
-3379
-4228
-4894
-5421
-5774
-5876
-5713
-5265
-4496
-3492
-2473
-1590
-887
-453
-357
-457
-485
-283
159
830
1629
2359
2854
3073
3005
2629
1996
1184
222
-868
-1969
-2956
-3763
-4327
-4539
-4344
-3806
-3044
-2221
-1472
-835
-232
398
1052
1770
2626
3644
4755
5899
6993
7881
8399
8500
8254
7728
6973
6001
4783
3261
1460
-488
-2424
-4221
-5793
-7078
-8068
-8735
-9003
-8819
-8275
-7521
-6641
-5612
-4477
-3317
-2175
-987
275
1541
2706
3720
4598
5348
5925
6218
6144
5686
4907
3858
2595
1176
-318
-1787
-3110
-4197
-5024
-5605
-5919
-5946
-5706
-5248
-4585
-3691
-2544
-1125
538
2313
4018
5555
6917
8056
8871
9345
9571
9585
9305
8626
7540
6107
4447
2724
1081
-465
-1973
-3470
-4901
-6201
-7338
-8306
-9081
-9606
-9767
-9448
-8627
-7426
-5997
-4414
-2729
-1080
390
1656
2739
3584
4083
4248
4204
4086
3957
3828
3639
3295
2728
1949
973
-229
-1671
-3267
-4838
-6204
-7230
-7813
-7869
-7342
-6246
-4669
-2784
-802
1112
2851
4340
5518
6380
6980
7365
7549
7538
7327
6909
6311
5630
4945
4239
3416
2445
1377
332
-602
-1405
-2147
-2903
-3639
-4246
-4665
-4951
-5177
-5333
-5361
-5228
-4932
-4431
-3690
-2746
-1713
-686
286
1167
1907
2459
2772
2815
2615
2264
1875
1509
1210
987
822
663
474
241
-56
-423
-853
-1328
-1827
-2317
-2741
-3024
-3088
-2870
-2385
-1723
-980
-229
477
1102
1661
2188
2688
3098
3354
3431
3363
3219
3075
2983
2944
2922
2833
2601
2226
1773
1311
873
503
225
-11
-314
-717
-1152
-1552
-1929
-2317
-2706
-3092
-3508
-3924
-4213
-4245
-4028
-3651
-3191
-2635
-1974
-1244
-546
23
466
881
1361
1880
2379
2835
3270
3644
3876
3856
3513
2843
1923
825
-443
-1866
-3325
-4620
-5582
-6111
-6185
-5823
-5098
-4101
-2961
-1826
-772
198
1110
1943
2660
3240
3681
3964
4097
4129
4120
4106
4096
4069
3968
3737
3378
2937
2479
2040
1678
1443
1334
1245
1023
604
20
-673
-1468
-2346
-3238
-4021
-4602
-4894
-4877
-4568
-3975
-3050
-1823
-503
620
1400
1892
2172
2239
2073
1726
1297
875
520
237
-14
-243
-406
-473
-521
-668
-971
-1437
-2047
-2754
-3473
-4126
-4647
-4943
-4930
-4592
-3957
-3056
-1942
-734
417
1380
2071
2489
2715
2824
2857
2846
2848
2894
2963
3058
3223
3497
3863
4261
4590
4746
4706
4514
4211
3789
3288
2775
2235
1564
716
-248
-1253
-2264
-3243
-4143
-4937
-5597
-6025
-6095
-5788
-5235
-4580
-3855
-3048
-2203
-1420
-770
-267
123
447
761
1090
1467
1903
2353
2713
2896
2863
2573
1963
1032
-120
-1354
-2559
-3662
-4593
-5295
-5727
-5870
-5729
-5307
-4568
-3489
-2143
-676
768
2069
3161
4042
4749
5288
5638
5829
5940
6022
6054
5993
5800
5439
4906
4238
3477
2646
1758
860
-7
-798
-1427
-1804
-1904
-1784
-1540
-1275
-1096
-1056
-1119
-1210
-1310
-1468
-1724
-2030
-2258
-2303
-2189
-1999
-1755
-1450
-1152
-1010
-1088
-1310
-1561
-1797
-1988
-2082
-2028
-1835
-1530
-1126
-634
-81
487
999
1372
1549
1513
1252
769
148
-474
-995
-1375
-1584
-1606
-1459
-1160
-720
-196
287
643
886
1036
1073
969
749
468
184
-32
-119
-61
155
566
1156
1800
2350
2747
3002
3110
3056
2892
2714
2600
2579
2658
2828
3035
3182
3156
2886
2358
1614
696
-390
-1654
-3047
-4470
-5759
-6752
-7320
-7441
-7156
-6506
-5542
-4404
-3307
-2384
-1645
-1037
-515
-34
460
1011
1653
2371
3071
3631
4012
4221
4244
4024
3517
2735
1691
439
-933
-2297
-3499
-4376
-4822
-4869
-4624
-4199
-3663
-3080
-2497
-1949
-1477
-1113
-836
-548
-146
434
1182
2063
3039
4081
5126
6067
6770
7126
7123
6824
6309
5631
4831
3975
3163
2484
1990
1678
1516
1431
1339
1150
793
232
-507
-1358
-2286
-3303
-4398
-5462
-6340
-6906
-7112
-6956
-6500
-5848
-5073
-4201
-3279
-2449
-1837
-1442
-1137
-788
-304
356
1185
2144
3172
4190
5065
5675
5924
5762
5144
4100
2711
1059
-771
-2614
-4263
-5554
-6425
-6877
-6934
-6654
-6082
-5254
-4232
-3133
-2074
-1105
-219
602
1381
2144
2895
3618
4303
4962
5618
6234
6696
6877
6754
6395
5883
5262
4552
3763
2895
1995
1149
421
-187
-708
-1173
-1614
-2050
-2451
-2772
-3007
-3203
-3363
-3422
-3315
-3082
-2809
-2555
-2325
-2110
-1893
-1635
-1325
-1035
-852
-781
-739
-667
-546
-376
-167
74
350
668
1003
1314
1593
1839
1998
1998
1829
1525
1094
513
-204
-1011
-1843
-2626
-3270
-3719
-4009
-4197
-4286
-4215
-3944
-3490
-2901
-2213
-1434
-568
331
1142
1751
2143
2414
2651
2873
3052
3164
3225
3280
3366
3462
3510
3490
3423
3305
3094
2783
2420
2053
1687
1293
842
335
-175
-598
-880
-992
-958
-805
-573
-298
-60
45
-31
-249
-543
-900
-1344
-1848
-2337
-2739
-2989
-3055
-2910
-2596
-2152
-1667
-1241
-990
-909
-912
-900
-830
-657
-335
138
694
1229
1662
1953
2078
1988
1631
994
155
-800
-1780
-2676
-3380
-3842
-4066
-4022
-3648
-2946
-2026
-1051
-157
566
1083
1399
1558
1613
1633
1680
1783
1969
2272
2713
3250
3794
4257
4593
4796
4900
4907
4787
4512
4118
3677
3236
2804
2368
1899
1357
746
120
-476
-1025
-1516
-1931
-2263
-2521
-2701
-2783
-2777
-2702
-2564
-2377
-2180
-2035
-1961
-1953
-1973
-1990
-1979
-1979
-2022
-2126
-2238
-2321
-2331
-2216
-1941
-1506
-973
-422
55
440
733
968
1104
1096
903
548
65
-519
-1203
-1957
-2706
-3353
-3823
-4100
-4189
-4088
-3749
-3173
-2445
-1684
-933
-199
486
1033
1392
1593
1717
1809
1905
2035
2246
2578
3025
3541
4069
4581
5044
5396
5539
5414
5039
4481
3803
3046
2249
1484
830
316
-69
-328
-437
-398
-253
-63
142
351
523
597
508
249
-157
-672
-1267
-1902
-2527
-3101
-3562
-3864
-4006
-4032
-3953
-3760
-3470
-3147
-2819
-2448
-2020
-1588
-1218
-907
-595
-249
137
545
965
1383
1767
2068
2204
2126
1865
1510
1114
692
254
-194
-648
-1073
-1393
-1597
-1781
-2004
-2172
-2142
-1881
-1490
-1060
-619
-162
321
838
1394
1962
2521
3060
3565
4004
4343
4570
4681
4678
4540
4261
3837
3314
2759
2224
1703
1170
647
208
-93
-300
-481
-659
-805
-930
-1081
-1294
-1571
-1895
-2250
-2630
-3032
-3441
-3800
-4046
-4149
-4119
-3961
-3674
-3266
-2747
-2130
-1453
-795
-231
200
504
684
758
736
658
553
462
384
326
323
413
555
669
728
758
773
729
571
252
-230
-815
-1390
-1886
-2315
-2712
-3069
-3348
-3508
-3509
-3323
-2951
-2423
-1775
-1031
-242
517
1210
1847
2454
3012
3488
3869
4166
4408
4602
4736
4773
4727
4669
4660
4665
4583
4344
3948
3417
2765
1996
1155
322
-430
-1080
-1661
-2185
-2609
-2853
-2893
-2765
-2540
-2281
-2034
-1832
-1685
-1592
-1565
-1608
-1701
-1809
-1921
-2031
-2102
-2084
-1960
-1761
-1521
-1270
-1036
-839
-690
-600
-595
-669
-786
-888
-925
-863
-686
-402
-34
372
749
1023
1162
1175
1070
823
443
-6
-444
-809
-1063
-1172
-1124
-924
-589
-161
298
743
1157
1553
1935
2287
2581
2792
2922
2999
3044
3087
3154
3263
3389
3481
3518
3514
3469
3347
3103
2707
2172
1539
841
78
-724
-1499
-2182
-2749
-3212
-3566
-3810
-3944
-3975
-3924
-3844
-3766
-3670
-3519
-3326
-3123
-2889
-2585
-2208
-1810
-1429
-1065
-679
-255
152
455
619
697
756
806
816
777
697
580
416
205
-33
-258
-419
-478
-431
-301
-103
181
554
975
1363
1648
1787
1797
1725
1617
1471
1247
920
508
56
-388
-782
-1072
-1226
-1231
-1107
-894
-645
-418
-252
-167
-160
-205
-264
-289
-240
-109
101
390
746
1140
1533
1904
2219
2425
2486
2388
2123
1678
1091
461
-126
-644
-1118
-1546
-1867
-2003
-1928
-1708
-1436
-1168
-903
-620
-321
-17
285
578
835
1012
1082
1053
973
880
791
679
502
251
-48
-344
-609
-803
-894
-872
-804
-766
-785
-833
-876
-889
-848
-736
-576
-382
-153
118
418
729
1028
1251
1333
1252
1030
679
197
-360
-898
-1359
-1739
-2035
-2198
-2183
-1998
-1708
-1391
-1117
-907
-726
-511
-226
122
478
815
1147
1511
1884
2199
2434
2628
2793
2857
2749
2498
2175
1798
1355
878
439
78
-215
-473
-693
-858
-957
-1028
-1112
-1234
-1356
-1444
-1484
-1482
-1456
-1396
-1277
-1061
-754
-396
-30
335
687
971
1121
1114
990
811
621
437
255
93
-20
-77
-111
-147
-207
-293
-424
-584
-742
-826
-774
-558
-213
212
653
1058
1374
1576
1661
1588
1310
828
232
-386
-975
-1484
-1848
-2028
-2038
-1915
-1693
-1405
-1092
-795
-558
-434
-439
-545
-684
-823
-964
-1100
-1170
-1094
-824
-398
95
542
880
1122
1308
1448
1515
1490
1379
1217
1035
845
639
412
174
-62
-300
-539
-757
-906
-958
-894
-725
-468
-158
187
553
915
1232
1503
1750
1974
2120
2140
2033
1822
1539
1218
918
675
502
374
245
84
-96
-256
-377
-484
-592
-701
-811
-929
-1039
-1109
-1121
-1084
-1005
-882
-703
-472
-216
14
166
215
165
35
-171
-467
-856
-1291
-1701
-2041
-2321
-2580
-2822
-3011
-3089
-3027
-2847
-2601
-2306
-1934
-1442
-843
-186
480
1158
1853
2532
3137
3621
3940
4044
3919
3619
3238
2825
2399
1980
1619
1345
1151
1010
905
829
763
671
517
289
8
-283
-556
-775
-910
-920
-784
-519
-160
248
672
1072
1401
1612
1690
1645
1492
1241
897
468
-29
-561
-1084
-1551
-1918
-2158
-2269
-2293
-2282
-2273
-2269
-2239
-2142
-1964
-1739
-1494
-1237
-966
-691
-437
-211
-11
154
254
270
198
75
-56
-172
-272
-367
-481
-611
-726
-786
-771
-707
-611
-493
-332
-122
121
347
499
557
545
519
507
514
547
634
795
1002
1191
1293
1293
1219
1112
993
866
730
605
506
438
380
319
265
238
217
148
11
-155
-288
-357
-358
-305
-220
-131
-46
39
120
191
255
326
398
453
487
530
620
749
859
877
790
639
481
342
211
54
-147
-379
-613
-831
-1017
-1156
-1214
-1171
-1026
-820
-619
-482
-429
-441
-514
-664
-906
-1207
-1507
-1760
-1963
-2114
-2192
-2153
-2009
-1825
-1662
-1510
-1335
-1148
-1001
-922
-870
-772
-577
-275
108
521
931
1346
1778
2201
2534
2685
2608
2337
1964
1577
1238
971
805
772
900
1164
1501
1830
2098
2290
2401
2420
2330
2130
1871
1623
1436
1306
1210
1153
1168
1259
1377
1455
1451
1361
1187
932
609
248
-116
-468
-808
-1109
-1325
-1430
-1472
-1512
-1576
-1659
-1761
-1890
-2037
-2178
-2292
-2380
-2445
-2491
-2511
-2497
-2447
-2344
-2185
-1982
-1778
-1608
-1475
-1378
-1321
-1311
-1332
-1344
-1325
-1276
-1231
-1183
-1096
-931
-697
-441
-199
1
126
176
182
190
204
217
254
346
496
674
866
1059
1251
1434
1619
1813
2021
2231
2426
2576
2667
2718
2725
2656
2483
2245
1986
1725
1447
1162
879
615
399
273
254
317
423
545
646
683
635
511
313
44
-242
-463
-568
-586
-568
-518
-414
-247
-71
35
25
-83
-253
-480
-768
-1086
-1391
-1669
-1944
-2211
-2440
-2621
-2768
-2883
-2933
-2899
-2785
-2598
-2343
-2049
-1753
-1477
-1234
-1041
-904
-803
-709
-613
-497
-343
-143
82
295
485
656
809
941
1048
1141
1228
1305
1367
1420
1465
1501
1534
1562
1589
1622
1692
1807
1962
2157
2405
2694
2958
3129
3188
3144
3017
2799
2494
2104
1666
1252
916
676
505
375
266
167
79
24
-4
-41
-120
-228
-336
-437
-522
-589
-622
-636
-646
-670
-712
-791
-934
-1163
-1469
-1801
-2126
-2433
-2721
-2946
-3082
-3137
-3147
-3116
-3036
-2923
-2802
-2677
-2524
-2333
-2092
-1820
-1535
-1241
-941
-664
-455
-308
-175
-24
131
267
379
459
511
553
620
713
806
873
887
825
677
475
279
127
36
14
79
233
465
740
1032
1325
1613
1874
2053
2110
2053
1931
1788
1625
1416
1151
865
613
421
276
169
120
163
274
399
469
468
407
307
191
82
3
-23
32
170
363
553
719
877
1017
1092
1059
941
791
642
475
262
1
-282
-561
-819
-1038
-1210
-1338
-1431
-1494
-1529
-1551
-1566
-1558
-1523
-1496
-1518
-1576
-1612
-1591
-1510
-1381
-1198
-958
-648
-286
68
344
512
578
557
455
279
54
-186
-374
-456
-419
-307
-152
44
277
514
706
826
883
889
854
812
804
850
915
965
998
1020
1029
1009
960
886
804
743
714
693
647
584
555
583
627
626
576
507
445
398
365
358
376
417
471
544
650
781
898
947
900
763
568
339
81
-199
-475
-715
-920
-1101
-1255
-1370
-1437
-1475
-1487
-1457
-1372
-1265
-1206
-1239
-1330
-1423
-1505
-1580
-1618
-1575
-1441
-1239
-1004
-764
-557
-416
-359
-376
-437
-512
-607
-747
-926
-1093
-1178
-1152
-1042
-892
-727
-563
-415
-300
-228
-189
-176
-177
-181
-156
-76
78
294
551
803
998
1122
1225
1367
1518
1583
1499
1299
1069
873
745
701
742
851
1018
1230
1475
1719
1918
2038
2071
2027
1925
1784
1618
1436
1253
1087
952
855
787
735
669
565
415
253
129
48
-21
-109
-219
-335
-429
-483
-504
-534
-599
-698
-811
-906
-956
-950
-920
-898
-892
-904
-934
-970
-990
-1003
-1052
-1152
-1291
-1457
-1629
-1766
-1830
-1842
-1835
-1794
-1683
-1505
-1295
-1079
-879
-747
-711
-714
-685
-602
-502
-411
-340
-280
-198
-67
88
209
286
342
373
340
260
210
251
361
484
589
699
885
1189
1558
1861
2023
2083
2124
2167
2215
2266
2311
2342
2373
2420
2455
2432
2346
2205
1988
1670
1286
904
551
237
-7
-145
-219
-282
-334
-346
-335
-342
-382
-454
-557
-669
-779
-902
-1057
-1210
-1290
-1296
-1280
-1283
-1296
-1295
-1281
-1265
-1274
-1326
-1421
-1534
-1640
-1735
-1826
-1916
-1989
-2027
-2024
-2002
-1961
-1873
-1704
-1473
-1244
-1072
-975
-945
-958
-974
-955
-875
-730
-514
-244
36
269
429
515
542
525
486
433
356
263
210
272
458
719
985
1221
1418
1580
1709
1790
1796
1742
1679
1657
1678
1693
1670
1625
1582
1514
1408
1291
1209
1153
1101
1049
974
852
701
595
556
527
464
395
345
318
341
446
611
748
789
721
590
432
265
77
-126
-343
-578
-801
-970
-1102
-1251
-1395
-1460
-1467
-1527
-1652
-1740
-1747
-1716
-1682
-1637
-1604
-1571
-1454
-1219
-985
-873
-847
-809
-734
-615
-408
-172
-33
-35
-70
-89
-150
-296
-463
-555
-523
-371
-209
-147
-187
-201
-93
106
313
418
416
423
597
925
1265
1526
1689
1750
1723
1710
1754
1759
1674
1563
1467
1307
1101
970
939
867
703
565
544
596
636
658
604
471
354
362
386
266
41
-154
-296
-428
-480
-467
-535
-725
-843
-797
-705
-649
-564
-511
-624
-850
-1011
-1111
-1241
-1359
-1382
-1356
-1322
-1250
-1167
-1156
-1162
-1086
-950
-846
-774
-714
-699
-696
-639
-598
-744
-1027
-1228
-1220
-1082
-881
-656
-474
-428
-449
-427
-351
-310
-329
-284
-127
43
153
295
587
917
1129
1270
1424
1508
1439
1393
1536
1721
1774
1796
1881
1871
1666
1510
1574
1677
1594
1444
1328
1147
875
698
690
626
404
210
197
282
344
407
467
448
362
299
281
242
141
3
-186
-398
-575
-702
-774
-842
-881
-948
-995
-1040
-1031
-1053
-1055
-1068
-1097
-1144
-1174
-1158
-1154
-1121
-1082
-1028
-1037
-1036
-1051
-1059
-1095
-1086
-1076
-1090
-1087
-1039
-875
-689
-399
-122
140
264
315
317
360
451
525
628
689
796
820
956
1138
1359
1388
1321
1227
1125
982
795
663
495
329
140
46
-61
-130
-214
-239
-260
-256
-237
-151
-39
82
167
248
324
352
318
303
371
474
570
607
663
637
546
392
232
25
-221
-444
-539
-521
-464
-362
-255
-161
-118
-84
-13
33
-8
-95
-161
-214
-200
-139
9
126
231
357
476
511
418
259
75
-63
-238
-438
-708
-905
-989
-940
-842
-704
-636
-663
-721
-711
-635
-624
-651
-633
-544
-474
-420
-374
-291
-188
-64
52
73
-2
-138
-321
-489
-601
-669
-690
-635
-447
-249
-132
-2
180
324
411
509
626
710
777
919
1025
1071
1115
1175
1155
1103
1047
966
799
651
592
507
411
362
367
344
289
215
165
136
157
169
154
182
265
383
555
701
738
631
512
435
313
194
95
24
-96
-201
-307
-367
-406
-414
-502
-682
-858
-1000
-1068
-1055
-952
-884
-837
-791
-702
-633
-545
-463
-439
-445
-462
-490
-560
-579
-539
-485
-412
-291
-218
-258
-332
-366
-415
-447
-385
-244
-137
-61
-10
43
144
330
505
599
679
770
796
784
809
832
736
608
552
538
519
528
619
676
713
721
727
664
559
414
289
240
314
384
398
383
379
359
319
339
341
259
91
-17
-103
-167
-194
-135
-94
-107
-88
-39
-30
-104
-151
-180
-223
-312
-400
-521
-646
-700
-674
-619
-589
-553
-550
-584
-607
-583
-542
-566
-593
-673
-809
-994
-1074
-1057
-1040
-1031
-972
-827
-718
-608
-541
-505
-557
-563
-505
-458
-514
-613
-656
-615
-429
-187
35
134
205
263
317
381
470
519
496
459
446
451
502
664
831
938
991
1070
1108
1092
1052
963
807
651
602
590
544
509
535
589
666
806
948
1004
991
1015
1023
978
900
864
826
777
750
728
688
635
622
576
447
264
92
-74
-208
-284
-320
-392
-467
-507
-522
-550
-562
-578
-633
-718
-791
-865
-977
-1075
-1135
-1180
-1243
-1256
-1220
-1131
-1056
-968
-926
-884
-834
-734
-639
-558
-511
-491
-480
-466
-447
-411
-323
-181
-44
61
141
202
224
244
289
356
405
416
434
446
449
401
376
378
393
320
238
201
242
336
482
690
846
907
896
889
877
839
772
678
567
439
350
283
238
204
253
374
522
640
740
781
715
564
394
265
129
12
-132
-291
-499
-676
-824
-939
-1051
-1154
-1274
-1403
-1481
-1489
-1451
-1387
-1303
-1242
-1235
-1209
-1117
-967
-831
-724
-636
-615
-651
-746
-826
-914
-958
-989
-929
-812
-666
-563
-508
-409
-228
52
321
536
651
710
761
794
821
835
883
919
898
846
825
880
947
1064
1168
1257
1257
1250
1275
1293
1253
1169
1086
1025
1007
1054
1123
1188
1257
1325
1355
1296
1204
1066
949
837
761
670
573
473
384
298
177
5
-235
-460
-657
-822
-953
-985
-949
-910
-907
-896
-865
-852
-862
-924
-1018
-1097
-1155
-1196
-1227
-1187
-1106
-1036
-957
-862
-789
-761
-713
-624
-584
-563
-495
-339
-208
-136
-94
-61
-55
-47
-20
50
115
187
258
357
470
565
606
549
466
385
380
371
341
268
213
188
218
263
310
308
299
360
476
605
670
699
664
555
402
271
177
84
-2
-98
-221
-404
-570
-651
-655
-656
-664
-636
-559
-474
-405
-338
-271
-233
-262
-345
-406
-435
-470
-541
-601
-583
-529
-468
-423
-403
-430
-508
-583
-606
-576
-520
-492
-492
-508
-498
-455
-353
-171
38
230
354
481
607
745
839
925
1016
1094
1119
1103
1121
1137
1081
947
812
685
547
423
376
342
282
208
169
121
-3
-129
-219
-220
-214
-205
-190
-169
-110
-40
85
211
316
322
296
254
223
158
94
65
44
38
26
50
24
-4
-22
32
47
14
-43
-43
-33
-94
-189
-283
-301
-296
-240
-220
-262
-332
-321
-212
-60
94
224
289
258
187
108
31
-22
-46
-16
-13
-25
-51
-71
-97
-126
-108
-35
85
177
196
128
39
-9
-9
11
20
24
19
7
-66
-197
-349
-424
-434
-423
-422
-379
-305
-236
-189
-156
-141
-204
-267
-312
-280
-234
-134
-14
89
146
152
144
107
84
13
-57
-138
-157
-157
-170
-194
-241
-287
-361
-398
-384
-250
-93
33
39
-1
-20
20
105
181
250
322
437
526
550
499
458
421
359
279
201
111
7
-99
-196
-304
-377
-363
-324
-341
-383
-393
-342
-289
-183
-82
-50
-105
-139
-83
22
148
287
402
406
322
215
138
71
36
85
171
254
294
307
285
209
116
21
-16
-2
39
17
-21
-39
-21
2
34
103
138
156
177
246
285
303
333
422
526
600
637
601
515
399
307
220
138
44
3
-10
7
1
-3
19
15
-15
-75
-68
-62
-99
-267
-495
-714
-846
-848
-772
-677
-652
-667
-726
-788
-849
-844
-806
-777
-788
-787
-721
-644
-579
-555
-491
-424
-346
-265
-182
-72
71
293
503
631
643
641
657
723
779
808
813
809
813
806
817
871
910
908
896
884
862
774
703
641
547
419
323
337
395
383
304
184
129
84
82
72
2
-184
-399
-492
-458
-400
-382
-399
-441
-499
-480
-353
-201
-147
-238
-355
-443
-441
-410
-354
-305
-307
-403
-530
-578
-518
-440
-381
-314
-258
-258
-291
-252
-107
39
155
179
178
56
-91
-218
-231
-197
-173
-162
-172
-200
-267
-274
-276
-223
-153
10
170
253
257
247
262
312
408
527
599
567
502
426
338
207
103
32
-30
-142
-234
-325
-388
-451
-489
-479
-460
-421
-414
-361
-277
-109
-7
15
-113
-272
-408
-461
-425
-422
-418
-434
-375
-386
-424
-423
-316
-234
-248
-210
-114
-20
-86
-160
-203
-246
-293
-245
-23
214
419
621
873
1036
1117
1116
1183
1245
1275
1258
1162
1094
963
916
888
940
890
762
565
434
364
383
480
539
517
377
269
197
216
207
161
-9
-194
-368
-532
-689
-849
-946
-1068
-1132
-1111
-940
-709
-530
-404
-431
-461
-530
-479
-430
-440
-499
-578
-564
-577
-590
-642
-636
-554
-423
-275
-164
-71
-50
-52
-33
40
78
57
33
50
59
51
96
164
203
197
286
441
636
799
967
1152
1313
1420
1409
1325
1284
1309
1360
1364
1294
1137
897
704
551
346
58
-171
-264
-339
-494
-718
-929
-1123
-1271
-1271
-1204
-1081
-1000
-876
-733
-668
-677
-769
-777
-728
-622
-505
-357
-215
-175
-222
-316
-373
-451
-573
-735
-875
-942
-975
-976
-965
-995
-1099
-1207
-1139
-907
-686
-536
-427
-300
-205
-78
167
425
570
594
638
654
591
470
405
403
406
428
415
380
300
307
450
703
967
1129
1185
1156
1113
1079
1095
1078
965
679
362
117
27
65
112
79
-14
10
155
304
313
273
204
170
158
217
278
279
222
149
80
26
16
33
84
72
-26
-244
-456
-582
-575
-472
-306
-150
-48
57
202
358
482
547
529
355
87
-127
-237
-264
-274
-260
-196
-76
93
257
389
448
432
363
311
309
291
293
292
300
162
-81
-292
-354
-307
-262
-216
-217
-208
-180
7
261
479
595
670
785
791
654
366
79
-216
-512
-755
-893
-984
-1084
-1133
-1111
-1077
-1083
-1024
-860
-611
-407
-287
-314
-439
-595
-682
-744
-787
-835
-860
-855
-775
-612
-426
-261
-118
65
176
224
120
5
-91
-88
-5
94
183
228
274
323
410
399
313
161
60
-38
-106
-88
25
118
149
223
340
437
404
349
229
64
-165
-299
-418
-548
-724
-818
-789
-703
-463
-184
154
274
326
330
450
568
616
568
410
245
121
168
221
247
207
224
236
243
274
297
289
293
446
622
700
675
685
700
602
434
229
83
-43
-84
-136
-239
-332
-338
-211
-104
-51
-54
-1
171
391
505
447
271
31
-229
-468
-524
-404
-153
55
170
272
518
912
1269
1418
1406
1347
1272
1229
1214
1241
1141
944
722
589
546
565
651
651
495
160
-95
-175
-60
78
69
-129
-419
-588
-582
-498
-499
-662
-999
-1433
-1842
-2119
-2285
-2464
-2630
-2710
-2602
-2316
-1898
-1351
-844
-410
-130
68
167
154
55
-150
-443
-693
-778
-666
-470
-251
-12
150
265
359
542
666
716
684
648
555
387
264
225
241
229
213
191
153
142
266
487
740
926
1139
1274
1298
1212
1188
1307
1447
1542
1502
1363
1108
858
685
619
583
449
210
-129
-459
-704
-848
-909
-997
-1158
-1323
-1460
-1503
-1528
-1530
-1516
-1456
-1291
-1037
-796
-710
-737
-769
-720
-600
-515
-485
-615
-767
-838
-716
-467
-228
-1
177
372
514
694
805
863
819
763
736
736
829
939
988
831
571
282
86
14
85
196
241
305
415
502
423
317
324
452
573
621
608
444
223
12
-51
-35
-17
2
2
-38
-134
-300
-485
-683
-839
-877
-861
-827
-854
-887
-883
-864
-810
-711
-541
-350
-156
74
324
537
640
647
584
458
360
305
336
395
500
642
743
857
1016
1277
1515
1614
1562
1380
1197
988
727
303
-98
-263
-104
167
271
146
-136
-257
-166
102
188
107
-30
-24
88
189
217
158
40
-157
-418
-780
-1082
-1327
-1452
-1565
-1635
-1661
-1651
-1632
-1613
-1590
-1562
-1501
-1401
-1234
-1035
-811
-619
-439
-270
-111
10
87
149
185
184
211
292
429
552
637
702
739
839
1004
1193
1277
1283
1296
1304
1231
1121
1077
1105
1064
955
828
736
635
513
463
443
432
353
278
251
255
311
391
486
541
532
478
349
250
185
246
371
541
694
695
586
379
203
20
-140
-281
-451
-697
-990
-1217
-1372
-1471
-1571
-1643
-1745
-1919
-2046
-2000
-1773
-1527
-1393
-1298
-1248
-1208
-1157
-1032
-892
-828
-781
-601
-341
-193
-239
-377
-450
-422
-277
-100
70
99
9
-158
-276
-294
-249
-117
50
217
325
410
521
637
701
764
810
794
647
405
178
-25
-162
-292
-449
-637
-786
-791
-704
-561
-408
-226
-92
-55
-33
6
108
163
214
210
133
54
30
147
313
527
776
1074
1333
1493
1527
1501
1485
1459
1453
1404
1347
1250
1149
1083
995
904
809
739
593
376
224
227
361
481
647
808
952
1008
1071
1196
1312
1411
1478
1612
1675
1666
1566
1466
1382
1309
1325
1365
1412
1429
1483
1477
1257
820
376
87
-88
-248
-455
-738
-1127
-1591
-1975
-2301
-2555
-2853
-3059
-3171
-3154
-3005
-2814
-2576
-2383
