-12
-98
-178
-223
-243
-259
-254
-199
-109
-55
-107
-246
-381
-416
-327
-174
-38
12
-41
-171
-314
-419
-454
-416
-336
-278
-273
-312
-368
-394
-362
-258
-129
-17
61
92
59
-46
-172
-270
-300
-262
-166
-31
121
262
373
419
388
320
304
375
477
513
448
319
204
156
181
259
362
485
619
737
757
624
382
164
85
143
246
292
242
133
45
20
49
123
226
328
362
305
195
109
94
131
177
201
213
220
202
147
62
-59
-212
-345
-370
-259
-96
1
-14
-123
-283
-442
-541
-536
-441
-331
-283
-326
-424
-517
-560
-525
-433
-340
-311
-364
-458
-521
-516
-442
-342
-248
-183
-144
-119
-104
-103
-116
-127
-125
-100
-37
80
234
349
373
321
248
196
172
170
186
191
164
116
99
146
239
330
408
502
621
728
772
745
697
672
692
727
741
687
532
292
25
-176
-257
-221
-120
-23
24
-17
-158
-379
-583
-645
-516
-258
-5
153
193
151
75
1
-57
-122
-201
-266
-270
-221
-162
-133
-133
-152
-197
-245
-259
-222
-176
-174
-212
-218
-148
-34
49
55
2
-54
-74
-62
-29
2
25
35
21
-21
-76
-77
21
182
314
363
357
331
266
153
9
-101
-142
-110
-40
10
4
-57
-144
-232
-296
-310
-263
-174
-78
-24
-58
-209
-453
-682
-775
-702
-554
-453
-438
-482
-537
-573
-573
-530
-469
-429
-459
-572
-707
-764
-703
-577
-474
-404
-311
-161
-18
30
-12
-38
55
253
453
550
534
468
434
445
476
516
587
687
769
786
748
689
624
546
463
396
370
395
448
516
605
727
844
883
848
829
880
950
937
822
664
540
487
475
447
369
282
236
220
187
112
14
-97
-198
-247
-215
-136
-92
-127
-223
-325
-415
-496
-553
-547
-452
-315
-227
-245
-342
-457
-534
-555
-533
-494
-461
-420
-357
-277
-239
-275
-367
-445
-447
-352
-163
78
294
398
358
221
85
14
20
63
89
50
-76
-255
-403
-446
-386
-293
-231
-201
-160
-74
29
88
62
-18
-83
-86
-25
76
175
230
216
149
43
-82
-201
-286
-331
-346
-331
-289
-244
-239
-280
-328
-342
-307
-227
-116
0
49
-20
-205
-426
-572
-571
-440
-271
-142
-65
-15
17
17
-21
-76
-106
-74
1
39
-30
-187
-333
-383
-324
-205
-82
20
111
193
263
311
331
337
363
448
577
680
697
626
499
360
247
177
149
147
185
271
381
477
546
606
637
600
493
363
261
184
118
77
85
153
258
350
367
272
103
-23
13
196
390
449
367
229
110
3
-101
-190
-241
-252
-229
-196
-163
-131
-74
23
133
227
283
299
258
142
-31
-206
-321
-356
-327
-260
-187
-131
-95
-63
-17
47
120
185
211
180
99
3
-104
-239
-391
-501
-533
-514
-492
-468
-408
-319
-238
-206
-235
-314
-419
-504
-508
-405
-247
-128
-113
-178
-254
-279
-262
-270
-346
-437
-430
-279
-73
35
-11
-130
-194
-160
-66
29
96
110
50
-86
-269
-447
-537
-474
-260
14
241
369
400
346
241
153
137
186
245
273
264
231
192
171
167
153
119
85
94
141
203
247
256
248
265
321
382
392
334
231
119
36
-3
-1
22
51
91
147
197
185
98
-10
-38
35
133
167
106
-8
-113
-140
-73
29
93
113
136
179
206
207
198
173
97
-26
-118
-117
-38
40
76
79
91
151
272
419
497
431
272
148
141
191
222
217
197
152
63
-31
-87
-97
-109
-142
-212
-316
-427
-477
-433
-346
-302
-330
-361
-330
-238
-145
-118
-183
-320
-455
-510
-466
-383
-341
-360
-421
-520
-650
-757
-778
-715
-632
-596
-595
-576
-495
-381
-302
-304
-356
-376
-309
-152
60
288
481
590
597
525
437
374
334
295
258
249
285
363
440
460
383
248
148
152
248
355
407
393
369
422
589
815
991
1049
992
879
754
637
539
483
480
491
468
408
380
423
496
541
534
495
447
405
384
381
377
346
282
176
34
-102
-180
-170
-114
-61
-44
-68
-147
-298
-514
-746
-929
-1037
-1080
-1064
-995
-897
-821
-821
-916
-1056
-1146
-1090
-882
-610
-382
-251
-176
-88
33
125
122
24
-88
-139
-132
-131
-204
-367
-588
-781
-866
-801
-645
-487
-406
-411
-455
-460
-372
-198
-8
120
152
117
74
65
100
170
252
313
328
320
310
290
245
185
125
34
-78
-154
-140
-73
-29
-21
-20
-16
-39
-69
-58
27
151
229
193
42
-118
-179
-110
16
117
158
140
71
-55
-210
-346
-414
-399
-308
-133
112
356
493
488
411
387
460
586
694
749
750
724
726
788
862
843
716
585
563
653
786
882
868
723
527
404
406
463
503
555
669
821
904
842
661
492
441
521
628
635
521
387
351
412
474
465
404
331
244
120
-18
-135
-216
-293
-382
-477
-535
-518
-435
-343
-334
-420
-544
-614
-584
-507
-478
-602
-877
-1170
-1334
-1325
-1233
-1150
-1097
-1057
-992
-892
-761
-667
-664
-727
-738
-625
-457
-364
-402
-486
-508
-455
-399
-404
-469
-561
-655
-740
-802
-794
-693
-544
-433
-379
-319
-203
-62
45
70
-29
-245
-470
-552
-477
-374
-341
-370
-383
-332
-204
-28
99
103
11
-56
-8
140
294
377
365
287
196
149
183
287
403
466
460
437
456
513
533
488
438
472
568
638
637
603
588
597
590
517
387
272
247
302
352
345
326
364
471
613
739
831
913
1022
1151
1236
1253
1238
1239
1225
1153
1032
917
829
760
693
637
589
541
480
414
375
387
443
493
512
503
494
462
389
271
149
52
2
-6
-3
-23
-85
-182
-292
-378
-405
-368
-333
-371
-497
-644
-738
-750
-702
-659
-658
-709
-791
-893
-1003
-1097
-1143
-1115
-1035
-946
-907
-919
-966
-1035
-1111
-1155
-1126
-1046
-963
-921
-930
-971
-974
-874
-672
-465
-351
-369
-494
-648
-757
-760
-641
-417
-172
-7
28
-26
-70
-68
-25
-20
-88
-222
-333
-349
-268
-128
-8
31
-62
-218
-335
-344
-264
-138
-12
44
14
11
189
522
812
880
738
505
308
211
210
262
333
436
542
596
566
547
609
729
802
765
680
621
631
619
512
325
217
285
476
635
651
547
412
360
412
510
554
521
457
437
488
565
599
549
486
476
521
521
424
283
206
252
365
464
478
419
333
283
246
158
-33
-266
-426
-453
-387
-329
-297
-271
-231
-229
-256
-244
-163
-84
-102
-198
-283
-279
-181
-51
9
-70
-235
-354
-342
-199
35
275
374
231
-43
-245
-257
-154
-38
31
33
-11
-71
-133
-224
-314
-362
-367
-415
-530
-655
-690
-623
-521
-486
-557
-683
-772
-793
-789
-790
-810
-812
-777
-688
-591
-540
-563
-603
-596
-532
-468
-437
-414
-350
-250
-140
-58
-8
-6
-42
-86
-90
-70
-84
-138
-190
-181
-110
-14
67
120
203
355
533
659
731
805
887
947
968
947
856
714
579
456
313
193
222
408
605
675
628
575
582
648
689
652
586
608
748
896
911
769
554
363
260
235
251
262
280
339
395
356
192
14
-81
-102
-125
-165
-209
-223
-197
-158
-168
-263
-372
-384
-259
-109
-94
-299
-591
-746
-621
-303
-4
105
-1
-214
-382
-376
-192
56
197
116
-147
-406
-502
-462
-447
-556
-712
-761
-650
-452
-288
-209
-175
-126
-85
-150
-349
-555
-584
-412
-196
-132
-247
-429
-530
-491
-350
-187
-52
75
182
232
189
139
185
323
430
410
267
54
-153
-291
-310
-232
-92
73
228
293
220
20
-235
-433
-456
-262
20
136
-18
-327
-547
-548
-333
4
305
449
429
380
359
333
272
269
340
382
292
118
-13
-36
48
168
205
77
-100
-154
-11
231
448
549
507
414
379
442
472
404
240
114
88
188
353
458
433
273
115
31
55
146
284
391
390
266
143
131
241
357
351
188
-40
-151
-34
259
538
650
529
278
64
56
208
315
190
-144
-493
-654
-545
-289
-128
-223
-493
-728
-775
-695
-619
-616
-626
-580
-451
-276
-149
-173
-363
-584
-664
-550
-316
-104
2
-24
-98
-123
-46
58
87
2
-176
-354
-498
-559
-604
-634
-621
-488
-252
-50
25
13
48
146
223
206
104
-85
-340
-542
-536
-341
-108
33
111
155
180
170
143
153
220
364
495
553
452
252
43
-35
28
87
31
-109
-170
-129
1
181
351
334
73
-261
-438
-409
-286
-117
37
75
-100
-337
-401
-194
139
474
752
905
844
566
278
134
126
141
136
160
187
195
222
345
478
495
366
238
214
295
421
484
415
208
10
-78
-44
87
331
647
909
1058
1099
1072
966
816
653
484
349
343
472
608
614
492
368
339
429
553
526
231
-218
-493
-457
-289
-259
-347
-378
-284
-187
-215
-378
-648
-891
-1002
-933
-864
-918
-1061
-1111
-983
-718
-419
-222
-292
-655
-1099
-1334
-1237
-926
-563
-329
-362
-691
-1057
-1180
-992
-664
-365
-184
-198
-398
-612
-675
-623
-577
-549
-481
-418
-452
-535
-576
-578
-565
-456
-167
165
322
268
204
263
407
532
610
637
615
580
564
575
598
693
841
932
846
613
406
374
506
650
634
471
337
351
473
541
518
443
403
417
500
618
723
769
774
747
646
474
322
320
426
525
515
412
218
-3
-147
-114
-16
-47
-249
-404
-334
-157
-130
-330
-576
-676
-527
-179
221
365
118
-294
-452
-235
61
151
-15
-297
-582
-690
-534
-223
-41
-84
-210
-254
-220
-136
9
179
258
155
-59
-274
-361
-210
247
770
964
669
229
99
352
702
788
492
-85
-585
-662
-304
84
127
-106
-251
-113
155
331
313
140
-77
-164
-33
174
220
65
-104
-152
-112
-117
-152
-153
-33
105
107
-203
-799
-1437
-1725
-1452
-810
-260
-116
-292
-504
-508
-268
49
153
-87
-488
-681
-549
-313
-306
-581
-864
-835
-489
-178
-210
-527
-769
-685
-284
196
513
524
335
169
184
303
410
449
451
382
218
49
-12
51
131
204
311
429
437
305
169
171
286
382
401
406
458
553
635
700
750
774
772
759
747
673
524
364
313
401
544
633
623
565
497
423
316
179
57
-31
-95
-188
-347
-580
-838
-1000
-933
-663
-395
-319
-390
-415
-313
-169
-85
-97
-164
-189
-66
180
345
287
58
-168
-271
-221
-50
132
218
208
195
213
202
114
-30
-170
-275
-352
-444
-600
-787
-849
-598
-38
592
981
1011
794
510
283
162
131
86
-41
-177
-234
-207
-146
-10
219
454
546
441
186
-149
-470
-677
-701
-551
-348
-215
-217
-292
-341
-313
-198
-73
-53
-228
-492
-635
-582
-502
-545
-643
-594
-321
72
352
378
215
91
164
384
611
741
731
574
349
166
90
74
77
73
53
23
40
148
286
344
276
165
119
192
353
482
466
307
162
181
336
471
459
304
95
-26
46
249
381
271
-15
-286
-415
-410
-350
-298
-284
-241
-96
102
176
18
-283
-532
-580
-414
-196
-110
-225
-382
-373
-144
138
223
15
-355
-624
-665
-531
-396
-353
-401
-441
-365
-128
167
316
191
-151
-490
-644
-577
-391
-206
-127
-179
-332
-467
-514
-468
-415
-409
-460
-530
-532
-391
-133
45
-2
-231
-435
-458
-278
-18
150
102
-91
-250
-215
41
412
696
748
623
530
622
848
1038
1032
795
422
98
-49
-2
147
258
242
132
57
102
237
387
482
473
382
313
382
567
721
713
537
314
196
258
438
604
680
695
712
754
759
652
433
230
170
229
276
244
187
174
204
238
255
266
280
294
288
257
240
277
352
354
212
-35
-270
-403
-413
-328
-241
-238
-329
-398
-338
-152
47
124
7
-279
-593
-802
-868
-816
-641
-351
-28
204
254
116
-181
-531
-789
-798
-569
-285
-200
-405
-749
-921
-710
-224
189
202
-178
-699
-1072
-1148
-941
-596
-323
-263
-407
-607
-737
-783
-822
-910
-999
-1006
-910
-778
-701
-656
-566
-365
-119
45
45
-106
-304
-456
-477
-376
-211
-87
-52
-116
-194
-207
-118
22
174
300
347
270
101
-55
-159
-171
-54
201
442
545
553
619
768
894
957
995
1033
974
759
477
334
459
795
1153
1329
1274
1111
1030
1110
1266
1352
1277
1028
687
388
259
315
465
570
515
272
-55
-294
-347
-281
-199
-122
37
308
614
817
816
603
296
72
28
116
189
166
50
-77
-110
29
311
567
655
563
419
318
262
200
119
54
8
-87
-300
-575
-756
-747
-600
-431
-339
-353
-462
-583
-651
-658
-646
-650
-657
-628
-554
-471
-427
-417
-413
-411
-386
-308
-153
67
356
685
973
1100
1052
882
685
501
331
103
-220
-558
-799
-946
-1128
-1399
-1698
-1953
-2177
-2400
-2620
-2828
-3038
-3207
-3227
-3009
-2579
-2058
-1586
-1235
-1010
-827
-569
-202
176
425
508
496
490
565
761
1047
1322
1483
1496
1401
1249
1115
1027
961
812
563
309
195
297
584
953
1304
1587
1815
2040
2251
2423
2534
2618
2704
2814
2959
3115
3195
3114
2883
2576
2250
1872
1394
766
-28
-961
-1929
-2794
-3450
-3826
-3942
-3904
-3832
-3705
-3424
-2954
-2432
-2001
-1710
-1497
-1273
-979
-646
-351
-118
125
425
742
1011
1229
1405
1511
1507
1359
1056
597
30
-545
-1022
-1355
-1568
-1708
-1745
-1579
-1132
-432
427
1353
2278
3151
3956
4673
5235
5538
5555
5362
5065
4713
4303
3807
3240
2688
2259
1941
1587
1056
321
-561
-1581
-2732
-3955
-5118
-6130
-6943
-7508
-7761
-7663
-7237
-6518
-5556
-4433
-3268
-2149
-1083
-69
845
1568
2025
2216
2233
2188
2136
2015
1783
1500
1266
1072
802
372
-217
-916
-1695
-2503
-3283
-3970
-4507
-4821
-4868
-4642
-4140
-3348
-2268
-999
349
1698
3030
4295
5409
6311
6944
7299
7419
7403
7298
7075
6698
6218
5722
5250
4775
4260
3699
3057
2313
1431
414
-759
-2059
-3391
-4628
-5710
-6645
-7412
-7928
-8083
-7839
-7237
-6380
-5393
-4321
-3176
-1985
-846
142
969
1653
2202
2626
2982
3300
3542
3646
3606
3444
3170
2794
2325
1709
833
-319
-1623
-2908
-4083
-5078
-5813
-6228
-6358
-6234
-5800
-4986
-3778
-2228
-409
1513
3293
4743
5850
6685
7272
7594
7679
7572
7282
6841
6325
5821
5300
4705
4001
3228
2420
1596
739
-198
-1225
-2312
-3412
-4552
-5737
-6877
-7832
-8509
-8853
-8806
-8346
-7510
-6340
-4867
-3214
-1583
-110
1197
2355
3317
4025
4444
4544
4300
3794
3199
2635
2108
1600
1127
662
123
-519
-1221
-1976
-2810
-3699
-4558
-5331
-6005
-6496
-6637
-6294
-5455
-4172
-2526
-648
1294
3183
4972
6574
7834
8615
8933
8872
8527
7965
7248
6406
5455
4493
3673
3082
2668
2354
2111
1890
1566
980
74
-1097
-2433
-3838
-5222
-6502
-7593
-8389
-8731
-8502
-7728
-6546
-5061
-3293
-1340
565
2189
3438
4312
4788
4879
4650
4204
3597
2921
2282
1740
1287
933
696
525
293
-127
-784
-1673
-2740
-3896
-5035
-6094
-6992
-7597
-7757
-7390
-6510
-5170
-3432
-1382
814
2961
4901
6533
7735
8386
8465
8061
7321
6366
5324
4325
3479
2839
2420
2200
2137
2169
2219
2207
2027
1557
693
-552
-2060
-3674
-5291
-6815
-8128
-9098
-9612
-9559
-8876
-7653
-6057
-4217
-2196
-175
1561
2806
3540
3856
3840
3575
3121
2516
1842
1306
1081
1145
1308
1437
1534
1583
1482
1089
349
-725
-2047
-3489
-4864
-6005
-6812
-7231
-7204
-6644
-5514
-3848
-1765
554
2845
4887
6576
7892
8763
9082
8831
8112
7083
5905
4745
3707
2832
2145
1717
1580
1660
1848
2074
2281
2308
1929
1005
-404
-2099
-3862
-5526
-6958
-8065
-8766
-8931
-8449
-7325
-5720
-3796
-1673
493
2453
3988
5016
5535
5582
5267
4708
3942
2973
1935
1071
507
193
59
85
228
373
383
150
-415
-1305
-2410
-3593
-4748
-5744
-6378
-6537
-6255
-5583
-4446
-2775
-689
1564
3772
5780
7407
8487
8969
8900
8317
7265
5892
4395
2919
1560
446
-294
-643
-677
-486
-138
290
718
1052
1107
661
-351
-1766
-3361
-4991
-6513
-7748
-8553
-8873
-8651
-7824
-6454
-4709
-2743
-681
1267
2808
3777
4183
4065
3454
2454
1263
55
-1057
-1926
-2402
-2470
-2233
-1775
-1119
-373
240
517
367
-206
-1144
-2305
-3495
-4562
-5410
-5906
-5912
-5346
-4229
-2604
-547
1754
4019
6006
7572
8618
9093
9007
8410
7342
5907
4307
2780
1476
472
-159
-369
-194
278
971
1789
2604
3280
3684
3633
2961
1690
54
-1697
-3438
-5071
-6435
-7359
-7729
-7481
-6597
-5183
-3433
-1521
400
2104
3334
3972
4049
3614
2716
1494
164
-1061
-2018
-2569
-2656
-2320
-1645
-698
412
1456
2190
2476
2308
1706
706
-624
-2117
-3536
-4621
-5181
-5153
-4568
-3489
-1952
-54
2019
4009
5696
6938
7632
7732
7258
6288
4925
3325
1697
232
-945
-1741
-2064
-1870
-1213
-209
1005
2263
3352
4077
4305
3946
2981
1501
-304
-2259
-4220
-5995
-7369
-8184
-8425
-8111
-7286
-6050
-4545
-2905
-1273
144
1126
1577
1531
1061
269
-677
-1562
-2232
-2583
-2530
-2023
-1117
41
1291
2486
3474
4074
4144
3655
2684
1350
-189
-1760
-3206
-4379
-5114
-5260
-4788
-3808
-2453
-792
1096
3008
4653
5811
6414
6485
6049
5148
3882
2424
997
-174
-936
-1237
-1080
-453
605
1936
3308
4544
5543
6196
6369
5949
4881
3252
1292
-714
-2587
-4271
-5718
-6811
-7421
-7498
-7092
-6306
-5250
-4004
-2661
-1400
-458
9
38
-241
-691
-1204
-1643
-1861
-1733
-1187
-254
927
2171
3340
4324
5011
5286
5102
4474
3442
2052
373
-1451
-3213
-4670
-5618
-5934
-5632
-4823
-3649
-2202
-558
1122
2623
3774
4500
4766
4555
3935
3055
2092
1208
577
336
489
944
1624
2529
3620
4746
5700
6327
6566
6420
5893
4957
3583
1867
9
-1810
-3526
-5096
-6416
-7380
-7937
-8050
-7670
-6871
-5882
-4915
-4050
-3307
-2770
-2485
-2380
-2343
-2295
-2153
-1799
-1179
-338
653
1755
2906
4004
4941
5629
5964
5815
5121
3943
2445
790
-889
-2480
-3891
-5035
-5810
-6124
-5947
-5343
-4422
-3271
-1957
-576
728
1809
2558
2913
2914
2709
2458
2242
2101
2092
2273
2650
3196
3872
4598
5282
5846
6251
6447
6368
5990
5321
4364
3085
1537
-126
-1730
-3221
-4595
-5816
-6813
-7536
-7943
-7966
-7595
-6920
-6087
-5182
-4264
-3384
-2583
-1830
-1062
-239
643
1567
2497
3387
4209
4936
5516
5854
5907
5684
5195
4407
3320
2021
633
-762
-2137
-3456
-4630
-5553
-6146
-6385
-6257
-5770
-4981
-4013
-2975
-1940
-928
30
916
1678
2257
2660
2954
3224
3488
3767
4093
4467
4821
5081
5236
5322
5357
5342
5261
5086
4804
4397
3824
2989
1854
488
-962
-2390
-3752
-5015
-6152
-7122
-7884
-8340
-8409
-8095
-7489
-6651
-5597
-4389
-3174
-2054
-997
80
1177
2206
3085
3785
4336
4789
5157
5358
5292
4966
4485
3899
3152
2206
1135
22
-1131
-2322
-3485
-4510
-5312
-5827
-6003
-5835
-5359
-4637
-3711
-2649
-1535
-435
613
1591
2492
3306
3999
4507
4801
4940
5039
5160
5264
5299
5283
5276
5314
5384
5442
5426
5260
4894
4325
3571
2622
1457
119
-1280
-2642
-3931
-5131
-6202
-7096
-7789
-8222
-8317
-8020
-7358
-6400
-5242
-4009
-2822
-1721
-686
293
1207
2067
2849
3494
3966
4309
4587
4790
4851
4701
4320
3717
2930
1999
956
-195
-1430
-2701
-3935
-5028
-5862
-6333
-6429
-6215
-5754
-5063
-4143
-3071
-1958
-876
160
1121
1929
2535
2969
3319
3640
3940
4199
4410
4596
4784
4995
5200
5366
5489
5567
5535
5289
4777
4045
3152
2108
895
-443
-1775
-2981
-4035
-4976
-5821
-6541
-7124
-7547
-7774
-7758
-7498
-6997
-6269
-5377
-4413
-3401
-2317
-1179
-49
1069
2208
3314
4260
4961
5437
5696
5708
5414
4802
3918
2858
1735
604
-546
-1713
-2822
-3734
-4363
-4702
-4794
-4679
-4382
-3934
-3380
-2771
-2136
-1478
-790
-54
732
1538
2320
3061
3774
4460
5099
5658
6114
6483
6786
7039
7197
7185
6964
6549
5948
5164
4260
3352
2523
1771
1076
417
-231
-909
-1637
-2448
-3362
-4395
-5517
-6653
-7669
-8420
-8829
-8889
-8587
-7881
-6759
-5291
-3575
-1725
137
1886
3425
4684
5574
6046
6097
5774
5112
4178
3109
2068
1149
373
-247
-728
-1133
-1523
-1908
-2272
-2662
-3136
-3704
-4318
-4901
-5355
-5594
-5599
-5377
-4883
-4036
-2833
-1384
163
1717
3220
4586
5692
6453
6874
7001
6856
6462
5887
5210
4499
3810
3215
2748
2404
2175
2094
2139
2190
2059
1617
841
-198
-1421
-2791
-4277
-5844
-7390
-8746
-9687
-10046
-9777
-8942
-7626
-5935
-3981
-1889
177
2038
3567
4746
5593
6058
6075
5665
4967
4152
3366
2726
2282
2014
1873
1801
1710
1496
1092
488
-323
-1361
-2610
-3981
-5321
-6487
-7365
-7860
-7879
-7345
-6242
-4628
-2675
-592
1413
3196
4686
5831
6590
6956
6987
6741
6266
5635
4988
4451
4075
3861
3802
3885
4053
4244
4390
4389
4128
3545
2662
1517
151
-1377
-2990
-4606
-6113
-7361
-8238
-8720
-8794
-8411
-7574
-6370
-4884
-3188
-1434
163
1479
2524
3322
3850
4115
4170
4063
3840
3603
3458
3410
3365
3253
3068
2812
2454
1936
1202
212
-1010
-2392
-3829
-5232
-6489
-7466
-8057
-8181
-7809
-6980
-5795
-4377
-2809
-1164
455
1918
3131
4065
4752
5207
5425
5413
5242
5034
4892
4896
5056
5303
5502
5560
5445
5159
4676
4017
3232
2362
1408
373
-734
-1907
-3087
-4144
-4998
-5678
-6262
-6782
-7220
-7511
-7537
-7215
-6591
-5744
-4685
-3404
-1998
-625
649
1795
2765
3496
4012
4325
4410
4260
3968
3607
3177
2669
2152
1674
1170
532
-285
-1222
-2205
-3183
-4152
-5098
-5970
-6644
-7025
-7084
-6827
-6236
-5294
-4069
-2686
-1291
4
1142
2169
3168
4151
5026
5727
6258
6658
6929
7049
7018
6878
6674
6406
6046
5600
5129
4656
4157
3612
3045
2498
1978
1438
809
48
-810
-1705
-2638
-3640
-4699
-5701
-6493
-6961
-7054
-6774
-6143
-5167
-3885
-2407
-903
485
1680
2628
3284
3613
3630
3405
3055
2682
2320
1942
1538
1156
829
541
217
-196
-734
-1413
-2234
-3163
-4157
-5173
-6137
-6932
-7448
-7623
-7428
-6873
-6001
-4871
-3529
-2023
-456
1031
2356
3516
4521
5327
5890
6218
6353
6329
6182
5954
5687
5399
5084
4724
4317
3891
3489
3129
2782
2418
2021
1593
1086
429
-402
-1349
-2359
-3411
-4468
-5464
-6339
-7033
-7411
-7339
-6780
-5819
-4568
-3155
-1727
-428
684
1574
2208
2580
2757
2788
2691
2513
2356
2289
2284
2281
2271
2263
2202
1996
1585
974
171
-828
-2014
-3329
-4656
-5835
-6722
-7238
-7344
-7012
-6243
-5099
-3689
-2124
-521
1015
2409
3627
4647
5452
6037
6420
6589
6529
6261
5861
5390
4901
4447
4084
3816
3612
3435
3251
3061
2907
2821
2721
2450
1891
1046
2
-1158
-2388
-3661
-4916
-6066
-6997
-7594
-7769
-7502
-6846
-5863
-4606
-3193
-1821
-659
235
876
1298
1551
1679
1724
1725
1761
1891
2117
2436
2842
3307
3705
3871
3690
3117
2145
801
-820
-2583
-4338
-5944
-7266
-8195
-8653
-8599
-8026
-6996
-5601
-3918
-2050
-152
1592
3070
4256
5136
5678
5871
5766
5473
5099
4719
4365
4074
3922
3947
4104
4276
4407
4482
4475
4333
4035
3576
2926
2054
964
-289
-1635
-2983
-4252
-5401
-6397
-7175
-7610
-7636
-7278
-6625
-5739
-4675
-3490
-2272
-1120
-138
623
1166
1557
1862
2115
2328
2568
2935
3451
4011
4487
4826
5000
4945
4532
3668
2355
698
-1153
-3040
-4843
-6455
-7770
-8680
-9103
-9004
-8350
-7166
-5559
-3711
-1793
74
1785
3215
4270
4931
5263
5360
5328
5245
5148
5050
5000
5056
5237
5495
5752
5960
6105
6166
6072
5721
5068
4174
3144
2005
705
-758
-2219
-3496
-4563
-5511
-6377
-7077
-7519
-7635
-7398
-6841
-6066
-5163
-4152
-3075
-2043
-1167
-445
183
755
1290
1810
2334
2856
3393
3955
4494
4918
5154
5130
4737
3900
2646
1096
-645
-2512
-4422
-6237
-7791
-8936
-9573
-9662
-9239
-8372
-7128
-5594
-3898
-2201
-626
738
1851
2689
3276
3668
3947
4192
4458
4779
5166
5605
6041
6418
6707
6903
6968
6811
6365
5658
4777
3805
2797
1798
811
-174
-1151
-2056
-2841
-3514
-4118
-4657
-5132
-5569
-5967
-6231
-6218
-5854
-5200
-4353
-3379
-2307
-1205
-158
775
1588
2304
2977
3628
4240
4756
5136
5367
5432
5302
4935
4289
3355
2175
780
-818
-2579
-4355
-5969
-7286
-8242
-8756
-8759
-8248
-7348
-6237
-5032
-3755
-2440
-1180
-85
828
1621
2361
3065
3741
4412
5106
5830
6541
7182
7678
7972
8027
7837
7384
6656
5707
4653
3576
2506
1487
635
10
-458
-897
-1350
-1789
-2202
-2637
-3159
-3816
-4606
-5461
-6210
-6671
-6726
-6374
-5664
-4632
-3339
-1909
-495
803
1919
2808
3460
3898
4126
4157
4044
3886
3717
3507
3197
2754
2134
1296
238
-995
-2361
-3787
-5175
-6410
-7429
-8194
-8633
-8674
-8332
-7693
-6814
-5709
-4421
-3054
-1717
-479
658
1731
2797
3837
4786
5587
6265
6812
7175
7273
7097
6686
6104
5403
4579
3619
2559
1558
776
263
-33
-162
-174
-176
-314
-667
-1238
-2009
-2932
-3913
-4877
-5799
-6550
-6883
-6616
-5830
-4690
-3300
-1711
-63
1455
2676
3481
3846
3877
3729
3476
3178
2949
2918
3078
3337
3571
3680
3552
3127
2366
1235
-252
-1947
-3635
-5156
-6433
-7406
-7980
-8063
-7629
-6759
-5618
-4359
-3036
-1655
-261
1054
2211
3184
4009
4765
5501
6188
6721
7053
7211
7209
6991
6508
5802
4991
4168
3404
2727
2162
1721
1436
1340
1404
1502
1422
1010
220
-864
-2164
-3576
-4986
-6191
-7047
-7422
-7260
-6558
-5458
-4150
-2785
-1470
-315
552
1082
1272
1171
896
686
707
997
1491
2156
2906
3582
4004
4067
3710
2930
1774
317
-1381
-3214
-4979
-6453
-7511
-8164
-8448
-8374
-7927
-7117
-6025
-4792
-3555
-2336
-1099
155
1349
2445
3477
4500
5486
6345
6959
7238
7159
6810
6283
5611
4806
3947
3165
2523
2031
1689
1491
1374
1257
1069
719
94
-829
-1936
-3089
-4218
-5280
-6195
-6882
-7239
-7130
-6473
-5401
-4167
-2911
-1675
-538
332
898
1209
1385
1530
1805
2257
2789
3283
3767
4294
4746
4899
4614
3907
2864
1610
264
-1118
-2538
-3890
-4967
-5621
-5947
-6116
-6206
-6188
-6003
-5603
-4939
-4045
-2968
-1743
-347
1181
2745
4242
5588
6701
7492
7905
7923
7591
7014
6360
5729
5133
4561
4080
3757
3561
3389
3163
2879
2561
2201
1720
978
-106
-1422
-2726
-3838
-4722
-5420
-5977
-6399
-6594
-6390
-5736
-4817
-3903
-3059
-2202
-1326
-561
18
463
905
1467
2228
3088
3810
4224
4385
4401
4207
3650
2698
1490
189
-1077
-2226
-3255
-4219
-5093
-5741
-6113
-6338
-6576
-6814
-6935
-6825
-6418
-5684
-4672
-3454
-2067
-516
1102
2631
3928
4922
5572
5890
5962
5878
5665
5352
5057
4900
4840
4732
4484
4091
3556
2912
2228
1573
938
288
-385
-1088
-1826
-2556
-3199
-3757
-4311
-4900
-5458
-5885
-6043
-5825
-5244
-4502
-3714
-2837
-1778
-652
400
1326
2198
3037
3884
4719
5396
5664
5445
4922
4303
3609
2749
1750
751
-98
-757
-1292
-1840
-2498
-3188
-3764
-4195
-4611
-5083
-5491
-5645
-5454
-4926
-4103
-3072
-1932
-733
541
1825
2968
3842
4485
4984
5386
5687
5903
6053
6070
5900
5540
5031
4380
3592
2697
1752
824
58
-396
-503
-464
-549
-901
-1452
-2083
-2765
-3521
-4356
-5215
-5993
-6459
-6404
-5802
-4914
-3986
-3109
-2219
-1323
-461
303
962
1570
2274
3157
4097
4811
5093
4941
4466
3770
2929
2013
1097
251
-478
-1064
-1526
-1900
-2250
-2641
-3114
-3686
-4319
-4926
-5356
-5474
-5210
-4582
-3663
-2567
-1425
-341
659
1568
2386
3115
3785
4410
4975
5489
5981
6429
6683
6571
6053
5224
4200
3060
1885
803
-16
-412
-385
-167
-96
-339
-828
-1430
-2143
-3037
-4125
-5269
-6216
-6668
-6472
-5741
-4807
-3928
-3126
-2265
-1340
-492
167
739
1441
2406
3572
4707
5506
5754
5455
4804
4008
3142
2184
1178
265
-442
-938
-1311
-1668
-2126
-2760
-3549
-4382
-5132
-5698
-5967
-5834
-5255
-4298
-3125
-1920
-837
8
584
976
1352
1864
2570
3430
4345
5231
6038
6705
7089
6987
6303
5158
3838
2594
1550
741
210
0
110
408
579
275
-609
-1832
-3057
-4106
-4966
-5619
-6004
-6070
-5784
-5197
-4460
-3814
-3399
-3145
-2870
-2416
-1727
-792
357
1649
2976
4203
5162
5654
5543
4878
3909
2935
2150
1597
1229
929
541
-55
-860
-1797
-2803
-3823
-4751
-5407
-5626
-5330
-4575
-3548
-2504
-1650
-1087
-795
-677
-613
-497
-229
329
1279
2598
4097
5505
6595
7211
7290
6875
6101
5157
4213
3373
2651
2024
1506
1149
965
831
536
-89
-1039
-2112
-3031
-3633
-3922
-4012
-4019
-4046
-4153
-4304
-4403
-4369
-4179
-3822
-3270
-2512
-1597
-586
482
1576
2592
3376
3806
3908
3806
3621
3416
3214
3017
2768
2379
1771
913
-163
-1359
-2522
-3514
-4251
-4677
-4740
-4456
-3948
-3406
-2972
-2692
-2520
-2406
-2308
-2191
-2003
-1658
-1062
-190
895
2084
3252
4271
5035
5536
5824
5895
5680
5155
4415
3611
2821
2055
1309
620
30
-394
-569
-469
-216
-35
-91
-383
-824
-1337
-1847
-2247
-2422
-2372
-2197
-2014
-1852
-1661
-1398
-1064
-726
-488
-416
-470
-513
-392
-37
493
1054
1485
1692
1663
1464
1178
862
534
172
-256
-742
-1224
-1614
-1849
-1913
-1806
-1564
-1273
-1054
-991
-1100
-1357
-1717
-2125
-2544
-2960
-3333
-3563
-3517
-3124
-2392
-1389
-231
928
1917
2608
2959
3016
2896
2729
2588
2459
2314
2165
2062
2063
2172
2341
2473
2500
2395
2174
1870
1524
1171
826
476
111
-241
-510
-636
-626
-550
-457
-336
-189
-87
-119
-273
-431
-460
-321
-69
208
458
660
818
934
978
887
625
219
-268
-779
-1237
-1551
-1676
-1642
-1486
-1243
-984
-824
-836
-1023
-1361
-1816
-2322
-2805
-3225
-3575
-3832
-3926
-3800
-3425
-2826
-2071
-1258
-447
348
1063
1589
1866
1956
1979
1982
1950
1866
1776
1773
1932
2226
2521
2684
2691
2594
2437
2208
1904
1564
1257
1052
993
1086
1290
1528
1707
1717
1495
1071
557
63
-357
-667
-789
-656
-264
306
939
1508
1904
2028
1839
1368
721
48
-543
-1025
-1428
-1764
-1985
-2032
-1895
-1655
-1420
-1271
-1206
-1200
-1269
-1466
-1799
-2195
-2586
-2974
-3390
-3793
-4047
-4011
-3657
-3061
-2326
-1518
-684
102
743
1136
1230
1069
771
471
247
153
243
517
888
1204
1357
1319
1137
863
569
335
244
348
644
1062
1487
1794
1921
1873
1673
1313
804
228
-275
-584
-638
-424
39
672
1322
1821
2089
2165
2126
2020
1836
1568
1238
888
562
273
-10
-320
-660
-960
-1140
-1154
-1026
-806
-574
-424
-455
-706
-1138
-1674
-2241
-2775
-3209
-3449
-3397
-2983
-2228
-1273
-325
415
857
1005
934
734
495
305
223
268
432
676
937
1129
1181
1081
872
615
348
113
-11
58
333
728
1129
1435
1586
1557
1369
1083
748
410
126
-20
19
196
405
556
648
740
898
1123
1374
1612
1817
1975
2035
1937
1636
1142
507
-172
-795
-1265
-1496
-1444
-1152
-764
-441
-259
-220
-350
-728
-1400
-2248
-3061
-3625
-3855
-3790
-3551
-3228
-2825
-2327
-1802
-1381
-1141
-1061
-1059
-1055
-977
-809
-586
-362
-165
-5
92
121
112
104
100
111
177
339
569
809
1018
1181
1284
1315
1284
1241
1253
1345
1446
1454
1338
1161
995
844
681
500
384
436
699
1089
1455
1732
1941
2115
2198
2105
1803
1344
837
394
93
-48
-49
58
246
474
669
756
664
356
-156
-789
-1411
-1914
-2240
-2388
-2406
-2374
-2336
-2282
-2173
-2008
-1813
-1625
-1440
-1248
-1059
-900
-799
-754
-758
-805
-876
-925
-887
-714
-389
65
580
1089
1519
1807
1919
1883
1762
1607
1442
1295
1215
1218
1277
1327
1310
1167
871
457
22
-345
-588
-667
-544
-216
270
843
1410
1876
2163
2223
2071
1771
1414
1091
855
720
660
651
682
730
775
782
712
514
169
-278
-765
-1231
-1656
-2045
-2415
-2762
-3043
-3218
-3237
-3084
-2764
-2349
-1950
-1665
-1525
-1485
-1488
-1509
-1563
-1653
-1764
-1829
-1736
-1389
-818
-178
351
707
929
1064
1115
1059
907
703
541
506
627
848
1076
1239
1324
1344
1304
1168
915
592
302
134
110
217
430
745
1138
1550
1906
2178
2385
2548
2651
2649
2502
2205
1820
1461
1224
1132
1127
1130
1073
934
718
426
60
-396
-924
-1475
-1972
-2369
-2671
-2876
-2960
-2886
-2661
-2338
-1988
-1687
-1480
-1387
-1407
-1542
-1760
-1988
-2151
-2181
-2055
-1794
-1487
-1205
-971
-756
-549
-371
-260
-230
-256
-306
-364
-422
-443
-376
-205
30
274
491
651
722
671
504
281
115
96
235
478
764
1067
1414
1824
2266
2628
2805
2769
2582
2342
2140
2024
1987
2001
2045
2107
2150
2129
2019
1807
1512
1153
762
356
-45
-404
-691
-905
-1089
-1278
-1462
-1575
-1582
-1504
-1405
-1309
-1230
-1171
-1139
-1113
-1096
-1110
-1160
-1199
-1185
-1104
-972
-816
-662
-540
-457
-419
-436
-516
-633
-753
-847
-916
-921
-795
-495
-71
346
627
733
721
667
580
416
170
-88
-245
-226
-33
261
566
818
995
1108
1182
1234
1253
1235
1204
1191
1213
1264
1325
1388
1450
1489
1440
1240
908
537
219
-7
-171
-305
-436
-564
-697
-858
-1061
-1294
-1497
-1601
-1570
-1434
-1250
-1073
-946
-897
-920
-983
-1067
-1161
-1226
-1194
-1039
-816
-612
-469
-392
-368
-389
-463
-597
-770
-923
-981
-895
-647
-265
162
537
798
931
944
851
694
499
286
86
-39
-40
63
213
361
508
646
761
856
949
1033
1087
1105
1110
1115
1113
1081
973
771
497
196
-97
-340
-486
-523
-490
-428
-372
-375
-478
-647
-811
-937
-1036
-1085
-1053
-943
-788
-615
-459
-354
-304
-288
-293
-330
-368
-359
-260
-79
150
381
571
676
677
574
397
211
84
52
92
181
344
624
1002
1371
1608
1669
1584
1397
1137
811
456
145
-30
-31
86
233
349
426
479
525
611
769
997
1256
1483
1625
1649
1542
1303
951
533
127
-202
-446
-638
-774
-813
-762
-696
-707
-820
-1018
-1268
-1521
-1700
-1729
-1600
-1359
-1085
-867
-781
-851
-1017
-1187
-1298
-1344
-1323
-1215
-1012
-761
-529
-363
-280
-309
-456
-675
-899
-1059
-1125
-1058
-860
-561
-234
63
299
469
578
623
611
543
450
362
291
230
171
121
79
48
29
68
207
456
780
1132
1491
1823
2072
2153
2027
1713
1286
849
511
320
228
143
33
-69
-132
-164
-203
-282
-423
-600
-774
-921
-1038
-1120
-1141
-1078
-942
-794
-697
-671
-676
-647
-566
-473
-420
-415
-416
-367
-260
-129
-39
-36
-111
-203
-252
-255
-242
-226
-192
-129
-41
63
206
412
677
939
1130
1211
1200
1138
1061
984
887
733
518
316
235
326
554
830
1070
1224
1293
1312
1296
1213
1033
788
549
381
302
291
290
256
180
78
-34
-128
-166
-152
-164
-283
-510
-766
-970
-1084
-1116
-1110
-1085
-1015
-862
-650
-469
-397
-442
-547
-661
-756
-835
-910
-969
-983
-944
-872
-802
-763
-757
-784
-808
-811
-778
-711
-590
-404
-171
65
276
484
713
953
1160
1293
1325
1240
1055
829
620
441
277
137
58
63
115
146
131
108
128
190
239
225
145
32
-59
-101
-102
-80
-35
37
111
157
170
166
159
141
91
-5
-148
-320
-476
-579
-615
-592
-524
-427
-335
-268
-231
-225
-253
-328
-457
-619
-759
-821
-795
-716
-635
-572
-511
-425
-330
-254
-207
-150
-36
160
426
714
974
1181
1354
1506
1639
1734
1797
1830
1828
1792
1726
1642
1517
1344
1129
916
720
534
323
76
-173
-369
-466
-469
-420
-384
-380
-399
-402
-356
-248
-93
67
190
244
205
75
-112
-299
-471
-643
-821
-978
-1090
-1142
-1138
-1086
-1017
-969
-960
-984
-1023
-1058
-1085
-1133
-1229
-1354
-1451
-1468
-1412
-1343
-1321
-1358
-1406
-1407
-1339
-1198
-974
-665
-319
12
307
570
810
1011
1173
1291
1359
1393
1401
1396
1367
1317
1251
1176
1104
1029
913
729
504
305
169
111
123
193
291
381
436
446
435
447
511
608
691
728
724
692
646
588
536
500
476
441
369
231
33
-176
-324
-380
-370
-353
-373
-423
-469
-503
-550
-655
-810
-975
-1106
-1188
-1229
-1246
-1244
-1211
-1130
-1013
-880
-736
-571
-366
-123
158
454
727
911
993
1027
1090
1200
1307
1351
1300
1183
1048
929
823
718
613
512
410
293
169
39
-70
-144
-152
-72
71
220
330
409
480
537
561
536
478
415
379
382
397
385
330
250
168
87
-13
-160
-364
-582
-754
-858
-939
-1040
-1160
-1269
-1354
-1437
-1537
-1664
-1811
-1949
-2028
-2023
-1952
-1870
-1811
-1780
-1758
-1721
-1645
-1501
-1292
-1038
-764
-491
-247
-54
100
234
359
454
495
475
419
386
405
442
443
420
426
471
508
502
465
440
456
526
635
779
960
1169
1376
1543
1639
1653
1599
1531
1500
1515
1542
1566
1593
1623
1630
1593
1523
1435
1319
1172
1002
829
648
470
317
195
75
-79
-273
-477
-666
-831
-973
-1090
-1161
-1143
-1005
-789
-611
-571
-677
-839
-947
-961
-904
-827
-736
-617
-452
-258
-81
51
129
189
247
303
332
323
288
246
196
127
29
-84
-194
-297
-401
-487
-513
-462
-359
-230
-57
175
416
570
588
514
431
386
378
396
437
497
568
638
707
754
754
683
539
358
176
23
-114
-238
-331
-369
-381
-441
-583
-788
-996
-1173
-1294
-1350
-1343
-1297
-1244
-1201
-1166
-1119
-1054
-982
-925
-926
-992
-1087
-1131
-1072
-925
-745
-562
-361
-144
61
192
233
210
171
126
49
-68
-187
-256
-259
-224
-199
-218
-281
-357
-388
-335
-195
-4
192
354
484
601
713
791
821
824
850
921
1031
1161
1281
1367
1420
1464
1505
1501
1419
1265
1086
921
799
722
673
650
650
658
618
499
354
263
259
296
314
305
291
282
259
225
200
183
130
2
-203
-428
-594
-649
-598
-508
-436
-392
-355
-309
-274
-263
-272
-279
-264
-241
-234
-264
-314
-365
-403
-439
-486
-552
-632
-693
-702
-654
-573
-473
-355
-246
-184
-179
-184
-150
-76
16
132
299
513
705
803
791
720
647
608
594
586
557
501
429
367
325
270
164
15
-130
-243
-343
-448
-525
-532
-460
-357
-268
-216
-201
-231
-309
-412
-518
-628
-754
-873
-971
-1048
-1104
-1102
-1020
-880
-722
-577
-463
-409
-427
-503
-590
-642
-646
-621
-596
-562
-487
-374
-274
-245
-288
-357
-412
-451
-478
-486
-454
-373
-259
-131
18
217
473
739
940
1049
1089
1103
1121
1146
1178
1198
1197
1184
1176
1165
1112
1007
876
765
679
585
450
280
97
-70
-196
-268
-293
-299
-278
-215
-109
5
105
181
215
183
92
-1
-44
-33
-20
-51
-125
-181
-157
-51
96
221
273
237
152
113
206
421
659
795
785
677
569
497
435
326
135
-127
-412
-629
-710
-666
-594
-595
-674
-745
-713
-533
-238
98
396
590
662
653
643
689
791
906
973
968
908
822
725
605
441
227
-14
-235
-400
-504
-574
-646
-753
-896
-1044
-1138
-1129
-1023
-876
-758
-677
-588
-451
-310
-255
-309
-400
-442
-406
-325
-246
-205
-203
-219
-235
-240
-216
-143
-40
34
29
-31
-82
-75
-23
18
16
-22
-89
-182
-318
-482
-655
-819
-939
-978
-926
-829
-724
-612
-484
-370
-317
-309
-282
-194
-54
99
247
392
533
674
822
982
1147
1300
1419
1470
1416
1246
998
727
479
255
34
-193
-384
-501
-549
-540
-462
-320
-176
-90
-38
19
82
110
94
63
35
30
59
135
246
358
443
481
483
471
468
492
544
608
645
638
579
460
272
24
-235
-435
-540
-570
-590
-655
-785
-938
-1039
-1019
-871
-641
-414
-255
-161
-85
-8
51
81
89
94
107
151
241
345
427
492
571
675
763
800
786
734
646
505
328
164
43
-55
-168
-298
-417
-495
-517
-482
-413
-332
-244
-155
-97
-109
-179
-259
-314
-335
-323
-265
-165
-41
80
178
246
285
304
319
354
438
533
574
528
424
298
136
-75
-313
-518
-639
-667
-633
-580
-508
-411
-304
-237
-240
-285
-321
-318
-298
-281
-267
-236
-182
-106
-22
52
108
156
226
340
475
569
562
460
323
227
197
218
234
204
121
36
16
81
191
276
312
323
355
429
497
479
321
83
-128
-245
-271
-255
-230
-234
-277
-335
-366
-335
-243
-124
-13
75
147
219
279
299
246
126
-3
-90
-124
-144
-166
-178
-165
-122
-68
-37
-68
-140
-198
-196
-166
-163
-200
-254
-291
-305
-302
-265
-178
-58
38
59
5
-68
-96
-66
-14
-13
-76
-173
-267
-373
-513
-665
-762
-744
-623
-468
-355
-321
-349
-384
-382
-342
-295
-259
-225
-192
-182
-209
-262
-316
-352
-352
-318
-260
-186
-103
-29
20
48
84
156
267
398
525
620
673
685
678
671
690
750
836
892
888
840
798
783
782
776
756
715
662
631
641
656
631
580
559
603
688
774
822
823
792
750
710
680
664
640
578
477
357
222
68
-87
-212
-303
-374
-420
-435
-444
-488
-589
-739
-902
-1020
-1042
-983
-908
-872
-861
-852
-862
-894
-908
-845
-708
-567
-485
-480
-522
-592
-673
-733
-711
-577
-356
-136
-6
10
-42
-83
-59
46
190
320
376
335
225
118
67
76
89
73
49
56
89
116
130
157
206
258
310
368
425
472
513
545
541
479
398
353
348
324
213
22
-211
-438
-628
-767
-834
-820
-753
-699
-697
-726
-721
-647
-542
-462
-421
-392
-374
-386
-425
-460
-473
-485
-520
-562
-579
-551
-485
-404
-334
-294
-290
-281
-217
-94
32
97
98
86
112
189
280
357
407
450
504
585
679
749
776
780
806
858
923
975
1002
991
956
922
915
944
1012
1106
1182
1204
1163
1103
1057
1022
967
892
836
830
846
823
726
565
368
163
-20
-168
-281
-375
-448
-496
-530
-576
-648
-717
-733
-694
-643
-639
-680
-732
-777
-813
-830
-803
-726
-630
-555
-526
-538
-556
-543
-474
-377
-310
-307
-343
-352
-316
-278
-294
-357
-414
-416
-373
-308
-231
-136
-27
86
194
291
380
456
497
483
421
345
270
192
82
-69
-230
-338
-345
-257
-120
-3
47
22
-37
-76
-85
-75
-58
-27
15
52
86
138
213
264
236
119
-39
-190
-323
-446
-573
-686
-760
-785
-770
-729
-675
-624
-584
-550
-513
-474
-425
-342
-211
-61
49
69
12
-55
-85
-70
-36
-6
2
-10
-16
42
173
337
459
502
492
469
457
434
389
336
306
305
330
395
505
613
651
590
471
377
363
426
508
558
587
626
669
671
627
575
537
508
482
499
551
582
558
503
465
438
406
371
330
259
150
26
-72
-124
-128
-123
-176
-311
-485
-622
-687
-685
-632
-548
-451
-348
-229
-123
-88
-148
-273
-396
-475
-482
-411
-278
-127
3
85
104
71
13
-57
-125
-174
-188
-170
-149
-146
-181
-252
-323
-349
-321
-287
-285
-303
-284
-186
-28
128
236
307
366
404
378
282
155
35
-60
-141
-198
-230
-226
-201
-166
-134
-112
-119
-168
-264
-389
-514
-607
-633
-585
-500
-436
-418
-437
-475
-508
-514
-466
-365
-246
-158
-98
-27
75
173
228
249
265
278
269
257
289
372
449
453
396
356
380
444
493
518
511
473
407
339
278
216
152
95
59
46
69
127
196
245
269
287
308
321
315
300
297
310
325
317
294
277
284
309
323
308
259
198
139
68
-46
-207
-357
-438
-455
-461
-473
-484
-492
-513
-543
-562
-554
-514
-447
-372
-308
-258
-206
-136
-31
106
240
324
338
314
306
329
359
360
332
289
238
179
116
65
24
-32
-138
-297
-467
-587
-622
-598
-569
-575
-596
-598
-572
-556
-574
-587
-548
-464
-385
-334
-301
-278
-251
-206
-123
-13
106
235
341
376
319
236
212
267
327
316
231
140
105
113
130
144
172
208
212
166
91
27
-15
-25
-2
46
95
123
133
124
104
92
109
160
233
308
401
524
667
803
910
974
982
944
876
782
648
477
304
180
125
121
115
69
5
-17
47
163
249
255
205
162
148
155
176
204
220
186
91
-42
-166
-249
-281
-280
-276
-296
-339
-370
-362
-339
-350
-417
-497
-511
-436
-326
-281
-325
-381
-360
-276
-208
-232
-331
-438
-495
-491
-448
-390
-339
-295
-255
-226
-219
-237
-260
-263
-239
-197
-147
-81
0
66
73
6
-106
-232
-346
-428
-456
-456
-458
-471
-474
-476
-489
-542
-722
-1114
-1761
-2514
-2942
-2380
-590
1519
2328
1199
-691
-1602
-1035
246
1226
1166
-323
-2674
-4185
-3439
-764
2160
4056
4617
3973
2356
550
-298
433
2131
3448
3443
2225
698
-151
293
1912
3689
4254
3133
1227
-218
-924
-1298
-1435
-1060
-319
184
165
-222
-883
-1726
-2135
-1344
477
2110
2496
1621
221
-908
-1246
-713
216
833
684
-211
-1491
-2617
-3091
-2780
-1985
-1140
-571
-497
-913
-1451
-1517
-808
415
1569
2177
2178
1824
1461
1307
1438
1812
2247
2501
2420
2046
1550
1137
944
1010
1170
1065
263
-1334
-3264
-4719
-5158
-4714
-4038
-3814
-4265
-5040
-5525
-5319
-4427
-3137
-1782
-624
192
662
917
1150
1567
2296
3262
4163
4585
4280
3344
2195
1273
748
410
-146
-1187
-2599
-3924
-4748
-5000
-4874
-4507
-3871
-2942
-1797
-516
907
2473
4037
5384
6441
7339
8179
8937
9428
9322
8201
6002
3282
871
-850
-2043
-3083
-4282
-5789
-7382
-8554
-9015
-8960
-8629
-7956
-6831
-5402
-3868
-2284
-671
947
2693
4681
6670
8162
8808
8622
7844
6799
5688
4503
3140
1556
-283
-2472
-4898
-7109
-8615
-9349
-9523
-9283
-8629
-7601
-6263
-4617
-2623
-304
2251
4843
7174
9042
10449
11464
12020
12061
11722
11256
10667
9610
7581
4449
711
-2662
-4966
-6179
-6886
-7746
-9026
-10374
-11114
-10876
-9892
-8630
-7256
-5667
-3810
-1856
-54
1456
2827
4379
6203
7933
9073
9389
8903
7734
6108
4301
2416
339
-1956
-4255
-6286
-7920
-9166
-10057
-10576
-10596
-9975
-8678
-6844
-4661
-2290
97
2358
4435
6343
8039
9417
10411
11015
11222
11008
10434
9513
8026
5582
2181
-1535
-4707
-6950
-8350
-9146
-9579
-9903
-10201
-10258
-9868
-9002
-7676
-5792
-3444
-990
1178
2842
3924
4577
5233
6217
7322
8012
7995
7336
6176
4572
2598
428
-1666
-3439
-4861
-6117
-7331
-8344
-8926
-9006
-8620
-7750
-6389
-4624
-2619
-491
1678
3831
5875
7667
9077
10107
10838
11277
11323
10918
10190
9251
7937
5825
2793
-631
-3565
-5513
-6581
-7149
-7551
-7941
-8207
-8024
-7290
-6324
-5472
-4619
-3404
-1760
23
1575
2675
3347
3930
4747
5680
6240
6121
5459
4573
3626
2536
1105
-706
-2678
-4493
-6003
-7182
-7955
-8218
-7998
-7422
-6560
-5420
-4049
-2503
-756
1247
3509
5843
7923
9386
10089
10130
9757
9191
8664
8289
7812
6579
4059
530
-3042
-5711
-7178
-7683
-7691
-7545
-7306
-6856
-6248
-5763
-5488
-5091
-4190
-2787
-1111
561
1936
2803
3311
3801
4299
4497
4236
3728
3279
2960
2554
1714
255
-1661
-3682
-5546
-7090
-8131
-8535
-8351
-7711
-6725
-5507
-4190
-2801
-1212
680
2851
5137
7288
8989
9976
10144
9615
8725
7900
7397
7018
6121
4099
996
-2433
-5305
-7180
-8055
-8150
-7781
-7236
-6612
-5897
-5178
-4575
-3970
-3113
-1950
-683
480
1441
2227
3048
4096
5182
5756
5490
4576
3461
2423
1537
748
-56
-991
-2145
-3556
-5126
-6498
-7242
-7178
-6441
-5262
-3846
-2417
-1192
-179
872
2244
3976
5872
7699
9234
10179
10282
9661
8787
8039
7276
5932
3587
515
-2475
-4709
-6076
-6793
-7123
-7299
-7366
-7031
-6054
-4749
-3647
-2827
-2032
-1258
-692
-258
281
1028
2005
3219
4400
5033
4828
3913
2649
1406
445
-252
-914
-1674
-2508
-3489
-4725
-6054
-7043
-7366
-6964
-5929
-4455
-2802
-1208
243
1579
2923
4438
6178
7941
9367
10170
10278
9841
9078
8036
6504
4250
1398
-1547
-4069
-5950
-7216
-7951
-8271
-8265
-7850
-6865
-5452
-4123
-3245
-2678
-2089
-1383
-620
199
1114
2133
3241
4308
5038
5164
4694
3840
2840
1849
876
-197
-1443
-2747
-3933
-4890
-5611
-6161
-6662
-7142
-7359
-6965
-5821
-4073
-1975
212
2308
4250
6090
7759
9030
9720
9915
9880
9827
9653
8900
7049
4065
557
-2669
-5131
-6730
-7519
-7732
-7629
-7325
-6691
-5773
-4826
-3974
-3030
-1847
-590
490
1265
1755
2135
2782
3849
4985
5609
5506
4861
3880
2643
1181
-343
-1676
-2597
-3168
-3687
-4349
-5035
-5531
-5763
-5722
-5347
-4543
-3296
-1667
143
1882
3410
4845
6326
7703
8595
8837
8701
8636
8719
8419
7023
4370
1030
-2226
-4916
-6825
-7793
-7877
-7382
-6636
-5733
-4783
-4031
-3592
-3237
-2636
-1758
-789
84
816
1417
1999
2648
3307
3762
3848
3572
3021
2256
1243
2
-1338
-2512
-3321
-3773
-4057
-4334
-4627
-4879
-5002
-4905
-4470
-3605
-2291
-642
1129
2851
4456
5885
6938
7414
7351
7142
7181
7370
7055
5603
3090
108
-2744
-5161
-6851
-7646
-7657
-7171
-6327
-5161
-3945
-3046
-2628
-2466
-2255
-1759
-959
47
1131
2273
3400
4218
4429
4054
3444
2876
2382
1761
865
-257
-1370
-2315
-3111
-3761
-4144
-4145
-3847
-3423
-2988
-2520
-1930
-1105
38
1509
3193
4848
6256
7301
7885
7873
7313
6619
6175
5845
5054
3520
1494
-619
-2625
-4400
-5732
-6492
-6612
-6055
-4872
-3451
-2213
-1342
-806
-648
-801
-950
-807
-319
500
1713
3126
4258
4674
4315
3380
2185
980
-155
-1227
-2105
-2642
-2976
-3422
-4004
-4398
-4360
-3973
-3462
-2911
-2235
-1354
-301
860
2143
3550
4902
5957
6589
6803
6550
5881
5067
4333
3472
2074
145
-1889
-3652
-5084
-6113
-6639
-6618
-6147
-5281
-4156
-3022
-2057
-1283
-721
-535
-707
-991
-1069
-754
79
1358
2705
3636
3917
3574
2719
1529
205
-1115
-2316
-3168
-3537
-3593
-3632
-3712
-3703
-3480
-2978
-2197
-1258
-323
619
1681
2908
4222
5498
6543
7104
7054
6458
5568
4690
3973
3167
1853
18
-1896
-3497
-4778
-5749
-6323
-6433
-6050
-5033
-3410
-1647
-226
824
1674
2194
2180
1730
1175
755
676
1089
1900
2796
3452
3617
3107
1963
455
-1164
-2725
-3930
-4495
-4469
-4192
-3897
-3604
-3251
-2776
-2116
-1275
-316
681
1667
2661
3780
5088
6386
7263
7467
7042
6263
5412
4516
3293
1468
-749
-2906
-4712
-6110
-6909
-6943
-6331
-5321
-3974
-2375
-873
254
1146
2043
2798
3102
2895
2386
1763
1241
1016
1126
1381
1588
1632
1410
857
-44
-1298
-2845
-4345
-5287
-5427
-5002
-4401
-3815
-3204
-2476
-1611
-665
324
1418
2679
4004
5185
6077
6672
6975
6964
6598
5883
4896
3645
2029
-3
-2193
-4223
-5977
-7443
-8386
-8635
-8266
-7339
-5671
-3356
-1055
634
1709
2430
2802
2767
2450
2038
1639
1379
1318
1339
1307
1225
1056
627
-113
-1052
-2132
-3331
-4422
-5110
-5362
-5362
-5194
-4822
-4212
-3327
-2192
-955
257
1489
2837
4208
5500
6705
7815
8596
8804
8394
7545
6521
5348
3781
1611
-826
-3017
-4825
-6406
-7583
-8025
-7785
-7082
-5809
-3836
-1608
282
1731
2942
3810
4096
3864
3376
2842
2436
2294
2342
2401
2350
2040
1267
95
-1130
-2230
-3332
-4426
-5225
-5559
-5550
-5379
-5105
-4694
-4003
-2897
-1439
136
1691
3227
4693
6019
7202
8228
8907
9063
8707
7960
6948
5672
3990
1751
-814
-3236
-5257
-6933
-8210
-8911
-9065
-8727
-7664
-5688
-3243
-987
864
2412
3512
3953
3807
3343
2813
2515
2632
2992
3226
3165
2798
2053
924
-449
-1984
-3680
-5339
-6585
-7251
-7439
-7252
-6728
-5919
-4860
-3577
-2241
-1053
59
1349
2849
4356
5780
7190
8499
9395
9626
9185
8311
7161
5651
3542
988
-1542
-3735
-5685
-7381
-8532
-8991
-8859
-8155
-6778
-4918
-2942
-1039
734
2121
2900
3151
3068
2726
2310
2161
2380
2745
2998
3022
2662
1804
502
-1091
-2806
-4371
-5483
-6069
-6251
-6112
-5680
-5044
-4257
-3302
-2221
-1180
-230
763
1952
3396
5053
6719
8089
9017
9583
9818
9595
8806
7450
5508
3058
378
-2270
-4799
-7072
-8766
-9692
-9912
-9437
-8120
-6106
-3893
-1867
-67
1447
2433
2813
2786
2582
2324
2187
2301
2586
2835
2898
2652
1992
971
-279
-1706
-3253
-4654
-5622
-6131
-6278
-6058
-5455
-4637
-3785
-2953
-2097
-1194
-204
950
2365
4125
6139
8051
9456
10239
10556
10494
10030
9147
7838
5994
3651
1054
-1547
-4072
-6358
-8092
-9138
-9569
-9335
-8254
-6477
-4455
-2518
-732
719
1604
1939
1961
1787
1502
1368
1583
2065
2564
2892
2854
2321
1332
37
-1446
-2930
-4141
-4962
-5462
-5677
-5553
-5161
-4631
-3991
-3208
-2355
-1510
-657
262
1326
2637
4227
5901
7432
8694
9580
9885
9588
8883
7870
6337
4160
1601
-964
-3398
-5627
-7379
-8449
-8889
-8821
-8138
-6774
-4953
-3077
-1420
-147
655
1009
1015
773
439
309
541
970
1305
1481
1566
1497
1090
282
-766
-1833
-2803
-3674
-4386
-4772
-4720
-4328
-3825
-3358
-2947
-2525
-2014
-1297
-302
1009
2595
4342
6043
7530
8714
9510
9823
9711
9380
8815
7664
5658
3056
325
-2296
-4778
-6837
-8176
-8755
-8780
-8223
-7013
-5364
-3752
-2428
-1340
-461
122
339
309
206
253
531
992
1537
2169
2795
3167
3080
2578
1794
739
-507
-1731
-2711
-3445
-4021
-4454
-4637
-4484
-4043
-3474
-2915
-2299
-1475
-354
1003
2534
4195
5888
7455
8727
9589
9971
9945
9576
8715
7066
4654
1930
-703
-3143
-5263
-6759
-7565
-7903
-7826
-7096
-5794
-4391
-3219
-2164
-1194
-572
-499
-816
-1209
-1460
-1401
-952
-133
896
1883
2493
2566
2272
1877
1369
571
-476
-1538
-2488
-3361
-4129
-4634
-4736
-4423
-3819
-3106
-2375
-1594
-740
140
1112
2343
3873
5521
7117
8556
9646
10103
9880
9146
7988
6289
4077
1634
-739
-2903
-4733
-6088
-7001
-7559
-7650
-7034
-5831
-4490
-3338
-2364
-1574
-1128
-1071
-1212
-1322
-1269
-953
-335
508
1427
2286
2937
3315
3465
3380
2897
1922
641
-681
-1969
-3246
-4370
-5127
-5458
-5482
-5301
-4876
-4139
-3183
-2242
-1354
-270
1224
2960
4677
6335
7957
9283
9949
9922
9433
8525
6968
4739
2262
-38
-2079
-3969
-5603
-6829
-7643
-8066
-7948
-7221
-6116
-4932
-3771
-2671
-1793
-1274
-1111
-1189
-1311
-1148
-507
458
1485
2534
3641
4624
5219
5287
4798
3752
2295
674
-941
-2456
-3719
-4626
-5217
-5531
-5462
-4925
-4070
-3110
-2110
-989
313
1787
3372
5010
6646
8161
9300
9844
9825
9458
8831
7805
6266
4342
2329
360
-1619
-3624
-5431
-6833
-7812
-8345
-8209
-7278
-5888
-4527
-3397
-2407
-1631
-1238
-1224
-1304
-1203
-800
-94
813
1815
2808
3680
4241
4402
4224
3750
2879
1589
75
-1456
-2965
-4454
-5767
-6692
-7108
-7038
-6580
-5812
-4746
-3380
-1794
-91
1680
3479
5161
6583
7714
8558
9001
8958
8558
8068
7534
6702
5347
3527
1449
-824
-3241
-5508
-7198
-8235
-8809
-8914
-8301
-7034
-5611
-4427
-3460
-2635
-2054
-1718
-1419
-984
-393
411
1467
2645
3705
4522
5026
5190
5090
4804
4230
3214
1816
244
-1424
-3155
-4780
-6061
-6870
-7161
-6894
-6113
-4921
-3424
-1737
-49
1515
2972
4338
5511
6437
7209
7886
8309
8292
7875
7315
6742
5968
4699
2923
955
-1019
-3029
-4998
-6521
-7403
-7883
-8178
-8081
-7435
-6514
-5619
-4678
-3527
-2280
-1112
-67
871
1685
2428
3099
3586
3897
4287
4877
5437
5692
5587
5112
4154
2677
820
-1209
-3204
-4902
-6071
-6669
-6790
-6519
-5874
-4877
-3626
-2269
-905
507
2014
3545
4945
6115
7012
7579
7824
7816
7616
7211
6653
6033
5340
4375
2949
1090
-1004
-3119
-5127
-6903
-8335
-9314
-9763
-9625
-8968
-7923
-6579
-4975
-3292
-1830
-739
69
705
1151
1438
1722
2138
2688
3325
4000
4620
5022
5036
4532
3498
2082
500
-1152
-2869
-4573
-6083
-7255
-8029
-8328
-8047
-7176
-5829
-4139
-2221
-246
1599
3204
4561
5654
6423
6837
6972
7003
7083
7222
7270
7128
6840
6361
5435
3885
1979
84
-1755
-3690
-5548
-7010
-8010
-8649
-8790
-8188
-6895
-5226
-3447
-1718
-245
824
1460
1724
1742
1800
2121
2676
3334
4109
5026
5888
6445
6591
6280
5388
3872
1841
-548
-3109
-5540
-7481
-8723
-9214
-8975
-8086
-6703
-4973
-3007
-937
1023
2706
4041
5026
5660
5937
5912
5727
5567
5511
5499
5450
5387
5376
5405
5297
4821
3809
2280
319
-1955
-4331
-6446
-8005
-8989
-9472
-9380
-8566
-7204
-5702
-4329
-3015
-1712
-558
329
1060
1795
2560
3305
3991
4618
5151
5524
5600
5275
4547
3447
1948
88
-1915
-3828
-5577
-7093
-8115
-8401
-7993
-7130
-5955
-4509
-2896
-1320
9
994
1657
2045
2145
1995
1797
1817
2161
2786
3684
4853
6107
7065
7437
7235
6680
5944
4985
3660
1959
121
-1644
-3319
-4959
-6431
-7575
-8376
-8813
-8633
-7643
-6044
-4223
-2343
-438
1256
2441
3074
3294
3176
2773
2243
1754
1398
1242
1297
1463
1679
2004
2433
2721
2672
2304
1714
880
-197
-1369
-2473
-3456
-4301
-4933
-5267
-5268
-4942
-4288
-3312
-2050
-614
836
2168
3348
4408
5354
6125
6712
7157
7483
7618
7503
7152
6622
5934
5142
4368
3645
2828
1729
430
-890
-2154
-3481
-4808
-5995
-6937
-7619
-7900
-7676
-7040
-6142
-5020
-3783
-2758
-2119
-1694
-1198
-617
-8
678
1569
2652
3791
4805
5534
5890
5809
5194
3937
2101
-101
-2463
-4844
-7014
-8626
-9500
-9706
-9383
-8523
-7134
-5385
-3525
-1726
-69
1359
2511
3361
3949
4345
4658
4978
5388
5954
6664
7387
7939
8213
8147
7730
6981
6009
4873
3582
2146
637
-940
-2625
-4363
-6014
-7477
-8692
-9528
-9872
-9684
-8965
-7673
-5904
-3920
-1986
-214
1270
2273
2668
2498
1899
1059
274
-236
-417
-277
220
1011
1866
2579
3061
3210
2870
1986
634
-1035
-2818
-4444
-5729
-6630
-7100
-6997
-6205
-4782
-2880
-660
1706
3965
5838
7139
7864
8172
8198
7976
7505
6922
6423
6072
5752
5322
4767
4139
3443
2615
1644
638
-214
-761
-928
-751
-410
-195
-263
-573
-1037
-1727
-2673
-3768
-4857
-5820
-6461
-6562
-6154
-5497
-4770
-3933
-2957
-1906
-911
-120
327
504
656
923
1208
1435
1671
1985
2324
2618
2855
3023
3081
2962
2559
1800
773
-361
-1535
-2736
-3793
-4435
-4577
-4387
-4028
-3480
-2671
-1657
-608
354
1197
1909
2414
2651
2681
2644
2595
2496
2359
2269
2230
2139
1944
1747
1633
1578
1537
1577
1768
2044
2229
2136
1654
758
-442
-1807
-3259
-4762
-6166
-7289
-8082
-8566
-8622
-8059
-6885
-5324
-3577
-1741
20
1462
2416
2902
3027
2898
2622
2345
2238
2448
3004
3755
4442
4888
5047
4861
4198
2988
1339
-546
-2482
-4309
-5834
-6887
-7368
-7296
-6788
-5990
-4992
-3810
-2525
-1294
-253
561
1145
1543
1860
2231
2703
3263
3917
4646
5364
5963
6399
6620
6559
6209
5632
4880
3982
3014
2090
1302
740
471
514
767
1089
1300
1291
1036
569
-130
-1034
-2025
-2989
-3882
-4562
-4797
-4557
-4072
-3482
-2710
-1798
-1009
-514
-223
-1
186
373
570
730
843
1010
1260
1459
1509
1427
1193
674
-159
-1168
-2210
-3225
-4118
-4733
-5001
-4949
-4650
-4152
-3552
-2939
-2359
-1820
-1295
-747
-207
272
773
1485
2439
3411
4209
4844
5385
5735
5754
5395
4735
3874
2947
2082
1378
889
662
680
840
1060
1337
1694
2073
2423
2726
2911
2816
2342
1556
554
-609
-1886
-3136
-4297
-5393
-6423
-7240
-7702
-7761
-7455
-6870
-6157
-5438
-4720
-3992
-3314
-2741
-2174
-1456
-544
481
1543
2640
3740
4752
5573
6168
6525
6548
6137
5286
4130
2804
1379
-90
-1472
-2604
-3392
-3902
-4257
-4515
-4632
-4614
-4565
-4575
-4581
-4422
-3980
-3255
-2297
-1158
103
1389
2592
3673
4603
5304
5646
5617
5302
4809
4203
3615
3219
3064
3055
3124
3317
3618
3862
3888
3668
3271
2691
1804
479
-1243
-3044
-4638
-5970
-7089
-7829
-7971
-7543
-6770
-5738
-4432
-2981
-1638
-555
254
776
1028
1100
1138
1237
1521
2107
3035
4194
5441
6613
7511
7940
7802
7085
5804
4024
1858
-531
-2964
-5224
-7135
-8591
-9538
-9884
-9639
-8952
-8031
-6976
-5819
-4628
-3490
-2430
-1409
-387
698
1906
3233
4563
5800
6881
7750
8288
8427
8180
7601
6750
5723
4667
3728
3005
2536
2270
2098
1933
1711
1374
869
239
-423
-1033
-1538
-1840
-1892
-1769
-1621
-1513
-1436
-1410
-1517
-1814
-2307
-2970
-3720
-4408
-4887
-5126
-5138
-4895
-4339
-3561
-2742
-2011
-1365
-827
-475
-315
-220
-45
210
486
753
1085
1505
1949
2240
2244
1894
1170
52
-1399
-2984
-4465
-5693
-6619
-7171
-7234
-6728
-5726
-4365
-2802
-1201
246
1412
2314
3030
3584
3931
4123
4320
4676
5160
5671
6123
6510
6749
6717
6364
5731
4860
3768
2555
1384
398
-351
-815
-968
-799
-350
285
938
1469
1838
2062
2124
2016
1751
1308
651
-168
-1002
-1754
-2380
-2847
-3163
-3418
-3644
-3754
-3731
-3715
-3794
-3842
-3768
-3654
-3568
-3413
-3106
-2687
-2125
-1324
-274
895
2112
3308
4299
4867
4976
4720
4104
3119
1840
424
-1063
-2521
-3772
-4672
-5261
-5661
-5905
-5994
-5966
-5854
-5592
-5126
-4501
-3783
-2941
-1922
-739
517
1764
2963
4133
5289
6340
7127
7577
7789
7868
7814
7597
7251
6818
6267
5567
4758
3919
3094
2281
1496
788
210
-245
-642
-1031
-1366
-1540
-1481
-1198
-792
-421
-235
-273
-525
-961
-1566
-2249
-2948
-3607
-4171
-4524
-4649
-4651
-4646
-4605
-4508
-4421
-4446
-4542
-4578
-4444
-4063
-3397
-2458
-1322
-47
1287
2530
3497
4086
4250
3950
3190
2078
796
-492
-1640
-2558
-3226
-3665
-3867
-3830
-3628
-3337
-2974
-2548
-2136
-1831
-1612
-1373
-1014
-503
171
1046
2177
3527
4930
6187
7204
7938
8257
8041
7349
6409
5398
4369
3381
2563
1991
1633
1417
1276
1141
953
681
327
-90
-482
-779
-1044
-1379
-1722
-1863
-1722
-1446
-1256
-1233
-1357
-1571
-1878
-2304
-2840
-3404
-3920
-4368
-4677
-4767
-4614
-4291
-3808
-3166
-2453
-1825
-1292
-770
-203
425
1165
2023
2909
3781
4689
5600
6314
6645
6535
5966
4904
3422
1663
-231
-2137
-3849
-5155
-5989
-6426
-6530
-6311
-5810
-5170
-4574
-4101
-3705
-3281
-2776
-2197
-1546
-786
118
1166
2344
3604
4852
5941
6756
7254
7432
7289
6826
6099
5238
4387
3622
2968
2457
2083
1737
1268
638
-75
-807
-1578
-2435
-3329
-4128
-4662
-4817
-4542
-3861
-2914
-1940
-1171
-684
-442
-429
-682
-1190
-1840
-2471
-2931
-3133
-3059
-2750
-2239
-1586
-926
-466
-274
-247
-275
-357
-478
-482
-255
188
764
1453
2179
2749
3001
2932
2635
2153
1473
590
-427
-1420
-2216
-2732
-3001
-3038
-2820
-2375
-1874
-1483
-1253
-1138
-1118
-1186
-1267
-1225
-925
-313
614
1803
3190
4693
6151
7357
8138
8466
8367
7869
7000
5872
4616
3341
2132
1093
295
-272
-646
-901
-1111
-1315
-1491
-1640
-1832
-2111
-2440
-2771
-3097
-3367
-3489
-3418
-3239
-3077
-3041
-3174
-3433
-3698
-3878
-3962
-3928
-3726
-3317
-2728
-2015
-1263
-585
-76
265
438
429
232
-32
-243
-323
-254
19
510
1170
1906
2668
3395
3929
4103
3818
3138
2170
1053
-109
-1204
-2119
-2736
-3045
-3142
-3108
-2929
-2593
-2219
-1916
-1697
-1498
-1304
-1089
-770
-248
489
1384
2366
3363
4295
5080
5645
5931
5932
5700
5280
4697
3984
3233
2522
1863
1215
551
-95
-683
-1205
-1709
-2221
-2700
-3072
-3316
-3461
-3546
-3592
-3596
-3526
-3328
-2984
-2507
-1952
-1385
-913
-588
-369
-187
-45
-2
-21
-57
-88
-148
-213
-288
-437
-725
-1133
-1562
-1945
-2228
-2327
-2117
-1526
-587
564
1773
2900
3876
4658
5163
5260
4865
4056
3023
1936
895
-21
-725
-1182
-1408
-1417
-1234
-981
-828
-897
-1164
-1559
-1986
-2348
-2548
-2560
-2398
-2008
-1319
-328
857
2105
3271
4213
4811
5036
4911
4504
3880
3151
2410
1735
1149
608
86
-376
-672
-784
-796
-834
-949
-1159
-1445
-1739
-1913
-1909
-1785
-1658
-1568
-1444
-1188
-777
-311
73
296
369
308
129
-120
-357
-549
-736
-940
-1094
-1104
-952
-762
-691
-795
-981
-1147
-1234
-1204
-1028
-743
-431
-74
366
840
1198
1371
1364
1163
726
102
-586
-1224
-1756
-2160
-2450
-2657
-2782
-2829
-2864
-2988
-3215
-3472
-3696
-3851
-3883
-3707
-3258
-2541
-1621
-604
427
1446
2443
3344
4052
4516
4799
4969
5032
4934
4670
4307
3936
3597
3293
3016
2758
2488
2153
1694
1111
501
6
-313
-511
-641
-669
-534
-279
-32
115
165
142
54
-78
-211
-362
-596
-922
-1219
-1366
-1331
-1176
-944
-689
-461
-283
-132
0
76
74
30
-7
-51
-113
-157
-101
81
386
786
1228
1624
1941
2198
2360
2310
1982
1479
941
446
0
-374
-696
-1019
-1370
-1695
-1989
-2286
-2596
-2864
-3068
-3212
-3208
-2926
-2338
-1587
-848
-227
240
539
687
725
699
655
621
627
702
900
1217
1574
1848
1989
2004
1896
1648
1260
773
217
-389
-1007
-1542
-1902
-2054
-2032
-1886
-1663
-1407
-1164
-950
-786
-696
-662
-623
-538
-465
-478
-561
-628
-602
-490
-335
-186
-48
119
370
684
951
1071
1030
901
746
609
510
447
411
431
562
807
1041
1140
1086
954
790
560
243
-149
-594
-1093
-1645
-2232
-2816
-3364
-3849
-4255
-4577
-4791
-4856
-4747
-4468
-4012
-3375
-2566
-1618
-566
533
1573
2443
3091
3541
3847
4071
4243
4389
4547
4788
5098
5374
5534
5579
5507
5261
4811
4193
3443
2549
1562
618
-134
-650
-966
-1141
-1210
-1172
-1040
-859
-695
-568
-448
-313
-180
-88
-60
-111
-223
-321
-316
-212
-95
-27
-25
-51
-102
-179
-352
-619
-917
-1135
-1262
-1349
-1403
-1374
-1221
-982
-704
-470
-314
-266
-293
-394
-567
-815
-1092
-1310
-1377
-1244
-985
-751
-691
-831
-1132
-1528
-2008
-2553
-3119
-3620
-3980
-4134
-3999
-3487
-2596
-1476
-362
556
1210
1597
1760
1755
1633
1426
1185
1001
964
1088
1365
1774
2273
2742
3055
3148
3012
2678
2182
1585
921
248
-376
-900
-1277
-1448
-1390
-1183
-984
-890
-874
-848
-780
-708
-691
-739
-792
-761
-586
-263
176
693
1247
1778
2200
2427
2416
2175
1750
1236
762
393
122
-95
-225
-236
-116
121
424
697
844
855
759
569
257
-146
-589
-1004
-1348
-1585
-1774
-2027
-2387
-2767
-3081
-3333
-3523
-3579
-3418
-3082
-2672
-2230
-1717
-1113
-467
129
605
963
1259
1572
1932
2293
2596
2836
3080
3364
3647
3863
3974
3977
3847
3577
3166
2625
1963
1258
577
-64
-644
-1065
-1208
-1084
-801
-465
-131
175
458
727
927
974
866
692
504
289
57
-114
-160
-105
-23
9
-59
-216
-378
-489
-584
-752
-993
-1214
-1307
-1263
-1125
-952
-799
-713
-722
-811
-962
-1163
-1378
-1544
-1639
-1708
-1803
-1881
-1870
-1749
-1602
-1536
-1634
-1887
-2210
-2523
-2854
-3283
-3792
-4219
-4390
-4278
-3930
-3377
-2612
-1682
-690
240
1029
1665
2197
2661
3030
3268
3424
3575
3734
3848
3913
4002
4168
4374
4510
4477
4233
3801
3239
2594
1900
1219
642
242
25
-51
-35
7
16
-46
-163
-297
-430
-562
-686
-775
-817
-832
-833
-800
-723
-622
-544
-511
-532
-583
-622
-647
-729
-911
-1116
-1231
-1235
-1187
-1115
-992
-799
-552
-277
-37
107
135
96
29
-71
-218
-390
-552
-723
-950
-1266
-1664
-2103
-2523
-2860
-3088
-3208
-3192
-2956
-2460
-1792
-1102
-447
215
882
1473
1905
2188
2377
2553
2777
3025
3196
3241
3262
3367
3507
3558
3477
3315
3082
2749
2332
1890
1459
1032
621
235
-109
-357
-419
-276
-39
130
156
48
-139
-333
-490
-637
-835
-1049
-1144
-1032
-791
-587
-493
-452
-433
-493
-709
-1041
-1396
-1681
-1855
-1884
-1772
-1554
-1275
-982
-727
-559
-470
-425
-391
-392
-459
-605
-794
-979
-1094
-1119
-1096
-1085
-1120
-1201
-1330
-1524
-1778
-2063
-2319
-2504
-2581
-2550
-2459
-2348
-2203
-1966
-1644
-1269
-862
-415
33
427
756
1037
1302
1609
2043
2599
3154
3582
3886
4123
4288
4311
4180
3948
3673
3378
3050
2679
2274
1922
1730
1731
1833
1898
1842
1654
1380
1068
726
325
-140
-631
-1081
-1432
-1650
-1758
-1803
-1818
-1798
-1745
-1677
-1608
-1545
-1506
-1498
-1493
-1469
-1396
-1228
-910
-468
-41
242
332
278
153
21
-72
-110
-81
23
186
333
401
402
407
417
358
155
-199
-687
-1290
-1942
-2538
-2995
-3286
-3396
-3302
-3028
-2650
-2248
-1868
-1500
-1114
-642
-61
584
1178
1633
1924
2092
2189
2265
2332
2352
2289
2164
2045
1950
1844
1680
1471
1271
1127
1053
1022
1013
1003
951
821
617
390
187
15
-162
-388
-686
-1020
-1277
-1352
-1237
-1064
-961
-939
-903
-769
-583
-497
-624
-883
-1077
-1102
-1019
-914
-778
-572
-279
81
468
802
1032
1178
1268
1252
1052
660
168
-268
-510
-553
-541
-616
-768
-894
-959
-1035
-1186
-1424
-1705
-1958
-2104
-2124
-2063
-1977
-1886
-1759
-1547
-1199
-723
-187
309
723
1077
1413
1753
2063
2289
2395
2407
2370
2308
2233
2168
2139
2130
2125
2105
2049
1939
1768
1555
1318
1110
973
898
819
689
511
322
152
46
25
68
115
116
52
-75
-238
-406
-555
-693
-818
-910
-951
-952
-933
-895
-821
-702
-562
-441
-375
-353
-328
-266
-187
-144
-156
-195
-203
-143
-5
160
269
261
125
-101
-370
-641
-904
-1172
-1461
-1729
-1895
-1934
-1883
-1817
-1780
-1789
-1791
-1711
-1550
-1418
-1411
-1513
-1608
-1600
-1446
-1171
-847
-555
-330
-143
31
186
306
392
432
414
337
249
193
205
308
491
681
788
796
764
746
780
887
1040
1164
1208
1189
1155
1127
1099
1040
898
654
385
225
233
345
442
468
462
483
566
721
940
1178
1380
1543
1681
1792
1870
1947
2053
2157
2206
2176
2077
1939
1831
1808
1803
1685
1414
1056
649
180
-323
-786
-1187
-1536
-1814
-2009
-2140
-2221
-2220
-2144
-2067
-2033
-2018
-2021
-2076
-2173
-2247
-2256
-2206
-2072
-1808
-1435
-1071
-799
-597
-401
-201
-44
30
4
-117
-291
-447
-530
-514
-380
-159
52
154
168
186
264
345
343
224
55
-41
19
202
403
556
664
751
815
841
814
730
604
464
324
189
111
158
308
477
616
788
1018
1230
1385
1478
1496
1420
1344
1347
1331
1177
978
882
888
890
972
1157
1313
1293
1166
965
569
12
-418
-545
-587
-756
-1013
-1255
-1523
-1797
-1893
-1788
-1697
-1737
-1787
-1777
-1883
-2183
-2472
-2555
-2450
-2279
-2054
-1826
-1720
-1751
-1751
-1583
-1366
-1237
-1176
-1015
-835
-825
-1006
-1099
-915
-596
-278
90
484
599
374
159
180
185
40
36
265
410
402
585
983
1211
1221
1356
1574
1547
1393
1492
1790
1907
1886
1923
2031
2077
2210
2449
2626
2637
2549
2421
2270
2242
2303
2250
2058
1940
1880
1626
1260
1095
1134
1050
816
592
366
-33
-419
-560
-561
-667
-841
-860
-777
-709
-720
-750
-877
-1101
-1313
-1489
-1666
-1891
-2076
-2218
-2293
-2248
-2089
-1936
-1856
-1746
-1555
-1362
-1227
-1133
-1036
-995
-967
-923
-845
-794
-797
-845
-910
-933
-927
-940
-955
-892
-841
-902
-939
-781
-551
-518
-535
-311
60
260
253
252
227
56
-89
76
394
527
454
507
713
908
1084
1375
1618
1627
1511
1486
1447
1267
1191
1297
1371
1256
1255
1406
1385
1202
1230
1432
1396
1218
1298
1468
1240
765
531
464
238
-23
-58
-31
-218
-414
-476
-486
-649
-797
-817
-723
-649
-699
-841
-961
-980
-1040
-1130
-1136
-1073
-1153
-1318
-1328
-1133
-1024
-1030
-1016
-926
-878
-788
-595
-399
-382
-495
-664
-898
-1059
-1031
-832
-638
-416
-205
-91
-96
-22
116
200
258
397
515
445
371
353
323
131
61
198
413
491
557
668
819
922
990
1043
1002
926
800
814
968
1168
1211
1124
1112
1182
1269
1314
1440
1478
1392
1259
1263
1234
951
604
373
298
151
89
121
84
-91
-241
-172
-116
-102
-125
-163
-378
-656
-837
-929
-981
-1031
-1024
-1123
-1253
-1268
-1104
-845
-676
-587
-606
-574
-526
-510
-583
-574
-532
-586
-718
-616
-383
-293
-349
-329
-252
-354
-415
-346
-245
-308
-311
-200
-155
-211
-223
-151
-179
-227
-218
-216
-311
-386
-311
-157
5
200
330
312
199
210
354
512
616
645
644
605
659
769
835
776
634
567
571
645
644
618
468
266
-18
-232
-371
-452
-464
-406
-316
-339
-333
-244
-80
-60
-72
-32
-64
-187
-380
-432
-508
-583
-591
-522
-442
-401
-315
-215
-77
64
58
-176
-448
-478
-455
-497
-453
-201
-89
-325
-478
-304
-96
-118
-82
149
243
126
35
99
35
-81
-87
30
100
170
312
385
414
473
535
503
466
510
491
399
458
627
655
507
537
699
669
501
508
693
644
490
465
545
473
386
532
687
652
486
474
466
357
191
102
27
-89
-177
-186
-158
-119
12
229
386
311
42
-221
-386
-525
-670
-705
-600
-473
-443
-465
-375
-243
-186
-252
-242
-158
-215
-423
-494
-356
-289
-410
-419
-263
-172
-236
-235
-88
-17
17
90
146
43
-34
64
224
243
256
365
412
285
195
339
450
318
112
25
-149
-472
-668
-703
-827
-1113
-1150
-936
-780
-834
-839
-731
-672
-726
-759
-738
-763
-756
-630
-393
-224
-85
12
98
153
157
54
-119
-187
-132
-161
-236
-254
-186
-277
-388
-281
8
189
319
601
859
849
761
907
1091
1039
915
983
1055
942
793
883
978
917
771
720
673
455
283
218
258
277
349
500
587
602
481
380
314
343
376
304
88
-197
-361
-347
-272
-165
-25
12
-141
-387
-389
-348
-346
-473
-560
-639
-860
-1076
-1239
-1182
-1152
-1132
-1139
-972
-783
-736
-862
-954
-896
-836
-899
-982
-937
-907
-837
-689
-322
-71
49
105
262
459
569
583
553
577
555
450
456
692
986
1122
1180
1318
1417
1426
1441
1569
1718
1720
1670
1593
1490
1357
1211
1081
913
863
859
754
560
417
343
239
288
502
713
694
607
556
521
467
396
374
345
221
-31
-227
-316
-344
-456
-503
-514
-523
-623
-686
-712
-832
-1036
-1222
-1190
-1266
-1529
-1887
-2087
-2217
-2374
-2472
-2361
-2175
-2029
-2013
-2028
-1976
-1856
-1732
-1676
-1595
-1556
-1599
-1623
-1443
-1183
-1003
-906
-651
-364
-161
-114
-43
82
291
590
921
1212
1265
1249
1183
1226
1310
1416
1482
1497
1477
1455
1361
1304
1256
1235
1191
1191
1184
1101
973
872
846
848
895
977
1102
1202
1165
1011
911
878
873
813
807
792
680
514
361
287
219
153
173
181
89
-119
-296
-387
-475
-575
-673
-785
-868
-819
-725
-723
-860
-997
-1066
-1116
-1217
-1275
-1312
-1264
-1266
-1287
-1345
-1549
-1735
-1691
-1285
-835
-550
-413
-374
-356
-298
-63
243
493
644
737
917
1116
1284
1366
1374
1296
1132
1061
1044
1007
892
787
666
521
475
543
598
442
357
399
556
562
591
673
618
403
284
459
564
492
400
495
456
283
123
140
23
-244
-417
-476
-532
-668
-602
-412
-203
-95
7
125
181
198
184
122
-13
-169
-301
-444
-552
-561
-572
-684
-778
-790
-833
-956
-1064
-1183
-1400
-1649
-1790
-1787
-1723
-1626
-1561
-1486
-1321
-1048
-751
-505
-363
-229
-86
147
357
463
448
384
370
383
471
545
467
181
-75
-98
17
63
22
-29
-57
28
284
615
786
722
542
453
468
542
580
633
634
516
355
361
643
967
1179
1271
1344
1318
1164
1063
1095
1140
985
853
795
774
614
512
516
527
473
402
378
303
256
159
37
-220
-423
-549
-554
-503
-454
-474
-546
-542
-487
-443
-495
-505
-511
-552
-628
-651
-558
-482
-458
-482
-469
-467
-440
-380
-273
-223
-264
-303
-306
-167
-34
86
51
-76
-256
-389
-435
-411
-331
-235
-169
-192
-222
-242
-218
-163
-8
164
282
285
270
328
431
489
448
360
252
111
41
133
203
114
-103
-250
-397
-488
-512
-455
-513
-587
-612
-600
-635
-656
-514
-337
-220
-182
-131
-32
72
199
369
458
478
412
400
432
440
424
348
273
182
152
240
392
453
403
311
187
49
-21
92
195
123
-30
-115
-202
-377
-490
-342
-101
17
48
81
193
290
445
564
661
638
543
395
274
176
-13
-133
-132
4
28
15
60
158
238
304
447
542
512
397
323
212
10
-174
-210
-239
-386
-539
-600
-623
-696
-652
-543
-464
-503
-559
-564
-663
-767
-790
-688
-578
-508
-349
-197
-119
-25
134
348
420
511
612
663
537
305
90
-60
-180
-152
46
268
284
125
31
29
84
169
316
398
359
286
262
212
57
-42
-7
104
145
176
244
250
152
3
-138
-309
-433
-451
-383
-298
-221
-217
-291
-345
-333
-269
-274
-233
-272
-312
-284
-75
173
279
297
348
450
458
387
255
144
14
-58
-82
3
60
116
132
155
194
114
2
-118
-113
-158
-260
-365
-316
-201
-141
-156
-218
-221
-232
-147
13
273
483
565
570
519
489
402
339
257
249
274
329
363
325
310
248
265
255
280
206
77
-66
-140
-95
-20
24
-15
-131
-316
-560
-723
-733
-680
-663
-701
-686
-627
-550
-414
-196
5
99
107
231
452
598
503
321
162
63
-18
21
172
226
215
165
158
53
-57
-81
-69
-23
54
204
201
-11
-307
-516
-563
-495
-345
-229
-194
-212
-207
-185
-104
-37
-15
-78
-60
66
156
107
43
92
148
150
190
339
429
448
486
587
550
419
273
146
-14
-118
-65
-6
2
18
117
138
39
-11
46
29
-201
-443
-605
-763
-865
-718
-390
-197
-149
-42
106
64
-66
-122
-35
-8
27
106
155
80
-115
-255
-257
-131
33
98
119
112
106
50
81
226
360
366
266
298
306
290
187
136
76
-24
-81
-88
-92
-167
-171
-66
91
134
104
4
-165
-366
-430
-260
-62
-6
-79
-110
-73
-43
-39
-14
79
154
284
445
661
772
772
710
615
535
515
552
585
617
629
696
702
661
494
328
251
242
222
228
257
204
8
-212
-320
-427
-577
-751
-826
-879
-883
-838
-703
-625
-528
-361
-151
-105
-259
-371
-420
-396
-471
-568
-696
-805
-851
-802
-684
-571
-591
-699
-783
-820
-785
-766
-701
-685
-672
-660
-668
-698
-648
-433
-219
-106
-82
1
66
91
122
293
552
782
922
968
921
787
708
709
732
680
621
565
526
505
549
594
622
630
638
659
659
659
522
277
20
-64
21
158
256
278
254
171
162
215
295
266
178
116
42
-38
-146
-148
-107
-123
-267
-442
-522
-504
-383
-212
-86
-184
-387
-564
-613
-609
-545
-417
-319
-304
-377
-436
-497
-557
-627
-593
-418
-238
-130
-117
-74
-25
51
197
392
521
450
345
337
445
525
595
663
668
596
577
658
741
807
902
1028
1125
1157
1162
1082
931
753
632
602
668
821
979
992
808
541
353
309
354
428
417
302
43
-147
-267
-267
-295
-369
-440
-538
-677
-863
-975
-946
-797
-668
-610
-699
-797
-881
-884
-893
-901
-942
-1027
-1105
-1200
-1248
-1256
-1107
-933
-843
-875
-915
-895
-864
-810
-724
-627
-566
-524
-442
-358
-382
-457
-520
-520
-490
-406
-231
-86
-51
-156
-285
-279
-98
188
407
509
435
277
148
169
319
414
390
247
137
105
117
139
141
113
64
51
109
202
341
491
614
669
694
736
769
811
905
990
995
861
802
798
807
762
713
694
568
481
461
522
460
367
386
475
488
374
349
420
497
482
375
253
151
139
184
216
206
124
-6
-158
-198
-213
-294
-498
-690
-733
-656
-461
-291
-240
-313
-368
-274
-111
98
313
482
518
439
363
312
278
235
193
135
43
-84
-256
-435
-576
-645
-663
-634
-640
-725
-856
-890
-817
-674
-515
-333
-206
-209
-275
-327
-314
-256
-103
99
215
127
-28
-153
-165
-93
42
199
282
372
406
340
153
26
85
254
333
275
187
72
-76
-308
-392
-374
-355
-434
-539
-589
-690
-790
-817
-705
-540
-466
-451
-493
-493
-484
-428
-335
-267
-209
-131
46
230
330
317
335
417
506
572
615
613
463
295
263
359
391
336
263
146
-23
-164
-132
-53
-27
-84
-117
-186
-189
-12
350
684
779
706
582
547
590
697
774
862
873
806
623
488
477
518
512
425
315
60
-206
-384
-358
-274
-217
-157
-151
-189
-296
-339
-354
-329
-322
-322
-278
-233
-185
-227
-301
-341
-337
-356
-440
-542
-646
-764
-861
-837
-752
-699
-697
-682
-623
-579
-506
-365
-126
134
303
367
308
267
271
326
361
377
456
549
615
647
706
729
717
674
608
423
226
129
156
200
230
242
213
148
84
65
10
-63
-182
-223
-264
-335
-372
-303
-106
-11
38
30
28
-31
-111
-145
-139
-134
-77
46
141
107
1
6
66
146
294
474
543
432
322
227
108
-3
-3
52
15
-38
-66
-33
-67
-138
-219
-284
-266
-164
-50
-107
-247
-337
-273
-229
-194
-165
-139
-157
-129
88
268
285
140
105
143
147
147
252
431
483
424
329
256
175
151
200
267
262
206
77
-76
-213
-258
-208
