-88
-87
-67
-28
4
16
6
-15
-39
-65
-92
-112
-122
-105
-46
44
117
128
86
29
-33
-113
-206
-284
-313
-280
-198
-105
-47
-40
-69
-113
-138
-127
-101
-116
-182
-225
-164
-9
149
231
206
81
-95
-231
-250
-154
-15
87
140
173
215
274
346
410
452
465
465
456
438
415
402
382
327
236
143
67
7
-41
-47
17
124
208
222
196
185
215
255
257
187
51
-106
-210
-216
-163
-119
-122
-158
-187
-172
-110
-40
18
70
131
164
151
109
64
5
-82
-152
-146
-53
75
170
188
157
138
180
246
267
216
122
46
29
77
145
187
181
155
120
60
-52
-182
-267
-290
-288
-317
-376
-413
-371
-250
-128
-82
-132
-229
-303
-304
-233
-161
-171
-274
-397
-454
-415
-300
-168
-83
-75
-109
-128
-99
-18
82
137
85
-52
-175
-208
-156
-88
-44
-8
32
53
15
-77
-173
-218
-217
-216
-262
-336
-384
-362
-276
-147
-25
22
-37
-139
-185
-154
-90
-44
-10
35
94
157
208
245
279
313
332
322
302
297
317
337
335
312
276
221
131
28
-43
-38
18
70
79
48
0
-38
-55
-52
-51
-41
-11
49
107
117
59
-25
-67
-43
-2
-8
-55
-87
-62
5
80
142
187
212
212
188
154
123
101
70
30
3
13
51
84
88
77
81
109
135
142
149
197
264
286
235
170
165
206
229
211
173
151
154
185
222
228
189
142
137
160
163
123
69
27
27
72
140
187
181
123
44
-25
-81
-118
-135
-122
-105
-108
-147
-199
-229
-227
-222
-264
-381
-539
-652
-671
-582
-457
-357
-309
-304
-319
-331
-306
-248
-197
-187
-205
-217
-227
-272
-380
-520
-626
-643
-580
-486
-398
-315
-225
-140
-66
20
125
232
327
406
460
469
451
427
384
306
222
182
176
186
206
236
237
176
92
63
122
219
289
313
300
268
223
185
166
174
195
214
243
276
263
147
-41
-186
-206
-124
-45
-37
-89
-125
-94
-36
-37
-119
-215
-249
-224
-190
-187
-220
-263
-277
-228
-157
-139
-205
-294
-339
-329
-298
-275
-279
-293
-314
-325
-331
-311
-257
-171
-76
-6
21
-3
-54
-95
-97
-62
-20
-1
0
28
106
190
219
192
153
114
70
44
98
250
461
645
728
686
564
448
404
412
425
421
418
423
435
451
456
426
346
259
208
197
200
213
250
305
352
387
395
366
294
202
97
-12
-85
-88
-58
-74
-162
-276
-379
-455
-472
-408
-275
-131
-35
-16
-45
-61
-7
81
136
103
-17
-155
-241
-225
-151
-92
-118
-196
-242
-200
-115
-73
-108
-192
-273
-324
-318
-277
-224
-196
-183
-184
-174
-170
-148
-138
-143
-168
-167
-124
-59
-19
-39
-91
-147
-131
-45
86
147
100
-7
-68
-52
7
60
104
135
129
92
39
-5
-75
-186
-293
-340
-304
-252
-236
-257
-289
-301
-274
-209
-135
-91
-85
-108
-155
-221
-270
-274
-227
-170
-142
-157
-195
-228
-240
-203
-111
11
85
100
90
128
199
280
327
324
250
127
0
-91
-117
-95
-17
65
118
108
88
117
190
236
207
124
39
-10
-43
-75
-107
-77
59
272
444
510
466
410
402
455
511
526
536
560
578
526
411
290
211
181
188
204
190
139
87
79
102
105
66
-12
-84
-139
-176
-204
-198
-117
10
113
123
47
-64
-176
-285
-393
-485
-514
-461
-359
-257
-176
-104
-38
19
54
58
46
53
96
141
161
152
152
181
239
318
386
412
381
334
304
268
181
59
-13
-7
46
78
88
94
115
163
237
302
318
265
150
6
-123
-150
-61
78
147
111
16
-73
-115
-116
-88
-80
-125
-220
-321
-401
-479
-571
-654
-680
-670
-658
-635
-577
-508
-484
-506
-539
-567
-611
-675
-745
-807
-844
-840
-810
-790
-783
-724
-565
-340
-142
-39
-22
-64
-156
-287
-390
-404
-333
-232
-142
-88
-111
-210
-303
-298
-231
-210
-251
-249
-106
145
388
517
543
554
636
767
881
946
955
910
816
732
705
744
806
837
803
723
660
668
744
830
864
817
708
566
416
268
149
109
146
191
168
101
38
16
4
21
61
109
119
66
-34
-159
-230
-175
19
201
197
4
-149
-54
235
466
442
239
36
-3
104
233
202
-18
-264
-312
-85
252
494
532
438
329
310
360
389
289
75
-149
-229
-122
101
285
329
258
178
169
241
336
352
232
7
-178
-249
-244
-292
-419
-586
-718
-781
-765
-732
-803
-1016
-1285
-1436
-1452
-1382
-1326
-1257
-1205
-1129
-1014
-815
-597
-458
-430
-493
-531
-478
-288
-91
19
-14
-93
-186
-227
-212
-136
-91
-127
-207
-243
-181
-74
45
124
189
242
308
343
292
180
100
143
283
450
591
701
753
716
608
482
385
316
244
135
-13
-111
-55
165
416
537
429
134
-146
-198
-2
198
180
-23
-203
-204
-37
179
331
359
335
352
431
473
416
297
208
166
147
142
158
179
169
185
249
365
452
521
527
456
297
148
48
26
83
229
368
415
378
313
239
129
70
115
246
297
186
-46
-262
-355
-307
-174
-72
-46
-101
-161
-226
-290
-364
-403
-376
-325
-333
-475
-665
-789
-689
-417
-79
133
157
14
-194
-291
-225
-16
60
-107
-487
-737
-666
-344
-42
35
-68
-210
-219
-78
127
233
150
-85
-378
-599
-611
-380
-12
272
404
438
480
567
675
734
632
334
-43
-315
-379
-275
-104
38
157
302
527
755
881
833
662
490
387
308
174
20
-30
69
188
172
-26
-285
-425
-329
-73
104
24
-254
-475
-474
-265
-21
124
119
35
-57
-180
-348
-504
-500
-337
-176
-158
-248
-352
-467
-578
-595
-477
-382
-485
-734
-910
-865
-614
-239
89
159
-49
-290
-248
55
395
539
494
346
250
288
422
496
416
260
138
62
-12
-87
-114
-108
-23
128
327
353
138
-238
-507
-509
-287
-48
16
-62
-114
44
308
509
480
342
252
361
585
741
671
426
257
300
526
676
608
302
-51
-241
-194
-77
-61
-155
-220
-228
-215
-180
-102
-12
6
31
59
53
-76
-228
-324
-369
-376
-320
-189
-99
-93
-143
-200
-236
-211
-49
168
301
262
111
-13
-40
52
203
291
254
112
20
29
127
173
127
18
-27
59
229
365
336
203
44
-30
-102
-176
-242
-223
-173
-149
-178
-198
-141
13
257
497
614
514
262
-24
-193
-211
-75
91
197
170
50
-95
-166
-120
-19
34
-22
-136
-282
-426
-522
-510
-443
-415
-490
-550
-540
-434
-318
-281
-360
-536
-646
-581
-334
-90
18
18
44
149
303
501
722
909
942
829
616
367
116
-45
-18
161
340
366
257
126
82
104
129
114
-18
-238
-414
-307
40
349
390
203
-28
-199
-173
42
321
346
97
-193
-260
-105
112
264
230
-1
-356
-624
-734
-680
-585
-473
-380
-252
-109
36
139
167
77
-142
-407
-615
-698
-679
-586
-490
-396
-301
-179
-116
-160
-254
-242
-55
228
489
603
518
281
51
-10
107
277
327
233
104
134
355
649
801
674
303
-146
-429
-463
-322
-190
-134
-106
-29
112
301
489
595
552
393
219
60
-105
-273
-359
-294
-46
384
887
1243
1234
883
439
149
76
117
169
158
56
-140
-332
-398
-261
-17
131
67
-117
-179
1
342
638
732
590
292
11
-111
-81
-32
-73
-170
-219
-140
57
271
396
391
287
110
-148
-441
-690
-789
-756
-654
-548
-433
-278
-113
24
89
135
188
240
196
12
-283
-594
-842
-999
-1072
-1075
-1049
-1004
-916
-748
-556
-458
-491
-552
-520
-403
-303
-295
-320
-306
-173
-2
75
-74
-324
-376
2
736
1485
1881
1713
1100
431
154
315
563
492
83
-339
-467
-246
140
432
455
245
-25
-215
-375
-608
-842
-859
-545
-103
177
194
112
145
367
693
927
928
707
452
317
327
386
408
346
225
101
45
34
-5
-129
-288
-388
-384
-332
-329
-401
-471
-437
-242
63
360
530
536
454
387
378
356
253
91
-6
50
212
331
307
164
9
-85
-108
-89
-72
-96
-127
-59
168
492
775
942
994
957
836
654
441
223
7
-181
-322
-417
-477
-484
-430
-339
-284
-305
-405
-558
-696
-773
-792
-843
-948
-1039
-970
-666
-203
242
525
647
693
745
780
734
556
305
97
11
-14
-103
-291
-490
-566
-479
-312
-204
-253
-438
-664
-853
-980
-1043
-1033
-963
-864
-743
-556
-296
14
309
549
684
686
582
440
298
144
-12
-128
-191
-223
-230
-154
43
345
655
851
848
670
422
183
-50
-305
-551
-723
-762
-659
-446
-213
-54
38
130
239
287
219
95
-1
-29
-12
17
48
110
233
387
489
479
374
213
36
-102
-133
-60
30
37
-36
-141
-229
-321
-429
-540
-608
-584
-443
-202
51
205
197
77
-12
39
198
336
380
375
386
407
422
450
534
663
794
904
1006
1109
1164
1113
955
753
587
505
512
563
586
566
529
526
562
628
687
713
700
664
586
426
174
-124
-405
-655
-862
-1028
-1111
-1104
-1041
-1044
-1202
-1486
-1762
-1925
-1966
-1926
-1856
-1815
-1833
-1845
-1761
-1553
-1272
-985
-754
-608
-507
-373
-194
-14
130
268
424
569
671
720
732
711
674
639
597
550
521
567
714
950
1213
1433
1588
1691
1744
1744
1714
1696
1712
1741
1761
1738
1675
1577
1455
1304
1153
1072
1073
1094
1054
923
682
299
-227
-819
-1407
-1954
-2457
-2893
-3244
-3493
-3650
-3731
-3732
-3589
-3236
-2707
-2140
-1651
-1241
-873
-526
-201
102
359
551
666
716
687
592
471
372
280
167
17
-183
-447
-759
-1033
-1207
-1281
-1267
-1156
-940
-625
-227
228
697
1185
1746
2431
3191
3934
4595
5143
5518
5672
5612
5371
4974
4438
3833
3211
2580
1907
1177
388
-437
-1276
-2115
-2953
-3763
-4492
-5090
-5532
-5796
-5893
-5820
-5552
-5041
-4302
-3415
-2477
-1534
-612
268
1071
1749
2250
2553
2704
2728
2617
2361
2012
1590
1072
455
-200
-819
-1386
-1926
-2469
-3010
-3524
-3960
-4268
-4429
-4401
-4139
-3618
-2880
-2005
-1057
-74
929
1924
2879
3761
4555
5226
5692
5890
5843
5655
5413
5145
4843
4470
3996
3410
2753
2108
1539
1048
577
114
-280
-566
-817
-1133
-1510
-1880
-2239
-2667
-3174
-3677
-4104
-4442
-4677
-4760
-4705
-4515
-4145
-3554
-2816
-2057
-1303
-520
245
897
1405
1818
2182
2496
2741
2862
2819
2620
2345
2037
1676
1212
621
-65
-784
-1470
-2095
-2655
-3145
-3531
-3772
-3818
-3638
-3223
-2611
-1882
-1078
-202
723
1628
2462
3221
3903
4467
4902
5219
5421
5472
5355
5105
4752
4306
3784
3224
2669
2133
1608
1059
459
-194
-879
-1597
-2391
-3280
-4222
-5136
-5939
-6543
-6906
-7042
-6982
-6677
-6061
-5172
-4138
-3056
-1927
-798
235
1100
1816
2419
2898
3265
3533
3665
3586
3290
2851
2312
1671
943
196
-537
-1261
-1974
-2652
-3273
-3803
-4187
-4376
-4359
-4126
-3659
-2971
-2144
-1250
-338
586
1557
2634
3765
4787
5579
6148
6559
6802
6833
6667
6359
5948
5442
4845
4168
3422
2653
1937
1330
819
321
-248
-884
-1509
-2072
-2641
-3290
-3995
-4642
-5142
-5445
-5536
-5441
-5177
-4712
-4019
-3187
-2342
-1503
-646
169
837
1378
1876
2341
2681
2871
2935
2879
2691
2382
1982
1460
797
20
-801
-1619
-2386
-3064
-3648
-4173
-4642
-5006
-5198
-5161
-4841
-4239
-3424
-2499
-1466
-311
895
2029
3041
3959
4760
5368
5737
5880
5815
5596
5323
5058
4766
4381
3942
3519
3135
2753
2364
1959
1513
992
388
-277
-991
-1767
-2626
-3552
-4471
-5302
-5953
-6364
-6487
-6340
-5934
-5263
-4353
-3314
-2311
-1410
-601
171
893
1536
2062
2470
2795
3067
3281
3402
3405
3293
3053
2654
2066
1326
486
-405
-1324
-2258
-3173
-4021
-4722
-5218
-5475
-5444
-5090
-4458
-3659
-2756
-1742
-635
486
1529
2451
3220
3793
4157
4351
4430
4442
4397
4316
4205
4100
4026
3990
3943
3856
3709
3483
3168
2795
2390
1894
1252
467
-414
-1384
-2388
-3335
-4192
-5000
-5692
-6132
-6252
-6129
-5787
-5208
-4453
-3673
-2905
-2091
-1222
-387
408
1231
2083
2849
3431
3798
3978
4021
3990
3889
3653
3237
2666
1987
1198
310
-626
-1553
-2464
-3326
-4066
-4601
-4912
-4964
-4745
-4278
-3647
-2919
-2114
-1235
-285
709
1684
2571
3346
3996
4498
4830
5056
5264
5471
5599
5578
5395
5087
4722
4367
4014
3629
3181
2661
2008
1192
254
-733
-1731
-2720
-3681
-4614
-5501
-6247
-6753
-7018
-7104
-6982
-6580
-5894
-5001
-3955
-2805
-1644
-524
588
1692
2651
3378
3926
4384
4685
4743
4566
4230
3780
3239
2610
1858
948
-60
-1085
-2100
-3101
-4006
-4710
-5167
-5385
-5347
-5045
-4509
-3785
-2950
-2089
-1267
-438
449
1359
2197
2920
3513
3972
4320
4632
4940
5178
5268
5202
5005
4683
4248
3761
3264
2801
2397
2015
1521
825
-14
-879
-1735
-2591
-3407
-4171
-4932
-5698
-6342
-6757
-6933
-6897
-6599
-6048
-5348
-4574
-3663
-2576
-1388
-201
954
2047
3020
3857
4582
5139
5447
5528
5469
5266
4835
4176
3362
2431
1383
275
-822
-1873
-2886
-3784
-4483
-4948
-5182
-5173
-4934
-4512
-3936
-3209
-2376
-1507
-630
270
1190
2094
2950
3730
4415
4996
5483
5842
6011
5976
5818
5615
5396
5151
4857
4478
3984
3404
2776
2064
1211
231
-762
-1687
-2544
-3394
-4277
-5198
-6061
-6708
-7040
-7074
-6884
-6477
-5877
-5127
-4249
-3197
-1997
-749
456
1617
2679
3555
4229
4784
5215
5447
5418
5157
4695
4054
3251
2294
1196
10
-1156
-2253
-3272
-4192
-4929
-5454
-5791
-5971
-5955
-5699
-5188
-4466
-3564
-2521
-1347
-92
1138
2202
3056
3757
4389
4965
5422
5698
5774
5684
5493
5290
5121
4955
4699
4278
3686
3027
2404
1833
1206
443
-432
-1330
-2228
-3143
-4065
-4969
-5832
-6595
-7130
-7364
-7347
-7158
-6767
-6131
-5283
-4301
-3189
-1967
-727
452
1589
2703
3736
4598
5255
5660
5765
5576
5176
4626
3919
3048
2046
966
-147
-1246
-2284
-3223
-4025
-4642
-5063
-5313
-5401
-5291
-4969
-4474
-3837
-3061
-2153
-1159
-110
977
2054
3050
3927
4691
5349
5877
6265
6501
6575
6477
6241
5904
5464
4922
4321
3706
3092
2481
1873
1243
542
-198
-929
-1659
-2469
-3345
-4217
-5023
-5738
-6298
-6671
-6882
-6900
-6582
-5871
-4919
-3887
-2761
-1519
-264
909
2044
3138
4063
4708
5100
5265
5179
4863
4389
3773
2983
2071
1120
152
-853
-1844
-2750
-3539
-4201
-4722
-5131
-5466
-5689
-5696
-5458
-5019
-4398
-3574
-2580
-1476
-299
914
2072
3083
3946
4686
5286
5707
5962
6085
6082
5948
5711
5396
5017
4577
4088
3569
3045
2526
1981
1354
656
-23
-634
-1261
-2031
-2915
-3808
-4650
-5469
-6213
-6788
-7150
-7308
-7195
-6733
-5944
-4934
-3761
-2443
-1067
266
1524
2703
3715
4481
4987
5264
5278
5016
4520
3867
3107
2299
1476
608
-362
-1401
-2382
-3199
-3848
-4380
-4826
-5160
-5309
-5228
-4941
-4519
-3970
-3245
-2302
-1197
-33
1102
2179
3198
4149
4995
5681
6169
6481
6655
6730
6698
6542
6247
5826
5308
4714
4080
3417
2734
2015
1250
439
-406
-1233
-2014
-2765
-3527
-4304
-5080
-5841
-6530
-7030
-7272
-7268
-7031
-6522
-5734
-4719
-3549
-2268
-966
280
1439
2489
3368
4021
4463
4715
4745
4514
4064
3460
2766
2024
1277
498
-348
-1239
-2097
-2892
-3629
-4312
-4898
-5368
-5672
-5736
-5516
-5044
-4388
-3562
-2566
-1430
-239
925
2013
2993
3855
4586
5178
5616
5904
6065
6120
6097
6010
5856
5604
5258
4855
4428
3974
3479
2944
2358
1696
953
168
-631
-1463
-2367
-3336
-4341
-5327
-6208
-6843
-7153
-7150
-6899
-6411
-5681
-4716
-3575
-2333
-1083
106
1228
2308
3319
4155
4728
5017
5059
4909
4637
4272
3784
3127
2321
1422
471
-528
-1540
-2535
-3477
-4350
-5096
-5673
-6071
-6273
-6218
-5831
-5117
-4136
-2990
-1773
-548
682
1894
3004
3925
4658
5241
5692
5997
6181
6255
6237
6100
5852
5503
5072
4579
4051
3509
2945
2340
1691
1006
273
-510
-1333
-2178
-3081
-4056
-5055
-5966
-6718
-7278
-7603
-7639
-7356
-6759
-5868
-4750
-3503
-2229
-957
276
1418
2375
3108
3611
3922
4080
4125
4062
3880
3576
3194
2753
2243
1648
983
256
-573
-1531
-2597
-3684
-4709
-5567
-6202
-6573
-6641
-6353
-5707
-4750
-3555
-2199
-802
537
1764
2893
3891
4706
5285
5632
5778
5787
5757
5744
5717
5599
5380
5078
4700
4257
3801
3349
2845
2266
1660
1007
214
-730
-1687
-2547
-3343
-4121
-4881
-5584
-6189
-6554
-6547
-6173
-5578
-4811
-3851
-2724
-1542
-358
792
1809
2592
3173
3639
3985
4181
4256
4285
4233
4031
3669
3203
2651
2013
1286
489
-392
-1355
-2400
-3505
-4602
-5563
-6264
-6661
-6758
-6563
-6062
-5263
-4176
-2875
-1473
-116
1135
2260
3261
4118
4822
5325
5594
5664
5655
5648
5610
5475
5259
5014
4750
4442
4055
3600
3096
2584
2066
1509
842
43
-818
-1645
-2432
-3249
-4116
-4972
-5735
-6321
-6612
-6579
-6283
-5794
-5063
-4083
-2944
-1803
-747
176
946
1587
2133
2560
2824
2967
3057
3123
3119
3043
2873
2597
2194
1695
1080
315
-622
-1671
-2763
-3828
-4810
-5659
-6339
-6786
-6896
-6610
-5970
-5054
-3920
-2625
-1256
94
1363
2475
3380
4078
4654
5150
5569
5880
6090
6203
6222
6152
6007
5769
5423
4982
4457
3844
3145
2426
1726
1017
229
-627
-1477
-2272
-3052
-3837
-4576
-5246
-5864
-6386
-6654
-6582
-6230
-5675
-4888
-3881
-2786
-1729
-718
259
1146
1910
2574
3108
3422
3534
3572
3623
3631
3535
3342
3065
2674
2147
1481
673
-291
-1386
-2553
-3722
-4809
-5714
-6322
-6559
-6369
-5770
-4842
-3700
-2396
-984
432
1691
2726
3560
4245
4773
5120
5293
5333
5315
5321
5381
5453
5505
5541
5528
5361
4973
4403
3747
3025
2240
1418
584
-284
-1179
-2040
-2826
-3587
-4348
-5039
-5621
-6111
-6483
-6623
-6487
-6146
-5639
-4918
-4012
-3061
-2159
-1269
-385
424
1115
1701
2178
2542
2865
3206
3513
3688
3718
3646
3463
3108
2539
1742
727
-471
-1785
-3144
-4476
-5666
-6586
-7151
-7345
-7135
-6483
-5421
-4087
-2634
-1173
222
1498
2618
3557
4277
4762
5080
5342
5593
5819
6007
6167
6266
6269
6191
6037
5738
5218
4511
3699
2832
1960
1171
480
-255
-1137
-2094
-2989
-3804
-4583
-5296
-5911
-6434
-6815
-6911
-6677
-6212
-5592
-4768
-3765
-2743
-1794
-841
141
1027
1719
2285
2786
3214
3579
3918
4182
4282
4231
4074
3779
3239
2455
1490
411
-763
-1993
-3267
-4561
-5763
-6681
-7210
-7359
-7130
-6478
-5437
-4161
-2781
-1348
57
1311
2361
3247
3984
4543
4969
5361
5742
6031
6215
6350
6441
6409
6194
5793
5236
4569
3859
3133
2399
1709
1112
543
-152
-1022
-1973
-2893
-3787
-4666
-5499
-6237
-6863
-7256
-7279
-6929
-6329
-5505
-4398
-3081
-1766
-570
517
1470
2218
2758
3155
3411
3553
3690
3913
4136
4240
4207
4065
3759
3203
2388
1361
144
-1232
-2695
-4165
-5542
-6682
-7435
-7770
-7725
-7300
-6449
-5233
-3794
-2252
-691
768
1990
2966
3778
4461
4984
5379
5730
6041
6238
6303
6332
6382
6420
6330
6024
5458
4704
3885
3083
2291
1478
660
-174
-1061
-1995
-2889
-3678
-4394
-5071
-5688
-6202
-6565
-6673
-6433
-5892
-5175
-4285
-3192
-2014
-977
-141
588
1248
1789
2199
2516
2731
2847
2940
3059
3132
3103
2997
2838
2518
1925
1041
-58
-1289
-2565
-3845
-5113
-6316
-7282
-7829
-7924
-7622
-6946
-5907
-4609
-3204
-1791
-429
785
1804
2672
3436
4059
4523
4916
5323
5727
6079
6392
6640
6775
6783
6698
6437
5868
5003
4048
3174
2411
1724
1035
218
-787
-1859
-2867
-3807
-4742
-5578
-6224
-6673
-6942
-6874
-6376
-5514
-4443
-3168
-1766
-452
561
1292
1831
2205
2425
2571
2705
2824
2981
3240
3574
3819
3902
3826
3587
3100
2355
1359
102
-1400
-2992
-4490
-5810
-6915
-7665
-7913
-7662
-7024
-6080
-4870
-3489
-2047
-608
754
1913
2801
3496
4098
4609
5018
5398
5830
6293
6706
7008
7146
7053
6719
6172
5432
4512
3513
2584
1801
1128
457
-324
-1250
-2209
-3068
-3832
-4646
-5499
-6246
-6757
-7028
-6972
-6495
-5633
-4563
-3352
-2024
-747
264
957
1453
1785
1977
2096
2229
2322
2391
2544
2859
3148
3231
3090
2802
2340
1647
723
-426
-1799
-3288
-4691
-5901
-6894
-7592
-7827
-7548
-6878
-5961
-4864
-3682
-2525
-1432
-363
627
1453
2117
2731
3345
3925
4467
5008
5550
6020
6368
6540
6490
6208
5758
5181
4470
3662
2864
2166
1560
994
360
-418
-1339
-2264
-3112
-3900
-4694
-5434
-6007
-6291
-6217
-5753
-4972
-4015
-2957
-1854
-785
84
723
1182
1556
1840
2082
2336
2663
3038
3470
3941
4371
4618
4582
4229
3544
2535
1258
-186
-1721
-3242
-4606
-5663
-6367
-6719
-6732
-6427
-5860
-5117
-4250
-3320
-2391
-1497
-619
273
1148
1977
2783
3589
4363
5048
5642
6143
6498
6662
6622
6389
5941
5326
4631
3928
3206
2470
1776
1208
731
209
-510
-1401
-2330
-3204
-4049
-4866
-5579
-6075
-6267
-6061
-5413
-4446
-3376
-2320
-1280
-337
352
711
855
936
1068
1311
1687
2148
2636
3143
3651
4035
4116
3800
3132
2198
1074
-161
-1416
-2620
-3687
-4519
-5043
-5296
-5369
-5327
-5166
-4873
-4468
-4004
-3540
-3074
-2532
-1794
-838
229
1264
2232
3167
4040
4754
5238
5491
5548
5452
5251
4979
4664
4338
4015
3644
3160
2573
1990
1461
880
46
-1107
-2441
-3717
-4776
-5536
-5993
-6184
-6158
-5884
-5281
-4417
-3502
-2713
-2002
-1293
-622
-130
195
455
797
1301
2009
2842
3663
4364
4904
5193
5098
4541
3600
2450
1269
181
-767
-1579
-2261
-2760
-3034
-3157
-3289
-3499
-3732
-3905
-3985
-3930
-3692
-3234
-2559
-1651
-538
674
1814
2778
3550
4130
4475
4576
4504
4369
4255
4219
4289
4406
4440
4320
4057
3664
3101
2380
1594
818
-23
-1031
-2188
-3336
-4313
-5034
-5473
-5666
-5715
-5669
-5418
-4850
-4056
-3301
-2695
-2149
-1584
-1083
-695
-369
-21
398
1018
1914
2948
3791
4292
4498
4471
4147
3495
2598
1589
594
-244
-826
-1211
-1551
-1927
-2293
-2638
-2988
-3338
-3616
-3778
-3806
-3636
-3180
-2444
-1519
-498
555
1535
2335
2901
3272
3470
3509
3441
3382
3433
3640
3979
4386
4748
4931
4832
4402
3707
2854
1965
1076
161
-865
-2005
-3114
-3973
-4511
-4818
-5019
-5165
-5285
-5339
-5184
-4704
-4025
-3395
-2883
-2336
-1654
-946
-319
244
831
1475
2200
2961
3614
3976
4028
3868
3553
3047
2380
1678
1059
549
139
-201
-564
-1063
-1702
-2368
-2966
-3497
-3966
-4311
-4448
-4329
-3896
-3117
-2071
-915
216
1244
2070
2599
2826
2850
2774
2674
2646
2791
3137
3607
4084
4491
4757
4819
4590
4033
3219
2317
1469
650
-297
-1444
-2653
-3677
-4374
-4786
-5045
-5257
-5448
-5554
-5442
-5019
-4362
-3679
-3091
-2536
-1911
-1213
-508
198
913
1635
2369
3139
3866
4326
4342
3958
3386
2777
2140
1466
830
323
-32
-259
-398
-540
-822
-1305
-1899
-2466
-2938
-3304
-3507
-3459
-3107
-2446
-1501
-373
743
1647
2285
2729
3039
3185
3151
3010
2902
2934
3146
3494
3878
4175
4277
4136
3768
3240
2629
1999
1390
781
28
-979
-2153
-3243
-4086
-4683
-5094
-5367
-5564
-5715
-5704
-5378
-4761
-4098
-3590
-3196
-2726
-2053
-1183
-180
860
1868
2819
3731
4514
4963
4915
4404
3634
2795
2000
1301
753
379
174
122
193
282
179
-306
-1169
-2163
-3003
-3567
-3865
-3879
-3535
-2806
-1765
-557
604
1495
1993
2196
2314
2475
2648
2749
2763
2749
2798
2962
3218
3463
3580
3482
3153
2658
2167
1806
1541
1174
504
-532
-1795
-3032
-4019
-4721
-5247
-5687
-6002
-6089
-5876
-5348
-4588
-3793
-3195
-2856
-2632
-2285
-1702
-886
79
1116
2155
3142
4009
4634
4853
4552
3786
2810
1935
1321
945
703
550
483
491
501
400
49
-639
-1579
-2500
-3120
-3319
-3153
-2713
-2086
-1347
-553
254
1005
1589
1945
2122
2233
2347
2464
2548
2601
2639
2660
2645
2601
2552
2508
2448
2341
2180
1997
1830
1623
1210
415
-788
-2223
-3610
-4681
-5311
-5556
-5598
-5568
-5453
-5169
-4713
-4176
-3701
-3376
-3190
-3025
-2670
-1937
-772
686
2166
3397
4226
4614
4586
4182
3489
2633
1758
993
455
240
349
658
976
1139
1070
747
196
-510
-1244
-1849
-2203
-2255
-2022
-1570
-968
-304
337
878
1280
1514
1600
1624
1706
1899
2118
2226
2144
1909
1619
1355
1157
1039
1025
1140
1363
1620
1830
1924
1850
1573
1087
401
-438
-1307
-2021
-2439
-2570
-2501
-2359
-2234
-2211
-2311
-2463
-2556
-2528
-2394
-2148
-1741
-1135
-375
435
1183
1784
2164
2272
2105
1719
1209
696
316
178
296
564
853
1096
1291
1435
1477
1369
1099
714
281
-151
-567
-962
-1319
-1625
-1889
-2110
-2233
-2202
-2038
-1831
-1645
-1486
-1354
-1266
-1237
-1236
-1220
-1151
-998
-761
-442
-56
384
844
1281
1663
1964
2146
2173
2042
1794
1483
1130
742
335
-62
-423
-736
-994
-1211
-1416
-1617
-1762
-1765
-1571
-1199
-724
-211
316
828
1262
1536
1600
1470
1194
828
423
55
-196
-262
-148
79
342
606
856
1052
1145
1130
1024
835
573
281
7
-253
-536
-837
-1119
-1349
-1512
-1587
-1555
-1464
-1389
-1347
-1303
-1253
-1254
-1318
-1381
-1379
-1285
-1076
-736
-309
128
542
946
1343
1697
1972
2153
2221
2166
2013
1823
1642
1464
1256
991
673
322
-30
-354
-617
-765
-766
-605
-283
197
798
1444
2026
2453
2675
2695
2555
2307
2007
1694
1393
1098
799
528
320
169
26
-127
-270
-380
-457
-507
-534
-550
-565
-584
-619
-710
-884
-1107
-1316
-1456
-1508
-1478
-1399
-1332
-1330
-1375
-1436
-1533
-1698
-1888
-1999
-1966
-1797
-1529
-1209
-916
-721
-625
-561
-486
-406
-345
-293
-226
-136
-29
73
110
6
-274
-678
-1121
-1540
-1885
-2092
-2106
-1907
-1512
-980
-391
183
699
1157
1539
1824
1995
2074
2096
2071
1997
1874
1730
1588
1436
1237
949
587
227
-16
-83
-23
69
116
125
140
218
328
393
328
147
-60
-185
-182
-90
10
26
-73
-264
-484
-697
-879
-1014
-1073
-1026
-870
-619
-336
-98
8
-22
-113
-177
-186
-172
-146
-62
120
384
649
811
793
558
140
-357
-784
-1035
-1108
-1033
-822
-446
88
698
1244
1605
1775
1846
1908
1992
2085
2186
2276
2320
2285
2157
1943
1632
1233
782
351
7
-229
-360
-375
-258
-39
193
377
517
649
765
807
741
605
458
330
203
57
-139
-417
-786
-1216
-1627
-1943
-2109
-2122
-2023
-1853
-1673
-1546
-1530
-1632
-1816
-2037
-2246
-2378
-2363
-2155
-1767
-1286
-813
-444
-240
-220
-351
-578
-862
-1165
-1439
-1612
-1617
-1415
-1046
-616
-215
137
469
799
1099
1346
1538
1689
1797
1867
1909
1926
1886
1752
1512
1169
739
286
-96
-340
-440
-438
-358
-213
-12
224
492
793
1096
1356
1540
1648
1673
1620
1502
1344
1144
884
576
276
67
-44
-102
-193
-360
-606
-897
-1208
-1522
-1842
-2162
-2452
-2658
-2701
-2534
-2170
-1691
-1171
-653
-182
171
345
354
273
164
42
-104
-236
-278
-203
-53
105
249
386
525
664
789
891
981
1107
1287
1478
1631
1747
1845
1912
1912
1825
1637
1331
937
546
236
28
-87
-104
-29
126
368
698
1080
1435
1683
1795
1794
1720
1592
1404
1152
843
516
218
-27
-235
-429
-613
-801
-1036
-1355
-1749
-2164
-2547
-2861
-3074
-3156
-3103
-2933
-2680
-2367
-2019
-1691
-1452
-1328
-1276
-1233
-1186
-1140
-1075
-936
-730
-519
-387
-348
-374
-421
-457
-467
-430
-340
-207
-45
148
375
620
860
1076
1256
1386
1462
1493
1489
1424
1245
943
606
360
270
306
436
643
907
1200
1503
1806
2080
2253
2278
2147
1910
1636
1381
1159
934
680
422
239
171
179
163
41
-207
-531
-876
-1182
-1402
-1511
-1531
-1511
-1482
-1436
-1366
-1279
-1191
-1111
-1046
-1011
-1023
-1083
-1153
-1173
-1103
-959
-795
-662
-572
-523
-501
-492
-504
-543
-610
-663
-653
-537
-329
-60
237
537
790
935
956
888
787
665
527
383
282
269
340
467
620
802
1012
1220
1389
1514
1621
1732
1828
1870
1839
1743
1604
1462
1342
1238
1102
902
661
409
166
-77
-324
-590
-879
-1148
-1344
-1450
-1519
-1572
-1578
-1491
-1312
-1086
-871
-721
-662
-697
-795
-921
-1048
-1149
-1213
-1249
-1263
-1265
-1268
-1291
-1335
-1384
-1429
-1462
-1445
-1320
-1087
-810
-553
-302
-21
306
621
847
943
950
947
963
966
933
865
773
671
599
603
679
773
828
859
909
1009
1136
1269
1389
1502
1612
1717
1801
1835
1770
1589
1325
1066
875
739
597
400
147
-132
-398
-613
-752
-817
-829
-801
-715
-555
-337
-132
-24
-40
-134
-243
-340
-456
-613
-785
-912
-952
-903
-786
-650
-573
-621
-793
-1018
-1199
-1285
-1284
-1225
-1095
-848
-490
-113
183
387
543
660
711
725
774
866
927
910
844
756
626
449
256
89
-36
-110
-140
-127
-57
83
270
455
618
769
903
987
990
891
716
506
316
145
-29
-217
-400
-556
-678
-767
-833
-868
-865
-824
-770
-716
-669
-632
-612
-612
-630
-670
-731
-796
-843
-851
-817
-738
-632
-539
-531
-650
-868
-1098
-1268
-1359
-1359
-1254
-1030
-709
-328
66
407
627
700
659
594
591
688
828
928
954
946
944
932
861
717
550
394
258
154
128
188
294
404
540
715
891
1019
1091
1115
1077
976
864
824
867
911
857
664
391
118
-90
-218
-280
-291
-269
-220
-156
-79
4
79
136
171
199
229
260
291
308
294
225
101
-59
-234
-425
-643
-869
-1043
-1112
-1061
-921
-728
-522
-332
-202
-167
-213
-270
-267
-199
-97
41
231
446
629
737
779
772
733
662
550
393
196
-12
-197
-326
-396
-405
-374
-328
-294
-268
-231
-178
-103
7
153
311
429
475
447
371
273
143
-37
-260
-473
-613
-651
-611
-534
-471
-461
-493
-520
-503
-461
-443
-468
-493
-472
-420
-381
-394
-436
-501
-601
-740
-874
-941
-927
-858
-785
-734
-713
-703
-698
-691
-678
-646
-575
-453
-267
-24
244
480
640
706
708
683
651
613
564
516
454
367
241
99
-7
-34
22
129
250
352
406
423
443
502
576
616
610
602
634
715
811
882
890
844
785
749
742
731
687
597
477
358
262
189
120
29
-89
-212
-321
-410
-471
-484
-447
-378
-310
-260
-233
-234
-270
-342
-428
-485
-464
-358
-189
2
212
430
625
759
833
892
970
1063
1124
1101
968
756
545
414
386
385
321
191
92
88
151
204
214
190
151
105
44
-18
-70
-110
-155
-207
-257
-276
-241
-153
-50
28
62
70
67
56
46
43
17
-62
-189
-304
-374
-416
-455
-509
-588
-701
-843
-989
-1095
-1126
-1103
-1095
-1146
-1236
-1326
-1394
-1448
-1499
-1549
-1594
-1599
-1529
-1375
-1165
-935
-705
-472
-222
31
244
377
429
452
487
530
545
519
481
436
370
266
143
23
-93
-213
-317
-362
-316
-180
15
229
403
481
461
403
386
424
486
550
635
767
917
1009
987
867
713
601
573
633
736
832
893
913
866
742
557
353
147
-48
-206
-318
-392
-446
-471
-468
-448
-428
-412
-413
-459
-555
-665
-726
-703
-606
-455
-276
-104
22
93
156
272
466
699
907
1041
1103
1113
1103
1082
1020
893
722
582
530
551
591
585
507
380
256
195
210
263
302
299
298
335
407
464
483
480
485
515
553
560
491
356
214
136
150
212
253
239
179
82
-89
-352
-661
-947
-1173
-1338
-1436
-1463
-1428
-1360
-1304
-1297
-1338
-1404
-1477
-1576
-1712
-1854
-1948
-1953
-1863
-1694
-1469
-1229
-990
-754
-523
-321
-168
-45
85
218
324
378
387
382
377
384
392
396
382
353
325
313
321
334
347
359
365
350
319
288
267
265
291
363
484
615
719
789
863
954
1031
1050
1019
977
930
839
692
544
435
345
219
65
-87
-225
-355
-458
-500
-491
-475
-477
-473
-449
-423
-428
-478
-568
-704
-848
-930
-922
-865
-813
-752
-649
-520
-394
-279
-156
-3
182
375
539
649
703
709
677
631
607
633
703
770
778
717
647
629
651
636
544
421
347
348
391
452
539
660
806
955
1085
1187
1245
1238
1168
1075
1008
963
890
758
593
433
287
155
52
-11
-65
-158
-308
-492
-686
-863
-1012
-1123
-1214
-1294
-1369
-1453
-1553
-1649
-1689
-1648
-1553
-1449
-1379
-1379
-1455
-1541
-1540
-1405
-1203
-1029
-942
-901
-830
-668
-437
-209
-25
103
187
237
310
449
633
755
727
583
445
401
431
461
429
333
192
41
-90
-161
-128
16
241
474
668
802
886
942
994
1077
1193
1309
1385
1416
1423
1426
1418
1369
1260
1076
836
583
369
208
69
-81
-244
-393
-519
-625
-722
-801
-850
-862
-847
-821
-788
-745
-689
-633
-588
-561
-554
-575
-630
-697
-719
-669
-589
-534
-508
-470
-423
-380
-338
-253
-130
-12
64
100
119
141
187
248
298
318
330
358
392
400
371
311
246
207
226
312
431
544
628
696
749
788
805
821
851
883
893
858
772
632
458
294
181
124
79
1
-123
-259
-359
-409
-454
-541
-688
-879
-1086
-1261
-1361
-1361
-1273
-1135
-991
-905
-897
-945
-1002
-1062
-1130
-1188
-1191
-1109
-963
-780
-587
-397
-244
-157
-136
-147
-153
-144
-113
-57
11
62
74
68
55
59
105
231
424
609
725
782
822
854
869
881
920
988
1069
1135
1164
1146
1116
1119
1164
1213
1243
1246
1232
1220
1232
1269
1289
1260
1167
1023
839
648
463
266
15
-285
-569
-772
-904
-1002
-1085
-1142
-1178
-1208
-1221
-1185
-1095
-1013
-992
-1031
-1075
-1079
-1040
-970
-877
-775
-668
-543
-398
-255
-151
-79
2
115
241
343
394
399
406
460
554
605
554
430
338
336
387
408
349
227
111
67
109
191
273
351
430
490
500
475
466
484
497
472
434
416
441
506
563
570
521
455
404
342
220
12
-261
-549
-810
-1016
-1156
-1234
-1278
-1312
-1341
-1346
-1332
-1320
-1320
-1307
-1241
-1119
-984
-905
-905
-935
-922
-849
-752
-656
-560
-460
-374
-301
-222
-114
25
170
288
359
383
373
345
335
363
417
464
498
540
605
671
705
711
710
717
721
720
723
764
852
962
1046
1058
1013
961
939
933
901
831
753
724
761
824
835
758
638
523
419
294
149
18
-61
-85
-95
-140
-233
-327
-373
-385
-428
-517
-603
-637
-630
-613
-581
-545
-534
-568
-619
-646
-641
-605
-548
-480
-412
-335
-233
-118
-34
0
-4
-5
45
162
311
431
488
486
450
396
338
293
262
244
228
220
220
217
224
252
291
311
303
285
253
193
109
10
-97
-210
-287
-308
-297
-308
-343
-341
-270
-162
-101
-132
-223
-329
-427
-540
-660
-739
-743
-691
-644
-630
-624
-583
-518
-481
-515
-606
-696
-740
-720
-654
-578
-510
-451
-390
-322
-248
-179
-123
-76
-36
-4
27
69
118
148
144
128
148
207
250
230
160
94
48
10
-22
-37
-24
17
73
128
160
186
229
295
366
434
509
595
663
677
636
600
620
686
761
814
854
884
887
825
666
432
204
58
-5
-45
-99
-141
-133
-87
-38
5
59
99
66
-54
-192
-257
-225
-148
-91
-69
-45
17
107
159
139
72
27
36
94
168
217
220
186
139
89
35
-25
-72
-66
22
177
342
442
436
341
208
83
-29
-134
-229
-301
-352
-387
-402
-395
-367
-334
-297
-265
-241
-223
-190
-138
-68
17
110
195
233
200
98
-42
-181
-291
-358
-371
-328
-241
-156
-110
-120
-174
-250
-331
-394
-450
-514
-600
-688
-740
-743
-714
-679
-632
-550
-425
-286
-161
-58
15
59
78
80
61
23
3
54
167
269
312
329
360
409
452
493
536
564
566
558
546
511
452
384
318
241
174
146
142
96
-27
-175
-267
-271
-210
-119
-15
82
138
127
55
-42
-140
-221
-270
-273
-225
-152
-78
-22
15
43
78
130
195
244
243
176
57
-77
-197
-280
-318
-314
-266
-175
-29
155
307
360
322
264
249
266
264
208
117
50
64
172
347
521
628
643
599
545
494
440
402
404
428
423
384
350
346
350
331
286
234
187
134
61
-22
-90
-123
-119
-83
-27
25
30
-42
-167
-297
-401
-468
-508
-527
-545
-554
-540
-512
-498
-514
-539
-558
-568
-564
-542
-521
-546
-628
-733
-818
-876
-904
-879
-781
-617
-446
-315
-234
-184
-138
-104
-88
-79
-32
65
156
171
109
44
28
52
88
122
152
190
248
333
420
483
526
565
600
602
566
502
437
377
337
311
286
239
181
132
94
64
61
97
141
136
59
-42
-113
-135
-136
-139
-155
-171
-175
-184
-224
-291
-333
-317
-264
-225
-246
-311
-365
-352
-271
-178
-126
-113
-94
-17
116
251
325
309
236
186
223
325
405
402
325
225
147
95
44
-30
-112
-154
-129
-68
-20
-9
-9
14
61
135
231
338
440
532
620
682
690
654
602
536
447
344
249
161
65
-25
-81
-104
-126
-166
-216
-252
-278
-315
-376
-452
-507
-522
-508
-483
-467
-449
-425
-408
-408
-412
-364
-234
-60
68
101
67
-2
-106
-263
-438
-547
-519
-358
-144
23
96
77
-10
-127
-228
-277
-284
-264
-223
-176
-132
-77
24
156
255
289
296
319
370
446
533
599
600
546
485
460
470
470
429
346
265
208
163
121
107
140
199
236
229
209
210
225
217
177
120
82
67
63
29
-63
-194
-275
-217
-15
254
474
583
582
506
398
290
214
161
104
16
-90
-179
-219
-196
-119
-17
73
128
133
81
-22
-126
-192
-213
-234
-295
-418
-587
-743
-810
-769
-681
-604
-553
-501
-420
-308
-182
-84
-43
-43
-49
-55
-92
-172
-260
-313
-322
-320
-343
-375
-380
-314
-198
-96
-73
-150
-288
-423
-496
-501
-464
-419
-370
-308
-232
-166
-134
-131
-117
-68
-24
-26
-54
-41
34
133
218
288
359
417
440
426
391
362
340
332
342
353
334
275
212
186
195
204
211
237
295
356
373
327
229
140
111
139
166
144
82
19
8
64
179
314
441
548
623
652
627
550
419
252
84
-48
-132
-186
-225
-235
-186
-87
12
65
60
23
-7
1
59
158
275
389
478
524
536
539
554
572
555
475
345
223
135
62
-30
-134
-202
-217
-208
-216
-232
-200
-93
50
155
174
114
12
-84
-153
-191
-215
-239
-272
-327
-416
-509
-568
-585
-607
-671
-746
-762
-675
-530
-402
-364
-433
-582
-731
-816
-837
-847
-874
-883
-844
-778
-739
-742
-755
-761
-773
-796
-819
-816
-789
-735
-670
-612
-558
-479
-345
-155
73
302
500
642
734
789
807
792
743
697
698
775
870
898
822
695
583
488
367
191
2
-127
-158
-115
-59
-34
-56
-93
-89
-17
102
229
343
427
476
485
482
491
537
609
659
632
527
401
326
336
385
416
391
347
329
354
387
370
286
166
93
106
156
144
55
-34
-44
3
33
18
-17
-29
-27
-25
-25
1
53
93
116
146
209
261
273
274
317
398
458
482
494
528
559
565
548
527
500
435
313
141
-31
-141
-154
-95
-31
-10
-41
-110
-218
-346
-457
-526
-577
-649
-727
-759
-706
-613
-533
-467
-385
-275
-176
-107
-77
-84
-134
-213
-269
-264
-208
-173
-194
-253
-303
-337
-388
-477
-596
-706
-757
-737
-675
-617
-587
-587
-613
-649
-671
-664
-640
-638
-674
-740
-802
-826
-794
-707
-589
-433
-229
13
258
453
574
613
599
593
637
703
732
707
673
654
643
643
668
702
689
609
511
453
421
362
266
179
142
157
190
225
258
297
338
385
462
568
652
652
569
462
376
304
218
125
64
55
66
43
-22
-83
-103
-111
-162
-275
-418
-523
-557
-535
-484
-425
-372
-343
-346
-377
-427
-482
-502
-447
-329
-218
-189
-208
-202
-130
-46
-6
-9
-7
34
105
173
223
280
345
378
350
325
363
469
519
389
17
-434
-649
-418
164
720
917
633
99
-292
-204
276
686
582
-79
-907
-1463
-1516
-1198
-789
-435
-77
336
573
362
-329
-1158
-1672
-1525
-753
101
285
-430
-1426
-1762
-1014
444
1794
2307
1802
799
156
358
1133
1808
1946
1631
1226
982
886
745
432
42
-190
-153
-33
-152
-658
-1366
-1907
-1948
-1456
-748
-261
-194
-353
-425
-243
192
785
1317
1536
1399
1117
875
670
471
316
205
48
-222
-584
-1024
-1505
-1920
-2119
-2065
-1886
-1722
-1630
-1552
-1383
-1047
-566
-33
477
972
1473
1950
2337
2616
2790
2847
2763
2537
2211
1851
1513
1211
932
691
514
310
-146
-1052
-2297
-3505
-4273
-4494
-4336
-4091
-3968
-3974
-3930
-3608
-2943
-2047
-1084
-162
630
1191
1511
1670
1750
1797
1886
2109
2419
2600
2445
1917
1177
457
-74
-422
-727
-1090
-1498
-1860
-2067
-1984
-1568
-917
-166
669
1666
2811
3970
5010
5899
6648
7223
7541
7448
6737
5264
3259
1267
-249
-1262
-2041
-2880
-3935
-5153
-6202
-6728
-6707
-6392
-5935
-5263
-4325
-3215
-2038
-862
275
1396
2578
3797
4861
5546
5731
5436
4814
4005
3010
1745
289
-1152
-2490
-3823
-5180
-6377
-7194
-7537
-7388
-6787
-5830
-4620
-3177
-1520
256
1998
3598
5004
6196
7213
8087
8752
9062
8943
8374
7228
5243
2431
-680
-3328
-5102
-6082
-6576
-6878
-7155
-7380
-7368
-7056
-6522
-5765
-4637
-3136
-1525
-57
1179
2190
3010
3780
4597
5321
5685
5576
5054
4203
3043
1608
-12
-1644
-3103
-4320
-5326
-6085
-6494
-6528
-6290
-5816
-5000
-3757
-2135
-285
1618
3408
4989
6318
7302
7851
8071
8218
8401
8445
8127
7330
5920
3703
757
-2371
-4982
-6711
-7580
-7793
-7595
-7171
-6586
-5873
-5203
-4719
-4260
-3470
-2222
-708
844
2262
3399
4172
4633
4810
4635
4123
3438
2718
1962
1140
166
-1054
-2483
-3877
-5001
-5789
-6199
-6171
-5712
-4957
-4035
-3039
-2031
-996
188
1618
3249
4918
6372
7365
7813
7862
7723
7447
7038
6539
5910
4844
3005
481
-2205
-4472
-6009
-6685
-6576
-5924
-5003
-3911
-2756
-1888
-1590
-1657
-1571
-1054
-174
889
1945
2787
3345
3648
3617
3097
2165
1135
258
-397
-874
-1285
-1789
-2450
-3238
-4096
-4901
-5411
-5418
-4937
-4136
-3139
-2028
-877
258
1340
2360
3365
4422
5434
6194
6628
6879
7027
6964
6593
5887
4727
2899
487
-2049
-4156
-5550
-6175
-6154
-5756
-5208
-4503
-3534
-2493
-1763
-1435
-1186
-706
15
854
1722
2540
3232
3771
4064
3931
3298
2310
1222
237
-534
-1120
-1633
-2128
-2617
-3160
-3838
-4509
-4906
-4899
-4572
-4028
-3292
-2335
-1108
349
1800
2941
3709
4284
4863
5505
6226
6944
7490
7686
7328
6081
3717
591
-2482
-4849
-6300
-6811
-6499
-5756
-5021
-4375
-3666
-2962
-2510
-2335
-2168
-1798
-1225
-526
221
998
1822
2681
3360
3583
3240
2442
1398
319
-642
-1467
-2173
-2732
-3142
-3517
-3943
-4313
-4435
-4253
-3806
-3135
-2245
-1121
263
1845
3342
4423
5016
5338
5658
6104
6620
7041
7252
7161
6544
5002
2459
-608
-3462
-5623
-6840
-6992
-6200
-4863
-3413
-2077
-1014
-349
-110
-161
-349
-475
-313
245
1091
2011
2815
3279
3245
2746
1935
882
-361
-1626
-2698
-3466
-3931
-4157
-4320
-4546
-4742
-4648
-4196
-3527
-2755
-1822
-677
629
2001
3331
4465
5237
5612
5696
5653
5583
5531
5508
5465
5211
4386
2782
590
-1731
-3836
-5516
-6556
-6753
-6059
-4590
-2612
-644
751
1342
1294
842
169
-403
-490
74
1143
2401
3407
3739
3247
2124
706
-715
-1897
-2714
-3175
-3333
-3268
-3185
-3325
-3683
-3981
-3957
-3535
-2773
-1785
-682
504
1779
3042
4128
4941
5443
5572
5367
5023
4718
4508
4339
4038
3282
1912
160
-1613
-3268
-4757
-5855
-6293
-5938
-4802
-3006
-1000
607
1462
1605
1147
160
-1095
-2103
-2388
-1787
-474
1120
2462
3099
2819
1650
-106
-1956
-3433
-4299
-4521
-4163
-3452
-2733
-2273
-2114
-2152
-2223
-2098
-1575
-613
676
2120
3532
4725
5567
5984
5951
5536
4916
4297
3812
3465
3038
2185
824
-739
-2201
-3574
-4839
-5713
-5920
-5471
-4415
-2781
-902
645
1564
1980
1936
1316
284
-645
-1060
-883
-210
755
1702
2369
2565
2086
808
-1029
-2922
-4421
-5257
-5310
-4696
-3759
-2813
-2015
-1429
-1067
-824
-521
6
883
2131
3557
4900
6043
6981
7588
7676
7193
6303
5243
4140
2878
1298
-492
-2147
-3504
-4663
-5586
-6010
-5795
-5033
-3780
-2085
-236
1354
2470
3077
3113
2587
1695
721
-28
-240
196
993
1730
2167
2196
1689
610
-879
-2547
-4162
-5438
-6116
-6113
-5503
-4432
-3173
-2050
-1212
-545
89
732
1419
2243
3260
4396
5493
6350
6835
6892
6537
5822
4805
3432
1578
-625
-2694
-4278
-5465
-6422
-7009
-7043
-6555
-5576
-4070
-2258
-633
562
1412
1923
1934
1505
977
651
643
950
1402
1730
1796
1609
1124
253
-907
-2141
-3311
-4342
-5091
-5431
-5293
-4676
-3689
-2574
-1490
-430
589
1439
2109
2801
3633
4523
5376
6172
6814
7121
6992
6454
5558
4350
2815
948
-1100
-3016
-4613
-5892
-6810
-7198
-7015
-6339
-5164
-3524
-1738
-210
967
1818
2249
2181
1799
1392
1186
1354
1898
2535
2896
2830
2293
1228
-313
-2054
-3694
-5036
-5904
-6167
-5841
-5070
-3985
-2778
-1703
-896
-257
380
1080
1854
2726
3737
4896
6140
7257
8006
8254
8031
7388
6312
4763
2793
664
-1296
-2922
-4271
-5339
-5955
-6035
-5672
-4942
-3852
-2576
-1401
-395
580
1459
1984
2073
1918
1740
1665
1797
2118
2457
2631
2547
2092
1114
-396
-2245
-4163
-5873
-7059
-7471
-7069
-6007
-4536
-2949
-1518
-419
278
640
910
1396
2210
3268
4515
5900
7161
7883
7892
7334
6363
4924
2950
651
-1556
-3362
-4743
-5754
-6388
-6631
-6545
-6113
-5243
-4008
-2701
-1504
-362
721
1527
1920
2037
2066
2113
2258
2560
2948
3267
3401
3173
2395
1040
-705
-2661
-4671
-6428
-7535
-7797
-7306
-6234
-4719
-2925
-1110
455
1582
2279
2720
3071
3394
3765
4369
5334
6528
7598
8209
8132
7220
5412
2933
264
-2144
-4109
-5551
-6360
-6496
-6114
-5384
-4371
-3217
-2215
-1537
-1046
-535
17
515
906
1212
1507
1907
2432
2964
3367
3563
3436
2829
1707
208
-1514
-3330
-5056
-6421
-7170
-7168
-6435
-5140
-3511
-1765
-91
1327
2414
3192
3697
3957
4124
4476
5160
6058
6914
7544
7773
7346
5998
3801
1196
-1306
-3466
-5211
-6348
-6694
-6285
-5375
-4167
-2865
-1724
-946
-508
-332
-403
-612
-677
-398
138
787
1540
2412
3266
3868
4003
3544
2479
958
-800
-2641
-4411
-5892
-6828
-7073
-6631
-5618
-4208
-2558
-842
730
1957
2796
3325
3642
3815
3970
4264
4767
5387
5957
6301
6183
5334
3652
1408
-925
-2981
-4608
-5658
-6006
-5698
-4967
-3969
-2768
-1507
-430
341
832
1039
917
569
255
200
496
1109
1877
2567
3029
3212
3026
2342
1136
-476
-2315
-4157
-5690
-6689
-7096
-6922
-6138
-4808
-3151
-1410
250
1714
2877
3683
4098
4189
4160
4286
4644
5113
5576
6026
6329
6085
4917
2928
628
-1540
-3430
-4947
-5856
-6027
-5555
-4615
-3297
-1781
-388
646
1317
1639
1529
995
269
-348
-690
-692
-352
281
1091
1899
2429
2367
1582
213
-1475
-3256
-4891
-6133
-6813
-6912
-6450
-5470
-4063
-2395
-640
1037
2481
3601
4352
4684
4611
4342
4174
4272
4585
5034
5529
5825
5504
4297
2388
212
-1903
-3820
-5312
-6094
-6082
-5429
-4259
-2677
-985
435
1508
2367
2940
2998
2548
1851
1105
403
-102
-262
-67
380
917
1280
1219
656
-365
-1785
-3453
-5059
-6340
-7168
-7402
-6858
-5592
-3912
-2096
-254
1459
2817
3686
4101
4146
3953
3734
3677
3864
4296
4910
5507
5767
5366
4201
2454
434
-1650
-3649
-5250
-6113
-6159
-5588
-4502
-2944
-1155
461
1711
2630
3158
3175
2734
2055
1286
539
-26
-280
-206
130
592
936
965
634
-82
-1268
-2862
-4530
-5932
-6861
-7140
-6617
-5351
-3605
-1624
373
2136
3450
4242
4531
4404
4079
3818
3743
3908
4383
5140
5928
6386
6242
5363
3805
1770
-533
-2923
-5014
-6318
-6631
-6139
-4992
-3262
-1272
479
1771
2677
3163
3127
2677
2039
1317
583
-21
-461
-794
-941
-775
-418
-144
-74
-293
-995
-2237
-3760
-5239
-6468
-7188
-7153
-6344
-4947
-3098
-997
969
2478
3473
3969
3938
3515
3018
2693
2628
2914
3547
4340
5027
5372
5096
4046
2390
433
-1705
-3866
-5625
-6593
-6731
-6080
-4588
-2446
-202
1680
3088
3969
4215
3872
3113
2080
919
-97
-772
-1100
-1141
-905
-503
-98
239
437
277
-448
-1695
-3240
-4802
-6082
-6826
-6932
-6341
-4959
-2892
-602
1410
2932
3913
4277
4033
3429
2822
2529
2760
3500
4490
5452
6193
6450
5895
4462
2427
113
-2286
-4490
-6147
-7036
-7129
-6424
-4951
-2938
-734
1349
3076
4190
4524
4101
3104
1763
344
-888
-1739
-2107
-1984
-1449
-679
141
865
1341
1393
900
-147
-1648
-3364
-4897
-5819
-5880
-5059
-3520
-1547
484
2227
3466
4133
4286
4044
3592
3173
3031
3318
4023
4957
5840
6430
6532
5930
4532
2544
335
-1862
-3902
-5499
-6360
-6487
-6038
-5015
-3396
-1454
352
1778
2742
3136
2836
1883
485
-1101
-2573
-3668
-4217
-4132
-3387
-2128
-675
632
1529
1792
1299
112
-1545
-3394
-5078
-6173
-6410
-5828
-4667
-3187
-1624
-182
987
1783
2166
2205
2089
2007
2090
2466
3226
4289
5414
6367
6974
7041
6374
4991
3179
1253
-653
-2455
-3963
-4987
-5480
-5422
-4720
-3440
-1929
-558
589
1465
1823
1417
348
-1047
-2480
-3682
-4351
-4228
-3262
-1618
327
2111
3401
4040
3913
2946
1302
-646
-2573
-4247
-5393
-5764
-5405
-4600
-3581
-2453
-1328
-333
502
1201
1799
2375
3020
3710
4367
5015
5714
6368
6815
7053
7100
6790
5890
4461
2767
995
-828
-2575
-4040
-5056
-5576
-5574
-5060
-4132
-2955
-1743
-706
-43
116
-284
-1146
-2156
-2890
-3053
-2609
-1620
-119
1780
3709
5161
5790
5577
4674
3241
1441
-494
-2322
-3862
-4967
-5542
-5638
-5419
-4947
-4164
-3108
-1965
-843
280
1381
2343
3091
3666
4135
4569
5002
5425
5777
6054
6260
6280
5933
5145
3979
2475
635
-1403
-3342
-4961
-6197
-7007
-7211
-6723
-5760
-4674
-3659
-2756
-2066
-1711
-1659
-1704
-1631
-1286
-617
299
1344
2439
3488
4298
4705
4648
4085
2960
1406
-270
-1864
-3392
-4829
-5971
-6628
-6775
-6445
-5655
-4472
-3016
-1388
287
1835
3115
4078
4723
5102
5337
5544
5750
5951
6177
6409
6575
6550
6166
5247
3784
1950
-94
-2294
-4479
-6364
-7783
-8755
-9185
-8893
-7935
-6637
-5225
-3710
-2142
-732
312
922
1156
1215
1313
1500
1724
2028
2511
3095
3589
3880
3873
3381
2311
826
-844
-2563
-4202
-5525
-6321
-6488
-6040
-5089
-3822
-2381
-836
730
2195
3463
4506
5303
5906
6407
6855
7216
7442
7523
7442
7176
6755
6205
5469
4418
3006
1326
-506
-2448
-4448
-6285
-7655
-8407
-8582
-8192
-7206
-5729
-4054
-2387
-825
503
1398
1802
1817
1543
1069
542
142
-13
165
710
1473
2172
2596
2669
2334
1537
326
-1161
-2778
-4361
-5704
-6641
-7089
-6996
-6318
-5068
-3336
-1294
849
2919
4811
6389
7424
7728
7363
6548
5499
4419
3568
3135
3108
3370
3788
4200
4328
3928
2928
1443
-383
-2426
-4522
-6397
-7782
-8527
-8597
-7970
-6693
-4984
-3182
-1589
-417
191
233
-126
-662
-1192
-1538
-1527
-1097
-281
856
2194
3482
4398
4734
4416
3420
1777
-340
-2633
-4766
-6442
-7433
-7613
-6953
-5535
-3585
-1459
520
2195
3487
4283
4482
4156
3498
2752
2147
1880
2037
2581
3435
4487
5564
6445
6972
7086
6809
6141
5004
3344
1305
-825
-2846
-4721
-6373
-7619
-8337
-8548
-8290
-7580
-6536
-5332
-4079
-2817
-1651
-709
-20
482
837
1119
1424
1812
2219
2575
2887
3150
3287
3264
3123
2846
2288
1356
149
-1122
-2311
-3326
-4082
-4505
-4558
-4250
-3620
-2768
-1791
-772
215
1082
1823
2504
3154
3732
4248
4824
5539
6292
6915
7329
7528
7459
7020
6159
4956
3655
2460
1358
197
-1060
-2296
-3456
-4575
-5636
-6493
-7086
-7410
-7381
-6833
-5775
-4442
-3050
-1671
-372
678
1360
1669
1681
1454
1078
655
292
95
163
506
1027
1609
2147
2517
2569
2233
1528
500
-830
-2387
-4006
-5487
-6659
-7369
-7451
-6782
-5396
-3488
-1341
782
2665
4135
5055
5365
5135
4580
3922
3292
2755
2428
2435
2779
3278
3690
3916
3966
3837
3435
2750
1887
937
-138
-1371
-2646
-3809
-4794
-5559
-5973
-5963
-5644
-5169
-4569
-3845
-3127
-2521
-2009
-1548
-1205
-977
-723
-308
273
980
1807
2697
3540
4233
4677
4747
4378
3617
2554
1243
-207
-1604
-2809
-3826
-4701
-5390
-5790
-5824
-5507
-4934
-4226
-3427
-2494
-1376
-142
1063
2134
3049
3839
4526
5110
5580
5929
6178
6324
6310
6086
5681
5173
4588
3910
3148
2373
1633
942
297
-331
-1015
-1774
-2511
-3100
-3525
-3861
-4085
-4086
-3789
-3301
-2758
-2223
-1697
-1227
-856
-561
-337
-266
-385
-588
-784
-988
-1192
-1271
-1136
-851
-509
-130
273
643
874
845
450
-275
-1158
-2034
-2838
-3517
-3953
-4056
-3817
-3257
-2380
-1256
-38
1124
2157
3018
3659
4059
4250
4252
4085
3776
3353
2815
2165
1469
826
321
39
78
520
1340
2397
3482
4427
5174
5737
6065
6020
5464
4377
2853
1097
-690
-2411
-4047
-5489
-6525
-7051
-7151
-6929
-6378
-5498
-4409
-3329
-2483
-2048
-2064
-2409
-2889
-3333
-3544
-3306
-2481
-1116
634
2593
4553
6226
7305
7556
6931
5540
3608
1364
-938
-3041
-4724
-5895
-6532
-6649
-6317
-5671
-4839
-3875
-2802
-1691
-619
351
1179
1841
2341
2729
3040
3290
3493
3683
3852
3938
3881
3693
3398
2982
2466
1952
1558
1305
1128
963
743
432
54
-310
-615
-876
-1118
-1328
-1447
-1456
-1372
-1183
-804
-235
317
595
562
320
-114
-802
-1624
-2364
-2897
-3238
-3324
-3088
-2565
-1893
-1183
-526
-22
340
685
1089
1454
1650
1634
1451
1149
793
437
116
-142
-321
-473
-683
-952
-1164
-1281
-1389
-1530
-1575
-1380
-932
-305
392
1017
1446
1661
1704
1566
1218
745
312
56
44
345
994
1933
3040
4160
5134
5806
6099
5992
5506
4726
3821
2982
2335
1975
1926
2091
2218
2127
1761
1107
72
-1352
-2979
-4548
-5919
-7030
-7762
-8001
-7763
-7194
-6401
-5487
-4558
-3759
-3170
-2841
-2741
-2753
-2694
-2486
-2100
-1482
-541
679
1969
3073
3812
4068
3783
3009
1890
597
-701
-1814
-2535
-2705
-2278
-1386
-323
608
1278
1688
1818
1554
903
76
-652
-1138
-1316
-1121
-541
341
1371
2400
3284
3922
4273
4359
4216
3939
3654
3480
3466
3607
3864
4184
4494
4724
4789
4601
4108
3346
2410
1334
65
-1413
-2986
-4469
-5726
-6708
-7376
-7710
-7734
-7510
-7082
-6466
-5721
-4934
-4156
-3357
-2503
-1612
-716
204
1181
2208
3233
4201
5047
5712
6161
6374
6331
5977
5265
4189
2797
1199
-489
-2186
-3819
-5275
-6403
-7101
-7322
-7035
-6273
-5155
-3854
-2497
-1194
-80
736
1256
1557
1688
1710
1720
1821
2018
2262
2543
2855
3148
3320
3345
3254
3073
2790
2390
1908
1399
938
603
452
509
735
1071
1460
1881
2321
2715
2978
3053
2928
2558
1869
849
-382
-1653
-2841
-3868
-4672
-5216
-5480
-5446
-5116
-4563
-3875
-3093
-2287
-1582
-1071
-724
-463
-267
-119
22
172
305
429
597
813
1003
1119
1148
1046
731
129
-764
-1887
-3063
-4086
-4819
-5256
-5384
-5145
-4522
-3609
-2543
-1390
-191
964
1945
2702
3263
3664
3897
3982
3969
3906
3805
3687
3581
3479
3366
3261
3192
3143
3071
2969
2835
2654
2426
2180
1931
1670
1458
1413
1585
1919
2315
2689
2945
3013
2869
2500
1835
825
-459
-1862
-3241
-4493
-5506
-6202
-6567
-6628
-6364
-5771
-4933
-4014
-3148
-2407
-1847
-1531
-1441
-1466
-1461
-1305
-917
-259
648
1760
2981
4156
5052
5504
5426
4786
3594
1996
207
-1587
-3254
-4610
-5458
-5748
-5560
-5008
-4172
-3204
-2299
-1594
-1126
-864
-766
-743
-707
-604
-390
-17
538
1242
2060
2951
3814
4496
4894
4993
4816
4383
3764
3075
2472
2041
1771
1587
1457
1404
1438
1503
1526
1462
1296
1048
780
595
558
653
768
745
494
29
-580
-1311
-2167
-3099
-4021
-4807
-5349
-5530
-5357
-4919
-4316
-3579
-2779
-2081
-1629
-1435
-1397
-1423
-1429
-1330
-1081
-708
-224
371
1047
1702
2257
2645
2772
2508
1805
752
-475
-1687
-2748
-3580
-4131
-4308
-4043
-3379
-2488
-1537
-616
236
948
1463
1786
1999
2188
2399
2680
3098
3691
4391
5052
5571
5899
6023
5913
5538
4881
4010
3065
2194
1481
972
730
784
1092
1561
2101
2598
2911
2945
2672
2084
1173
20
-1193
-2258
-3042
-3486
-3602
-3492
-3299
-3116
-2990
-2979
-3175
-3599
-4197
-4876
-5525
-5978
-6107
-5909
-5453
-4765
-3852
-2844
-1903
-1069
-272
506
1214
1811
2322
2750
3119
3468
3795
3983
3902
3558
3022
2316
1402
324
-790
-1830
-2751
-3498
-3997
-4200
-4117
-3760
-3169
-2429
-1670
-1007
-516
-224
-75
18
98
187
357
707
1249
1912
2654
3430
4134
4635
4885
4913
4719
4298
3719
3112
2562
2085
1682
1349
1026
650
205
-267
-749
-1241
-1710
-2113
-2433
-2639
-2648
-2407
-1970
-1447
-885
-306
213
545
633
500
190
-259
-761
-1221
-1584
-1812
-1859
-1697
-1400
-1069
-758
-478
-287
-250
-342
-475
-600
-716
-775
-706
-504
-216
166
671
1246
1723
1969
1989
1846
1563
1097
451
-287
-991
-1555
-1935
-2143
-2254
-2325
-2363
-2309
-2110
-1785
-1369
-887
-327
287
911
1518
2116
2699
3248
3772
4273
4706
4975
5030
4890
4605
4203
3695
3113
2521
1958
1427
896
375
-102
-524
-898
-1246
-1577
-1907
-2208
-2442
-2583
-2666
-2729
-2774
-2753
-2625
-2390
-2090
-1780
-1515
-1350
-1295
-1302
-1308
-1287
-1256
-1223
-1195
-1169
-1132
-1055
-956
-889
-885
-926
-1038
-1268
-1583
-1827
-1865
-1691
-1339
-839
-235
386
971
1498
1952
2291
2492
2553
2475
2256
1913
1462
904
275
-342
-868
-1294
-1644
-1902
-2036
-2028
-1916
-1724
-1455
-1094
-622
-40
629
1315
1947
2499
2980
3394
3692
3811
3733
3461
3005
2406
1741
1081
475
-25
-389
-614
-753
-865
-1013
-1261
-1615
-2040
-2476
-2876
-3164
-3246
-3088
-2693
-2077
-1256
-340
511
1217
1814
2347
2768
2993
2972
2733
2321
1782
1137
424
-298
-985
-1599
-2064
-2299
-2300
-2148
-1893
-1537
-1115
-691
-274
191
712
1207
1587
1828
1964
2054
2139
2198
2183
2097
2006
1931
1823
1597
1215
674
-14
-790
-1583
-2341
-3064
-3737
-4282
-4570
-4497
-4044
-3272
-2289
-1233
-227
673
1455
2105
2570
2841
2938
2868
2624
2256
1884
1578
1344
1144
973
838
754
713
656
510
235
-141
-577
-1032
-1472
-1862
-2174
-2357
-2341
-2071
-1569
-946
-318
223
630
886
1006
1025
961
792
489
96
-297
-621
-862
-1042
-1157
-1235
-1262
-1199
-991
-658
-296
-3
191
269
179
-127
-579
-1024
-1314
-1371
-1172
-746
-170
468
1084
1613
1963
2070
1913
1515
905
119
-763
-1623
-2359
-2899
-3201
-3244
-3042
-2641
-2123
-1575
-1030
-474
130
727
1221
1547
1749
1901
2016
2074
2086
2077
2041
1985
1960
1973
1937
1768
1492
1210
981
828
761
764
765
708
605
489
340
138
-104
-322
-486
-579
-607
-565
-431
-218
18
210
353
490
641
748
717
523
259
34
-145
-366
-640
-858
-930
-901
-858
-851
-889
-963
-1033
-1038
-978
-915
-881
-852
-773
-597
-310
70
479
867
1203
1446
1520
1377
1059
660
244
-197
-640
-1025
-1303
-1506
-1667
-1760
-1761
-1733
-1766
-1884
-2043
-2181
-2268
-2279
-2209
-2032
-1691
-1151
-452
294
981
1552
1998
2321
2520
2592
2543
2379
2102
1718
1267
841
537
410
409
435
407
330
255
218
192
125
10
-101
-121
-5
206
434
633
828
1073
1387
1753
2138
2469
2639
2612
2473
2328
2181
1955
1618
1182
702
256
-69
-276
-473
-764
-1095
-1346
-1500
-1637
-1785
-1853
-1760
-1530
-1261
-1029
-875
-812
-847
-991
-1245
-1594
-1995
-2392
-2735
-3016
-3251
-3434
-3542
-3551
-3486
-3378
-3242
-3085
-2904
-2686
-2422
-2100
-1676
-1105
-444
157
600
946
1343
1867
2474
3065
3531
3824
3950
3969
3903
3739
3483
3161
2795
2387
1960
1548
1175
832
506
214
-12
-126
-96
69
300
490
573
575
585
669
816
957
1035
1023
921
724
471
237
85
13
-68
-232
-491
-786
-1032
-1184
-1266
-1366
-1530
-1716
-1854
-1943
-2022
-2077
-2010
-1738
-1278
-700
-74
571
1207
1773
2172
2292
2089
1636
1064
449
-202
-861
-1455
-1912
-2199
-2291
-2212
-2049
-1899
-1784
-1658
-1509
-1355
-1224
-1108
-987
-845
-662
-421
-97
328
838
1368
1861
2308
2737
3117
3335
3287
2962
2424
1756
1022
289
-374
-902
-1254
-1392
-1306
-1029
-638
-236
88
278
356
377
385
381
358
357
451
707
1134
1673
2203
2586
2780
2847
2845
2698
2273
1549
636
-291
-1083
-1654
-2020
-2229
-2256
-2014
-1532
-1002
-644
-525
-576
-681
-757
-804
-899
-1114
-1401
-1611
-1662
-1629
-1624
-1675
-1746
-1835
-1994
-2251
-2575
-2889
-3130
-3286
-3373
-3388
-3265
-2931
-2380
-1684
-944
-252
309
682
890
997
1078
1163
1261
1381
1544
1759
1996
2221
2422
2604
2723
2711
2555
2310
2036
1761
1532
1428
1489
1644
1790
1884
1950
1988
1957
1812
1581
1315
1036
724
384
81
-93
-120
-61
-8
6
36
136
262
280
127
-135
-397
-601
-739
-832
-895
-910
-844
-722
-659
-724
-842
-882
-811
-703
-613
-521
-369
-132
181
507
749
791
588
201
-269
-788
-1392
-2059
-2671
-3054
-3124
-2925
-2569
-2144
-1676
-1160
-644
-227
-2
35
-15
-72
-131
-205
-232
-100
256
778
1329
1784
2102
2300
2392
2375
2245
2024
1739
1420
1099
827
634
558
609
763
946
1066
1072
933
652
253
-196
-609
-935
-1168
-1321
-1368
-1243
-921
-501
-146
52
140
223
304
286
93
-229
-534
-685
-642
-480
-317
-224
-180
-115
-28
18
-19
-118
-256
-449
-732
-1075
-1394
-1608
-1671
-1587
-1404
-1200
-1009
-830
-667
-547
-509
-546
-599
-595
-510
-406
-346
-340
-325
-264
-164
-67
-8
1
-27
-82
-131
-131
-28
207
581
1063
1579
2024
2310
2450
2513
2561
2576
2524
2403
2253
2103
1951
1795
1640
1477
1302
1106
873
571
193
-214
-589
-901
-1155
-1341
-1447
-1465
-1389
-1237
-1042
-838
-630
-403
-153
109
352
542
637
620
507
351
192
42
-143
-383
-652
-913
-1159
-1429
-1709
-1920
-1975
-1878
-1709
-1544
-1375
-1156
-871
-570
-333
-197
-148
-155
-211
-344
-565
-846
-1123
-1332
-1446
-1486
-1501
-1540
-1595
-1611
-1514
-1296
-1023
-765
-535
-265
83
477
847
1178
1518
1885
2243
2532
2749
2914
3029
3068
3023
2914
2790
2704
2656
2585
2405
2098
1723
1334
918
454
-22
-452
-822
-1156
-1460
-1710
-1871
-1925
-1853
-1661
-1379
-1046
-706
-393
-145
17
115
191
254
245
125
-54
-196
-260
-313
-420
-569
-667
-636
-505
-391
-366
-397
-413
-412
-452
-559
-694
-806
-873
-858
-735
-512
-264
-64
69
129
112
25
-63
-90
-76
-74
-94
-89
-45
8
43
54
67
123
246
415
586
736
869
999
1123
1217
1259
1256
1240
1241
1262
1274
1238
1133
984
836
694
526
306
63
-175
-418
-689
-975
-1203
-1294
-1209
-1011
-819
-719
-706
-724
-747
-760
-765
-767
-789
-820
-780
-592
-293
-8
182
314
449
560
591
531
395
203
-15
-223
-426
-634
-786
-791
-650
-477
-377
-365
-413
-476
-500
-458
-396
-378
-409
-453
-519
-635
-778
-876
-892
-840
-750
-645
-538
-425
-294
-145
3
143
257
331
390
505
702
917
1083
1203
1345
1528
1690
1748
1680
1543
1428
1380
1383
1360
1267
1108
943
807
682
537
362
199
81
26
14
45
139
290
422
453
373
238
73
-145
-408
-656
-815
-860
-787
-620
-424
-248
-84
105
271
319
239
113
-9
-145
-281
-326
-225
-23
197
390
513
521
409
229
34
-165
-341
-461
-538
-602
-658
-675
-673
-697
-764
-852
-952
-1079
-1220
-1327
-1393
-1462
-1561
-1631
-1566
-1322
-951
-572
-274
-64
106
263
367
335
120
-235
-615
-882
-966
-900
-788
-693
-596
-443
-242
-62
42
58
3
-104
-230
-359
-484
-554
-472
-224
73
303
502
750
1058
1353
1590
1749
1795
1723
1594
1493
1451
1465
1530
1615
1662
1631
1553
1480
1417
1327
1203
1082
994
950
958
1023
1102
1140
1113
1014
812
487
86
-326
-693
-963
-1077
-1065
-1033
-1049
-1081
-1093
-1111
-1170
-1259
-1370
-1543
-1798
-2065
-2214
-2177
-1971
-1701
-1479
-1344
-1247
-1117
-971
-855
-792
-762
-779
-853
-951
-1000
-987
-905
-718
-412
-59
253
512
733
899
979
1006
1011
997
967
956
982
991
961
919
875
766
634
605
724
816
742
589
479
425
348
310
339
417
537
733
960
1084
1109
1109
1087
1005
943
984
1045
1038
1055
1205
1402
1512
1538
1466
1236
864
552
365
148
-187
-470
-560
-568
-637
-716
-685
-599
-584
-649
-715
-786
-930
-1134
-1294
-1356
-1404
-1504
-1615
-1705
-1785
-1880
-1900
-1809
-1641
-1496
-1377
-1302
-1253
-1207
-1128
-1026
-951
-887
-860
-874
-863
-687
-426
-262
-227
-168
-59
-14
36
159
264
156
-37
-97
-14
82
193
353
429
373
345
467
558
540
547
725
913
1025
1104
1175
1130
1011
1003
1121
1254
1342
1490
1639
1614
1391
1128
945
805
692
637
582
473
351
332
384
420
456
568
679
646
506
379
244
29
-209
-328
-415
-575
-737
-822
-854
-925
-911
-814
-768
-844
-884
-761
-619
-563
-584
-568
-566
-588
-607
-555
-473
-407
-352
-279
-191
-165
-173
-169
-144
-224
-405
-611
-682
-609
-401
-204
-148
-214
-245
-148
-37
35
113
158
37
-167
-247
-163
-77
-31
54
140
167
197
295
375
389
445
619
881
1163
1466
1708
1800
1796
1791
1760
1617
1395
1193
963
665
374
241
239
274
288
318
339
325
299
293
255
91
-133
-354
-521
-708
-838
-873
-879
-922
-960
-913
-873
-935
-1100
-1296
-1474
-1570
-1496
-1345
-1197
-1064
-905
-750
-718
-670
-631
-602
-667
-719
-705
-724
-743
-814
-874
-951
-865
-662
-501
-473
-496
-494
-579
-617
-561
-415
-337
-186
115
410
562
639
769
840
856
927
1057
1104
1017
952
938
944
935
924
925
899
879
814
775
829
963
982
840
678
559
396
200
142
206
261
270
332
456
531
540
562
639
695
660
509
324
164
33
-79
-198
-287
-378
-516
-695
-855
-898
-829
-718
-668
-651
-578
-446
-324
-309
-298
-350
-429
-535
-527
-415
-337
-284
-224
-119
-64
-73
-104
-164
-189
-156
-77
-83
-158
-178
-189
-245
-348
-320
-239
-156
-53
106
242
270
331
469
651
797
874
891
806
738
654
524
321
176
213
315
418
354
222
69
71
215
316
323
209
151
79
70
107
159
204
183
204
204
225
177
61
-68
-132
-90
-83
-119
-208
-332
-495
-668
-732
-762
-821
-922
-921
-758
-536
-371
-259
-180
-153
-167
-132
-43
-2
-20
27
167
218
80
-108
-173
-234
-374
-522
-484
-387
-356
-434
-456
-449
-441
-443
-375
-215
-115
-132
-238
-226
-128
-12
38
163
310
334
200
122
175
185
102
48
41
-124
-383
-503
-407
-339
-317
-277
-179
-221
-303
-251
-60
153
259
290
187
37
-58
0
147
375
573
678
750
891
1102
1141
1055
948
836
672
543
568
595
495
390
413
475
502
524
599
595
525
405
309
200
142
117
51
-33
-76
-24
22
93
138
100
-74
-254
-351
-402
-404
-321
-209
-144
-122
-82
-43
-50
-5
118
231
253
217
208
228
260
290
237
58
-194
-412
-559
-708
-894
-1042
-1063
-950
-878
-876
-919
-886
-807
-719
-661
-631
-598
-576
-550
-505
-343
-146
-40
-90
-183
-222
-218
-164
-25
124
214
189
166
84
-56
-179
-167
-85
-30
43
161
216
195
252
449
615
655
653
647
641
591
606
657
683
719
759
795
721
561
400
296
263
218
131
54
128
267
352
407
488
537
390
186
56
-40
-172
-234
-140
21
92
140
130
38
-136
-300
-448
-659
-833
-958
-1040
-1165
-1276
-1391
-1522
-1627
-1655
-1688
-1734
-1636
-1364
-1122
-1044
-974
-799
-573
-402
-222
-84
-9
14
114
321
551
730
797
718
480
190
8
33
198
369
445
478
556
681
802
862
900
892
936
1027
1088
1049
964
952
926
883
846
868
921
973
1025
1031
993
982
1003
997
901
745
592
465
371
272
171
74
22
-12
-32
-12
66
191
316
440
455
336
126
-67
-211
-382
-534
-680
-807
-920
-961
-931
-934
-965
-1000
-988
-988
-996
-1047
-1163
-1291
-1323
-1227
-1129
-1057
-1049
-1046
-1102
-1133
-1124
-1060
-957
-855
-730
-630
-484
-366
-241
-165
-10
165
300
339
328
324
293
287
318
406
503
630
748
824
832
844
927
1049
1188
1279
1347
1364
1330
1247
1185
1204
1297
1364
1352
1310
1270
1274
1249
1152
910
638
395
211
4
-174
-288
-363
-394
-370
-306
-328
-354
-307
-152
-121
-237
-434
-619
-820
-1033
-1170
-1230
-1230
-1243
-1229
-1240
-1266
-1330
-1362
-1342
-1301
-1277
-1278
-1253
-1191
-1083
-939
-793
-655
-559
-487
-444
-380
-280
-176
-107
-64
12
64
107
148
261
385
518
651
728
679
556
504
511
491
391
282
212
212
280
399
528
688
844
937
865
692
451
225
48
-3
11
31
59
113
146
88
31
48
151
220
258
253
216
130
54
33
26
-21
-68
-74
-5
121
290
444
492
461
426
467
523
492
390
257
150
36
-25
-63
-117
-284
-513
-717
-890
-983
-1047
-967
-840
-655
-500
-356
-256
-197
-166
-160
-210
-336
-413
-398
-260
-110
85
195
201
96
83
248
497
743
836
787
599
451
458
595
784
884
897
797
702
646
627
637
658
753
856
917
879
780
655
576
568
605
608
489
302
137
57
107
201
257
188
34
-95
-237
-411
-642
-828
-975
-1034
-1002
-901
-876
-962
-1107
-1236
-1310
-1307
-1186
-1094
-1063
-1075
-1019
-903
-793
-670
-577
-526
-570
-624
-664
-639
-548
-413
-312
-356
-443
-522
-506
-485
-439
-409
-402
-452
-499
-453
-317
-180
-124
-95
-66
-16
27
105
193
263
352
500
673
726
666
603
654
758
852
894
845
748
660
719
798
798
654
457
288
190
228
375
506
479
333
170
87
35
48
42
-5
-146
-266
-331
-290
-172
13
226
352
445
463
510
479
421
311
251
280
427
609
734
761
667
550
398
374
411
485
423
257
100
44
79
110
117
56
-19
-115
-140
-181
-269
-391
-419
-308
-177
-130
-139
-120
-54
44
211
432
572
546
402
264
183
133
102
52
-16
-39
60
302
476
469
243
22
-91
-73
-119
-302
-562
-787
-915
-990
-990
-1003
-1068
-1164
-1157
-1028
-886
-826
-795
-788
-862
-1024
-1128
-1010
-690
-333
-128
-176
-432
-736
-881
-796
-594
-451
-469
-554
-586
-500
-371
-305
-290
-212
42
463
877
1118
1131
999
898
902
967
952
799
600
426
324
344
485
659
684
543
340
180
75
41
59
123
162
146
107
59
57
74
109
188
239
258
184
91
-30
-134
-160
-54
83
55
-117
-321
-302
-155
80
188
109
-102
-254
-205
-74
-5
-87
-226
-318
-224
-15
163
180
76
-65
-231
-387
-468
-448
-434
-453
-523
-540
-513
-354
-117
88
177
161
171
166
152
97
104
171
236
281
306
404
522
621
635
582
546
544
569
552
536
561
593
516
295
41
-111
-97
3
136
194
238
261
298
274
153
4
-103
-43
69
160
96
20
22
146
328
458
522
465
335
139
-39
-161
-207
-205
-168
-97
-17
-21
-121
-264
-329
-300
-210
-109
-90
-209
-468
-675
-758
-717
-676
-633
-566
-492
-411
-401
-422
-535
-628
-630
-512
-344
-303
-307
-331
-218
-73
76
127
58
-72
-246
-317
-368
-293
-207
-93
-54
-54
-12
56
167
227
288
257
185
102
64
-10
-170
-343
-410
-345
-214
-38
189
428
578
577
460
304
149
39
-50
-140
-275
-370
-339
-153
71
232
295
286
299
294
313
291
260
172
31
-102
-156
-37
176
451
677
834
802
593
343
193
200
255
252
138
-66
-207
-163
45
202
185
88
50
76
63
39
-42
-167
-376
-509
-497
-339
-137
18
145
215
233
226
232
236
146
-22
-124
-112
-8
101
217
243
192
76
102
230
373
434
340
182
22
72
301
516
519
297
21
-153
-108
54
134
58
-89
-154
-202
-263
-355
-427
-462
-496
-519
-542
-471
-373
-293
-330
-388
-411
-406
-432
-489
-497
-457
-383
-335
-297
-276
-208
-105
22
34
-81
-216
-259
-266
-368
-518
-609
-605
-537
-399
-213
-29
98
243
336
354
261
235
274
334
378
477
645
757
750
674
620
613
620
614
542
402
300
298
380
377
334
319
389
458
517
577
598
562
503
446
313
34
-306
-589
-708
-631
-458
-337
-405
-570
-667
-583
-454
-416
-544
-733
-911
-1074
-1180
-1206
-1162
-1081
-949
-682
-381
-194
-117
