-439
-352
-269
-224
-212
-219
-233
-262
-305
-360
-423
-478
-509
-492
-427
-328
-212
-80
60
195
321
453
579
648
643
604
593
604
598
556
494
431
350
245
128
33
-18
-26
-12
-8
-21
-51
-95
-168
-260
-330
-352
-327
-280
-223
-166
-119
-111
-162
-270
-389
-470
-490
-466
-420
-354
-267
-165
-89
-58
-58
-56
-19
58
149
214
237
260
324
417
486
506
502
505
518
521
501
467
444
433
410
356
283
217
181
185
213
243
264
281
305
336
396
508
665
809
884
884
848
811
805
842
899
925
875
766
635
521
423
315
207
117
53
-1
-50
-86
-119
-184
-302
-441
-548
-599
-608
-611
-607
-567
-484
-402
-372
-395
-438
-465
-463
-458
-492
-576
-670
-728
-754
-774
-782
-748
-670
-588
-547
-550
-572
-578
-532
-418
-266
-121
-19
45
96
142
183
213
233
220
165
109
111
173
220
191
104
40
36
75
119
157
182
168
95
-12
-98
-129
-112
-70
-13
53
102
96
39
-41
-124
-227
-346
-444
-505
-552
-623
-693
-712
-659
-579
-519
-476
-430
-361
-290
-231
-168
-78
18
85
123
178
268
374
454
475
409
279
140
67
70
112
162
223
311
414
493
510
465
382
314
278
262
221
145
75
73
177
344
492
559
573
597
645
681
671
624
563
509
478
453
393
269
103
-65
-195
-258
-231
-127
-2
74
56
-34
-135
-194
-211
-202
-184
-165
-176
-232
-317
-401
-455
-474
-458
-413
-337
-228
-116
-45
-37
-43
-28
6
36
69
104
111
54
-44
-109
-76
59
226
347
391
386
368
346
312
267
215
165
135
122
108
66
6
-33
-41
-28
-24
-9
35
107
177
202
153
27
-118
-198
-179
-113
-93
-156
-278
-407
-505
-562
-607
-663
-698
-653
-537
-436
-426
-492
-569
-605
-584
-513
-445
-447
-514
-560
-519
-416
-321
-260
-211
-168
-143
-143
-148
-135
-93
-40
-36
-128
-264
-323
-237
-54
107
195
232
282
386
530
676
774
816
813
777
717
662
652
685
733
754
731
673
595
514
431
345
240
110
-21
-103
-99
-40
29
80
113
120
96
72
76
114
157
190
214
210
173
121
78
48
17
-18
-69
-155
-282
-420
-522
-565
-576
-572
-568
-548
-488
-376
-246
-172
-188
-276
-380
-467
-508
-484
-401
-301
-230
-203
-209
-235
-268
-305
-327
-295
-186
-25
144
290
399
452
463
481
533
588
598
554
490
441
425
422
418
392
336
265
199
146
106
97
132
181
190
171
171
202
209
153
39
-101
-224
-266
-201
-76
15
23
-14
-43
-48
-62
-115
-205
-309
-378
-392
-344
-277
-220
-193
-184
-176
-174
-171
-167
-170
-195
-218
-198
-112
5
113
206
290
335
317
259
224
229
243
231
216
224
242
239
204
155
111
83
78
89
96
97
87
66
32
4
-5
-5
-6
-20
-44
-52
-30
18
68
99
110
90
44
-25
-100
-170
-211
-200
-157
-131
-151
-201
-254
-308
-352
-361
-298
-186
-94
-64
-88
-123
-139
-145
-170
-237
-328
-396
-413
-396
-380
-388
-399
-402
-387
-366
-351
-344
-334
-298
-229
-140
-50
34
104
175
234
242
159
30
-62
-94
-105
-112
-90
-38
1
6
5
7
0
-16
1
69
143
173
157
121
85
68
102
198
308
372
377
377
411
455
456
398
310
229
159
84
-17
-142
-265
-336
-334
-273
-210
-179
-175
-168
-132
-65
28
130
219
284
351
460
593
671
634
509
381
329
373
478
572
606
593
586
603
613
583
531
510
559
653
718
715
671
648
648
614
517
379
253
151
64
-28
-118
-174
-163
-113
-81
-105
-173
-264
-364
-450
-510
-561
-625
-703
-775
-828
-866
-896
-945
-1007
-1043
-1000
-880
-744
-653
-631
-649
-669
-670
-673
-701
-757
-823
-873
-885
-867
-836
-808
-781
-750
-686
-571
-422
-284
-187
-96
25
157
264
337
401
450
480
508
561
623
658
651
600
537
487
487
527
567
561
490
384
272
168
71
-6
-27
12
90
176
260
347
428
504
567
587
524
393
274
231
243
231
162
71
11
2
18
17
-10
-53
-87
-125
-167
-203
-238
-287
-354
-392
-373
-305
-232
-183
-166
-172
-178
-173
-146
-99
-27
51
110
137
139
121
68
-25
-131
-200
-189
-107
4
107
191
275
374
484
574
616
607
576
558
572
587
561
488
414
387
384
354
277
183
116
101
133
176
192
183
183
192
173
98
-1
-80
-113
-98
-44
0
1
-47
-97
-125
-135
-161
-219
-316
-451
-611
-762
-850
-847
-772
-697
-678
-726
-779
-757
-619
-406
-208
-79
-10
43
98
153
220
295
368
416
409
339
222
115
56
45
72
128
190
238
286
357
441
482
471
425
362
277
188
126
99
90
79
55
-10
-104
-188
-216
-195
-161
-119
-50
41
95
43
-122
-318
-451
-487
-463
-450
-497
-620
-768
-843
-777
-600
-410
-285
-237
-234
-214
-143
-35
23
-45
-233
-447
-575
-583
-511
-437
-391
-340
-228
-52
136
254
267
199
127
101
119
133
124
113
137
208
294
363
384
355
292
227
175
129
89
103
200
344
433
424
363
341
395
492
575
589
509
358
201
85
4
-79
-162
-216
-241
-247
-240
-213
-186
-155
-66
100
280
353
290
158
57
40
81
113
79
3
-58
-56
3
76
107
50
-59
-149
-184
-193
-208
-204
-155
-59
46
107
98
61
84
199
321
360
309
247
232
292
408
510
516
424
325
298
323
344
331
292
255
259
311
356
349
305
269
219
123
-19
-175
-296
-348
-351
-381
-482
-596
-610
-509
-372
-309
-335
-416
-497
-554
-587
-602
-622
-646
-650
-619
-574
-540
-495
-413
-340
-339
-401
-459
-468
-436
-399
-391
-419
-444
-435
-395
-326
-205
-16
180
328
445
577
704
759
726
626
519
447
449
481
472
402
324
307
353
416
456
472
469
443
393
342
314
299
256
186
151
198
316
419
425
311
132
-12
-66
-61
-73
-122
-179
-218
-250
-300
-376
-483
-601
-686
-700
-670
-651
-656
-631
-549
-449
-379
-358
-373
-411
-445
-447
-388
-284
-188
-175
-269
-405
-472
-393
-197
20
169
232
238
223
217
241
316
427
528
575
568
530
482
437
408
415
435
436
387
300
209
164
202
343
529
647
629
534
472
465
458
428
405
401
386
345
299
277
290
330
366
361
300
204
150
197
319
401
357
232
101
15
-15
25
109
155
119
32
-39
-85
-148
-231
-290
-300
-280
-268
-261
-271
-330
-449
-566
-629
-670
-729
-790
-797
-760
-710
-642
-539
-414
-324
-325
-425
-566
-663
-699
-728
-794
-896
-965
-939
-805
-644
-562
-583
-621
-569
-397
-170
-11
0
-102
-194
-172
-58
47
56
-19
-111
-154
-149
-136
-152
-185
-180
-114
-12
45
36
-1
8
79
186
306
433
582
726
807
779
682
626
695
852
999
1038
943
760
584
499
479
460
433
453
552
665
735
767
813
907
1018
1077
1035
894
743
673
691
704
617
433
224
65
-21
-66
-113
-175
-217
-219
-210
-225
-265
-314
-362
-380
-384
-431
-572
-749
-845
-842
-810
-799
-785
-746
-716
-730
-802
-919
-1033
-1066
-998
-901
-867
-879
-881
-865
-893
-946
-937
-792
-542
-273
-85
-36
-73
-42
142
350
404
289
174
166
261
393
504
556
563
568
580
569
534
515
538
596
656
683
656
617
610
619
593
506
395
296
235
230
273
308
307
274
251
257
333
495
668
706
549
320
176
159
189
196
156
59
-78
-208
-285
-322
-348
-410
-516
-631
-659
-524
-287
-101
-81
-186
-286
-297
-247
-234
-331
-498
-612
-566
-409
-287
-289
-357
-356
-210
13
169
154
-1
-140
-172
-134
-155
-242
-277
-154
89
300
364
239
-9
-205
-226
-106
-15
-27
-94
-154
-172
-134
-33
85
155
146
91
53
104
226
338
326
172
-60
-253
-282
-160
-11
-17
-215
-494
-698
-728
-586
-346
-144
-92
-213
-392
-471
-351
-91
171
299
274
172
108
177
358
529
548
443
340
301
258
171
88
36
-20
-57
10
198
394
498
512
507
572
724
861
830
627
412
334
398
528
630
632
523
374
264
186
91
-56
-215
-335
-390
-387
-376
-366
-326
-223
-85
6
11
-43
-114
-154
-174
-213
-331
-501
-619
-603
-476
-334
-275
-329
-484
-631
-680
-607
-490
-396
-354
-386
-445
-462
-353
-154
67
231
319
335
343
386
448
478
473
476
491
486
457
450
462
436
343
254
252
341
434
450
353
188
41
13
86
168
167
89
-38
-174
-271
-284
-229
-208
-211
-195
-127
-100
-174
-280
-325
-292
-277
-343
-480
-575
-491
-178
215
418
314
33
-173
-211
-163
-193
-336
-513
-600
-572
-477
-372
-303
-298
-350
-380
-329
-193
-56
-19
-158
-378
-466
-298
-19
98
-47
-298
-436
-334
-50
222
310
195
15
-85
-45
99
230
242
149
70
107
215
292
251
129
24
68
217
331
263
55
-157
-263
-244
-143
-29
13
-42
-135
-146
-18
190
333
355
310
284
267
219
138
45
-60
-159
-194
-128
6
186
406
601
643
484
285
194
186
132
-22
-146
-133
66
308
406
258
2
-158
-120
49
235
357
425
538
726
865
771
480
203
134
236
403
487
441
295
182
214
374
555
640
540
256
-67
-206
-44
288
552
566
366
112
-30
-32
48
160
270
329
267
106
-50
-140
-147
-107
-84
-147
-296
-457
-557
-608
-570
-410
-214
-147
-261
-462
-670
-838
-888
-788
-669
-637
-690
-754
-862
-995
-1010
-821
-565
-450
-509
-613
-589
-395
-132
-36
-182
-408
-479
-412
-376
-470
-562
-438
-40
430
653
516
179
-62
-75
73
217
275
249
160
7
-177
-301
-273
-77
180
354
353
285
266
298
210
-27
-257
-285
-142
-4
13
-64
-163
-236
-257
-239
-198
-175
-169
-221
-320
-435
-459
-370
-190
1
152
236
252
186
43
-96
-66
192
501
622
551
515
649
867
970
865
571
228
20
47
213
297
195
27
-21
143
385
532
460
226
43
102
403
700
822
765
645
496
370
349
441
511
465
383
396
477
506
440
336
271
256
268
275
247
147
19
-17
139
407
604
613
468
244
44
-44
-18
10
-76
-205
-282
-279
-312
-475
-756
-1007
-1058
-838
-473
-136
71
99
-44
-303
-525
-577
-457
-301
-298
-498
-750
-857
-752
-522
-297
-230
-434
-786
-993
-915
-666
-445
-305
-274
-357
-488
-562
-563
-549
-512
-442
-408
-470
-526
-425
-188
31
148
188
127
-93
-404
-580
-486
-249
-32
102
178
151
36
-40
33
214
394
482
423
212
-17
-74
24
105
89
133
330
531
522
295
23
-127
-37
231
484
477
220
-76
-232
-191
-39
124
130
-6
-71
180
687
1088
1099
782
475
426
601
765
732
489
285
355
712
1069
1149
919
515
124
-120
-92
147
463
634
564
282
43
46
226
308
149
-90
-248
-255
-209
-132
-103
-106
-145
-168
-260
-471
-762
-960
-968
-839
-660
-498
-356
-305
-316
-320
-222
-101
-83
-198
-344
-433
-434
-340
-170
-34
-97
-356
-681
-866
-827
-628
-435
-380
-413
-403
-301
-219
-258
-359
-321
-92
208
421
575
753
938
1046
1033
903
658
405
329
538
871
1044
905
555
254
162
259
380
357
174
23
151
585
1026
1128
814
320
7
31
245
294
-12
-512
-841
-761
-340
65
135
-205
-638
-833
-676
-347
-125
-141
-358
-564
-619
-500
-323
-215
-280
-520
-794
-949
-916
-742
-481
-217
-94
-175
-412
-638
-731
-619
-366
-136
-77
-140
-173
-38
213
436
472
314
110
-3
-28
-65
-104
-27
268
616
739
460
-32
-407
-432
-118
347
703
762
577
355
272
299
323
250
155
149
255
343
306
168
-22
-228
-421
-504
-441
-336
-318
-445
-595
-581
-271
268
724
797
454
3
-188
-58
179
239
60
-220
-375
-312
-146
-29
-59
-170
-357
-587
-811
-893
-763
-486
-179
74
262
367
340
127
-190
-399
-282
132
600
798
634
262
-47
-129
-50
75
152
231
329
440
522
585
611
566
410
238
163
165
108
-46
-195
-246
-169
24
247
270
-1
-347
-420
-115
351
690
730
504
203
67
183
421
574
514
254
-126
-456
-567
-406
-122
23
-45
-199
-222
-62
165
264
157
-52
-181
-165
-115
-103
-94
23
217
382
408
297
184
221
418
613
627
480
343
359
484
523
351
16
-312
-502
-512
-393
-258
-189
-135
14
252
452
512
461
395
366
323
149
-177
-547
-797
-919
-978
-1012
-945
-750
-504
-330
-325
-468
-680
-816
-802
-695
-647
-761
-965
-1058
-902
-558
-237
-148
-336
-682
-949
-967
-752
-526
-487
-613
-718
-649
-413
-90
131
108
-115
-275
-198
12
173
281
448
640
787
881
945
860
581
323
323
474
474
263
94
176
461
747
872
786
544
334
335
605
980
1217
1227
1126
1062
1009
849
571
337
256
308
339
279
140
42
60
154
132
-131
-508
-680
-490
-93
246
380
301
67
-147
-127
152
402
291
-205
-777
-1081
-987
-634
-332
-349
-672
-944
-771
-187
381
528
271
-63
-147
81
483
805
868
627
210
-142
-250
-133
24
81
19
-126
-344
-554
-680
-728
-759
-672
-290
347
946
1225
1161
906
681
569
466
199
-214
-539
-578
-405
-236
-216
-299
-312
-273
-353
-696
-1105
-1234
-1011
-684
-556
-670
-798
-641
-83
605
952
743
220
-172
-199
102
516
776
686
231
-366
-785
-830
-600
-371
-309
-355
-440
-573
-742
-809
-663
-381
-67
157
225
125
-8
1
127
280
392
501
541
500
430
449
524
515
346
67
-132
-181
-140
-201
-433
-746
-933
-827
-431
39
286
191
-144
-517
-742
-650
-262
131
171
-187
-583
-546
82
962
1471
1327
834
511
496
534
441
308
313
501
728
837
755
551
337
155
51
64
201
339
360
300
333
558
845
917
697
341
126
124
272
419
433
252
-5
-146
-127
-105
-246
-548
-860
-1044
-1058
-894
-610
-242
92
394
627
745
668
392
14
-359
-564
-526
-336
-247
-326
-411
-311
-122
-58
-255
-561
-712
-534
-150
146
181
16
-180
-333
-479
-697
-968
-1129
-1049
-790
-547
-402
-295
-153
4
135
181
148
75
-34
-239
-509
-591
-304
232
672
788
547
90
-363
-516
-329
-23
151
199
275
380
434
396
336
291
309
373
448
478
519
626
766
841
779
564
261
44
4
107
259
417
485
379
163
3
-43
-29
-13
-41
-192
-360
-364
-157
21
18
-96
-161
-121
-23
80
95
31
-28
10
111
222
265
189
-83
-469
-821
-1003
-987
-862
-762
-764
-771
-635
-323
57
421
672
697
493
258
204
303
414
483
504
401
161
-36
44
396
743
806
559
216
-25
-159
-322
-559
-794
-874
-691
-262
177
366
275
154
191
361
504
519
389
176
-16
-137
-214
-338
-534
-797
-1017
-1092
-954
-689
-413
-247
-256
-404
-493
-372
-138
6
-32
-176
-362
-464
-349
-12
282
281
18
-256
-365
-375
-487
-784
-1083
-1104
-738
-147
415
750
786
626
475
432
399
267
112
81
182
297
370
453
623
886
1157
1303
1255
1064
900
864
949
1033
1014
850
572
295
149
226
487
809
1048
1125
1056
897
701
500
287
30
-302
-660
-911
-976
-872
-673
-411
-136
33
10
-134
-224
-173
-61
-27
-146
-345
-476
-411
-181
37
90
3
-79
-70
-20
-43
-189
-420
-642
-809
-946
-1109
-1281
-1362
-1303
-1146
-958
-743
-503
-294
-183
-188
-255
-307
-305
-283
-307
-354
-358
-298
-196
-83
48
128
113
12
-99
-178
-213
-177
-78
3
-42
-235
-489
-672
-737
-750
-813
-940
-1044
-1022
-848
-606
-426
-338
-240
-19
281
487
488
339
154
-13
-147
-192
-47
285
649
875
898
828
791
828
848
737
464
138
-86
-108
44
249
399
477
529
559
560
551
607
749
905
987
992
972
949
884
746
575
445
381
366
378
417
476
566
715
939
1174
1303
1267
1089
839
575
333
125
-35
-133
-139
-76
59
285
607
902
1007
905
698
460
177
-128
-388
-580
-730
-817
-794
-675
-529
-396
-295
-256
-300
-404
-546
-720
-922
-1125
-1318
-1478
-1525
-1381
-1054
-683
-397
-254
-196
-148
-83
-48
-89
-177
-245
-278
-310
-341
-361
-371
-392
-408
-417
-442
-500
-591
-709
-873
-1033
-1109
-1048
-876
-655
-420
-205
9
253
507
732
940
1187
1421
1517
1468
1387
1358
1337
1287
1223
1155
1062
919
724
497
329
318
457
596
596
412
76
-375
-892
-1416
-1899
-2350
-2774
-3167
-3518
-3783
-3904
-3831
-3610
-3311
-2995
-2644
-2229
-1720
-1150
-586
-92
323
656
916
1153
1449
1830
2200
2489
2667
2768
2768
2658
2397
1977
1432
865
355
-49
-275
-233
85
553
1053
1536
2016
2485
2927
3309
3585
3690
3626
3447
3257
3110
3029
2988
2932
2802
2565
2225
1789
1233
498
-432
-1521
-2633
-3623
-4378
-4905
-5232
-5345
-5193
-4766
-4117
-3337
-2528
-1784
-1161
-663
-291
-60
35
64
114
235
405
596
775
885
844
610
167
-464
-1256
-2124
-2964
-3682
-4190
-4414
-4306
-3890
-3213
-2332
-1296
-170
1006
2197
3331
4301
5050
5594
5965
6177
6235
6152
5955
5678
5349
4959
4463
3866
3229
2603
1946
1202
346
-651
-1822
-3117
-4362
-5416
-6244
-6890
-7354
-7564
-7378
-6700
-5602
-4274
-2881
-1488
-187
873
1574
1905
1940
1817
1680
1593
1528
1476
1483
1553
1626
1647
1591
1378
887
77
-980
-2211
-3556
-4868
-5936
-6584
-6744
-6393
-5556
-4315
-2777
-1038
792
2577
4157
5394
6227
6687
6878
6869
6689
6393
6106
5931
5859
5777
5589
5239
4697
3951
3023
1993
982
101
-687
-1587
-2744
-4041
-5215
-6100
-6690
-7023
-7146
-7073
-6712
-5906
-4675
-3258
-1924
-793
81
655
956
1076
1099
1089
1117
1221
1403
1667
2046
2468
2780
2866
2704
2278
1544
542
-624
-1870
-3142
-4343
-5344
-6015
-6238
-5922
-5118
-3993
-2689
-1240
317
1872
3296
4492
5392
5946
6193
6218
6117
5970
5866
5865
5904
5855
5629
5251
4774
4214
3523
2666
1687
723
-87
-761
-1451
-2264
-3133
-3941
-4684
-5427
-6129
-6651
-6883
-6766
-6286
-5483
-4475
-3329
-2061
-786
240
870
1218
1475
1690
1817
1868
1884
1880
1879
1933
2031
2081
1998
1742
1254
493
-502
-1636
-2848
-4076
-5218
-6136
-6751
-7024
-6895
-6306
-5239
-3771
-2045
-275
1379
2840
4108
5115
5741
5960
5890
5723
5546
5355
5130
4896
4691
4534
4416
4303
4129
3834
3397
2830
2180
1503
805
-18
-1070
-2309
-3547
-4634
-5546
-6299
-6851
-7112
-6991
-6416
-5443
-4234
-2923
-1538
-151
1019
1792
2169
2271
2175
1944
1680
1475
1375
1447
1751
2212
2631
2830
2734
2301
1498
366
-989
-2462
-3956
-5341
-6471
-7246
-7568
-7348
-6558
-5297
-3699
-1869
69
1939
3582
4914
5865
6354
6359
5983
5384
4732
4178
3818
3654
3622
3698
3877
4126
4366
4514
4495
4212
3614
2775
1839
841
-304
-1602
-2889
-3972
-4814
-5458
-5883
-6012
-5812
-5346
-4701
-3969
-3183
-2329
-1419
-557
91
440
519
434
299
232
320
608
1103
1739
2357
2784
2971
2965
2775
2305
1485
337
-1052
-2572
-4052
-5321
-6267
-6836
-6937
-6508
-5610
-4398
-3001
-1486
47
1442
2585
3456
4061
4386
4434
4280
4038
3826
3702
3672
3713
3792
3865
3867
3755
3534
3233
2822
2268
1608
971
427
-52
-557
-1145
-1816
-2507
-3130
-3639
-4036
-4364
-4607
-4704
-4571
-4201
-3627
-2903
-2085
-1303
-689
-291
-40
138
228
204
115
106
297
726
1317
1946
2482
2836
2953
2785
2297
1475
354
-968
-2323
-3527
-4439
-4983
-5135
-4897
-4299
-3384
-2213
-880
496
1787
2874
3690
4226
4507
4543
4323
3875
3303
2761
2383
2225
2258
2436
2723
3099
3515
3902
4167
4217
3997
3540
2966
2354
1684
861
-115
-1137
-2070
-2859
-3525
-4110
-4606
-4913
-4911
-4614
-4201
-3812
-3443
-3046
-2676
-2455
-2439
-2560
-2672
-2633
-2379
-1930
-1311
-490
556
1733
2833
3658
4123
4205
3849
3024
1796
324
-1214
-2656
-3850
-4706
-5183
-5250
-4889
-4153
-3149
-1984
-743
485
1575
2425
2970
3215
3215
3020
2698
2326
2005
1812
1803
2013
2458
3101
3843
4560
5133
5461
5482
5222
4774
4216
3549
2726
1721
563
-648
-1776
-2752
-3616
-4427
-5169
-5745
-6078
-6144
-5985
-5689
-5327
-4917
-4474
-4061
-3746
-3515
-3273
-2910
-2365
-1640
-765
234
1333
2478
3570
4490
5145
5463
5376
4833
3854
2550
1087
-361
-1677
-2781
-3610
-4105
-4249
-4068
-3598
-2870
-1931
-895
99
918
1476
1786
1931
1999
2032
2048
2101
2260
2551
2970
3517
4181
4897
5532
5985
6212
6206
5957
5470
4777
3945
3061
2202
1363
468
-491
-1429
-2279
-3116
-4019
-4915
-5658
-6166
-6448
-6520
-6385
-6087
-5681
-5208
-4711
-4259
-3861
-3421
-2847
-2116
-1268
-311
776
1968
3168
4201
4918
5243
5214
4887
4278
3364
2188
873
-459
-1739
-2941
-4007
-4855
-5422
-5695
-5694
-5442
-4960
-4284
-3481
-2660
-1893
-1183
-486
194
829
1418
1984
2536
3070
3602
4157
4728
5276
5731
6030
6159
6154
6031
5750
5288
4682
3984
3213
2334
1291
61
-1292
-2614
-3772
-4746
-5557
-6166
-6502
-6557
-6375
-5998
-5457
-4787
-4044
-3294
-2625
-2040
-1448
-744
48
847
1655
2517
3406
4197
4803
5215
5441
5469
5240
4680
3769
2606
1356
95
-1195
-2497
-3672
-4548
-5036
-5169
-4992
-4545
-3835
-2933
-1956
-1014
-163
596
1240
1752
2137
2454
2790
3186
3630
4056
4431
4781
5144
5502
5764
5834
5676
5328
4855
4311
3709
3063
2381
1638
775
-256
-1414
-2580
-3651
-4584
-5380
-6043
-6564
-6929
-7128
-7160
-7013
-6658
-6101
-5402
-4644
-3835
-2960
-2016
-1055
-121
785
1692
2603
3446
4088
4443
4524
4398
4094
3591
2866
1949
906
-211
-1378
-2545
-3607
-4474
-5080
-5413
-5451
-5189
-4629
-3822
-2874
-1901
-966
-57
830
1648
2335
2884
3334
3700
3992
4222
4437
4693
5002
5295
5473
5506
5471
5434
5358
5142
4710
4062
3260
2365
1404
354
-756
-1850
-2865
-3803
-4645
-5320
-5784
-6069
-6190
-6125
-5873
-5482
-4980
-4364
-3695
-3066
-2488
-1865
-1153
-421
261
917
1608
2333
3037
3662
4132
4338
4213
3787
3126
2269
1239
105
-1059
-2180
-3180
-3954
-4449
-4674
-4627
-4273
-3613
-2745
-1777
-783
178
1021
1660
2074
2293
2388
2441
2532
2705
2994
3417
3943
4479
4950
5351
5672
5840
5791
5542
5152
4646
4030
3351
2627
1826
913
-45
-963
-1816
-2607
-3319
-3941
-4529
-5099
-5605
-5982
-6200
-6229
-6065
-5757
-5397
-4993
-4478
-3795
-2947
-1964
-877
245
1316
2255
3007
3548
3873
3970
3802
3343
2624
1743
787
-196
-1164
-2065
-2833
-3439
-3861
-4062
-4013
-3704
-3186
-2570
-1969
-1443
-974
-526
-89
326
740
1202
1753
2399
3098
3801
4468
5069
5562
5884
5976
5836
5517
5096
4609
4067
3491
2917
2376
1890
1479
1106
684
160
-458
-1183
-2061
-3090
-4180
-5221
-6120
-6775
-7115
-7165
-6979
-6564
-5900
-5047
-4088
-3070
-2018
-987
-28
860
1680
2396
2942
3266
3337
3173
2846
2445
2008
1510
919
263
-378
-944
-1446
-1946
-2443
-2863
-3123
-3202
-3125
-2911
-2575
-2134
-1611
-1020
-369
355
1139
1910
2589
3182
3748
4298
4770
5120
5357
5485
5500
5402
5194
4864
4422
3945
3524
3190
2926
2721
2539
2281
1819
1109
201
-835
-1949
-3082
-4190
-5257
-6220
-6955
-7361
-7452
-7269
-6821
-6121
-5240
-4247
-3178
-2086
-1048
-99
782
1608
2364
3004
3467
3687
3682
3539
3316
2990
2533
1958
1307
612
-103
-832
-1563
-2249
-2825
-3240
-3480
-3527
-3356
-2973
-2418
-1734
-967
-152
693
1565
2416
3176
3809
4317
4713
4996
5159
5172
5010
4712
4360
3999
3653
3362
3164
3053
2997
2956
2868
2633
2163
1423
441
-707
-1917
-3120
-4285
-5388
-6355
-7086
-7499
-7575
-7330
-6821
-6111
-5291
-4465
-3707
-2997
-2266
-1490
-729
-39
605
1275
1991
2694
3284
3701
3933
3989
3868
3550
3034
2344
1542
657
-295
-1285
-2213
-2963
-3467
-3733
-3784
-3605
-3181
-2542
-1744
-849
78
973
1794
2491
3007
3306
3446
3524
3592
3626
3598
3511
3411
3350
3360
3446
3582
3742
3868
3879
3715
3387
2947
2370
1552
446
-822
-2056
-3165
-4153
-5019
-5705
-6153
-6337
-6267
-6004
-5615
-5136
-4584
-4002
-3461
-2954
-2407
-1766
-1046
-287
511
1351
2211
3036
3741
4250
4515
4519
4229
3615
2724
1691
645
-357
-1303
-2158
-2877
-3413
-3735
-3819
-3666
-3314
-2822
-2264
-1699
-1148
-579
60
778
1521
2195
2733
3132
3441
3706
3934
4123
4287
4429
4539
4616
4671
4689
4648
4542
4343
4002
3514
2972
2455
1911
1211
334
-596
-1462
-2275
-3080
-3873
-4598
-5215
-5694
-5988
-6051
-5853
-5412
-4811
-4178
-3578
-2955
-2224
-1395
-560
229
982
1712
2382
2923
3250
3324
3160
2814
2312
1671
954
235
-470
-1188
-1908
-2588
-3199
-3719
-4103
-4317
-4359
-4239
-3951
-3486
-2854
-2073
-1181
-235
682
1490
2125
2581
2899
3121
3229
3230
3206
3259
3411
3623
3850
4057
4198
4255
4229
4100
3856
3507
3063
2493
1743
818
-192
-1179
-2091
-2938
-3737
-4470
-5074
-5499
-5710
-5700
-5483
-5086
-4528
-3837
-3081
-2332
-1617
-927
-248
433
1139
1879
2590
3177
3578
3790
3844
3763
3520
3059
2372
1535
656
-221
-1099
-1966
-2774
-3463
-3987
-4292
-4348
-4161
-3752
-3143
-2372
-1502
-588
335
1212
1967
2518
2853
3040
3161
3232
3239
3225
3302
3532
3879
4243
4552
4765
4861
4819
4619
4268
3798
3249
2644
1983
1256
467
-347
-1137
-1894
-2645
-3395
-4089
-4671
-5128
-5449
-5585
-5494
-5195
-4761
-4260
-3722
-3143
-2503
-1815
-1113
-400
342
1092
1778
2342
2772
3040
3101
2927
2531
1949
1225
404
-457
-1314
-2099
-2748
-3239
-3585
-3782
-3802
-3667
-3417
-3049
-2550
-1949
-1307
-641
22
642
1185
1650
2031
2321
2557
2810
3131
3506
3904
4266
4542
4752
4931
5056
5039
4831
4450
3936
3313
2636
1942
1238
497
-276
-1061
-1827
-2579
-3321
-4037
-4690
-5239
-5648
-5860
-5850
-5635
-5253
-4738
-4129
-3464
-2754
-2000
-1235
-491
239
981
1694
2297
2749
3050
3198
3172
2960
2542
1910
1142
375
-316
-967
-1625
-2258
-2789
-3155
-3298
-3203
-2906
-2452
-1881
-1228
-560
87
706
1279
1779
2188
2513
2738
2861
2939
3060
3280
3604
4013
4445
4807
5029
5094
5022
4794
4391
3804
3099
2374
1725
1150
585
-42
-722
-1391
-2012
-2614
-3245
-3890
-4490
-4981
-5337
-5552
-5649
-5626
-5451
-5087
-4576
-3992
-3354
-2648
-1884
-1104
-316
481
1260
1953
2488
2813
2914
2820
2574
2177
1619
955
281
-337
-902
-1420
-1866
-2221
-2464
-2578
-2561
-2430
-2187
-1826
-1387
-917
-428
79
570
999
1375
1737
2086
2395
2654
2893
3163
3493
3852
4165
4370
4472
4499
4452
4293
3980
3499
2901
2280
1732
1272
819
286
-348
-1011
-1661
-2310
-2975
-3597
-4122
-4533
-4834
-5005
-5035
-4932
-4690
-4311
-3830
-3281
-2644
-1906
-1124
-345
453
1302
2149
2882
3414
3675
3631
3314
2827
2251
1609
910
187
-508
-1130
-1643
-2025
-2274
-2382
-2369
-2286
-2189
-2095
-1978
-1827
-1633
-1385
-1057
-649
-189
286
737
1160
1587
2052
2556
3080
3600
4073
4428
4610
4594
4375
3977
3473
2933
2369
1774
1218
799
515
230
-169
-657
-1150
-1627
-2165
-2816
-3554
-4273
-4852
-5237
-5454
-5532
-5428
-5087
-4549
-3915
-3255
-2570
-1840
-1056
-224
620
1460
2305
3098
3699
3964
3896
3576
3071
2412
1658
872
105
-619
-1261
-1800
-2208
-2444
-2477
-2341
-2106
-1808
-1461
-1106
-802
-573
-400
-247
-61
210
570
977
1412
1901
2479
3113
3738
4298
4758
5069
5185
5075
4764
4316
3800
3248
2685
2182
1812
1548
1248
806
252
-320
-894
-1530
-2272
-3075
-3838
-4451
-4868
-5110
-5219
-5165
-4884
-4396
-3816
-3234
-2630
-1940
-1150
-306
550
1401
2256
3085
3779
4161
4142
3805
3266
2558
1667
660
-344
-1251
-1997
-2548
-2926
-3176
-3252
-3071
-2685
-2267
-1928
-1630
-1328
-1069
-910
-825
-717
-492
-140
286
721
1207
1804
2466
3081
3584
4000
4306
4421
4280
3889
3335
2750
2233
1774
1338
944
624
302
-146
-754
-1429
-2099
-2731
-3343
-3935
-4495
-4931
-5148
-5148
-5023
-4794
-4409
-3877
-3301
-2772
-2276
-1737
-1048
-158
863
1881
2848
3772
4565
5032
5065
4703
4046
3151
2087
923
-240
-1291
-2123
-2703
-3060
-3164
-2936
-2379
-1659
-985
-466
-94
174
339
365
249
101
98
343
785
1327
1925
2591
3310
4018
4611
4996
5138
5086
4883
4502
3914
3203
2526
1997
1610
1286
908
379
-290
-1014
-1726
-2433
-3141
-3829
-4479
-5023
-5331
-5338
-5144
-4875
-4555
-4172
-3791
-3494
-3251
-2963
-2547
-1927
-1068
-25
1082
2177
3221
4086
4566
4541
4043
3184
2038
686
-737
-2056
-3096
-3752
-4010
-3935
-3568
-2935
-2101
-1215
-436
119
423
542
577
555
440
283
224
377
735
1269
1975
2828
3724
4536
5120
5389
5338
5063
4632
4041
3317
2580
1981
1576
1323
1093
750
238
-378
-1001
-1627
-2296
-3004
-3647
-4109
-4302
-4232
-3984
-3687
-3381
-3069
-2770
-2572
-2489
-2431
-2255
-1875
-1232
-327
798
2037
3269
4320
4990
5132
4721
3819
2532
976
-681
-2247
-3536
-4408
-4816
-4795
-4420
-3764
-2904
-1934
-990
-186
404
777
960
1005
966
902
897
1042
1367
1821
2320
2817
3296
3720
3995
4011
3736
3276
2794
2367
1958
1532
1157
925
843
757
456
-172
-1000
-1795
-2471
-3086
-3705
-4233
-4498
-4349
-3815
-3114
-2536
-2201
-2030
-1965
-2084
-2435
-2868
-3100
-2901
-2206
-1114
179
1534
2900
4182
5093
5313
4742
3558
2041
419
-1139
-2496
-3517
-4051
-4002
-3453
-2652
-1843
-1104
-436
108
434
532
522
562
738
1031
1334
1602
1900
2336
2869
3329
3583
3631
3563
3443
3284
3077
2818
2550
2339
2212
2115
1992
1850
1721
1488
949
22
-1098
-2135
-2913
-3425
-3775
-4038
-4140
-3859
-3147
-2266
-1613
-1340
-1374
-1607
-1989
-2476
-2974
-3313
-3200
-2405
-1015
588
2078
3377
4433
5067
5050
4325
3018
1401
-194
-1536
-2566
-3279
-3585
-3428
-2959
-2460
-2109
-1895
-1688
-1392
-1002
-596
-232
154
668
1323
2021
2664
3185
3518
3630
3547
3340
3063
2796
2661
2696
2814
2902
2927
2879
2737
2482
2116
1600
873
-74
-1161
-2276
-3310
-4152
-4688
-4890
-4809
-4507
-3982
-3248
-2455
-1834
-1541
-1602
-1953
-2496
-3067
-3484
-3609
-3350
-2644
-1496
-59
1427
2738
3716
4227
4188
3605
2585
1305
-13
-1131
-1907
-2352
-2557
-2577
-2441
-2232
-2068
-2007
-2019
-2015
-1859
-1433
-724
170
1143
2132
3064
3839
4365
4611
4582
4341
4013
3721
3516
3394
3390
3504
3642
3674
3554
3308
2933
2405
1735
914
-96
-1267
-2428
-3393
-4096
-4540
-4739
-4740
-4619
-4348
-3792
-2948
-2090
-1532
-1349
-1423
-1632
-1921
-2213
-2402
-2378
-1979
-1089
196
1502
2456
2950
3059
2865
2376
1634
717
-233
-1012
-1453
-1568
-1537
-1486
-1406
-1276
-1196
-1318
-1670
-2079
-2267
-2012
-1295
-282
802
1818
2733
3528
4130
4440
4430
4185
3866
3613
3495
3525
3666
3845
3966
3971
3825
3504
3003
2394
1768
1114
323
-648
-1689
-2632
-3394
-3964
-4365
-4613
-4714
-4600
-4183
-3514
-2835
-2393
-2216
-2171
-2182
-2282
-2460
-2570
-2433
-1954
-1144
-94
1006
1931
2522
2745
2611
2120
1300
294
-682
-1450
-1902
-2016
-1874
-1671
-1574
-1603
-1694
-1831
-2038
-2275
-2397
-2242
-1717
-860
185
1202
2028
2635
3100
3480
3739
3803
3672
3483
3396
3498
3754
4058
4248
4175
3808
3271
2734
2278
1878
1429
754
-271
-1531
-2713
-3576
-4141
-4516
-4722
-4706
-4442
-3940
-3255
-2553
-2058
-1886
-1956
-2130
-2316
-2446
-2378
-1961
-1165
-97
1100
2287
3281
3866
3914
3443
2586
1502
391
-527
-1105
-1341
-1336
-1172
-946
-781
-805
-1008
-1270
-1470
-1573
-1556
-1372
-961
-324
439
1164
1683
1940
2022
2106
2319
2653
3010
3317
3583
3831
4032
4112
4018
3728
3268
2708
2152
1684
1342
1094
792
213
-767
-2011
-3189
-4013
-4414
-4523
-4489
-4366
-4102
-3657
-3101
-2652
-2562
-2925
-3590
-4220
-4499
-4221
-3374
-2111
-678
708
1913
2846
3398
3467
3034
2208
1200
269
-363
-619
-604
-528
-538
-628
-726
-802
-901
-1048
-1214
-1310
-1236
-935
-438
151
704
1096
1238
1144
985
1011
1401
2145
3049
3851
4377
4619
4684
4651
4491
4155
3680
3204
2878
2750
2754
2742
2594
2186
1409
209
-1272
-2686
-3636
-3902
-3562
-2952
-2446
-2230
-2272
-2470
-2776
-3197
-3731
-4325
-4835
-5050
-4785
-3957
-2655
-1142
199
1051
1335
1225
993
826
743
651
457
188
-54
-193
-262
-356
-558
-883
-1259
-1534
-1549
-1259
-754
-206
225
418
325
14
-354
-621
-718
-638
-366
114
778
1519
2171
2578
2674
2527
2293
2150
2207
2496
2925
3339
3569
3519
3181
2625
1974
1342
775
284
-72
-205
-93
166
442
622
587
243
-401
-1213
-2016
-2645
-3002
-3093
-3055
-3038
-3093
-3148
-3081
-2822
-2382
-1851
-1336
-896
-527
-218
26
208
337
416
421
359
297
328
509
831
1235
1635
1911
1945
1682
1166
507
-175
-784
-1242
-1516
-1617
-1609
-1568
-1543
-1555
-1592
-1633
-1649
-1597
-1406
-1008
-389
388
1197
1900
2401
2662
2707
2612
2480
2395
2384
2442
2563
2757
2980
3126
3075
2792
2338
1804
1266
778
368
8
-372
-822
-1347
-1901
-2409
-2778
-2947
-2912
-2695
-2309
-1798
-1238
-712
-290
-61
-85
-325
-626
-823
-865
-765
-524
-127
372
846
1173
1293
1194
882
407
-132
-634
-1030
-1296
-1420
-1438
-1438
-1511
-1704
-2014
-2400
-2759
-2946
-2857
-2493
-1909
-1180
-378
384
990
1362
1501
1488
1445
1484
1645
1884
2119
2291
2397
2460
2481
2429
2282
2059
1809
1603
1488
1463
1418
1212
769
140
-557
-1230
-1807
-2208
-2336
-2134
-1630
-940
-232
350
736
899
825
535
135
-221
-438
-506
-470
-365
-206
-6
199
313
243
-26
-412
-770
-999
-1058
-1005
-950
-993
-1150
-1368
-1590
-1809
-2044
-2259
-2365
-2266
-1934
-1399
-734
-29
624
1142
1473
1603
1587
1525
1508
1570
1679
1780
1793
1663
1400
1081
783
547
396
344
401
567
811
1048
1146
985
532
-139
-894
-1557
-1973
-2035
-1731
-1131
-389
335
914
1294
1467
1428
1185
805
447
279
365
601
832
960
964
847
623
333
18
-274
-496
-601
-595
-549
-530
-577
-685
-847
-1062
-1331
-1656
-1976
-2176
-2135
-1835
-1343
-769
-216
230
512
616
599
570
637
834
1098
1323
1417
1350
1140
828
444
21
-372
-648
-732
-605
-302
98
490
765
821
600
120
-509
-1129
-1597
-1820
-1761
-1433
-921
-342
185
576
787
831
760
631
502
434
474
593
701
719
604
358
10
-355
-645
-813
-882
-886
-809
-639
-412
-226
-167
-245
-406
-580
-730
-858
-990
-1114
-1141
-976
-625
-197
196
518
770
944
1053
1107
1103
1021
866
674
463
200
-124
-467
-754
-934
-984
-888
-647
-301
92
479
828
1081
1181
1093
839
476
79
-289
-552
-634
-479
-102
384
819
1097
1216
1246
1248
1231
1186
1109
1015
907
784
635
438
179
-123
-429
-708
-929
-1049
-1033
-900
-700
-483
-286
-139
-81
-104
-179
-266
-360
-439
-470
-434
-347
-229
-78
110
330
537
690
781
850
914
933
845
638
329
-82
-583
-1087
-1485
-1739
-1862
-1847
-1670
-1358
-959
-487
35
510
797
842
692
450
202
25
-38
24
201
476
807
1108
1287
1315
1233
1100
969
878
849
873
898
864
738
521
234
-103
-436
-706
-879
-958
-977
-951
-889
-792
-674
-549
-440
-375
-369
-409
-452
-465
-448
-419
-388
-351
-293
-205
-75
77
224
363
497
593
564
354
8
-397
-827
-1285
-1725
-2049
-2185
-2141
-1958
-1665
-1284
-860
-436
-57
219
325
249
75
-79
-160
-177
-153
-80
82
324
580
768
861
870
834
801
821
904
1020
1155
1321
1511
1645
1603
1303
785
190
-318
-656
-829
-869
-796
-622
-403
-211
-94
-39
-12
12
28
9
-54
-110
-86
38
222
390
523
660
868
1162
1490
1753
1853
1746
1465
1080
641
151
-370
-843
-1183
-1364
-1391
-1267
-987
-604
-204
130
323
334
160
-125
-410
-602
-674
-645
-545
-390
-194
2
132
147
40
-159
-389
-561
-588
-442
-165
152
426
583
594
474
273
29
-241
-503
-714
-837
-860
-778
-600
-380
-212
-166
-228
-316
-371
-386
-398
-419
-421
-363
-238
-75
88
254
471
783
1169
1532
1774
1858
1825
1721
1556
1319
1036
765
535
322
129
-2
-10
89
229
340
367
259
-9
-360
-662
-828
-876
-848
-766
-651
-553
-513
-552
-652
-767
-848
-873
-856
-792
-646
-407
-131
88
200
219
185
98
-66
-307
-568
-795
-968
-1099
-1189
-1226
-1203
-1122
-1002
-872
-762
-682
-619
-571
-565
-621
-719
-798
-795
-651
-373
-30
291
569
828
1061
1232
1310
1297
1224
1118
998
867
719
576
471
434
442
459
475
501
539
558
528
424
266
105
-3
-22
48
172
289
348
349
309
248
189
144
125
146
226
360
510
650
776
883
932
892
771
592
387
185
27
-78
-164
-255
-331
-337
-278
-222
-236
-341
-508
-666
-752
-745
-678
-611
-563
-501
-393
-247
-110
2
119
301
548
819
1042
1164
1174
1086
927
707
454
218
72
29
47
53
23
-40
-133
-276
-482
-710
-898
-989
-975
-871
-695
-485
-290
-154
-72
-27
-18
-60
-123
-143
-63
113
347
588
780
854
758
505
196
-39
-141
-137
-106
-88
-80
-73
-87
-187
-402
-699
-982
-1161
-1214
-1181
-1111
-1035
-972
-951
-994
-1082
-1146
-1117
-984
-795
-601
-428
-278
-122
66
279
438
466
374
246
157
113
110
160
259
359
404
377
281
119
-80
-273
-406
-465
-462
-408
-321
-227
-155
-107
-69
-53
-57
-59
2
155
389
663
938
1180
1357
1444
1426
1319
1170
1025
918
864
864
883
850
704
445
144
-134
-367
-563
-725
-843
-884
-829
-684
-508
-366
-302
-308
-333
-310
-197
-14
180
356
534
739
925
1005
909
646
300
-28
-260
-380
-404
-372
-301
-212
-116
-41
9
16
-24
-113
-223
-302
-303
-209
-66
47
78
50
33
58
112
160
191
213
244
293
357
433
512
573
584
534
461
416
431
494
540
506
364
153
-65
-242
-363
-451
-515
-540
-504
-428
-373
-376
-431
-524
-649
-798
-950
-1064
-1103
-1047
-902
-728
-554
-373
-150
95
286
350
283
136
-21
-137
-194
-201
-180
-132
-60
22
71
62
-10
-129
-254
-334
-336
-287
-224
-178
-148
-131
-114
-74
25
189
383
540
633
687
751
847
963
1070
1141
1172
1153
1069
914
732
584
480
379
233
37
-161
-313
-395
-427
-438
-440
-422
-392
-386
-446
-570
-712
-845
-951
-1020
-1028
-970
-855
-690
-479
-248
-56
49
56
-17
-148
-315
-476
-585
-626
-603
-529
-413
-264
-91
93
258
379
413
373
289
213
164
121
70
2
-64
-100
-73
32
202
403
610
812
1001
1169
1292
1352
1333
1265
1189
1135
1088
1029
960
903
847
757
596
361
91
-160
-359
-500
-573
-561
-459
-308
-185
-170
-287
-481
-661
-788
-858
-872
-814
-685
-502
-286
-71
93
173
186
172
142
52
-125
-372
-629
-857
-1021
-1099
-1077
-958
-770
-546
-326
-135
9
88
76
-25
-176
-314
-391
-417
-428
-438
-420
-328
-157
60
263
397
459
496
567
659
720
730
725
745
753
694
558
390
235
100
-14
-100
-145
-151
-110
-29
74
167
230
254
222
122
-25
-173
-291
-377
-429
-419
-323
-146
83
311
490
600
670
721
718
628
470
302
156
21
-112
-237
-343
-416
-435
-371
-223
-57
42
39
-34
-141
-283
-462
-649
-785
-857
-896
-930
-950
-911
-792
-612
-415
-220
-30
150
307
439
539
579
550
469
374
268
159
69
19
-3
-40
-111
-219
-346
-459
-511
-471
-347
-186
-43
44
74
79
87
93
87
68
76
150
295
472
643
793
905
951
914
823
714
595
456
300
142
5
-96
-139
-116
-30
76
150
163
146
161
228
292
288
183
19
-130
-212
-218
-186
-164
-181
-217
-226
-168
-40
126
281
372
365
281
178
107
64
20
-38
-101
-151
-204
-269
-345
-410
-442
-438
-403
-359
-323
-312
-308
-278
-193
-84
-15
-13
-55
-111
-184
-295
-424
-515
-502
-376
-188
-1
146
247
291
264
170
39
-79
-157
-188
-196
-196
-188
-165
-133
-128
-153
-177
-159
-103
-58
-53
-76
-79
-49
-14
4
9
17
41
90
158
236
317
394
465
527
573
599
605
600
580
519
395
214
-1
-207
-356
-417
-401
-365
-347
-351
-339
-290
-205
-99
19
137
235
302
333
300
181
-2
-188
-314
-346
-298
-212
-122
-15
116
221
246
184
86
-15
-113
-215
-314
-407
-485
-533
-529
-468
-372
-270
-182
-118
-84
-65
-27
43
124
181
207
218
230
246
258
251
219
169
130
131
175
251
356
477
599
692
756
805
832
800
682
506
336
211
128
90
98
150
203
223
203
182
202
267
335
356
303
184
30
-120
-235
-310
-366
-419
-465
-487
-469
-408
-328
-282
-316
-420
-527
-594
-633
-690
-775
-853
-887
-890
-901
-918
-894
-799
-669
-555
-470
-386
-272
-143
-50
-14
-4
12
39
62
65
45
23
46
132
241
321
361
390
445
531
620
681
702
697
675
642
602
562
524
509
538
587
609
581
539
506
454
356
251
186
155
110
36
-48
-112
-125
-86
-28
10
6
-33
-84
-123
-140
-149
-189
-278
-394
-510
-615
-704
-761
-772
-758
-748
-757
-783
-805
-795
-746
-683
-642
-620
-578
-497
-390
-289
-212
-155
-114
-66
1
82
152
214
305
447
615
767
894
989
1031
978
821
601
388
256
228
265
310
321
291
223
127
37
-6
17
70
101
92
43
-44
-168
-314
-443
-519
-524
-487
-467
-496
-544
-543
-477
-389
-338
-343
-380
-393
-357
-296
-261
-264
-260
-198
-81
23
61
30
-37
-98
-124
-89
23
197
388
545
637
658
629
562
462
342
237
197
239
341
468
604
747
875
955
970
938
892
867
880
919
950
932
863
762
665
575
477
367
285
259
257
220
128
7
-109
-205
-279
-338
-400
-476
-555
-620
-650
-640
-610
-589
-574
-531
-454
-390
-391
-460
-550
-593
-568
-510
-481
-510
-571
-642
-719
-824
-932
-998
-978
-872
-704
-518
-376
-309
-284
-229
-128
-24
22
6
-32
-46
-18
42
111
178
235
284
330
384
441
481
492
483
465
437
388
328
281
267
285
312
325
316
302
311
336
344
288
147
-46
-225
-337
-375
-362
-327
-289
-275
-302
-372
-456
-513
-529
-526
-543
-573
-575
-529
-473
-468
-529
-607
-647
-641
-607
-558
-494
-419
-335
-248
-177
-145
-140
-107
-31
53
86
60
2
-56
-102
-124
-90
3
141
279
411
543
668
781
881
967
1013
999
943
878
839
828
846
866
859
826
799
798
805
813
837
886
931
926
863
755
619
466
313
199
160
204
291
352
348
279
189
114
69
43
23
-3
-39
-67
-77
-80
-118
-230
-398
-557
-665
-733
-783
-819
-818
-780
-717
-644
-570
-506
-467
-438
-400
-374
-406
-498
-586
-613
-598
-607
-666
-732
-750
-713
-666
-617
-543
-422
-281
-178
-145
-167
-199
-206
-180
-126
-68
-19
28
82
123
116
81
75
122
179
204
213
220
201
133
34
-41
-63
-38
-11
-19
-51
-51
23
144
243
266
235
201
195
201
200
193
177
140
66
-44
-162
-238
-233
-157
-72
-28
-29
-38
-19
20
40
12
-39
-74
-96
-148
-268
-425
-546
-557
-465
-334
-234
-190
-179
-166
-128
-77
-38
-4
62
185
345
499
612
671
675
635
582
544
528
517
495
467
446
425
388
340
311
318
353
381
380
348
299
236
140
8
-123
-192
-179
-117
-62
-41
-49
-60
-44
14
95
162
183
176
176
202
254
326
421
518
588
609
566
450
280
121
30
-2
-32
-92
-158
-192
-196
-206
-252
-330
-402
-427
-399
-349
-313
-301
-286
-266
-238
-206
-152
-62
39
103
93
32
-44
-99
-123
-121
-104
-77
-37
26
98
142
133
81
9
-69
-139
-202
-267
-330
-376
-386
-367
-339
-315
-308
-319
-352
-384
-407
-418
-416
-401
-356
-282
-205
-146
-96
-26
71
165
236
280
308
317
295
229
120
-14
-150
-258
-330
-377
-411
-430
-425
-411
-403
-402
-383
-333
-250
-145
-56
-8
7
25
66
125
191
252
304
348
404
490
590
670
704
698
673
633
570
480
379
276
168
56
-46
-127
-181
-213
-238
-276
-334
-383
-399
-380
-357
-354
-363
-346
-262
-119
8
33
-73
-228
-325
-297
-175
-49
32
71
83
48
-38
-128
-184
-201
-213
-237
-276
-317
-346
-356
-350
-320
-268
-200
-137
-88
-50
-6
52
119
174
220
273
356
456
543
597
618
633
668
748
854
937
951
882
767
656
598
595
624
657
671
642
557
436
314
199
87
-10
-75
-117
-167
-219
-251
-249
-229
-215
-220
-243
-272
-309
-351
-383
-376
-313
-214
-115
-26
44
85
79
26
-48
-136
-227
-304
-352
-391
-462
-566
-659
-707
-709
-678
-615
-529
-446
-383
-326
-259
-186
-121
-70
-28
14
64
130
204
268
318
363
412
472
533
586
613
607
575
531
488
450
419
383
335
276
205
131
52
-38
-130
-199
-218
-191
-164
-181
-234
-286
-308
-324
-361
-439
-538
-627
-686
-711
-714
-705
-694
-682
-656
-622
-581
-538
-491
-427
-360
-314
-307
-324
-341
-352
-365
-384
-403
-414
-399
-346
-258
-145
-3
163
329
462
556
636
704
754
781
781
760
730
734
795
877
920
905
883
885
895
865
793
716
668
638
585
483
332
162
2
-119
-191
-217
-202
-151
-82
-32
-18
-22
-14
6
28
25
-13
-71
-131
-187
-266
-378
-493
-561
-571
-559
-564
-583
-590
-563
-519
-491
-490
-505
-500
-457
-386
-324
-297
-291
-264
-202
-124
-65
-35
-7
44
137
260
390
488
533
533
529
553
625
723
809
853
859
847
809
727
602
488
427
423
427
402
348
300
279
255
192
93
-13
-100
-173
-249
-335
-432
-522
-586
-613
-621
-650
-712
-766
-783
-768
-738
-693
-622
-558
-536
-567
-610
-628
-615
-600
-599
-604
-627
-679
-741
-771
-741
-668
-585
-514
-470
-456
-441
-389
-289
-165
-44
63
159
251
340
421
479
503
498
490
515
583
654
682
663
645
672
729
764
752
713
677
656
645
626
580
500
403
314
267
284
348
395
375
318
306
383
515
607
600
511
411
351
306
213
44
-173
-376
-529
-634
-691
-696
-658
-630
-645
-673
-677
-657
-648
-661
-706
-784
-877
-941
-949
-913
-843
-762
-695
-659
-631
-578
-469
-312
-149
-22
49
76
76
74
97
176
305
437
528
577
613
647
665
653
616
574
548
547
571
602
621
624
637
668
695
696
680
679
699
715
705
680
668
674
671
625
532
429
344
283
229
166
95
31
0
-4
-9
-27
-54
-101
-190
-303
-398
-470
-535
-598
-648
-674
-673
-650
-618
-583
-552
-528
-526
-538
-537
-500
-442
-397
-374
-361
-334
-298
-273
-286
-317
-319
-263
-174
-105
-75
-69
-72
-89
-139
-204
-262
-284
-276
-256
-244
-243
-238
-215
-172
-120
-57
21
95
111
63
4
-1
60
145
207
204
138
43
-33
-72
-79
-73
-61
-43
-14
24
57
75
68
46
7
-34
-55
-32
35
106
146
154
160
166
146
69
-39
-131
-184
-197
-163
-100
-116
-316
-589
-558
18
878
1417
1297
728
190
14
232
642
943
970
761
418
-39
-484
-575
-66
721
982
157
-1384
-2439
-1999
-198
1728
2569
2047
798
-302
-677
-273
536
1279
1681
1620
1039
140
-468
-254
621
1287
938
-511
-2356
-3599
-3603
-2506
-1085
-129
129
16
-25
223
748
1383
1853
1915
1523
922
428
347
778
1505
1976
1735
860
-97
-652
-745
-654
-654
-833
-1101
-1312
-1365
-1246
-1046
-921
-933
-915
-638
-95
431
655
504
110
-317
-540
-444
-137
102
89
-127
-355
-466
-467
-431
-415
-477
-656
-900
-1029
-892
-525
-124
139
226
226
253
367
555
766
975
1160
1282
1301
1225
1113
1022
994
1067
1214
1252
848
-220
-1774
-3285
-4261
-4555
-4322
-3887
-3649
-3863
-4339
-4599
-4329
-3591
-2577
-1463
-489
171
598
1035
1588
2188
2733
3172
3532
3870
4139
4158
3782
3068
2149
1147
190
-603
-1220
-1694
-1974
-1984
-1740
-1288
-577
433
1675
2955
4105
5053
5865
6664
7484
8104
8041
6799
4351
1367
-1174
-2699
-3337
-3648
-4193
-5226
-6498
-7493
-7904
-7775
-7172
-6047
-4547
-3067
-1845
-742
503
1956
3497
4921
6041
6785
7163
7090
6407
5095
3383
1540
-312
-2161
-3971
-5652
-7095
-8201
-8923
-9250
-9131
-8437
-7086
-5164
-2875
-415
2056
4376
6398
8058
9358
10301
10863
11037
10925
10735
10522
9901
8200
5089
1026
-3000
-6114
-7970
-8798
-9108
-9299
-9408
-9317
-9086
-8805
-8246
-6998
-4976
-2540
-135
1988
3707
4993
5879
6381
6528
6437
6224
5788
4895
3461
1622
-421
-2509
-4539
-6448
-8137
-9413
-10078
-10071
-9487
-8506
-7282
-5862
-4162
-2082
363
3036
5715
8064
9730
10568
10716
10401
9808
9109
8537
8203
7880
6954
4796
1374
-2538
-5870
-8003
-8990
-9240
-9090
-8660
-7909
-6927
-5968
-5199
-4455
-3433
-1984
-179
1827
3824
5552
6788
7399
7388
6899
6172
5358
4451
3400
2184
805
-749
-2447
-4207
-5893
-7335
-8355
-8815
-8686
-8015
-6899
-5479
-3930
-2372
-805
845
2618
4455
6208
7697
8740
9183
8943
8165
7248
6696
6644
6611
5772
3668
615
-2543
-5020
-6495
-7121
-7261
-7075
-6484
-5492
-4429
-3669
-3257
-2951
-2531
-1890
-966
245
1606
2919
4018
4761
5019
4730
3978
2979
2019
1303
804
270
-555
-1718
-3073
-4452
-5755
-6885
-7646
-7760
-7043
-5611
-3870
-2223
-790
611
2164
3845
5454
6836
7966
8815
9208
8973
8216
7366
6767
6258
5219
3172
317
-2604
-4908
-6384
-7197
-7597
-7701
-7389
-6568
-5490
-4623
-4142
-3831
-3468
-3006
-2367
-1411
-78
1577
3393
4997
5912
5909
5151
3943
2594
1388
475
-234
-919
-1690
-2635
-3835
-5200
-6427
-7223
-7461
-7102
-6134
-4648
-2862
-1003
815
2564
4211
5678
6932
8030
9032
9848
10254
10145
9668
8994
7996
6286
3707
647
-2226
-4455
-5951
-6841
-7315
-7510
-7346
-6718
-5810
-5028
-4547
-4216
-3875
-3455
-2824
-1831
-501
1048
2698
4213
5213
5460
5006
4021
2691
1268
-38
-1126
-1988
-2660
-3292
-4086
-5092
-6205
-7265
-8044
-8216
-7539
-6020
-3899
-1504
801
2763
4292
5414
6209
6863
7606
8428
9059
9287
9176
8793
7931
6231
3638
536
-2437
-4755
-6170
-6776
-6784
-6275
-5207
-3740
-2441
-1835
-1962
-2403
-2747
-2744
-2244
-1194
316
2108
3936
5405
6095
5818
4700
3035
1178
-520
-1813
-2609
-2944
-3001
-3103
-3538
-4329
-5274
-6138
-6755
-6932
-6431
-5120
-3115
-777
1533
3594
5250
6326
6801
6963
7187
7623
8137
8598
8912
8824
7858
5713
2595
-928
-4243
-6837
-8381
-8913
-8673
-7745
-6135
-4251
-2793
-2100
-1972
-2134
-2424
-2569
-2264
-1402
3
1962
4216
6169
7282
7358
6363
4400
1884
-564
-2430
-3388
-3376
-2801
-2350
-2468
-3143
-4217
-5490
-6602
-7121
-6793
-5576
-3573
-1098
1467
3848
5858
7236
7874
7999
7989
8038
8255
8721
9238
9191
8007
5625
2395
-1169
-4532
-7196
-8961
-9833
-9792
-8750
-6952
-4988
-3443
-2525
-2205
-2341
-2713
-2984
-2808
-1887
-81
2370
4887
6848
7885
7836
6693
4631
1981
-847
-3376
-5087
-5703
-5382
-4591
-3822
-3435
-3602
-4279
-5219
-6031
-6236
-5471
-3727
-1306
1420
4122
6419
7985
8721
8752
8282
7647
7260
7280
7370
7004
5908
4080
1631
-1245
-4163
-6723
-8607
-9545
-9306
-7980
-6110
-4299
-2811
-1682
-998
-824
-988
-1173
-1093
-505
727
2480
4396
6087
7177
7297
6239
4153
1460
-1306
-3602
-5006
-5418
-5046
-4204
-3235
-2498
-2230
-2413
-2846
-3251
-3297
-2710
-1420
429
2583
4748
6630
8016
8782
8841
8280
7457
6727
6040
5111
3838
2319
577
-1423
-3551
-5591
-7362
-8580
-8870
-8137
-6778
-5294
-3905
-2659
-1657
-1033
-794
-799
-759
-330
654
2067
3646
5152
6264
6579
5832
4081
1612
-1146
-3678
-5546
-6562
-6736
-6159
-5071
-3881
-2954
-2428
-2230
-2177
-1980
-1372
-256
1271
3012
4750
6306
7587
8491
8838
8595
8010
7335
6470
5202
3588
1859
110
-1691
-3467
-5106
-6497
-7454
-7739
-7332
-6451
-5363
-4227
-3186
-2336
-1671
-1114
-584
5
746
1637
2620
3669
4744
5641
6033
5623
4316
2202
-433
-3141
-5443
-6969
-7550
-7170
-6001
-4427
-2967
-1978
-1492
-1329
-1277
-1101
-543
543
2107
3932
5749
7271
8259
8563
8214
7414
6351
5013
3351
1518
-226
-1820
-3324
-4645
-5617
-6238
-6598
-6598
-6139
-5333
-4393
-3378
-2349
-1483
-884
-429
46
594
1293
2267
3478
4665
5579
6068
6014
5308
3944
2011
-333
-2824
-5072
-6709
-7518
-7414
-6407
-4715
-2799
-1149
-2
654
949
1065
1248
1706
2519
3632
4928
6230
7278
7792
7652
6886
5541
3634
1387
-758
-2468
-3730
-4636
-5185
-5417
-5454
-5358
-5077
-4657
-4186
-3649
-2993
-2336
-1824
-1413
-946
-368
317
1147
2134
3194
4206
5028
5436
5235
4374
2965
1191
-734
-2594
-4224
-5482
-6204
-6278
-5704
-4557
-2974
-1199
448
1730
2557
2969
3137
3287
3556
3984
4618
5470
6356
6981
7214
7017
6215
4590
2283
-236
-2537
-4391
-5613
-6122
-6062
-5659
-5012
-4197
-3420
-2848
-2496
-2312
-2278
-2326
-2326
-2162
-1738
-961
150
1396
2566
3580
4392
4864
4779
3994
2540
632
-1433
-3406
-5099
-6288
-6771
-6507
-5662
-4460
-3096
-1701
-341
933
2032
2851
3410
3820
4189
4567
4974
5427
5899
6331
6669
6760
6346
5205
3383
1122
-1307
-3658
-5589
-6782
-7084
-6540
-5321
-3747
-2235
-1119
-573
-639
-1180
-1870
-2391
-2585
-2388
-1753
-728
549
1952
3331
4439
4995
4837
3916
2291
195
-2017
-4035
-5640
-6648
-6974
-6703
-5994
-4936
-3618
-2180
-755
553
1612
2358
2891
3403
3979
4592
5211
5769
6158
6338
6417
6391
6004
4987
3356
1310
-962
-3244
-5147
-6323
-6645
-6192
-5129
-3690
-2131
-667
471
1046
957
330
-595
-1524
-2072
-1936
-1105
213
1819
3527
4993
5848
5890
5105
3567
1456
-933
-3286
-5320
-6781
-7477
-7336
-6438
-5006
-3352
-1734
-255
1066
2185
3040
3624
4010
4310
4655
5100
5576
5947
6139
6170
5989
5419
4312
2743
892
-1123
-3176
-4975
-6218
-6777
-6662
-5891
-4615
-3163
-1864
-874
-255
-33
-140
-459
-862
-1150
-1085
-560
339
1510
2886
4240
5182
5420
4916
3729
1909
-416
-2945
-5280
-7054
-8017
-8063
-7232
-5706
-3788
-1827
-77
1336
2395
3131
3616
3958
4239
4496
4747
4984
5184
5352
5537
5678
5509
4724
3297
1452
-590
-2685
-4622
-6144
-7141
-7616
-7510
-6719
-5376
-3850
-2512
-1566
-1079
-1030
-1310
-1730
-2001
-1839
-1172
-212
784
1764
2766
3663
4205
4201
3582
2338
536
-1601
-3757
-5623
-6967
-7621
-7479
-6529
-4899
-2871
-766
1194
2889
4199
5010
5341
5390
5368
5406
5558
5841
6203
6556
6806
6817
6375
5326
3728
1796
-264
-2312
-4132
-5517
-6371
-6706
-6440
-5547
-4306
-3128
-2186
-1430
-900
-724
-902
-1257
-1561
-1591
-1212
-441
626
1897
3188
4192
4695
4655
4016
2689
800
-1292
-3290
-5048
-6368
-6993
-6788
-5796
-4198
-2305
-430
1312
2916
4239
5090
5483
5570
5435
5165
4988
5049
5272
5546
5912
6322
6420
5807
4426
2551
486
-1558
-3405
-4924
-6060
-6721
-6791
-6297
-5523
-4721
-3928
-3142
-2531
-2249
-2247
-2319
-2307
-2100
-1611
-812
255
1482
2733
3820
4551
4725
4199
2968
1204
-864
-3002
-4891
-6185
-6687
-6467
-5708
-4565
-3158
-1647
-233
915
1718
2223
2551
2838
3175
3593
4076
4602
5169
5744
6277
6708
6922
6688
5809
4348
2564
616
-1496
-3646
-5502
-6786
-7478
-7690
-7518
-7050
-6398
-5668
-4922
-4197
-3506
-2863
-2286
-1725
-1027
-100
957
1992
2993
3971
4739
5046
4812
4112
2972
1413
-393
-2145
-3585
-4550
-4962
-4852
-4316
-3459
-2437
-1503
-832
-377
37
524
1142
1968
2995
4093
5104
5979
6664
7102
7263
7250
7172
6957
6363
5221
3611
1720
-334
-2457
-4428
-6058
-7269
-8012
-8174
-7788
-7081
-6226
-5179
-3942
-2698
-1637
-780
-45
647
1357
2100
2822
3475
4058
4532
4831
4889
4644
4012
2976
1675
335
-858
-1772
-2343
-2626
-2743
-2803
-2866
-2962
-3043
-2980
-2634
-1959
-974
281
1709
3143
4385
5325
5958
6330
6481
6476
6423
6386
6202
5583
4419
2891
1168
-770
-2888
-4913
-6613
-7988
-9048
-9614
-9532
-8876
-7809
-6460
-4980
-3572
-2335
-1273
-357
441
1149
1733
2141
2473
2902
3460
4002
4406
4631
4627
4361
3875
3206
2337
1285
88
-1286
-2847
-4432
-5806
-6811
-7310
-7098
-6094
-4448
-2372
-45
2253
4154
5473
6276
6731
6981
7126
7179
7080
6845
6551
6121
5320
4021
2360
481
-1574
-3732
-5779
-7534
-8880
-9688
-9822
-9325
-8361
-7038
-5425
-3729
-2221
-1006
-40
695
1164
1391
1488
1615
1923
2468
3182
3984
4845
5672
6262
6412
6036
5076
3474
1283
-1283
-3922
-6321
-8151
-9135
-9130
-8142
-6315
-3955
-1452
901
2956
4609
5796
6568
7024
7218
7180
7016
6787
6433
5936
5471
5169
4876
4299
3359
2177
829
-733
-2502
-4342
-6097
-7612
-8712
-9261
-9255
-8741
-7742
-6305
-4669
-3093
-1704
-515
411
1038
1471
1900
2451
3195
4160
5260
6285
7027
7319
6974
5830
3898
1378
-1466
-4330
-6862
-8754
-9858
-10146
-9630
-8388
-6639
-4660
-2636
-633
1295
3018
4405
5409
6050
6330
6243
5855
5314
4787
4380
4165
4190
4472
4921
5292
5295
4730
3601
2009
55
-2201
-4612
-6929
-8851
-10137
-10629
-10293
-9242
-7687
-5805
-3711
-1578
349
1921
3170
4179
4982
5580
5979
6160
6113
5844
5331
4519
3390
2007
466
-1144
-2738
-4230
-5552
-6641
-7453
-7952
-8071
-7691
-6748
-5344
-3670
-1871
-82
1509
2763
3668
4251
4492
4447
4308
4277
4443
4855
5533
6364
7105
7583
7779
7699
7209
6149
4479
2364
44
-2279
-4480
-6430
-7948
-8903
-9243
-8964
-8050
-6595
-4779
-2780
-710
1206
2682
3562
3912
3840
3384
2618
1678
765
60
-326
-433
-364
-146
208
544
596
254
-399
-1243
-2230
-3283
-4272
-5103
-5758
-6219
-6419
-6271
-5707
-4769
-3591
-2285
-825
828
2562
4192
5609
6774
7623
8086
8139
7819
7168
6296
5336
4415
3645
3165
3030
3095
3078
2782
2184
1318
176
-1232
-2831
-4512
-6094
-7300
-7884
-7805
-7180
-6106
-4696
-3215
-1955
-1053
-443
-55
184
358
525
708
968
1404
2016
2712
3414
4039
4396
4266
3548
2241
414
-1755
-3962
-5961
-7603
-8715
-9116
-8761
-7737
-6128
-4023
-1661
628
2593
4103
5083
5519
5499
5190
4788
4497
4474
4785
5436
6371
7392
8168
8443
8194
7495
6397
4937
3204
1288
-694
-2606
-4386
-6061
-7600
-8843
-9698
-10149
-10085
-9322
-7921
-6210
-4426
-2611
-859
626
1736
2503
2941
3074
3018
2885
2705
2536
2494
2568
2636
2665
2667
2507
1997
1176
216
-877
-2195
-3649
-4977
-6021
-6773
-7202
-7184
-6604
-5418
-3689
-1577
731
3087
5332
7218
8507
9117
9105
8557
7573
6322
4999
3755
2710
1970
1541
1260
907
373
-291
-978
-1591
-2097
-2514
-2922
-3354
-3781
-4120
-4323
-4399
-4352
-4207
-3966
-3659
-3278
-2872
-2520
-2290
-2120
-1943
-1752
-1598
-1463
-1279
-995
-621
-149
457
1189
1967
2629
3041
3142
2967
2570
2007
1370
779
311
-56
-346
-549
-654
-733
-865
-1055
-1271
-1480
-1635
-1654
-1484
-1126
-605
66
836
1591
2230
2713
3048
3222
3202
2975
2598
2199
1888
1708
1678
1842
2222
2744
3291
3780
4166
4354
4251
3808
3015
1853
391
-1203
-2756
-4181
-5412
-6367
-6983
-7224
-7064
-6560
-5848
-5011
-3992
-2762
-1452
-219
905
1933
2804
3460
3922
4228
4400
4471
4468
4359
4102
3736
3292
2719
1937
940
-254
-1631
-3127
-4595
-5922
-7062
-7924
-8358
-8267
-7670
-6640
-5283
-3709
-2032
-348
1212
2504
3487
4187
4579
4602
4338
3981
3640
3321
3114
3172
3472
3809
4044
4183
4201
3961
3359
2421
1274
105
-891
-1622
-2114
-2344
-2194
-1649
-895
-145
488
909
968
622
-7
-779
-1640
-2508
-3224
-3673
-3871
-3864
-3623
-3106
-2324
-1377
-391
523
1316
1948
2341
2398
2117
1597
934
145
-763
-1721
-2650
-3505
-4249
-4789
-5037
-5004
-4783
-4431
-3927
-3258
-2485
-1712
-1026
-450
48
532
1036
1538
1994
2444
2980
3645
4370
5056
5642
6096
6354
6333
5991
5397
4655
3842
2972
2094
1331
828
644
743
1031
1424
1844
2202
2398
2344
2022
1437
599
-476
-1702
-2955
-4101
-5033
-5671
-5996
-6070
-5981
-5745
-5345
-4832
-4319
-3876
-3460
-3000
-2476
-1889
-1197
-332
693
1755
2683
3378
3837
4066
4016
3612
2864
1865
730
-432
-1468
-2198
-2520
-2472
-2154
-1681
-1163
-710
-425
-356
-459
-639
-838
-1050
-1238
-1260
-985
-413
349
1217
2144
3059
3841
4401
4705
4755
4547
4103
3513
2938
2532
2337
2305
2388
2592
2900
3232
3484
3601
3548
3248
2590
1533
178
-1335
-2917
-4513
-6013
-7317
-8371
-9135
-9471
-9281
-8561
-7428
-5986
-4377
-2737
-1194
196
1391
2387
3217
3930
4560
5120
5624
6045
6345
6504
6527
6368
5952
5184
4028
2469
556
-1622
-3919
-6159
-8124
-9616
-10507
-10797
-10527
-9741
-8480
-6856
-5030
-3147
-1300
422
1939
3230
4320
5239
5984
6569
7004
7289
7428
7440
7311
6992
6437
5633
4584
3358
2097
955
18
-686
-1156
-1417
-1515
-1449
-1194
-753
-213
349
856
1210
1277
1022
501
-200
-1032
-1913
-2740
-3428
-3940
-4230
-4266
-4128
-3953
-3796
-3582
-3298
-3005
-2739
-2399
-1916
-1323
-749
-240
222
723
1270
1791
2154
2311
2267
2026
1563
906
154
-634
-1452
-2316
-3174
-3965
-4644
-5200
-5571
-5684
-5470
-4935
-4118
-3073
-1815
-362
1208
2766
4200
5473
6564
7418
7973
8216
8155
7800
7191
6443
5661
4897
4186
3575
3088
2683
2287
1810
1187
438
-332
-1024
-1606
-2039
-2236
-2141
-1779
-1188
-391
552
1469
2145
2460
2385
1930
1092
-74
-1427
-2766
-3937
-4828
-5358
-5489
-5283
-4868
-4344
-3780
-3282
-2962
-2838
-2856
-2955
-3040
-2955
-2550
-1796
-763
457
1759
3017
4067
4740
4877
4430
3486
2211
728
-872
-2457
-3831
-4828
-5384
-5530
-5346
-4923
-4364
-3763
-3206
-2736
-2364
-2054
-1792
-1538
-1222
-708
95
1174
2408
3691
4934
6043
6905
7456
7694
7625
7246
6589
5763
4887
4068
3358
2772
2279
1834
1380
901
409
-67
-525
-954
-1287
-1420
-1312
-1020
-636
-221
164
392
368
49
-519
-1303
-2197
-3106
-3925
-4601
-5017
-5090
-4837
-4400
-3900
-3423
-3060
-2897
-2921
-3023
-3123
-3171
-3115
-2859
-2373
-1654
-728
377
1556
2638
3456
3904
3943
3581
2870
1883
721
-506
-1666
-2656
-3393
-3814
-3872
-3577
-3003
-2243
-1382
-512
271
933
1513
2083
2690
3357
4087
4864
5635
6332
6886
7241
7376
7297
7014
6498
5725
4758
3730
2776
1957
1288
737
273
-134
-472
-733
-950
-1188
-1482
-1818
-2126
-2353
-2499
-2627
-2754
-2796
-2683
-2452
-2233
-2062
-1921
-1832
-1927
-2291
-2851
-3450
-3970
-4396
-4699
-4835
-4760
-4546
-4262
-3940
-3537
-3041
-2448
-1744
-921
0
972
1981
3016
4051
4992
5720
6101
6056
5575
4709
3520
2088
548
-955
-2305
-3446
-4325
-4904
-5165
-5122
-4807
-4282
-3626
-2918
-2242
-1646
-1149
-709
-296
117
558
1106
1806
2666
3651
4713
5748
6643
7317
7752
7924
7797
7340
6566
5528
4305
2999
1673
360
-897
-2038
-3042
-3914
-4601
-5001
-5071
-4864
-4464
-3936
-3319
-2651
-1976
-1369
-897
-575
-374
-251
-177
-115
-47
6
9
-58
-203
-437
-724
-1025
-1313
-1619
-1951
-2285
-2576
-2756
-2775
-2615
-2316
-1891
-1328
-642
85
796
1465
2050
2441
2566
2414
2028
1490
890
307
-224
-648
-914
-1054
-1167
-1322
-1514
-1735
-2006
-2294
-2480
-2443
-2157
-1639
-889
81
1188
2333
3451
4486
5357
6026
6504
6783
6797
6511
5967
5235
4383
3458
2498
1526
599
-216
-881
-1430
-1868
-2158
-2285
-2331
-2398
-2518
-2651
-2754
-2820
-2838
-2814
-2731
-2561
-2233
-1729
-1077
-372
301
856
1266
1542
1717
1776
1659
1346
861
265
-407
-1116
-1823
-2446
-2894
-3092
-3057
-2848
-2511
-2077
-1609
-1188
-823
-469
-86
305
688
1049
1388
1679
1910
2040
1998
1707
1160
420
-415
-1247
-1974
-2532
-2901
-3070
-3026
-2798
-2465
-2039
-1471
-769
-61
530
1016
1472
1927
2343
2707
3043
3368
3654
3858
3969
3994
3935
3741
3368
2806
2109
1337
530
-293
-1097
-1809
-2355
-2687
-2836
-2858
-2799
-2663
-2462
-2245
-2050
-1857
-1607
-1251
-799
-287
263
841
1390
1782
1922
1817
1532
1086
464
-296
-1078
-1761
-2272
-2601
-2769
-2789
-2608
-2180
-1561
-883
-222
441
1112
1749
2290
2715
2985
3090
3061
2957
2778
2517
2194
1859
1509
1096
577
-41
-726
-1438
-2130
-2758
-3279
-3671
-3887
-3899
-3715
-3397
-2984
-2492
-1929
-1337
-757
-234
212
591
969
1397
1854
2282
2610
2799
2814
2666
2401
2070
1684
1265
856
520
297
195
194
235
238
133
-61
-266
-404
-448
-413
-336
-244
-128
50
334
709
1107
1465
1751
1941
1993
1877
1616
1263
848
391
-57
-423
-636
-651
-460
-118
285
657
934
1046
943
610
103
-521
-1196
-1830
-2307
-2561
-2589
-2413
-2053
-1562
-1052
-616
-338
-250
-382
-712
-1217
-1867
-2612
-3338
-3888
-4169
-4208
-4063
-3740
-3192
-2439
-1575
-729
43
729
1324
1796
2111
2294
2438
2617
2813
2975
3077
3132
3109
2985
2769
2515
2257
2013
1789
1602
1439
1299
1179
1060
871
546
86
-424
-874
-1225
-1507
-1739
-1882
-1891
-1754
-1471
-1069
-619
-194
186
490
642
580
358
95
-130
-309
-442
-520
-541
-520
-448
-324
-183
-69
1
27
-1
-80
-192
-290
-328
-244
-10
369
838
1337
1791
2138
2294
2219
1902
1394
759
90
-512
-972
-1278
-1478
-1612
-1697
-1757
-1855
-1997
-2175
-2370
-2576
-2724
-2736
-2597
-2358
-2045
-1626
-1072
-425
228
811
1288
1666
1950
2116
2132
2024
1883
1793
1737
1660
1551
1437
1314
1167
1007
832
601
292
-35
-280
-399
-390
-255
7
365
772
1146
1443
1646
1756
1761
1679
1571
1479
1398
1318
1264
1262
1308
1371
1411
1379
1235
950
526
-13
-598
-1166
-1674
-2100
-2386
-2476
-2366
-2122
-1816
-1512
-1244
-1049
-946
-978
-1190
-1595
-2138
-2726
-3282
-3740
-4068
-4249
-4288
-4192
-3977
-3670
-3328
-2989
-2681
-2397
-2119
-1818
-1463
-1026
-496
89
678
1254
1828
2401
2942
3430
3862
4246
4578
4844
5030
5121
5108
4977
4729
4366
3863
3181
2339
1440
614
-52
-520
-774
-794
-584
-200
258
675
971
1115
1107
975
756
470
139
-172
-371
-417
-351
-229
-72
113
274
337
270
86
-198
-587
-1049
-1508
-1888
-2189
-2441
-2640
-2743
-2741
-2683
-2593
-2445
-2202
-1883
-1525
-1160
-794
-441
-114
140
263
227
53
-239
-648
-1147
-1661
-2118
-2482
-2718
-2790
-2697
-2478
-2172
-1786
-1323
-802
-257
250
652
913
1075
1207
1342
1469
1597
1783
2081
2492
2971
3469
3912
4205
4278
4110
3724
3143
2414
1618
850
167
-365
-677
-744
-629
-423
-194
9
98
13
-211
-478
-728
-935
-1041
-943
-593
-17
719
1500
2158
2543
2634
2498
2146
1562
805
26
-638
-1115
-1370
-1396
-1228
-941
-594
-239
74
288
366
289
67
-264
-657
-1061
-1455
-1828
-2177
-2460
-2631
-2669
-2613
-2529
-2469
-2442
-2447
-2465
-2472
-2443
-2364
-2222
-1972
-1593
-1119
-634
-196
164
444
646
791
902
1008
1127
1245
1345
1435
1561
1741
1932
2085
2185
2220
2152
1976
1754
1556
1398
1265
1174
1165
1249
1370
1444
1433
1332
1141
836
430
-26
-458
-831
-1127
-1323
-1378
-1266
-1020
-703
-361
-21
272
463
527
504
444
368
296
253
252
260
224
123
-31
-192
-346
-495
-673
-890
-1146
-1403
-1618
-1740
-1738
-1619
-1419
-1217
-1100
-1129
-1306
-1609
-2006
-2445
-2856
-3175
-3363
-3392
-3227
-2874
-2365
-1750
-1073
-389
250
810
1252
1533
1642
1628
1574
1546
1588
1742
2038
2482
3035
3627
4167
4577
4808
4829
4622
4194
3597
2906
2196
1503
871
364
51
-65
-78
-98
-178
-312
-479
-691
-967
-1294
-1599
-1786
-1796
-1625
-1330
-970
-605
-271
4
216
366
447
437
349
248
204
218
238
230
197
152
100
74
79
66
-58
-313
-630
-913
-1153
-1408
-1714
-2048
-2345
-2558
-2666
-2697
-2678
-2605
-2437
-2155
-1793
-1431
-1135
-917
-770
-665
-586
-485
-337
-153
31
199
374
568
785
1000
1171
1280
1354
1446
1586
1738
1850
1912
1965
2021
2038
1954
1765
1530
1311
1139
998
883
808
796
829
837
748
531
204
-187
-578
-933
-1222
-1420
-1464
-1339
-1096
-800
-484
-155
148
373
496
532
521
500
489
480
462
444
418
341
166
-113
-441
-762
-1049
-1302
-1523
-1718
-1880
-1994
-2049
-2078
-2116
-2147
-2122
-2018
-1862
-1674
-1456
-1228
-1047
-949
-923
-946
-1034
-1186
-1352
-1447
-1407
-1192
-788
-247
333
878
1390
1879
2311
2632
2809
2876
2886
2898
2919
2942
2972
3047
3184
3341
3450
3478
3425
3285
3060
2757
2407
2025
1626
1214
774
290
-250
-792
-1268
-1641
-1948
-2228
-2469
-2621
-2657
-2593
-2467
-2332
-2243
-2197
-2140
-2004
-1764
-1451
-1114
-801
-526
-272
-55
83
95
11
-106
-197
-246
-269
-262
-208
-94
55
186
251
228
111
-78
-298
-507
-684
-824
-906
-927
-882
-797
-703
-644
-640
-653
-642
-586
-495
-334
-49
366
838
1270
1611
1867
2069
2191
2186
2037
1801
1564
1382
1276
1240
1259
1301
1322
1301
1237
1157
1065
962
824
641
409
129
-178
-472
-703
-875
-1035
-1228
-1419
-1557
-1635
-1678
-1699
-1690
-1647
-1584
-1507
-1422
-1353
-1333
-1345
-1337
-1264
-1138
-979
-777
-511
-194
121
371
513
557
567
601
630
595
498
434
469
570
629
587
462
309
147
-34
-260
-530
-798
-1004
-1106
-1132
-1129
-1096
-984
-775
-539
-370
-290
-216
-72
143
370
579
789
1020
1259
1471
1633
1729
1772
1789
1808
1825
1839
1842
1826
1762
1622
1393
1085
733
391
102
-126
-301
-426
-515
-606
-727
-861
-972
-1043
-1085
-1101
-1098
-1117
-1210
-1369
-1538
-1650
-1683
-1655
-1603
-1545
-1478
-1373
-1207
-971
-682
-371
-46
300
650
953
1178
1315
1364
1315
1213
1126
1094
1090
1091
1107
1130
1101
982
808
657
548
460
372
292
231
210
220
222
161
49
-30
-17
62
104
56
-56
-170
-258
-326
-386
-427
-440
-415
-378
-349
-332
-304
-229
-107
27
114
133
117
128
184
244
268
255
228
183
109
20
-75
-184
-314
-450
-567
-670
-792
-955
-1157
-1376
-1574
-1709
-1728
-1622
-1430
-1215
-1007
-786
-515
-181
181
510
762
918
998
1055
1158
1328
1510
1624
1651
1616
1547
1450
1311
1108
833
524
241
31
-122
-248
-398
-597
-844
-1096
-1309
-1464
-1556
-1596
-1584
-1530
-1436
-1319
-1181
-1015
-815
-598
-409
-275
-196
-134
-52
61
162
202
177
142
138
158
195
239
283
316
361
456
605
764
903
997
1016
942
803
669
587
575
619
689
752
788
811
842
887
917
899
800
619
408
225
101
35
10
14
48
120
208
283
326
336
321
297
288
291
271
203
103
5
-75
-112
-88
-18
31
-10
-155
-373
-601
-766
-840
-880
-972
-1124
-1269
-1339
-1334
-1279
-1195
-1100
-1005
-917
-847
-812
-802
-770
-675
-540
-445
-442
-487
-499
-458
-399
-325
-223
-110
-29
12
17
-14
-35
41
246
505
737
919
1062
1167
1214
1190
1095
966
871
866
939
1017
1020
928
800
698
644
601
539
438
299
134
-24
-141
-194
-187
-173
-195
-246
-268
-242
-193
-159
-135
-110
-78
-52
-47
-72
-113
-106
6
197
340
317
125
-139
-386
-576
-711
-799
-853
-878
-862
-783
-642
-481
-328
-181
-24
134
257
320
313
207
19
-178
-301
-361
-426
-512
-571
-580
-560
-534
-502
-460
-427
-422
-457
-517
-566
-548
-448
-303
-164
-49
53
169
307
435
479
418
316
245
221
187
113
21
-22
39
174
285
304
258
208
184
193
246
322
365
365
361
391
451
550
712
913
1092
1204
1233
1171
1029
857
730
662
618
563
530
591
763
974
1134
1181
1129
1018
920
836
719
551
379
241
90
-84
-222
-265
-282
-311
-352
-398
-524
-730
-919
-1023
-1063
-1087
-1105
-1130
-1160
-1181
-1196
-1246
-1358
-1490
-1596
-1666
-1726
-1756
-1717
-1579
-1375
-1151
-911
-661
-453
-376
-383
-366
-285
-243
-289
-374
-483
-610
-708
-638
-456
-312
-276
-241
-153
-33
91
271
450
563
618
696
827
914
958
1056
1284
1549
1728
1811
1884
1923
1873
1736
1620
1562
1471
1336
1218
1117
944
684
475
361
298
258
293
281
113
-172
-303
-238
-95
-29
-39
-125
-233
-241
-131
-30
-87
-229
-340
-388
-473
-664
-872
-985
-1031
-1142
-1352
-1587
-1796
-1985
-2062
-1997
-1886
-1786
-1639
-1372
-1118
-979
-908
-874
-875
-906
-856
-722
-593
-502
-358
-92
227
541
825
1083
1214
1204
1126
1099
1061
929
742
606
573
568
613
757
990
1203
1332
1388
1415
1387
1361
1444
1635
1774
1748
1609
1473
1322
1162
1029
920
778
572
380
203
41
-96
-179
-244
-318
-320
-306
-367
-555
-732
-948
-1246
-1479
-1437
-1229
-1098
-973
-791
-627
-627
-610
-549
-566
-679
-803
-897
-1096
-1273
-1363
-1370
-1336
-1214
-995
-794
-636
-520
-363
-140
158
417
604
707
758
762
807
886
861
733
645
720
815
804
768
719
613
392
255
249
239
33
-238
-365
-323
-230
-71
240
537
618
503
456
451
371
181
64
-2
-82
-145
-92
-2
-51
-262
-498
-581
-537
-473
-501
-565
-624
-664
-676
-517
-287
-175
-272
-262
-74
37
-105
-224
-135
-42
-110
-158
-78
-90
-216
-270
-116
-23
-45
-120
-158
-242
-339
-429
-468
-432
-313
-183
-161
-147
-145
-154
-143
29
330
491
427
256
147
57
-36
-99
-44
16
13
21
118
190
139
125
271
424
416
435
585
738
720
732
855
977
965
959
1040
1082
1037
929
888
780
540
218
36
30
-26
-187
-251
-140
-152
-342
-389
-143
-63
-324
-605
-668
-776
-1006
-920
-545
-303
-364
-260
83
217
-2
-145
-4
158
109
61
126
90
-131
-325
-239
-103
-53
-17
88
119
33
7
148
356
550
637
554
443
357
245
37
-30
89
98
-19
33
247
273
117
98
240
275
232
269
287
84
-251
-434
-362
-206
-182
-260
-330
-354
-413
-425
-321
-201
-213
-251
-189
-101
-121
-209
-308
-391
-486
-579
-689
-758
-809
-893
-1071
-1094
-1005
-916
-955
-972
-989
-1116
-1196
-1060
-789
-635
-489
-291
-135
-200
-179
41
339
417
473
572
652
627
636
757
721
538
314
282
315
390
364
287
163
197
381
624
830
955
938
813
753
801
796
654
592
616
598
503
523
671
735
679
673
716
793
787
784
678
441
127
-131
-253
-283
-334
-399
-425
-398
-338
-267
-96
72
156
119
23
-130
-287
-396
-417
-459
-594
-746
-854
-864
-850
-843
-856
-899
-1001
-1093
-1092
-973
-902
-894
-844
-687
-548
-472
-430
-359
-303
-275
-131
117
446
601
664
635
726
837
1034
1235
1415
1455
1361
1199
1019
873
760
766
769
753
570
371
305
417
506
460
402
360
190
-50
-117
30
144
242
416
582
485
263
154
198
237
246
273
263
143
-81
-312
-500
-593
-735
-837
-830
-690
-644
-756
-811
-789
-801
-849
-751
-660
-753
-959
-988
-842
-747
-705
-670
-593
-528
-492
-505
-591
-708
-734
-712
-664
-678
-711
-739
-728
-593
-422
-336
-412
-493
-523
-574
-646
-535
-220
151
435
628
646
525
490
651
791
782
703
638
515
393
386
436
476
524
640
701
748
835
1010
1125
1197
1213
1165
998
843
779
850
954
1049
1079
1028
920
754
586
390
212
68
2
-19
-42
-54
-67
-133
-226
-287
-210
-130
-94
-189
-377
-585
-706
-738
-712
-664
-607
-606
-722
-790
-876
-953
-1077
-1117
-1103
-1175
-1273
-1330
-1286
-1201
-1085
-1001
-1011
-1049
-917
-607
-289
-62
133
331
472
525
604
711
811
815
811
816
818
723
656
621
649
644
688
821
990
1149
1269
1299
1141
846
630
621
711
802
823
791
693
652
668
708
683
702
739
768
664
512
354
263
170
16
-199
-380
-513
-568
-604
-681
-871
-1119
-1234
-1210
-1168
-1183
-1210
-1213
-1214
-1204
-1095
-1009
-1033
-1187
-1276
-1295
-1180
-1008
-732
-564
-509
-559
-596
-616
-568
-440
-281
-161
-63
43
69
6
-51
-21
68
178
289
344
319
295
314
339
344
394
460
507
527
579
642
725
873
1023
1085
1024
967
1012
1154
1284
1305
1139
849
556
391
396
480
557
556
526
471
427
360
283
164
-64
-371
-640
-769
-815
-924
-1099
-1228
-1300
-1342
-1343
-1240
-1067
-938
-828
-727
-650
-659
-676
-629
-574
-579
-580
-423
-147
111
271
309
234
94
90
259
489
564
469
283
118
99
222
394
411
273
35
-172
-288
-249
-111
-1
39
43
95
96
100
116
171
149
65
50
99
143
126
137
141
138
120
168
253
266
217
138
122
168
200
214
199
176
93
-27
-107
-124
-133
-87
48
205
244
160
121
147
215
287
354
315
220
189
327
518
600
584
426
310
275
412
533
616
600
569
523
526
574
542
472
385
429
484
531
525
494
407
253
82
-54
-69
-9
77
76
13
-87
-192
-226
-211
-222
-312
-395
-428
-495
-628
-648
-543
-439
-445
-537
-602
-771
-917
-1054
-1106
-1200
-1316
-1384
-1380
-1290
-1148
-1009
-918
-869
-868
-835
-778
-627
-548
-499
-431
-267
-131
-72
-35
-2
-56
-174
-275
-319
-375
-425
-428
-407
-404
-406
-374
-293
-151
29
177
238
221
234
251
331
470
636
758
798
876
998
1079
1049
963
814
677
525
492
505
538
570
603
630
640
631
644
638
717
836
908
856
713
631
577
563
530
476
373
304
276
233
114
11
-48
-97
-172
-226
-283
-372
-452
-425
-303
-171
-45
84
254
370
434
396
356
347
362
341
282
224
102
-68
-290
-422
-543
-532
-451
-360
-457
-645
-697
-591
-434
-362
-273
-265
-309
-413
-449
-495
-524
-499
-421
-336
-296
-299
-353
-366
-240
-89
-37
-14
46
25
-87
-95
99
234
147
-34
-191
-281
-292
-134
47
91
45
107
316
533
625
553
405
272
260
254
205
92
-16
-132
-213
-193
-138
-142
-221
-227
-276
-372
-454
-361
-250
-220
-263
-250
-285
-301
-279
-223
-251
-298
-229
-97
-13
-21
-11
-19
-20
-13
31
1
-45
-77
-76
-145
-194
-175
-172
-261
-341
-331
-317
-360
-392
-358
-345
-317
-233
-152
-178
-258
-222
-145
-109
-132
-61
60
193
279
387
479
547
612
667
725
718
701
649
557
437
357
338
404
444
522
564
638
673
638
555
489
493
490
453
416
453
528
589
650
669
647
573
492
446
328
224
134
167
209
201
109
38
23
90
115
66
-64
-204
-319
-398
-439
-438
-452
-495
-498
-490
-537
-652
-706
-678
-669
-688
-603
-494
-468
-572
-636
-682
-746
-754
-673
-556
-513
-446
-328
-188
-116
-76
-64
-46
-3
59
116
91
51
42
102
147
122
121
209
360
456
439
375
271
228
251
331
360
352
319
274
226
273
437
598
592
454
280
112
-29
-121
-65
-30
-23
-72
-131
-259
-444
-469
-426
-424
-569
-635
-630
-652
-730
-777
-747
-733
-673
-544
-363
-256
-188
-153
-110
-66
10
103
123
95
90
150
235
254
222
207
225
207
165
121
169
166
102
-6
-100
-123
-113
6
109
183
128
138
203
397
501
533
490
505
514
502
525
593
628
536
485
492
515
511
609
709
689
548
435
336
208
89
60
-32
-205
-408
-514
-559
-597
-589
-603
-642
-702
-714
-717
-650
-573
-503
-596
-733
-774
-682
-557
-526
-559
-645
-749
-809
-730
-608
-535
-603
-633
-604
-469
-323
-196
-158
-166
-187
-133
-39
134
349
531
685
784
815
750
726
825
1025
1090
1057
891
703
530
519
662
829
902
921
939
938
889
776
674
563
528
548
642
728
773
759
738
695
653
548
441
350
237
153
88
91
17
-69
-193
-298
-512
-677
-722
-648
-609
-658
-768
-911
-1042
-1118
-1050
-995
-915
-955
-975
-1065
-1120
-1141
-1109
-1044
-1060
-1123
-1218
-1188
-1136
-1053
-992
-855
-701
-562
-409
-247
-111
-43
46
169
306
381
487
587
738
822
896
863
747
573
473
498
547
558
519
526
533
574
579
605
537
447
395
481
600
648
606
523
399
270
248
306
333
198
52
-68
-125
-163
-147
-156
-226
-296
-243
-130
-107
-136
-178
-128
-76
15
60
25
-129
-248
-293
-237
-199
-168
-167
-199
-259
-344
-435
-499
-495
-487
-449
-454
-389
-360
-294
-222
-212
-327
-479
-488
-343
-163
-17
104
144
178
254
421
527
550
566
610
641
641
640
619
589
587
657
709
721
682
583
421
227
39
-103
-182
-111
7
97
103
124
128
142
144
147
89
-56
-184
-306
-409
-558
-662
-725
-710
-638
-446
-237
-70
-25
-105
-264
-437
-473
-374
-178
-69
-81
-254
-395
-470
-412
-339
-229
-92
65
183
304
456
609
736
784
814
716
606
523
547
514
412
269
225
295
421
534
486
365
219
166
128
85
-17
-165
-291
-327
-281
-270
-256
-244
-164
-109
-31
-24
-83
-153
-172
-170
-295
-428
-550
-598
-648
-628
-635
-693
-782
-762
-662
-580
-475
-430
-441
-542
-586
-563
-535
-522
-510
-502
-432
-302
-107
-17
-3
-27
-26
-34
10
121
238
256
202
216
220
269
332
503
623
641
591
546
467
331
215
196
323
455
531
455
318
132
-6
-55
26
123
155
174
252
348
396
378
321
213
68
-39
-81
-110
-151
-203
-241
-235
-221
-183
-176
-173
-121
-33
16
-11
-109
-193
-228
-170
2
170
245
176
54
-42
-57
-113
-180
-306
-313
-263
-205
-213
-280
-278
-178
45
246
338
373
469
578
670
675
725
696
659
651
721
759
674
579
462
375
282
326
388
408
333
245
137
19
-60
-33
59
100
53
-105
-222
-298
-245
-219
-189
-191
-184
-183
-212
-259
-347
-428
-422
-303
-189
-183
-280
-378
-461
-577
-710
-772
-775
-740
-732
-642
-553
-458
-474
-490
-497
-435
-351
-206
-29
91
73
-58
-100
-97
2
39
124
137
159
164
237
262
234
158
139
202
234
276
279
292
210
80
-25
-32
14
89
113
71
-19
-57
-3
30
12
-9
50
108
96
21
-90
-213
-338
-364
-345
-355
-438
-475
-419
-300
-185
-84
-32
-101
-177
-178
-53
-1
31
20
17
-46
-37
89
238
279
237
193
160
174
241
316
317
223
168
169
232
257
235
159
134
151
246
359
497
622
646
572
453
391
370
413
487
549
496
334
196
129
162
224
286
275
180
129
143
179
134
77
51
41
27
29
-26
-190
-401
-474
-400
-310
-259
-211
-141
-123
-156
-235
-314
-394
-434
-468
-517
-566
-582
-525
-416
-277
-144
-43
65
123
108
8
-79
-61
10
188
373
503
482
371
292
211
149
75
48
45
80
142
166
159
75
37
43
129
218
266
277
300
348
373
350
251
148
-34
-202
-371
-448
-489
-484
-472
-504
-556
-614
-596
-638
-660
-696
-647
-652
-672
-723
-761
-788
-772
-709
-653
-599
-544
-486
-461
-441
-415
-367
-340
-278
-282
-355
-518
-617
-613
-493
-292
-83
66
83
55
17
15
98
