539
456
363
262
183
148
155
176
196
210
207
174
116
43
-25
-65
-55
-12
6
-38
-145
-289
-440
-541
-553
-506
-484
-538
-650
-771
-841
-829
-742
-640
-584
-578
-568
-498
-385
-292
-270
-289
-280
-211
-113
-53
-57
-111
-196
-309
-432
-510
-502
-420
-307
-210
-141
-95
-46
32
143
252
334
396
472
554
602
595
567
560
585
621
660
694
702
648
527
379
253
184
175
189
160
45
-110
-192
-127
43
211
290
263
155
28
-40
-21
32
35
-24
-90
-125
-154
-220
-325
-445
-564
-681
-780
-833
-826
-790
-766
-782
-825
-849
-810
-692
-539
-418
-369
-384
-407
-391
-329
-261
-229
-232
-226
-166
-45
98
200
235
220
199
217
280
357
406
410
394
383
408
479
579
676
741
774
802
855
952
1049
1069
972
808
674
612
574
504
403
316
271
258
254
235
199
169
176
219
276
335
401
431
358
180
-21
-144
-175
-162
-164
-194
-240
-275
-280
-253
-227
-250
-335
-443
-511
-504
-423
-323
-284
-361
-521
-632
-594
-408
-197
-78
-71
-115
-138
-135
-116
-95
-74
-68
-100
-163
-221
-226
-176
-117
-107
-154
-206
-188
-93
12
59
52
37
29
-9
-83
-144
-154
-126
-105
-92
-70
-43
-52
-137
-286
-439
-535
-554
-531
-515
-523
-527
-502
-461
-414
-348
-232
-86
41
104
116
117
144
192
219
175
64
-55
-126
-145
-142
-140
-143
-159
-190
-204
-172
-106
-56
-54
-80
-89
-45
60
193
320
428
519
583
596
576
569
596
629
618
578
551
583
655
709
697
615
517
450
411
349
230
78
-34
-53
2
68
106
133
180
233
266
290
334
387
389
308
161
10
-102
-151
-159
-189
-277
-396
-484
-518
-504
-463
-416
-392
-385
-353
-271
-160
-81
-62
-90
-113
-105
-78
-48
-22
-4
-18
-58
-96
-88
-13
119
252
312
281
219
226
314
418
468
449
404
373
371
375
366
360
371
401
415
373
269
154
94
105
126
85
-27
-163
-274
-346
-395
-450
-541
-654
-760
-831
-861
-855
-826
-772
-685
-587
-513
-487
-490
-505
-531
-569
-601
-618
-630
-638
-619
-551
-455
-364
-305
-275
-262
-240
-212
-196
-177
-106
38
187
243
192
102
60
110
235
377
473
499
475
448
437
448
472
515
568
599
573
501
456
492
583
651
658
638
650
713
793
829
778
655
524
443
411
401
397
394
373
318
246
162
38
-150
-373
-558
-684
-767
-818
-841
-847
-845
-813
-741
-660
-620
-619
-611
-579
-531
-486
-440
-390
-319
-221
-122
-68
-62
-71
-72
-76
-105
-170
-275
-393
-472
-485
-436
-364
-270
-165
-76
-17
37
132
242
309
314
289
249
172
65
-10
6
108
236
349
446
556
650
670
590
457
337
246
178
139
117
81
12
-56
-59
13
116
188
210
202
190
180
149
69
-60
-201
-305
-352
-350
-320
-271
-206
-139
-83
-25
81
236
388
475
493
497
550
674
831
951
987
940
824
644
436
273
216
253
321
354
339
286
226
207
236
273
260
180
74
-4
-31
-32
-43
-89
-159
-229
-259
-227
-148
-75
-44
-57
-104
-194
-319
-434
-514
-587
-709
-855
-959
-982
-964
-952
-957
-962
-946
-900
-823
-749
-691
-644
-591
-544
-527
-525
-501
-430
-351
-318
-357
-414
-419
-346
-242
-171
-149
-158
-147
-74
53
162
197
176
162
205
299
400
477
542
606
656
679
697
724
729
671
564
455
380
332
302
271
224
164
111
99
129
173
193
169
112
46
-12
-47
-67
-74
-68
-47
-26
-36
-84
-149
-193
-202
-197
-205
-237
-282
-325
-372
-432
-488
-521
-554
-630
-734
-766
-647
-392
-126
52
131
166
187
169
122
94
137
235
352
479
615
720
747
693
597
496
410
371
383
410
416
442
562
778
995
1096
1046
914
809
782
797
797
771
769
838
964
1076
1092
991
824
672
569
491
415
335
234
81
-114
-291
-378
-370
-308
-226
-120
-22
-5
-114
-292
-442
-512
-518
-501
-496
-541
-664
-847
-1030
-1140
-1156
-1117
-1083
-1097
-1153
-1220
-1242
-1208
-1151
-1121
-1125
-1110
-1049
-950
-835
-704
-577
-488
-469
-505
-558
-589
-566
-495
-431
-423
-479
-545
-566
-539
-486
-422
-341
-247
-148
-36
71
141
153
157
225
393
612
790
877
877
805
662
481
344
295
294
282
256
243
226
181
109
43
15
22
30
-16
-126
-243
-283
-212
-74
62
163
220
252
274
312
361
379
342
260
185
145
137
153
185
212
205
159
123
156
264
389
474
503
502
480
445
437
488
582
646
625
551
484
444
404
350
317
344
414
460
416
291
164
102
103
115
129
166
227
264
255
240
256
268
237
168
126
136
171
191
167
101
26
-25
-47
-78
-150
-235
-286
-279
-266
-306
-401
-490
-515
-481
-398
-273
-124
-10
4
-72
-157
-180
-164
-199
-306
-416
-451
-402
-324
-246
-170
-88
-15
27
28
-2
-78
-232
-449
-640
-680
-521
-263
-76
-56
-116
-107
31
208
302
276
183
112
99
128
154
149
106
29
-76
-181
-261
-301
-314
-320
-331
-353
-359
-314
-195
-34
93
124
61
-42
-146
-252
-374
-486
-537
-504
-441
-415
-434
-438
-368
-259
-184
-186
-254
-367
-521
-655
-683
-568
-386
-231
-141
-92
-47
28
154
281
345
349
354
387
436
485
548
606
622
587
544
543
574
584
549
502
509
581
663
693
647
553
453
381
343
331
333
375
460
558
615
615
568
464
280
32
-187
-302
-306
-258
-208
-187
-199
-244
-313
-396
-462
-461
-354
-155
46
150
125
22
-79
-147
-189
-223
-268
-342
-443
-508
-469
-330
-181
-112
-114
-112
-39
95
225
282
249
172
120
141
227
347
464
545
581
583
579
587
591
535
395
204
41
-53
-73
-59
-73
-160
-294
-366
-301
-128
36
106
76
16
-10
16
50
24
-99
-284
-450
-516
-473
-403
-402
-502
-634
-713
-713
-669
-610
-563
-562
-609
-663
-682
-687
-713
-747
-739
-674
-588
-512
-452
-425
-456
-526
-552
-471
-322
-185
-111
-97
-131
-183
-208
-180
-114
-33
68
198
352
496
585
555
439
340
349
448
569
678
754
804
856
935
999
983
883
739
566
367
176
48
27
86
167
195
163
108
59
9
-71
-167
-243
-249
-194
-116
-53
21
140
268
332
319
300
309
323
301
269
241
203
135
49
-38
-132
-232
-303
-290
-180
-18
122
214
292
388
483
526
513
475
455
456
499
569
602
521
320
74
-128
-227
-202
-91
22
58
-7
-131
-251
-318
-314
-259
-205
-203
-249
-277
-242
-173
-154
-218
-330
-418
-439
-392
-310
-235
-200
-210
-253
-318
-389
-445
-464
-426
-348
-285
-292
-353
-400
-402
-393
-385
-344
-243
-114
-15
32
25
-11
-45
-53
-73
-147
-264
-342
-335
-281
-229
-167
-54
114
300
470
595
676
726
737
680
551
404
320
328
374
358
241
107
75
159
262
297
246
129
-17
-118
-107
-6
75
59
-36
-133
-202
-279
-379
-476
-496
-409
-240
-84
-27
-89
-224
-357
-443
-467
-443
-371
-250
-104
-10
-26
-141
-275
-362
-392
-386
-363
-328
-278
-210
-142
-91
-69
-59
-52
-42
-22
14
45
34
-3
-6
61
178
276
318
315
331
408
511
584
617
655
714
752
707
586
438
326
295
346
443
503
457
307
155
113
209
335
365
244
35
-135
-173
-89
27
91
88
60
30
-13
-80
-139
-138
-71
-13
-38
-147
-273
-362
-383
-334
-249
-187
-162
-141
-123
-151
-242
-336
-409
-487
-601
-721
-806
-840
-792
-651
-457
-288
-167
-76
-30
-77
-200
-296
-286
-178
-52
67
203
363
503
585
632
670
685
630
498
349
267
276
315
303
223
135
82
66
76
112
154
176
203
266
351
399
374
300
211
113
17
-71
-120
-124
-88
-48
-13
22
56
53
-39
-223
-455
-633
-688
-632
-562
-555
-570
-514
-360
-188
-96
-122
-237
-372
-465
-514
-538
-532
-434
-241
-46
23
-49
-143
-143
-50
50
114
173
247
289
256
162
76
44
42
33
13
25
97
220
349
459
539
574
541
430
275
137
71
104
219
348
387
286
102
-54
-106
-71
-11
17
23
51
124
183
159
69
-13
-36
-12
21
29
9
-17
-30
-37
-48
-62
-68
-83
-121
-171
-215
-228
-213
-190
-199
-273
-389
-474
-438
-257
-13
166
212
153
93
102
187
250
213
84
-29
-43
30
109
109
22
-97
-156
-141
-81
-9
61
91
71
54
116
247
366
402
350
260
196
208
283
350
326
186
7
-111
-130
-114
-141
-228
-336
-407
-400
-314
-212
-155
-144
-109
-22
89
177
223
230
208
207
235
253
208
115
47
22
-4
-74
-160
-201
-150
-20
127
211
224
197
180
167
170
211
279
335
352
356
370
415
496
582
608
572
537
555
579
534
399
226
80
1
-31
-86
-204
-337
-416
-428
-404
-381
-364
-355
-332
-280
-211
-185
-252
-392
-518
-570
-562
-563
-600
-627
-586
-491
-419
-439
-546
-674
-774
-822
-832
-808
-749
-662
-579
-544
-554
-561
-523
-439
-358
-327
-361
-413
-403
-318
-216
-164
-154
-134
-62
56
172
226
196
119
52
29
36
28
-23
-81
-67
60
249
410
499
541
582
656
753
834
839
754
625
512
441
420
464
567
686
746
707
566
359
165
60
51
48
-24
-141
-229
-229
-150
-15
120
185
148
55
-21
-42
-20
12
4
-72
-187
-268
-252
-167
-91
-118
-253
-396
-424
-300
-76
167
335
352
223
80
57
180
348
440
408
319
319
465
687
855
900
822
675
597
688
899
1046
1020
866
708
620
596
581
505
354
168
15
-70
-73
3
138
260
282
172
-24
-231
-396
-505
-563
-601
-663
-769
-898
-996
-1035
-1032
-1029
-1049
-1056
-1002
-876
-756
-735
-829
-957
-1020
-986
-890
-776
-661
-529
-380
-255
-206
-226
-267
-322
-402
-492
-542
-531
-494
-461
-442
-408
-347
-239
-80
101
247
327
344
302
221
163
201
331
439
423
296
150
40
-37
-122
-225
-318
-358
-298
-161
-27
35
53
99
187
271
321
353
361
326
264
237
279
346
381
357
304
248
190
123
62
26
5
-44
-155
-300
-397
-383
-294
-214
-175
-153
-96
12
178
358
499
579
629
666
660
631
653
793
1010
1210
1292
1222
1061
923
867
836
758
610
455
346
315
345
380
369
323
320
372
426
422
379
337
320
315
310
288
246
188
139
121
127
109
2
-202
-448
-658
-782
-786
-664
-470
-310
-281
-416
-651
-846
-876
-718
-509
-388
-395
-464
-499
-450
-339
-267
-312
-457
-613
-703
-707
-650
-610
-665
-821
-943
-902
-687
-430
-262
-233
-289
-334
-299
-186
-58
17
-1
-68
-100
-41
82
216
336
429
428
288
88
8
125
284
268
7
-347
-574
-553
-341
-99
20
-7
-109
-158
-105
27
130
130
69
35
80
121
68
-97
-275
-342
-238
-52
69
21
-145
-323
-426
-441
-401
-358
-317
-244
-149
-79
-74
-85
-58
42
209
413
561
571
453
332
327
442
616
763
815
713
516
382
445
678
892
931
746
426
137
57
256
614
907
966
820
620
548
681
915
1045
915
579
242
84
137
291
416
472
464
399
256
54
-167
-371
-523
-607
-634
-672
-728
-742
-642
-473
-348
-380
-578
-840
-985
-903
-672
-507
-551
-736
-874
-821
-620
-409
-317
-364
-495
-601
-622
-565
-512
-475
-375
-169
27
32
-160
-344
-324
-117
105
216
199
96
2
9
138
230
138
-120
-338
-370
-222
26
314
576
696
589
275
-96
-353
-404
-280
-95
33
69
59
49
16
-84
-191
-173
0
203
275
216
108
37
21
85
234
406
489
423
269
72
-166
-471
-705
-687
-349
165
613
822
718
382
-1
-187
-89
177
409
492
450
366
363
513
724
774
520
101
-196
-202
-32
37
-194
-641
-978
-930
-507
20
339
327
128
37
202
487
673
711
733
801
862
837
702
487
259
131
124
114
-53
-352
-576
-532
-217
161
352
210
-166
-526
-642
-501
-250
-63
-60
-304
-734
-1060
-975
-461
118
353
151
-222
-398
-212
184
469
408
72
-277
-384
-222
25
139
59
-94
-162
-100
12
81
82
45
0
-11
51
185
302
312
211
105
100
215
378
463
374
104
-193
-327
-227
-13
147
186
140
79
69
162
268
214
-62
-408
-598
-609
-531
-468
-414
-370
-332
-313
-356
-462
-564
-562
-451
-288
-158
-136
-299
-566
-733
-612
-261
113
310
217
-160
-662
-992
-945
-587
-215
-94
-214
-365
-342
-140
124
274
238
40
-147
-163
55
420
771
991
1026
957
895
931
1003
1016
932
865
877
892
729
378
52
-9
243
614
864
837
589
289
103
59
74
64
26
61
278
697
1156
1411
1316
945
494
177
72
90
10
-313
-757
-1056
-1059
-849
-575
-370
-331
-495
-769
-965
-1016
-990
-973
-916
-757
-522
-337
-270
-290
-340
-397
-469
-541
-616
-671
-658
-535
-370
-281
-327
-440
-519
-524
-462
-366
-270
-219
-203
-141
42
276
411
411
422
567
785
902
827
636
445
331
286
279
226
71
-134
-225
-104
112
197
39
-258
-534
-687
-722
-681
-634
-607
-588
-516
-365
-165
49
249
397
393
179
-184
-516
-694
-690
-574
-442
-364
-321
-230
-59
104
185
195
208
252
322
390
396
305
166
106
165
292
398
471
494
517
618
848
1101
1195
1092
913
790
715
638
582
608
729
885
1020
1104
1118
1087
1031
925
679
327
42
-40
16
29
-52
-161
-212
-174
-53
96
170
99
-105
-311
-371
-202
79
262
245
157
184
350
489
421
126
-263
-550
-636
-540
-437
-535
-954
-1594
-2113
-2199
-1815
-1262
-844
-610
-390
-28
447
901
1163
1146
907
622
427
304
165
-27
-243
-397
-418
-293
-139
-124
-328
-688
-1036
-1247
-1303
-1300
-1335
-1424
-1498
-1468
-1287
-959
-555
-175
103
319
588
975
1382
1579
1432
999
490
76
-204
-388
-561
-805
-1169
-1572
-1830
-1805
-1516
-1110
-775
-621
-616
-636
-590
-499
-409
-303
-131
132
436
683
760
636
415
285
367
613
878
1043
1083
1061
1037
1011
938
798
656
573
519
415
214
-15
-129
-16
302
658
886
923
829
711
657
681
749
796
774
667
526
453
519
696
900
1056
1113
1047
877
691
579
568
579
506
322
110
-26
-45
7
70
119
190
302
435
546
605
611
558
426
209
-69
-350
-588
-731
-772
-706
-573
-433
-355
-363
-412
-484
-592
-747
-890
-971
-998
-979
-879
-676
-435
-249
-152
-119
-131
-180
-230
-223
-164
-168
-348
-673
-936
-917
-570
-76
279
320
115
-130
-244
-200
-69
61
149
197
186
88
-98
-319
-516
-649
-668
-558
-403
-340
-433
-616
-781
-865
-867
-822
-790
-806
-845
-846
-753
-575
-380
-235
-181
-214
-289
-343
-364
-400
-488
-611
-697
-705
-633
-509
-386
-270
-120
140
485
774
840
662
362
102
-49
-88
-45
39
130
226
362
542
690
731
678
612
600
633
664
643
598
618
780
1048
1284
1379
1339
1259
1211
1198
1169
1085
965
866
818
783
700
547
351
150
-17
-125
-177
-224
-289
-315
-210
35
299
456
472
413
329
237
139
54
-22
-91
-119
-59
43
46
-107
-335
-498
-557
-538
-488
-456
-458
-462
-406
-298
-180
-97
-57
-61
-102
-164
-232
-272
-248
-161
-56
27
98
201
356
555
760
916
959
888
764
674
624
549
388
141
-118
-318
-440
-532
-644
-783
-916
-1021
-1095
-1145
-1183
-1226
-1266
-1288
-1265
-1200
-1114
-1057
-1054
-1069
-1037
-927
-783
-662
-577
-501
-424
-358
-335
-359
-443
-549
-639
-684
-720
-763
-778
-714
-560
-362
-159
28
186
303
391
497
664
902
1181
1438
1630
1786
2006
2311
2600
2737
2695
2526
2272
1953
1604
1296
1080
959
886
798
674
547
455
411
416
451
450
285
-120
-707
-1315
-1814
-2193
-2512
-2803
-3025
-3097
-2988
-2721
-2368
-2004
-1691
-1477
-1335
-1191
-1000
-803
-660
-567
-456
-253
23
285
472
604
722
808
817
757
669
564
421
221
-6
-212
-341
-343
-193
91
428
728
952
1159
1451
1870
2374
2870
3277
3544
3642
3583
3416
3212
3016
2818
2574
2241
1802
1259
605
-145
-948
-1715
-2419
-3041
-3598
-4074
-4443
-4627
-4531
-4127
-3500
-2791
-2101
-1470
-918
-456
-83
208
451
684
924
1135
1278
1346
1340
1256
1094
868
578
209
-264
-867
-1603
-2382
-3072
-3597
-3986
-4242
-4274
-3978
-3372
-2574
-1658
-645
447
1544
2571
3478
4239
4854
5328
5652
5823
5859
5793
5616
5333
4963
4535
4030
3411
2673
1853
1026
218
-605
-1483
-2391
-3267
-4084
-4804
-5367
-5724
-5896
-5888
-5676
-5234
-4592
-3765
-2787
-1735
-700
277
1174
1926
2490
2888
3147
3240
3153
2920
2581
2155
1672
1140
530
-180
-968
-1799
-2641
-3443
-4148
-4742
-5234
-5602
-5764
-5659
-5274
-4649
-3841
-2879
-1783
-573
676
1872
2961
3925
4752
5419
5937
6317
6553
6614
6495
6228
5840
5361
4798
4150
3403
2586
1776
1010
246
-591
-1493
-2381
-3191
-3906
-4540
-5088
-5515
-5747
-5704
-5363
-4755
-3947
-2982
-1905
-769
362
1425
2327
2986
3380
3571
3636
3614
3540
3428
3262
2992
2600
2108
1508
759
-158
-1196
-2279
-3347
-4329
-5138
-5685
-5937
-5926
-5699
-5271
-4618
-3714
-2579
-1280
84
1423
2690
3843
4821
5560
6059
6357
6483
6448
6261
5933
5456
4839
4101
3293
2468
1703
1028
399
-268
-1010
-1810
-2630
-3463
-4302
-5102
-5779
-6281
-6558
-6550
-6218
-5591
-4732
-3662
-2422
-1109
178
1406
2516
3385
3914
4123
4079
3841
3481
3073
2635
2166
1672
1162
601
-36
-734
-1467
-2222
-2988
-3738
-4455
-5111
-5666
-6040
-6157
-5962
-5422
-4528
-3304
-1844
-259
1326
2805
4089
5132
5955
6588
7033
7249
7207
6928
6463
5861
5136
4327
3505
2741
2059
1436
836
205
-519
-1372
-2327
-3323
-4300
-5201
-5963
-6538
-6878
-6927
-6622
-5974
-5027
-3824
-2391
-843
654
1960
3026
3823
4335
4569
4561
4336
3919
3361
2733
2111
1552
1057
576
65
-501
-1149
-1932
-2856
-3856
-4833
-5691
-6332
-6677
-6683
-6350
-5678
-4688
-3410
-1894
-232
1462
3058
4488
5707
6659
7273
7522
7449
7126
6655
6123
5547
4870
4068
3192
2329
1538
850
243
-346
-992
-1731
-2560
-3453
-4365
-5211
-5931
-6506
-6893
-6972
-6633
-5870
-4778
-3452
-1962
-388
1171
2612
3824
4706
5238
5461
5394
5033
4412
3657
2887
2143
1434
758
109
-553
-1260
-2015
-2793
-3552
-4243
-4843
-5366
-5810
-6142
-6286
-6140
-5619
-4671
-3329
-1693
73
1822
3469
4957
6211
7137
7698
7915
7841
7532
7043
6417
5634
4664
3526
2309
1134
96
-784
-1540
-2213
-2832
-3424
-3998
-4540
-5030
-5492
-5930
-6292
-6499
-6499
-6242
-5695
-4848
-3707
-2283
-642
1063
2665
4052
5151
5880
6219
6207
5884
5264
4444
3564
2695
1808
903
37
-752
-1477
-2143
-2749
-3322
-3910
-4517
-5080
-5516
-5767
-5809
-5636
-5248
-4601
-3611
-2235
-547
1304
3154
4861
6333
7504
8317
8712
8692
8308
7628
6702
5609
4436
3250
2088
979
-48
-982
-1804
-2478
-2984
-3383
-3768
-4174
-4568
-4966
-5409
-5879
-6299
-6625
-6823
-6769
-6312
-5400
-4126
-2590
-900
813
2397
3743
4752
5326
5441
5191
4653
3843
2813
1704
657
-274
-1073
-1761
-2363
-2871
-3209
-3370
-3461
-3618
-3874
-4169
-4437
-4614
-4648
-4495
-4142
-3547
-2659
-1456
17
1686
3419
5054
6461
7588
8410
8860
8893
8539
7878
6981
5915
4749
3535
2304
1116
54
-826
-1517
-1991
-2233
-2297
-2354
-2543
-2902
-3373
-3909
-4467
-4994
-5439
-5743
-5798
-5493
-4789
-3722
-2360
-793
821
2309
3566
4539
5157
5380
5237
4787
4037
3022
1878
761
-250
-1127
-1833
-2349
-2699
-2901
-2984
-3025
-3120
-3279
-3476
-3721
-4023
-4278
-4357
-4194
-3780
-3045
-1941
-533
1030
2642
4229
5667
6827
7640
8082
8124
7782
7114
6189
5061
3834
2602
1397
220
-846
-1695
-2291
-2635
-2726
-2631
-2515
-2512
-2619
-2807
-3116
-3592
-4168
-4715
-5129
-5341
-5291
-4962
-4372
-3547
-2459
-1117
368
1794
2970
3782
4194
4223
3910
3301
2443
1456
464
-438
-1226
-1873
-2348
-2668
-2847
-2901
-2849
-2779
-2769
-2835
-2981
-3211
-3485
-3689
-3730
-3562
-3122
-2328
-1203
111
1487
2870
4228
5451
6421
7050
7291
7143
6645
5865
4864
3737
2591
1497
491
-386
-1079
-1580
-1894
-1992
-1844
-1526
-1203
-995
-933
-1014
-1257
-1661
-2181
-2764
-3346
-3781
-3917
-3681
-3148
-2391
-1442
-336
830
1958
2959
3693
4000
3829
3269
2458
1532
621
-185
-877
-1440
-1826
-2008
-1997
-1797
-1438
-1056
-838
-842
-997
-1227
-1516
-1828
-2079
-2211
-2178
-1915
-1339
-459
623
1801
3020
4212
5293
6182
6796
7029
6806
6161
5214
4082
2856
1618
463
-529
-1297
-1802
-2049
-2073
-1895
-1522
-1024
-548
-260
-238
-461
-861
-1384
-2011
-2730
-3492
-4208
-4737
-4954
-4794
-4266
-3415
-2329
-1145
-25
878
1464
1680
1550
1128
468
-363
-1234
-1978
-2484
-2733
-2749
-2535
-2119
-1559
-934
-329
142
389
403
224
-102
-532
-971
-1324
-1521
-1519
-1258
-718
53
979
2002
3051
4026
4825
5369
5602
5505
5092
4396
3481
2476
1520
691
9
-518
-874
-1041
-985
-686
-184
415
961
1319
1417
1250
830
160
-729
-1744
-2779
-3722
-4430
-4769
-4722
-4350
-3715
-2860
-1895
-960
-162
445
791
834
603
179
-344
-875
-1300
-1545
-1558
-1310
-830
-243
330
844
1287
1589
1673
1519
1149
591
-93
-790
-1407
-1892
-2198
-2238
-1953
-1367
-555
415
1476
2523
3436
4112
4484
4542
4340
3952
3421
2763
2045
1402
947
701
635
742
1040
1499
2019
2475
2784
2874
2689
2213
1483
553
-518
-1647
-2755
-3794
-4704
-5365
-5633
-5431
-4796
-3837
-2715
-1614
-675
35
480
652
573
323
0
-306
-517
-579
-477
-220
184
694
1215
1620
1839
1861
1671
1230
529
-379
-1385
-2362
-3184
-3766
-4073
-4070
-3722
-3035
-2095
-989
216
1458
2619
3585
4262
4599
4593
4296
3771
3077
2315
1626
1107
765
610
671
955
1370
1818
2229
2551
2662
2443
1849
944
-167
-1383
-2613
-3770
-4783
-5596
-6129
-6308
-6106
-5564
-4722
-3637
-2430
-1279
-319
394
832
970
842
557
224
-67
-233
-179
139
693
1381
2086
2669
3058
3225
3139
2723
1954
910
-301
-1562
-2753
-3718
-4365
-4645
-4522
-3966
-3041
-1868
-558
797
2073
3147
3952
4449
4624
4506
4216
3833
3374
2829
2281
1861
1676
1747
2009
2343
2637
2853
3000
3060
2921
2452
1597
429
-893
-2206
-3405
-4440
-5277
-5850
-6082
-5922
-5411
-4623
-3627
-2490
-1341
-343
403
886
1139
1197
1129
996
835
693
681
874
1238
1655
2036
2326
2474
2440
2194
1693
896
-146
-1312
-2472
-3524
-4340
-4825
-4953
-4726
-4127
-3168
-1963
-617
781
2107
3220
4045
4598
4860
4810
4511
4099
3657
3231
2902
2746
2756
2872
3045
3209
3272
3210
3072
2878
2536
1941
1091
72
-1031
-2176
-3321
-4401
-5329
-6018
-6390
-6404
-6082
-5492
-4665
-3639
-2543
-1565
-823
-301
40
222
245
154
10
-90
-33
225
614
1027
1407
1711
1866
1803
1488
896
33
-1021
-2128
-3169
-4053
-4677
-4991
-5022
-4798
-4263
-3387
-2245
-952
398
1719
2884
3822
4505
4897
4963
4779
4504
4223
3923
3624
3395
3262
3181
3118
3060
2981
2829
2601
2308
1934
1425
756
-41
-902
-1774
-2637
-3476
-4258
-4916
-5392
-5611
-5499
-5025
-4243
-3265
-2227
-1236
-354
408
999
1348
1455
1425
1362
1307
1280
1315
1422
1567
1720
1823
1797
1576
1180
644
-29
-832
-1688
-2487
-3162
-3653
-3906
-3890
-3623
-3116
-2351
-1328
-129
1100
2223
3153
3868
4394
4757
4933
4887
4630
4247
3826
3438
3098
2800
2531
2306
2131
1968
1758
1496
1211
922
600
190
-336
-981
-1708
-2468
-3191
-3823
-4326
-4698
-4913
-4912
-4630
-4066
-3257
-2285
-1265
-344
370
848
1111
1193
1135
966
696
368
111
22
89
215
331
403
398
306
127
-166
-612
-1178
-1754
-2272
-2718
-3076
-3290
-3301
-3052
-2486
-1606
-546
526
1519
2415
3186
3808
4286
4581
4605
4335
3893
3397
2882
2370
1939
1621
1374
1155
963
804
696
699
808
879
703
225
-444
-1152
-1847
-2568
-3355
-4167
-4885
-5378
-5550
-5370
-4849
-4051
-3061
-2012
-1044
-256
331
723
898
842
603
293
25
-133
-153
-41
169
436
707
937
1075
1090
946
621
103
-553
-1250
-1885
-2375
-2663
-2715
-2540
-2122
-1436
-479
671
1905
3087
4077
4783
5205
5393
5356
5067
4545
3871
3138
2446
1889
1526
1318
1208
1159
1149
1135
1109
1114
1125
1022
674
77
-704
-1602
-2539
-3426
-4203
-4848
-5312
-5504
-5361
-4894
-4122
-3055
-1761
-446
651
1395
1767
1804
1576
1209
804
397
25
-214
-245
-84
209
569
900
1095
1110
956
605
40
-672
-1413
-2117
-2726
-3105
-3150
-2887
-2396
-1658
-630
609
1892
3090
4133
4935
5423
5582
5397
4871
4105
3280
2520
1851
1286
875
642
569
639
820
1033
1180
1226
1157
937
537
-24
-714
-1509
-2370
-3231
-4026
-4711
-5232
-5515
-5488
-5114
-4410
-3441
-2322
-1185
-177
573
973
986
639
34
-646
-1206
-1541
-1619
-1435
-996
-357
365
1034
1520
1739
1652
1247
525
-452
-1543
-2569
-3394
-3919
-4063
-3794
-3165
-2255
-1094
268
1697
3026
4134
4926
5311
5253
4818
4131
3330
2543
1858
1291
873
668
701
915
1199
1464
1636
1656
1553
1413
1252
961
418
-359
-1233
-2060
-2742
-3241
-3573
-3807
-3938
-3839
-3374
-2574
-1616
-667
192
873
1278
1354
1113
626
11
-572
-1014
-1251
-1231
-897
-297
450
1220
1917
2410
2574
2347
1760
857
-273
-1469
-2548
-3404
-3956
-4098
-3762
-3022
-2007
-782
616
2047
3303
4230
4759
4891
4684
4250
3651
2910
2103
1393
900
621
527
605
805
1025
1190
1302
1365
1363
1283
1085
674
8
-766
-1460
-2038
-2601
-3156
-3622
-3967
-4204
-4276
-4079
-3601
-2933
-2144
-1301
-535
6
252
208
-114
-621
-1118
-1427
-1504
-1353
-939
-274
527
1320
2010
2480
2590
2295
1661
763
-350
-1544
-2606
-3353
-3729
-3701
-3213
-2260
-965
476
1883
3116
4079
4703
4937
4755
4222
3501
2752
2054
1438
963
675
568
621
819
1132
1470
1715
1762
1574
1177
689
232
-170
-578
-1012
-1415
-1730
-1989
-2240
-2501
-2766
-3029
-3226
-3249
-3046
-2655
-2152
-1574
-986
-489
-188
-143
-381
-836
-1343
-1699
-1805
-1642
-1209
-515
344
1193
1872
2264
2284
1902
1199
315
-630
-1571
-2410
-3013
-3243
-3050
-2444
-1513
-398
766
1895
2946
3821
4386
4535
4267
3679
2941
2233
1669
1263
1002
900
965
1154
1384
1589
1713
1721
1592
1343
1011
676
416
264
165
43
-139
-387
-716
-1113
-1524
-1921
-2306
-2654
-2873
-2889
-2725
-2434
-2039
-1565
-1103
-772
-666
-819
-1193
-1644
-1988
-2109
-2010
-1712
-1216
-538
224
913
1380
1519
1294
758
34
-783
-1638
-2443
-3016
-3189
-2908
-2207
-1190
11
1232
2361
3319
4018
4352
4270
3842
3202
2501
1866
1383
1063
884
847
962
1203
1501
1798
2031
2135
2071
1856
1515
1097
708
449
321
215
66
-111
-283
-497
-799
-1197
-1632
-2063
-2426
-2635
-2631
-2449
-2165
-1822
-1481
-1222
-1136
-1237
-1527
-1933
-2316
-2475
-2328
-1902
-1241
-398
491
1241
1755
2007
1928
1436
585
-437
-1443
-2297
-2854
-3012
-2762
-2173
-1308
-243
880
1902
2719
3272
3497
3369
2958
2391
1773
1207
787
565
523
627
846
1107
1321
1456
1540
1545
1403
1088
680
275
-39
-187
-123
79
271
364
344
199
-125
-610
-1171
-1715
-2198
-2552
-2687
-2591
-2352
-2067
-1784
-1552
-1452
-1512
-1693
-1936
-2185
-2336
-2262
-1924
-1366
-646
197
1051
1745
2125
2106
1640
773
-307
-1337
-2097
-2499
-2536
-2264
-1733
-935
124
1285
2289
2943
3232
3216
2955
2510
1972
1430
993
778
855
1171
1610
2102
2603
2989
3100
2906
2522
2068
1562
1031
559
254
176
332
644
944
1066
966
705
309
-262
-1016
-1875
-2707
-3374
-3742
-3745
-3430
-2935
-2363
-1799
-1343
-1141
-1265
-1663
-2169
-2573
-2690
-2418
-1814
-989
-60
872
1645
2107
2164
1817
1121
195
-805
-1716
-2390
-2672
-2454
-1765
-771
326
1357
2194
2764
3050
3058
2788
2293
1709
1193
843
701
782
1069
1499
1979
2425
2736
2824
2658
2306
1862
1390
931
522
225
87
147
400
737
978
980
728
267
-386
-1201
-2077
-2906
-3636
-4192
-4446
-4340
-3975
-3514
-3064
-2710
-2556
-2642
-2904
-3209
-3405
-3342
-2914
-2158
-1210
-215
733
1532
2048
2148
1797
1063
129
-778
-1470
-1848
-1903
-1607
-979
-98
842
1667
2236
2478
2395
2094
1712
1304
896
572
511
787
1314
1907
2425
2801
3027
3125
3119
3000
2755
2434
2119
1866
1673
1550
1521
1619
1796
1970
2024
1858
1408
705
-142
-1014
-1832
-2541
-3113
-3528
-3758
-3764
-3540
-3160
-2750
-2404
-2185
-2118
-2210
-2382
-2497
-2422
-2100
-1544
-820
-30
704
1293
1666
1754
1483
862
23
-829
-1489
-1803
-1722
-1336
-797
-205
415
1007
1438
1573
1413
1059
653
322
171
235
478
853
1340
1900
2453
2914
3226
3352
3271
3030
2705
2369
2060
1817
1657
1556
1495
1485
1565
1694
1778
1710
1421
902
227
-508
-1248
-2003
-2768
-3491
-4094
-4473
-4548
-4335
-3977
-3629
-3342
-3089
-2869
-2711
-2614
-2516
-2340
-2000
-1422
-639
186
854
1269
1438
1372
1055
528
-74
-584
-897
-972
-815
-493
-125
200
456
617
600
358
-42
-430
-657
-661
-475
-142
309
854
1442
1988
2394
2592
2606
2549
2518
2492
2399
2228
2066
1993
1986
1961
1851
1681
1540
1514
1596
1637
1440
915
151
-699
-1535
-2337
-3106
-3821
-4408
-4740
-4689
-4236
-3535
-2829
-2302
-1989
-1840
-1819
-1922
-2114
-2270
-2205
-1786
-1015
-66
812
1417
1709
1761
1650
1400
1045
680
428
391
559
822
1034
1131
1156
1150
1072
851
491
117
-103
-53
262
723
1186
1576
1898
2160
2331
2355
2250
2107
2010
1975
1967
1992
2053
2125
2146
2099
2016
1909
1782
1673
1647
1665
1547
1084
237
-826
-1860
-2730
-3449
-4071
-4574
-4856
-4795
-4334
-3571
-2757
-2182
-1991
-2130
-2434
-2737
-2904
-2852
-2533
-1959
-1152
-194
751
1462
1792
1777
1570
1318
1085
883
732
671
711
810
886
873
704
351
-152
-681
-1073
-1220
-1093
-733
-210
403
1047
1648
2070
2172
1948
1581
1306
1252
1414
1723
2101
2481
2809
3047
3150
3092
2860
2512
2149
1885
1752
1684
1532
1139
418
-591
-1715
-2770
-3632
-4247
-4554
-4505
-4115
-3490
-2787
-2195
-1922
-2082
-2586
-3189
-3670
-3941
-3981
-3735
-3106
-2063
-743
592
1644
2219
2296
2034
1664
1358
1163
1047
969
919
916
958
979
848
469
-141
-812
-1321
-1517
-1394
-1052
-601
-106
381
782
1012
1028
856
605
457
589
1048
1699
2361
2931
3384
3678
3751
3601
3318
3014
2739
2503
2294
2101
1887
1590
1126
387
-653
-1843
-2905
-3604
-3844
-3694
-3307
-2847
-2415
-2054
-1850
-1930
-2355
-3014
-3673
-4105
-4150
-3738
-2896
-1765
-550
546
1388
1932
2183
2172
1954
1653
1430
1408
1604
1925
2228
2399
2363
2097
1607
948
203
-499
-1033
-1337
-1434
-1392
-1244
-1039
-862
-816
-932
-1139
-1306
-1296
-1045
-583
35
761
1522
2154
2484
2476
2245
1966
1762
1660
1647
1717
1844
1966
2000
1893
1605
1121
476
-235
-879
-1351
-1611
-1685
-1663
-1639
-1672
-1794
-2023
-2372
-2803
-3221
-3495
-3528
-3296
-2827
-2177
-1416
-646
25
519
845
1064
1259
1484
1757
2077
2434
2822
3205
3499
3608
3477
3115
2541
1775
891
29
-699
-1267
-1724
-2101
-2418
-2666
-2821
-2880
-2878
-2876
-2851
-2722
-2424
-1973
-1427
-808
-149
476
971
1303
1512
1647
1749
1882
2094
2357
2564
2622
2512
2270
1934
1519
1024
462
-90
-522
-742
-768
-714
-743
-941
-1285
-1705
-2144
-2542
-2814
-2875
-2686
-2246
-1586
-788
12
663
1072
1244
1264
1246
1273
1405
1640
1936
2237
2505
2731
2890
2915
2704
2185
1391
451
-480
-1280
-1877
-2236
-2394
-2435
-2429
-2403
-2376
-2406
-2516
-2633
-2630
-2453
-2135
-1718
-1201
-583
83
700
1156
1421
1545
1602
1636
1649
1663
1704
1755
1731
1533
1139
608
67
-391
-733
-975
-1110
-1106
-976
-822
-787
-924
-1178
-1426
-1575
-1582
-1452
-1199
-823
-319
289
919
1460
1832
2032
2118
2144
2159
2207
2337
2552
2816
3083
3296
3362
3163
2652
1880
969
53
-746
-1349
-1731
-1905
-1900
-1772
-1605
-1506
-1544
-1695
-1870
-1982
-1995
-1897
-1683
-1362
-970
-558
-189
93
305
521
799
1096
1306
1363
1313
1232
1132
951
634
171
-385
-937
-1370
-1614
-1681
-1621
-1469
-1267
-1105
-1061
-1136
-1288
-1471
-1651
-1747
-1656
-1317
-791
-219
289
696
1024
1280
1469
1619
1770
1941
2119
2314
2533
2744
2859
2807
2556
2095
1420
595
-216
-858
-1277
-1517
-1621
-1602
-1491
-1335
-1193
-1140
-1252
-1524
-1824
-2003
-1992
-1807
-1479
-1055
-620
-256
24
257
462
606
655
615
543
509
521
506
352
40
-358
-739
-1066
-1331
-1494
-1510
-1371
-1117
-798
-487
-292
-297
-507
-834
-1144
-1309
-1251
-970
-525
4
543
1025
1396
1647
1811
1942
2074
2230
2410
2608
2821
3034
3194
3201
2980
2534
1939
1288
658
111
-319
-617
-757
-731
-582
-409
-301
-312
-455
-701
-978
-1188
-1267
-1190
-970
-647
-267
110
427
652
784
840
837
781
679
536
344
84
-217
-521
-827
-1171
-1547
-1862
-2026
-2024
-1924
-1799
-1677
-1563
-1461
-1383
-1355
-1390
-1440
-1413
-1222
-870
-429
9
404
757
1064
1300
1440
1511
1553
1603
1680
1788
1923
2065
2175
2204
2101
1851
1482
1034
556
87
-320
-631
-818
-869
-796
-635
-457
-323
-261
-268
-307
-347
-360
-354
-356
-360
-303
-136
113
365
558
665
684
633
512
287
-68
-525
-1002
-1442
-1840
-2199
-2487
-2659
-2686
-2575
-2371
-2125
-1878
-1662
-1505
-1423
-1416
-1468
-1512
-1460
-1243
-883
-470
-62
307
610
827
974
1096
1228
1379
1554
1752
1960
2158
2333
2465
2502
2394
2132
1762
1346
931
553
239
3
-162
-251
-226
-62
191
413
511
476
370
265
198
185
219
279
365
510
732
1017
1305
1539
1681
1728
1694
1574
1344
968
452
-138
-715
-1211
-1614
-1911
-2070
-2048
-1860
-1589
-1323
-1137
-1078
-1149
-1283
-1409
-1486
-1500
-1439
-1300
-1075
-758
-350
103
533
867
1053
1081
991
869
799
834
985
1204
1422
1560
1582
1471
1223
843
362
-140
-574
-868
-988
-931
-729
-445
-163
53
168
170
81
-43
-155
-240
-278
-236
-94
133
404
675
911
1110
1267
1371
1410
1364
1213
923
496
-16
-526
-937
-1224
-1416
-1564
-1669
-1690
-1607
-1462
-1334
-1281
-1320
-1415
-1516
-1585
-1612
-1591
-1511
-1353
-1113
-814
-494
-179
97
286
357
348
330
361
452
612
832
1071
1274
1383
1354
1164
843
453
51
-321
-616
-786
-818
-737
-621
-542
-526
-517
-446
-324
-235
-235
-284
-289
-208
-78
55
211
440
766
1133
1447
1651
1744
1769
1727
1596
1360
1046
691
324
-28
-347
-634
-881
-1057
-1105
-1022
-880
-769
-744
-799
-896
-974
-986
-915
-794
-640
-458
-237
-3
208
386
544
701
860
1014
1143
1242
1328
1421
1536
1656
1735
1711
1552
1279
922
495
31
-370
-617
-693
-645
-546
-460
-434
-450
-475
-511
-594
-725
-838
-833
-658
-362
-46
227
451
652
855
1077
1296
1445
1482
1421
1322
1197
1013
714
306
-137
-512
-760
-894
-978
-1075
-1178
-1244
-1241
-1211
-1221
-1310
-1461
-1603
-1677
-1653
-1529
-1313
-1020
-690
-383
-125
106
329
518
660
787
945
1106
1204
1212
1158
1080
966
796
546
227
-121
-440
-693
-874
-984
-997
-898
-718
-526
-389
-319
-289
-264
-232
-181
-76
106
318
479
561
601
626
626
633
707
859
993
1020
946
840
704
471
125
-267
-601
-831
-980
-1105
-1240
-1361
-1429
-1432
-1406
-1398
-1426
-1496
-1594
-1700
-1780
-1789
-1685
-1457
-1137
-773
-395
-6
365
676
901
1060
1191
1301
1397
1498
1620
1732
1762
1635
1350
982
636
376
196
54
-75
-193
-279
-310
-279
-196
-86
17
74
79
72
113
222
375
545
735
953
1193
1435
1663
1862
1999
2023
1928
1769
1615
1477
1291
993
562
35
-516
-1000
-1327
-1444
-1369
-1182
-991
-863
-802
-783
-791
-832
-899
-978
-1022
-963
-765
-492
-251
-98
10
139
294
438
528
575
620
713
853
987
1037
964
806
607
381
82
-281
-626
-854
-966
-1035
-1088
-1095
-1019
-900
-784
-714
-688
-685
-666
-611
-517
-411
-325
-260
-198
-122
-28
87
236
429
649
857
992
1004
878
651
365
23
-374
-771
-1076
-1272
-1406
-1506
-1533
-1459
-1314
-1171
-1089
-1075
-1087
-1069
-990
-842
-629
-369
-101
150
384
606
795
956
1079
1151
1156
1135
1152
1222
1291
1291
1207
1072
909
715
489
251
39
-123
-234
-309
-379
-458
-518
-516
-444
-334
-236
-142
-5
194
420
608
710
719
662
587
538
518
513
516
562
657
758
797
744
599
380
105
-189
-466
-697
-880
-1017
-1094
-1099
-1034
-957
-917
-937
-988
-1029
-1024
-957
-848
-750
-681
-587
-392
-90
244
540
767
938
1074
1176
1210
1132
957
771
677
696
753
753
630
396
139
-59
-171
-245
-311
-364
-380
-357
-312
-252
-170
-64
57
185
322
448
525
531
497
485
528
594
642
655
670
722
797
848
810
654
388
56
-285
-589
-847
-1077
-1284
-1443
-1529
-1557
-1550
-1516
-1450
-1350
-1242
-1147
-1098
-1093
-1094
-1037
-885
-665
-423
-187
23
176
264
313
370
464
584
691
723
662
541
434
357
283
177
48
-66
-139
-174
-198
-244
-317
-400
-462
-486
-462
-386
-258
-92
93
282
475
680
895
1113
1308
1458
1525
1494
1390
1277
1212
1194
1185
1167
1138
1080
942
705
406
122
-103
-280
-420
-520
-558
-561
-578
-633
-698
-737
-734
-683
-606
-537
-495
-440
-325
-148
54
230
345
373
341
310
302
283
215
123
46
-14
-91
-197
-317
-420
-503
-577
-661
-758
-853
-953
-1070
-1185
-1246
-1224
-1162
-1121
-1099
-1041
-885
-637
-345
-76
139
317
481
626
723
771
779
778
775
764
744
725
727
736
701
573
358
102
-157
-398
-599
-717
-738
-698
-659
-620
-542
-413
-271
-164
-93
-27
68
189
311
422
540
701
908
1128
1291
1328
1228
1042
845
662
480
310
177
103
79
75
59
-5
-115
-225
-291
-320
-379
-492
-633
-710
-678
-564
-434
-313
-182
-22
161
332
450
512
562
629
695
718
695
637
552
454
371
321
273
188
74
-5
-29
-53
-170
-415
-746
-1079
-1337
-1490
-1532
-1460
-1276
-1019
-769
-594
-501
-435
-330
-165
55
305
552
764
910
972
948
847
716
591
476
347
187
24
-96
-158
-203
-266
-326
-343
-325
-331
-400
-522
-660
-756
-781
-718
-601
-487
-421
-392
-335
-200
9
214
346
395
417
474
548
569
485
319
136
6
-45
-37
-28
-46
-92
-154
-241
-359
-514
-682
-824
-915
-962
-982
-961
-872
-717
-528
-357
-255
-224
-225
-191
-89
55
190
283
358
465
613
758
859
928
962
924
796
630
503
437
406
376
346
331
333
328
283
196
112
77
116
199
280
324
338
365
440
557
684
787
858
903
929
965
1005
1031
1013
955
882
790
642
423
197
39
-46
-119
-217
-311
-370
-410
-470
-563
-683
-828
-984
-1105
-1128
-1049
-911
-785
-696
-622
-519
-362
-181
-26
75
144
232
358
471
503
443
354
292
242
142
-36
-257
-457
-586
-643
-660
-667
-658
-634
-616
-615
-615
-592
-568
-575
-612
-626
-563
-409
-210
-18
144
295
450
583
674
716
717
671
578
471
384
319
233
106
-40
-159
-232
-279
-320
-364
-403
-453
-518
-588
-640
-661
-647
-604
-545
-500
-480
-463
-398
-272
-121
20
138
239
316
373
429
503
595
678
709
672
592
511
442
369
284
193
96
-6
-80
-83
-25
8
-37
-129
-186
-168
-95
-6
51
56
22
-1
12
58
134
246
374
487
580
659
720
743
710
627
527
459
416
349
210
9
-212
-421
-595
-709
-760
-777
-800
-842
-872
-870
-827
-766
-701
-632
-566
-508
-451
-384
-303
-201
-67
82
215
315
414
538
678
795
856
848
788
699
616
557
512
469
392
256
63
-125
-238
-248
-157
-17
107
162
153
134
133
138
137
149
213
347
521
675
762
786
787
790
789
761
709
658
593
478
300
107
-40
-141
-250
-385
-513
-593
-644
-704
-782
-837
-840
-810
-809
-876
-997
-1108
-1147
-1090
-958
-812
-691
-598
-497
-373
-238
-113
-2
94
176
250
316
360
344
257
125
7
-71
-121
-171
-216
-263
-353
-496
-632
-673
-601
-470
-335
-228
-165
-152
-188
-267
-366
-420
-369
-216
-31
119
241
385
593
834
1040
1159
1192
1189
1168
1102
934
654
337
90
-40
-86
-134
-223
-334
-422
-462
-485
-547
-679
-836
-923
-882
-760
-645
-575
-520
-429
-283
-108
38
114
140
154
179
199
220
269
347
421
433
359
210
60
-41
-97
-147
-189
-189
-117
16
162
254
263
237
227
241
257
271
302
352
431
534
654
771
867
948
1024
1120
1232
1326
1365
1345
1287
1198
1055
843
590
362
213
128
55
-44
-178
-321
-440
-514
-552
-609
-701
-806
-876
-900
-880
-805
-683
-537
-411
-312
-218
-91
71
218
301
320
332
382
451
480
423
280
110
-30
-115
-189
-297
-453
-624
-772
-864
-890
-869
-832
-794
-750
-696
-643
-594
-536
-450
-337
-223
-120
-35
47
136
247
370
479
544
551
510
445
365
262
124
-22
-128
-182
-209
-238
-269
-311
-392
-531
-706
-857
-947
-984
-1006
-1026
-1024
-982
-915
-842
-752
-615
-427
-220
-24
135
242
298
342
432
575
730
827
837
753
585
379
209
117
77
19
-77
-171
-222
-241
-265
-318
-378
-402
-369
-294
-196
-78
67
206
298
335
359
417
523
656
782
890
997
1114
1237
1347
1412
1407
1312
1132
890
633
405
241
129
37
-58
-158
-238
-297
-351
-418
-483
-499
-447
-338
-216
-120
-71
-45
14
132
287
409
446
420
389
388
404
432
461
474
439
347
215
63
-55
-83
-27
26
3
-84
-174
-256
-366
-533
-722
-877
-957
-956
-893
-776
-608
-404
-227
-141
-139
-148
-113
-45
21
73
115
136
125
105
117
183
272
330
293
143
-80
-295
-455
-560
-613
-615
-584
-557
-543
-527
-520
-540
-583
-626
-653
-656
-628
-556
-449
-319
-191
-95
-42
10
118
284
446
542
573
558
521
471
429
390
333
258
173
82
-19
-118
-209
-304
-416
-530
-622
-697
-746
-735
-625
-442
-262
-129
-34
54
156
286
447
603
716
771
771
742
713
707
727
752
767
752
690
596
503
435
370
289
195
131
107
102
74
19
-32
-38
-16
-28
-120
-255
-345
-342
-247
-106
41
152
205
210
208
225
254
262
229
166
113
113
178
268
332
338
280
166
23
-119
-233
-322
-406
-505
-604
-668
-690
-706
-739
-762
-735
-663
-586
-507
-410
-286
-158
-38
57
140
227
322
407
465
505
521
498
400
240
87
23
59
108
88
-4
-120
-206
-258
-291
-331
-371
-385
-341
-253
-157
-77
4
107
220
323
397
456
497
511
495
460
434
421
398
351
303
273
249
195
102
5
-73
-147
-246
-370
-488
-581
-645
-691
-732
-777
-821
-850
-846
-782
-647
-451
-250
-87
32
131
211
275
327
378
418
431
427
425
450
487
508
504
489
477
462
419
341
237
127
31
-41
-90
-132
-182
-258
-356
-459
-527
-525
-428
-251
-40
123
189
188
188
233
283
293
247
181
118
68
34
13
6
-7
-42
-101
-177
-272
-382
-484
-536
-546
-544
-532
-493
-424
-369
-353
-371
-389
-398
-396
-378
-336
-256
-149
-45
26
63
91
123
162
197
244
305
381
451
517
594
685
766
789
742
648
567
528
501
443
339
226
138
85
41
-25
-123
-227
-281
-260
-188
-117
-81
-59
12
163
336
426
391
281
168
91
55
57
83
96
71
6
-66
-126
-177
-237
-324
-448
-615
-794
-931
-997
-1002
-967
-894
-772
-613
-435
-276
-159
-91
-36
26
77
111
147
215
302
379
429
456
454
446
479
590
762
931
1037
1057
1011
948
883
825
761
679
573
458
363
309
279
246
191
128
73
28
-3
-21
-31
-53
-105
-178
-247
-275
-254
-220
-216
-266
-335
-382
-400
-410
-432
-454
-472
-495
-549
-642
-759
-871
-966
-1056
-1125
-1139
-1099
-1060
-1079
-1133
-1140
-1041
-861
-667
-517
-409
-323
-231
-122
6
125
183
173
152
187
269
329
319
275
256
291
356
420
472
503
489
397
250
140
144
242
347
395
400
390
372
339
302
298
354
459
588
711
800
837
844
860
886
870
777
646
564
567
618
631
549
386
217
98
23
-56
-166
-312
-474
-620
-723
-780
-824
-868
-898
-889
-859
-817
-753
-659
-553
-462
-384
-305
-210
-96
17
91
111
113
148
222
294
324
324
307
266
183
76
-27
-109
-159
-171
-140
-112
-122
-144
-116
-33
53
79
56
28
42
124
270
453
621
725
747
719
703
725
741
684
558
420
326
275
244
240
256
254
194
91
2
-50
-96
-179
-307
-446
-526
-531
-492
-456
-433
-411
-394
-396
-423
-470
-508
-495
-416
-310
-231
-215
-228
-193
-72
87
175
139
29
-70
-105
-96
-80
-86
-115
-153
-188
-222
-260
-300
-318
-291
-240
-195
-154
-95
-24
12
-14
-61
-78
-34
60
172
277
355
394
383
320
212
82
-20
-50
-41
-54
-127
-208
-240
-224
-217
-243
-266
-263
-246
-250
-258
-245
-211
-175
-128
-65
-12
9
5
9
33
37
-9
-86
-138
-137
-108
-88
-79
-55
-17
5
0
-23
-41
-34
-4
45
90
136
175
188
150
73
11
-3
16
16
-39
-126
-195
-226
-221
-185
-110
1
131
258
362
435
486
538
608
681
712
674
583
493
441
422
408
355
249
113
11
-20
-6
-5
-77
-220
-380
-468
-437
-326
-215
-161
-140
-91
22
168
295
383
426
440
457
501
548
545
473
378
293
224
162
99
32
-38
-86
-98
-86
-79
-59
8
131
240
279
252
211
184
165
145
144
168
186
167
129
126
163
195
190
177
192
230
261
281
300
318
314
281
247
223
177
70
-74
-202
-275
-310
-352
-426
-527
-633
-734
-848
-1010
-1226
-1439
-1530
-1419
-1160
-922
-875
-1018
-1192
-1161
-857
-460
-250
-338
-566
-677
-538
-246
-22
-46
-306
-599
-691
-544
-334
-265
-358
-490
-513
-388
-189
-39
1
-7
31
146
282
375
414
430
465
541
632
715
789
877
978
1070
1107
1047
901
741
649
619
584
487
352
252
216
213
189
138
70
-1
-65
-100
-92
-56
-12
15
0
-81
-196
-266
-231
-111
11
85
107
124
168
241
310
349
367
391
422
446
455
447
419
355
268
187
138
97
29
-76
-173
-213
-165
-50
78
164
194
202
210
204
160
100
72
118
215
305
329
275
190
143
164
209
215
155
66
-5
-40
-53
-44
-5
47
72
20
-110
-290
-481
-638
-717
-713
-670
-660
-708
-790
-839
-802
-687
-555
-463
-406
-340
-246
-138
-45
15
25
-32
-132
-220
-245
-208
-143
-63
43
169
267
293
259
205
155
105
43
-35
-129
-216
-247
-197
-103
-47
-62
-106
-99
3
166
318
401
417
399
386
375
344
290
232
192
177
190
224
253
240
162
34
-117
-248
-324
-331
-302
-298
-365
-489
-606
-652
-635
-612
-609
-605
-584
-572
-587
-587
-525
-411
-294
-197
-123
-81
-91
-130
-143
-92
17
149
272
367
413
407
365
330
333
349
345
298
216
120
27
-36
-60
-33
56
201
362
487
555
579
575
554
542
564
615
650
637
596
568
573
596
613
621
620
620
612
573
503
434
406
407
380
281
105
-110
-327
-500
-604
-639
-645
-664
-688
-679
-623
-542
-471
-427
-402
-375
-346
-343
-376
-411
-389
-308
-218
-196
-270
-395
-482
-459
-360
-265
-220
-217
-230
-237
-211
-148
-87
-68
-58
24
194
388
531
605
624
612
587
557
532
540
588
643
632
546
447
416
455
518
554
537
466
373
290
240
226
262
319
337
251
-18
-481
-961
-1010
-408
418
626
-47
-928
-1140
-518
362
847
573
-416
-1671
-2336
-1765
-138
1491
2045
1158
-674
-2428
-3035
-1994
61
1638
1498
-302
-2507
-3592
-2774
-496
1738
2399
1182
-723
-1785
-1421
-154
1163
1883
1723
873
-44
-393
-89
384
436
-130
-939
-1360
-1050
-311
250
300
5
-251
-156
407
1226
1825
1833
1389
989
1006
1428
1955
2186
1872
1131
409
36
-77
-229
-559
-1020
-1585
-2229
-2752
-2922
-2755
-2494
-2255
-1925
-1435
-902
-449
-5
543
1172
1742
2143
2302
2221
2019
1903
1975
2130
2163
1911
1381
766
342
217
223
85
-285
-725
-957
-805
-366
-41
-335
-1376
-2709
-3585
-3619
-3031
-2406
-2209
-2488
-2857
-2855
-2406
-1847
-1442
-1081
-571
38
556
932
1178
1257
1191
1237
1692
2537
3344
3589
3064
2043
1053
490
368
398
270
-101
-540
-789
-696
-268
379
1101
1793
2463
3169
3930
4635
5201
5632
5824
5303
3621
1116
-1155
-2396
-2749
-2799
-3011
-3634
-4724
-5870
-6470
-6321
-5660
-4663
-3400
-2145
-1191
-462
297
1107
1956
3048
4426
5716
6493
6653
6213
5180
3672
1940
166
-1567
-3156
-4621
-6080
-7502
-8576
-9080
-9055
-8618
-7766
-6521
-4978
-3196
-1226
805
2753
4588
6268
7679
8801
9761
10582
11071
11052
10558
9646
8257
6241
3479
121
-3227
-5804
-7331
-8151
-8753
-9360
-9901
-10109
-9729
-8799
-7611
-6262
-4552
-2432
-210
1816
3546
4873
5724
6308
6950
7653
8103
7986
7100
5379
3018
435
-2032
-4239
-6065
-7397
-8264
-8810
-9070
-8993
-8514
-7584
-6120
-4145
-1837
560
2830
4840
6584
8166
9585
10664
11187
11122
10568
9725
8813
7875
6516
4164
715
-3160
-6563
-8940
-10176
-10407
-10010
-9448
-8968
-8474
-7801
-6826
-5396
-3413
-1055
1334
3561
5511
6983
7843
8262
8445
8351
7842
6972
5828
4335
2353
-89
-2738
-5227
-7255
-8758
-9803
-10356
-10266
-9566
-8513
-7350
-6119
-4707
-2944
-761
1694
4125
6346
8267
9762
10722
11219
11328
10949
10056
8957
7985
6981
5369
2745
-708
-4276
-7130
-8794
-9347
-9160
-8539
-7647
-6617
-5600
-4671
-3774
-2731
-1388
269
2098
3898
5422
6412
6786
6737
6472
5977
5164
4129
3043
1905
513
-1270
-3359
-5499
-7402
-8839
-9638
-9734
-9191
-8200
-6957
-5600
-4140
-2520
-679
1302
3249
5074
6804
8428
9744
10490
10485
9722
8376
6822
5428
4269
2990
1141
-1433
-4377
-7069
-8955
-9792
-9706
-9027
-8053
-6927
-5712
-4480
-3292
-2177
-1150
-142
1042
2546
4174
5530
6379
6761
6707
6131
5012
3531
2002
620
-632
-1931
-3337
-4759
-6090
-7295
-8259
-8757
-8608
-7804
-6438
-4688
-2806
-1024
559
1972
3313
4728
6324
8032
9621
10786
11212
10672
9296
7609
6104
4753
3066
661
-2285
-5125
-7269
-8512
-8980
-8830
-8216
-7304
-6262
-5146
-3989
-2788
-1502
-96
1366
2771
4105
5342
6383
7139
7630
7801
7470
6475
4899
2981
991
-873
-2513
-3920
-5138
-6223
-7230
-8078
-8599
-8650
-8194
-7179
-5556
-3427
-1094
1114
3023
4592
5905
7075
8174
9172
9954
10341
10134
9321
8102
6674
4898
2505
-516
-3688
-6375
-8137
-8915
-8928
-8447
-7664
-6636
-5450
-4228
-3154
-2266
-1492
-659
324
1473
2708
3889
4863
5513
5795
5616
4873
3535
1806
-43
-1804
-3349
-4555
-5409
-6068
-6683
-7242
-7621
-7685
-7289
-6341
-4923
-3241
-1429
451
2283
3906
5282
6489
7613
8648
9513
10026
9998
9470
8677
7744
6387
4167
965
-2769
-6209
-8654
-9886
-10172
-9878
-9185
-8059
-6527
-4793
-3203
-1962
-1060
-355
275
933
1749
2777
3985
5244
6361
6965
6705
5477
3582
1463
-577
-2452
-4121
-5463
-6380
-6920
-7244
-7436
-7494
-7360
-6996
-6330
-5277
-3743
-1722
633
2963
4949
6530
7840
8967
9815
10271
10293
10030
9677
9307
8643
7249
4855
1591
-2053
-5414
-7885
-9234
-9544
-9008
-7735
-5976
-4156
-2681
-1669
-1011
-501
73
841
1840
3007
4278
5523
6615
7371
7596
7073
5782
3939
1817
-427
-2635
-4505
-5820
-6604
-7017
-7157
-7166
-7176
-7151
-6863
-6158
-5038
-3514
-1597
561
2689
4608
6233
7485
8266
8576
8490
8173
7834
7554
7113
6085
4201
1491
-1722
-4943
-7570
-9269
-10038
-10033
-9256
-7711
-5668
-3654
-2147
-1286
-911
-695
-407
88
877
2082
3685
5421
6840
7578
7448
6451
4741
2551
147
-2182
-4091
-5395
-6112
-6364
-6188
-5745
-5325
-5104
-4932
-4573
-3956
-3024
-1698
38
1975
3892
5624
7072
8113
8620
8519
7904
7152
6611
6239
5536
4102
1895
-788
-3569
-6034
-7911
-9123
-9655
-9389
-8207
-6320
-4210
-2413
-1202
-572
-316
-203
-59
255
925
2088
3667
5339
6676
7360
7189
6124
4222
1709
-1035
-3507
-5334
-6411
-6825
-6679
-6114
-5385
-4702
-4091
-3448
-2757
-1965
-941
466
2205
4092
5948
7612
8880
9505
9363
8580
7562
6683
5957
5009
3503
1455
-884
-3225
-5293
-6867
-7908
-8515
-8654
-8128
-6850
-5059
-3196
-1633
-540
113
432
544
627
981
1868
3244
4760
6005
6721
6763
6057
4566
2348
-345
-3040
-5257
-6762
-7527
-7527
-6779
-5559
-4290
-3246
-2456
-1874
-1412
-884
-56
1181
2796
4657
6555
8192
9253
9518
8969
7877
6611
5349
3930
2186
140
-2027
-4139
-5952
-7237
-7950
-8192
-7941
-7043
-5552
-3795
-2151
-806
138
663
848
876
941
1243
1936
2967
4060
4917
5371
5329
4710
3503
1764
-399
-2759
-4966
-6730
-7907
-8388
-8082
-7075
-5640
-4048
-2519
-1282
-431
221
988
1996
3201
4558
6024
7435
8496
8909
8532
7512
6168
4711
3089
1261
-673
-2540
-4258
-5672
-6637
-7139
-7305
-7098
-6322
-4941
-3209
-1494
-75
868
1316
1375
1220
1019
1033
1509
2461
3629
4672
5309
5325
4646
3351
1553
-634
-2967
-5095
-6750
-7795
-8107
-7636
-6558
-5160
-3635
-2128
-891
-94
418
966
1696
2569
3598
4861
6296
7629
8509
8708
8243
7247
5793
3839
1524
-821
-2928
-4712
-6024
-6653
-6647
-6369
-6030
-5451
-4425
-3045
-1608
-331
671
1326
1616
1592
1391
1306
1675
2565
3722
4838
5709
6117
5812
4696
2891
649
-1709
-3881
-5695
-7005
-7561
-7193
-6112
-4712
-3172
-1513
32
1113
1682
2045
2484
3090
3906
4977
6225
7409
8226
8443
8013
7028
5546
3533
1065
-1580
-4070
-6126
-7457
-7912
-7656
-7034
-6215
-5200
-4073
-2978
-1969
-1075
-399
-29
101
94
55
173
628
1372
2175
2894
3483
3831
3769
3223
2147
511
-1578
-3800
-5832
-7412
-8235
-8057
-6959
-5340
-3550
-1756
-101
1201
2062
2633
3119
3614
4152
4814
5657
6610
7478
8027
8115
7670
6616
4852
2446
-268
-2862
-5033
-6585
-7394
-7510
-7096
-6231
-4890
-3265
-1776
-739
-141
154
227
150
27
-22
107
517
1213
2094
3011
3788
4172
3971
3230
2109
682
-1050
-2982
-4914
-6607
-7764
-8084
-7466
-6082
-4200
-2084
-40
1646
2881
3740
4277
4513
4596
4800
5303
6036
6773
7301
7533
7438
6890
5673
3729
1294
-1315
-3827
-5939
-7311
-7831
-7660
-6917
-5567
-3723
-1828
-367
450
692
542
212
-150
-420
-428
5
861
1909
2972
3974
4734
4893
4215
2761
761
-1511
-3761
-5731
-7285
-8304
-8616
-8100
-6883
-5217
-3308
-1323
506
1957
2974
3653
4107
4439
4791
5307
6002
6739
7357
7742
7826
7482
6531
4859
2585
-16
-2670
-5089
-6896
-7822
-7934
-7467
-6469
-4856
-2811
-815
679
1489
1634
1245
521
-282
-846
-840
-139
1057
2430
3775
4907
5527
5351
4326
2619
468
-1875
-4187
-6262
-7835
-8631
-8520
-7617
-6123
-4207
-2115
-181
1324
2364
3050
3512
3841
4114
4432
4901
5544
6212
6655
6726
6407
5668
4419
2654
501
-1834
-4129
-6085
-7416
-8041
-8063
-7531
-6388
-4723
-2895
-1299
-127
554
666
215
-584
-1352
-1728
-1449
-441
1135
2932
4589
5829
6454
6324
5343
3515
1018
-1746
-4310
-6343
-7676
-8170
-7733
-6480
-4682
-2598
-448
1494
2958
3843
4244
4359
4406
4563
4913
5458
6130
6782
7214
7311
7077
6474
5336
3566
1277
-1231
-3643
-5660
-7091
-7902
-8097
-7635
-6540
-5073
-3597
-2343
-1413
-875
-737
-884
-1161
-1448
-1563
-1255
-396
906
2404
3863
5040
5693
5633
4748
3052
735
-1827
-4272
-6317
-7721
-8234
-7762
-6485
-4731
-2797
-877
834
2142
2936
3316
3505
3674
3873
4173
4712
5526
6403
7036
7324
7332
7052
6249
4719
2569
140
-2260
-4464
-6300
-7582
-8163
-8022
-7234
-6018
-4665
-3425
-2456
-1852
-1637
-1670
-1779
-1838
-1736
-1255
-287
1029
2475
3936
5317
6365
6786
6369
5020
2783
-21
-2899
-5373
-7090
-7828
-7545
-6461
-4890
-3070
-1170
555
1800
2467
2745
2924
3137
3401
3803
4492
5449
6399
7055
7396
7565
7541
7034
5809
3963
1774
-592
-3038
-5266
-6925
-7895
-8282
-8112
-7348
-6133
-4804
-3654
-2814
-2319
-2116
-2063
-1986
-1742
-1187
-236
1039
2476
3944
5323
6372
6794
6401
5206
3375
1140
-1256
-3559
-5488
-6792
-7336
-7120
-6217
-4797
-3127
-1503
-186
655
1032
1190
1427
1848
2412
3120
4010
4985
5855
6537
7091
7524
7663
7253
6177
4568
2609
362
-2116
-4532
-6535
-7990
-8873
-9050
-8433
-7289
-6046
-4948
-4012
-3229
-2565
-1927
-1283
-597
231
1280
2464
3666
4886
6045
6830
6953
6389
5256
3629
1629
-497
-2482
-4145
-5388
-6150
-6370
-6012
-5176
-4146
-3196
-2416
-1749
-1109
-372
574
1697
2825
3817
4672
5423
6081
6665
7219
7758
8197
8298
7759
6472
4567
2221
-435
-3145
-5547
-7463
-8916
-9803
-9856
-9063
-7785
-6338
-4774
-3149
-1669
-441
602
1504
2223
2802
3361
3928
4453
4905
5263
5454
5401
5077
4435
3411
2034
455
-1175
-2782
-4293
-5600
-6560
-7096
-7201
-6899
-6160
-4962
-3416
-1724
-7
1674
3169
4282
4992
5505
6017
6562
7085
7552
7972
8258
8150
7345
5795
3680
1155
-1693
-4600
-7164
-9143
-10523
-11230
-11107
-10187
-8724
-6946
-4961
-2930
-1087
401
1479
2174
2560
2724
2712
2647
2766
3217
3889
4580
5204
5707
5900
5562
4593
3004
862
-1672
-4329
-6802
-8788
-10020
-10356
-9792
-8422
-6436
-4111
-1712
590
2617
4138
5084
5666
6183
6745
7292
7773
8183
8537
8785
8746
8148
6826
4875
2483
-232
-3166
-6045
-8503
-10312
-11397
-11668
-11031
-9571
-7566
-5291
-2937
-720
1066
2202
2626
2446
1916
1376
1110
1291
2020
3287
4881
6457
7711
8400
8276
7137
4984
2004
-1467
-4997
-8129
-10490
-11865
-12143
-11345
-9648
-7308
-4587
-1793
744
2824
4442
5618
6343
6682
6832
6955
7118
7331
7562
7730
7793
7780
7583
6888
5457
3383
897
-1876
-4785
-7463
-9527
-10826
-11363
-11055
-9830
-7863
-5535
-3207
-1114
565
1684
2195
2219
2017
1895
2072
2644
3629
4962
6426
7671
8363
8298
7399
5662
3165
101
-3232
-6486
-9307
-11378
-12496
-12578
-11654
-9865
-7460
-4707
-1843
898
3275
5112
6339
6928
6902
6439
5816
5242
4813
4636
4802
5257
5802
6276
6556
6441
5660
4112
1927
-686
-3539
-6356
-8743
-10401
-11229
-11237
-10355
-8600
-6218
-3652
-1254
812
2463
3632
4269
4437
4308
4103
3976
3972
4060
4221
4396
4453
4201
3497
2280
543
-1663
-4176
-6703
-8901
-10465
-11196
-11022
-9989
-8237
-5986
-3497
-978
1389
3365
4666
5183
5051
4475
3617
2709
2101
2057
2636
3765
5290
6920
8287
9118
9279
8673
7230
4974
2113
-1035
-4116
-6818
-8831
-9891
-9926
-9094
-7591
-5530
-3111
-756
1117
2388
3127
3365
3125
2553
1863
1255
873
788
937
1231
1642
2084
2328
2194
1717
991
22
-1224
-2657
-4075
-5226
-5916
-6127
-5984
-5554
-4816
-3893
-3067
-2480
-2009
-1555
-1171
-829
-294
620
1875
3327
4850
6283
7478
8386
8995
9211
8936
8214
7183
5991
4769
3605
2481
1340
183
-961
-2100
-3232
-4319
-5351
-6292
-6971
-7176
-6883
-6230
-5298
-4123
-2848
-1692
-780
-114
318
544
652
811
1161
1753
2501
3288
4044
4702
5111
5105
4614
3646
2174
190
-2185
-4675
-6983
-8900
-10276
-10933
-10707
-9592
-7777
-5518
-3011
-462
1851
3652
4823
5400
5510
5328
5055
4882
4970
5436
6260
7278
8255
9001
9337
9097
8203
6698
4621
2004
-998
-4060
-6826
-9048
-10571
-11360
-11448
-10909
-9782
-8207
-6417
-4594
-2799
-1124
270
1309
2075
2645
3038
3348
3751
4340
5038
5734
6317
6628
6458
5683
4328
2521
415
-1853
-4138
-6286
-8128
-9485
-10230
-10356
-9956
-9128
-7897
-6291
-4403
-2334
-141
2102
4240
6132
7734
9046
9994
10468
10450
10011
9239
8223
7086
5955
4904
3910
2931
1928
939
-24
-1028
-2240
-3750
-5444
-7086
-8481
-9506
-9996
-9869
-9182
-8041
-6414
-4316
-1977
274
2233
3759
4654
4816
4364
3510
2430
1365
608
318
466
995
1797
2634
3210
3361
3007
2040
443
-1588
-3706
-5615
-7066
-7854
-7840
-7023
-5495
-3437
-1105
1202
3237
4839
5908
6367
6205
5562
4726
3981
3408
2911
2456
2199
2301
2690
3075
3203
3018
2597
1966
1088
24
-1026
-1798
-2150
-2094
-1798
-1450
-1165
-983
-991
-1306
-1931
-2750
-3608
-4366
-4821
-4851
-4504
-3912
-3107
-2121
-1144
-405
26
216
206
50
-98
-16
439
1312
2524
3898
5199
6223
6790
6736
6005
4647
2772
514
-1858
-4014
-5728
-6954
-7661
-7777
-7304
-6392
-5237
-3986
-2741
-1575
-545
300
927
1385
1770
2114
2402
2687
3060
3476
3809
4035
4234
4361
4265
3886
3349
2808
2366
2067
1937
1955
2022
1912
1344
267
-1121
-2621
-4275
-6038
-7607
-8626
-9007
-8707
-7582
-5606
-3096
-454
2070
4232
5732
6408
6343
5653
4470
3081
1875
1091
796
1021
1711
2611
3405
3910
3997
3517
2383
691
-1419
-3801
-6194
-8237
-9658
-10327
-10153
-9141
-7470
-5375
-2986
-497
1711
3292
4211
4621
4588
4148
3463
2765
2212
1873
1785
1949
2321
2860
3463
3951
4198
4221
4069
3685
3021
2190
1393
765
366
202
182
127
-34
-227
-401
-621
-925
-1226
-1510
-1879
-2371
-2852
-3241
-3610
-3962
-4095
-3870
-3375
-2747
-2006
-1171
-350
424
1213
1994
2618
2995
3156
3125
2910
2555
2092
1478
700
-166
-1052
-1984
-2945
-3807
-4464
-4935
-5248
-5378
-5319
-5091
-4653
-3960
-3073
-2073
-930
427
1902
3303
4551
5663
6570
7098
7146
6765
6083
5224
4272
3263
2249
1345
689
323
184
182
230
232
128
-51
-212
-297
-340
-440
-614
-749
-728
-608
-565
-700
-1020
-1530
-2204
-2875
-3364
-3650
-3841
-3941
-3902
-3744
-3519
-3217
-2838
-2439
-2041
-1570
-1023
-485
34
634
1362
2137
2896
3625
4255
4647
4718
4478
3937
3106
2029
771
-609
-1968
-3082
-3793
-4137
-4186
-3959
-3508
-2960
-2456
-2045
-1767
-1647
-1698
-1840
-1977
-1968
-1678
-1032
-80
1091
2393
3700
4832
5653
6132
6281
6134
5787
5359
4921
4503
4152
3915
3767
3645
3517
3326
2942
2178
976
-569
-2337
-4260
-6232
-8029
-9390
-10145
-10202
-9504
-8117
-6274
-4252
-2209
-284
1298
2341
2832
2900
2714
2491
2451
2701
3219
3998
5054
6247
7257
7797
7723
6960
5457
3278
644
-2164
-4874
-7238
-9077
-10289
-10838
-10733
-10081
-9043
-7723
-6190
-4578
-3072
-1755
-595
435
1328
2149
3045
4090
5235
6370
7391
8174
8607
8626
8228
7438
6341
5094
3848
2714
1813
1293
1179
1306
1466
1571
1566
1338
810
82
-662
-1331
-1932
-2475
-2887
-3101
-3118
-3069
-3082
-3204
-3426
-3742
-4153
-4567
-4874
-4989
-4867
-4441
-3676
-2610
-1353
-16
1278
2426
3363
4073
4513
4624
4412
3941
3256
2381
1402
462
-357
-1108
-1863
-2641
-3429
-4237
-5091
-5975
-6839
-7595
-8124
-8290
-7992
-7191
-5894
-4160
-2136
-9
2073
3988
5582
6714
7369
7639
7577
7207
6641
6070
5598
5187
4759
4282
3748
3170
2558
1872
1053
138
-732
-1460
-2031
-2398
-2465
-2212
-1733
-1100
-299
675
1724
2679
3348
3594
3390
2815
1956
883
-311
-1491
-2563
-3456
-4076
-4331
-4227
-3894
-3469
-3030
-2619
-2265
-1974
-1718
-1476
-1210
-843
-316
338
1039
1761
2517
3250
3814
4082
4001
3549
2720
1539
90
-1500
-3096
-4561
-5790
-6677
-7149
-7194
-6884
-6295
-5482
-4538
-3606
-2781
-2029
-1284
-547
160
896
1765
2803
3950
5099
6140
6974
7520
7717
7527
6989
6230
5375
4470
3543
2700
2074
1675
1423
1285
1307
1466
1611
1623
1497
1279
972
584
197
-114
-381
-672
-985
-1250
-1464
-1715
-2088
-2610
-3233
-3891
-4494
-4998
-5366
-5507
-5316
-4822
-4188
-3517
-2787
-1979
-1208
-595
-155
160
351
436
505
680
972
1280
1495
1556
1443
1133
626
-66
-895
-1809
-2768
-3757
-4711
-5499
-5983
-6121
-5939
-5464
-4680
-3608
-2316
-921
474
1794
3021
4157
5197
6119
6906
7552
8063
8414
8569
8480
8110
7434
6455
5230
3861
2477
1180
53
-818
-1361
-1547
-1425
-1080
-630
-180
200
484
639
611
397
83
-264
-675
-1177
-1706
-2174
-2572
-2937
-3274
-3568
-3808
-3942
-3909
-3740
-3566
-3459
-3361
-3203
-3027
-2893
-2764
-2532
-2126
-1575
-902
-118
762
1686
2580
3369
3956
4273
4306
4095
3671
3059
2274
1325
217
-1028
-2331
-3607
-4778
-5789
-6581
-7095
-7243
-6948
-6189
-5047
-3633
-2038
-358
1267
2701
3891
4855
5596
6084
6291
6254
6063
5801
5517
5254
5066
4979
4963
4956
4904
4762
4499
4072
3437
2560
1478
289
-889
-1970
-2881
-3558
-3956
-4050
-3833
-3326
-2668
-2061
-1684
-1582
-1736
-2092
-2578
-3094
-3574
-3978
-4271
-4365
-4167
-3646
-2874
-1979
-1071
-231
490
1018
1324
1405
1312
1123
956
913
1027
1270
1617
2042
2464
2747
2790
2567
2066
1280
230
-981
-2241
-3443
-4510
-5347
-5842
-5907
-5533
-4822
-3907
-2885
-1785
-664
368
1217
1879
2422
2880
3273
3628
4011
4448
4932
5411
5833
6167
6392
6488
6399
6070
5484
4658
3614
2405
1152
-30
-1138
-2217
-3242
-4093
-4678
-4987
-5024
-4781
-4280
-3592
-2763
-1816
-826
24
537
618
302
-301
-1074
-1922
-2754
-3458
-3905
-3976
-3623
-2891
-1894
-799
226
1029
1516
1650
1458
1031
530
122
-98
-102
102
482
972
1488
1961
2321
2491
2391
1968
1199
136
-1092
-2331
-3460
-4383
-5006
-5258
-5106
-4590
-3807
-2895
-1981
-1145
-428
135
536
832
1126
1511
2057
2799
3725
4747
5749
6592
7142
7326
7151
6654
5853
4794
3618
2532
1703
1185
950
870
774
526
85
-549
-1381
-2383
-3429
-4325
-4948
-5247
-5221
-4886
-4302
-3548
-2697
-1823
-1028
-420
-87
-43
-240
-576
-952
-1285
-1504
-1539
-1335
-894
-283
412
1066
1541
1712
1527
1024
317
-448
-1144
-1669
-1944
-1895
-1488
-738
249
1280
2139
2679
2861
2710
2270
1592
757
-129
-947
-1587
-2019
-2272
-2387
-2369
-2227
-1982
-1658
-1274
-879
-526
-206
132
546
1054
1639
2252
2835
3341
3735
3961
3979
3798
3487
3091
2628
2115
1577
1052
579
189
-163
-553
-1019
-1533
-2059
-2598
-3154
-3696
-4128
-4326
-4197
-3722
-2960
-1999
-940
84
898
1368
1478
1309
944
489
55
-256
-424
-462
-337
-2
505
1035
1426
1585
1505
1212
769
246
-278
-718
-950
-871
-438
298
1191
2050
2708
3081
3129
2807
2102
1073
-141
-1392
-2573
-3600
-4393
-4879
-5023
-4865
-4502
-4024
-3479
-2921
-2428
-2026
-1654
-1242
-771
-235
400
1162
2031
2947
3812
4524
5016
5284
5306
5071
4647
4185
3796
3477
3201
2981
2813
2611
2284
1789
1119
280
-662
-1586
-2398
-3057
-3538
-3773
-3702
-3340
-2766
-2077
-1371
-757
-346
-205
-338
-684
-1123
-1532
-1825
-1948
-1857
-1549
-1074
-520
59
587
969
1102
969
624
162
-324
-734
-970
-956
-672
-167
467
1095
1596
1866
1841
1499
886
101
-714
-1432
-1953
-2222
-2244
-2084
-1837
-1553
-1269
-1031
-903
-877
-881
-821
-645
-335
115
707
1425
2215
2998
3681
4177
4403
4325
3966
3405
2731
2028
1380
861
502
290
185
158
174
166
43
-256
-733
-1334
-1969
-2526
-2917
-3108
-3109
-2959
-2697
-2341
-1886
-1362
-868
-530
-445
-624
-995
-1415
-1736
-1863
-1771
-1477
-982
-317
434
1131
1667
2008
2151
2094
1862
1519
1169
908
831
989
1339
1754
2119
2380
2528
2524
2301
1822
1146
387
-353
-1009
-1547
-1933
-2161
-2241
-2223
-2187
-2190
-2232
-2289
-2373
-2491
-2610
-2640
-2538
-2319
-2018
-1640
-1180
-663
-113
460
1018
1473
1772
1957
2122
2297
2458
2563
2592
2532
2370
2109
1763
1370
981
634
319
14
-271
-475
-544
-467
-284
-76
66
93
-5
-203
-468
-743
-988
-1192
-1380
-1554
-1646
-1539
-1158
-548
146
773
1269
1640
1905
2051
2052
1909
1645
1299
928
602
406
389
556
848
1201
1533
1758
1788
1571
1146
627
109
-377
-842
-1282
-1668
-1996
-2288
-2594
-2951
-3357
-3781
-4160
-4436
-4541
-4427
-4063
-3421
-2492
-1305
-1
1243
2258
2954
3326
3437
3365
3147
2815
2449
2151
1974
1927
2010
2215
2458
2608
2564
2313
1867
1248
486
-341
-1156
-1915
-2587
-3096
-3342
-3259
-2866
-2257
-1551
-887
-361
-13
171
231
198
87
-105
-334
-510
-547
-447
-273
-61
205
508
775
914
882
676
347
-22
-333
-523
-574
-504
-352
-129
199
672
1232
1730
2021
2059
1869
1498
992
438
-77
-518
-909
-1286
-1645
-1961
-2211
-2427
-2641
-2861
-3054
-3169
-3139
-2953
-2652
-2289
-1847
-1290
-655
-33
535
1068
1569
2017
2431
2839
3209
3479
3630
3678
3606
3401
3100
2750
2332
1832
1323
919
638
421
211
-25
-338
-770
-1297
-1861
-2420
-2945
-3350
-3546
-3477
-3154
-2585
-1814
-937
-86
647
1237
1678
1996
2222
2399
2547
2654
2676
2578
2356
2009
1553
1035
537
130
-170
-363
-447
-425
-303
-73
248
553
695
604
344
30
-240
-437
-591
-758
-975
-1222
-1496
-1836
-2275
-2778
-3264
-3675
-3972
-4091
-3981
-3648
-3148
-2541
-1879
-1208
-557
57
606
1037
1337
1572
1845
2223
2680
3133
3485
3673
3689
3590
3415
3153
2779
2316
1827
1346
876
403
-105
-689
-1344
-1985
-2503
-2818
-2902
-2752
-2388
-1848
-1189
-467
259
925
1457
1774
1806
1548
1098
625
280
102
31
3
-3
29
66
58
-68
-344
-744
-1173
-1507
-1690
-1757
-1775
-1753
-1647
-1421
-1094
-728
-376
-53
248
525
729
809
765
636
436
140
-271
-773
-1302
-1800
-2197
-2430
-2484
-2392
-2220
-2017
-1826
-1649
-1472
-1292
-1104
-882
-538
19
830
1833
2872
3782
4464
4905
5107
5048
4722
4183
3554
2945
2403
1919
1503
1166
872
533
71
-514
-1164
-1796
-2314
-2640
-2756
-2721
-2588
-2350
-1971
-1450
-838
-220
324
746
1044
1258
1437
1602
1717
1729
1621
1438
1239
1050
852
613
354
135
21
19
60
66
-8
-127
-234
-312
-392
-512
-637
-684
-572
-305
7
223
265
139
-136
-562
-1131
-1747
-2315
-2798
-3210
-3544
-3765
-3867
-3866
-3770
-3572
-3293
-2958
-2532
-1953
-1198
-329
590
1501
2338
3009
3462
3710
3775
3665
3414
3101
2797
2540
2332
2175
2067
1996
1925
1774
1469
1004
477
-16
-463
-903
-1306
-1569
-1617
-1445
-1116
-683
-212
238
644
1003
1285
1438
1458
1405
1332
1236
1088
880
650
438
292
197
71
-158
-473
-778
-1018
-1228
-1477
-1755
-1977
-2060
-1988
-1813
-1623
-1487
-1412
-1346
-1257
-1175
-1175
-1267
-1408
-1554
-1715
-1899
-2060
-2147
-2163
-2130
-2058
-1952
-1860
-1829
-1841
-1811
-1656
-1368
-978
-529
-22
553
1182
1807
2348
2749
2982
3041
2964
2819
2687
2619
2644
2768
2960
3176
3360
3486
3509
3365
2985
2346
1510
593
-260
-923
-1312
-1429
-1340
-1125
-832
-504
-173
130
358
465
435
310
150
2
-107
-150
-110
1
142
294
449
593
669
643
526
345
104
-202
-527
-814
-1032
-1195
-1324
-1432
-1498
-1488
-1387
-1265
-1213
-1261
-1350
-1412
-1424
-1398
-1356
-1336
-1365
-1418
-1455
-1479
-1527
-1617
-1753
-1936
-2122
-2206
-2105
-1827
-1435
-966
-418
190
830
1436
1944
2276
2410
2388
2300
2222
2180
2177
2221
2355
2597
2910
3194
3346
3320
3124
2811
2400
1882
1252
580
-3
-395
-577
-589
-494
-362
-242
-168
-162
-290
-599
-1054
-1508
-1813
-1916
-1848
-1640
-1305
-881
-443
-76
173
291
273
94
-253
-720
-1196
-1570
-1794
-1864
-1812
-1692
-1575
-1504
-1490
-1541
-1663
-1827
-1957
-2004
-1982
-1987
-2073
-2198
-2245
-2139
-1909
-1639
-1390
-1151
-863
-528
-229
-55
12
70
201
432
756
1149
1579
2020
2453
2848
3135
3257
3200
3017
2773
2505
2257
2073
2002
2053
2208
2431
2633
2711
2604
2318
1895
1361
760
169
-323
-625
-680
-497
-182
144
411
595
657
553
289
-81
-485
-845
-1076
-1144
-1087
-967
-810
-612
-374
-125
68
125
10
-213
-437
-582
-631
-606
-540
-451
-334
-176
-11
70
-1
-210
-470
-698
-865
-987
-1096
-1214
-1330
-1415
-1429
-1370
-1267
-1165
-1099
-1092
-1154
-1266
-1391
-1455
-1417
-1272
-1049
-760
-395
33
498
955
1363
1662
1829
1885
1822
1600
1229
841
579
505
573
693
777
792
778
772
714
498
114
-306
-650
-893
-1043
-1074
-966
-721
-378
0
313
495
556
540
460
282
8
-312
-563
-633
-498
-247
3
213
386
555
748
950
1072
1017
830
643
556
575
673
807
915
980
1044
1108
1075
868
533
164
-207
-558
-842
-1032
-1178
-1318
-1412
-1416
-1380
-1365
-1372
-1363
-1338
-1329
-1332
-1306
-1249
-1180
-1114
-1034
-941
-851
-749
-609
-433
-277
-173
-126
-130
-201
-310
-370
-296
-86
166
352
399
293
61
-203
-417
-574
-727
-863
-875
-735
-515
-272
18
362
707
1039
1361
1604
1681
1636
1526
1316
972
641
522
618
817
1066
1339
1528
1596
1624
1699
1735
1686
1598
1542
1482
1433
1433
1470
1466
1443
1454
1450
1324
1090
840
575
263
-32
-231
-349
-402
-363
-243
-165
-200
-337
-565
-922
-1370
-1856
-2282
-2588
-2705
-2677
-2569
-2358
-2002
-1606
-1291
-1046
-820
-664
-664
-723
-760
-806
-952
-1090
-1091
-970
-899
-886
-794
-638
-609
-774
-902
-916
-967
-1145
-1185
-989
-806
-791
-662
-202
292
483
454
476
483
351
232
339
529
540
459
564
838
1002
989
990
1088
1159
1164
1149
1125
1022
865
789
879
1111
1346
1468
1498
1542
1614
1554
1375
1258
1226
1066
715
443
340
252
121
169
330
319
108
6
75
28
-168
-260
-188
-195
-335
-442
-452
-468
-490
-489
-549
-701
-875
-1026
-1189
-1285
-1214
-1072
-1005
-980
-896
-801
-763
-718
-603
-473
-389
-342
-309
-319
-333
-319
-288
-239
-180
-76
14
100
90
-8
-64
68
236
160
-47
-150
-148
-218
-255
-107
65
43
-6
95
234
146
-13
-13
139
196
165
165
223
307
423
665
950
1231
1381
1376
1228
1135
1188
1266
1253
1211
1240
1183
979
873
959
993
766
602
564
390
-51
-329
-291
-301
-507
-635
-532
-542
-746
-832
-656
-480
-508
-533
-546
-636
-830
-784
-513
-273
-294
-379
-380
-385
-496
-659
-717
-786
-974
-1279
-1436
-1445
-1462
-1500
-1374
-1091
-982
-1086
-1103
-937
-871
-1066
-1232
-1209
-1160
-1171
-965
-465
10
198
336
640
936
935
759
649
565
329
159
313
604
658
623
894
1357
1571
1552
1658
1853
1830
1637
1702
1925
1958
1728
1686
1829
1799
1544
1434
1535
1402
932
501
296
34
-426
-750
-759
-701
-779
-753
-505
-337
-459
-649
-631
-543
-566
-654
-750
-857
-1005
-1050
-982
-838
-725
-637
-598
-618
-670
-761
-875
-1022
-1155
-1305
-1442
-1478
-1468
-1488
-1528
-1440
-1269
-1084
-866
-612
-437
-415
-398
-309
-160
-4
246
565
740
757
808
1000
1106
1038
926
795
532
177
18
101
266
389
612
956
1238
1367
1431
1508
1468
1337
1276
1337
1394
1331
1263
1283
1305
1252
1143
1135
1117
959
642
284
-42
-350
-536
-650
-727
-884
-1034
-1065
-1005
-905
-935
-969
-1028
-1056
-1103
-1167
-1167
-1159
-1021
-900
-839
-924
-1018
-1033
-1030
-970
-884
-767
-806
-928
-1004
-993
-946
-849
-585
-313
-200
-208
-194
-119
-64
37
183
230
183
179
290
364
392
507
665
649
473
337
346
412
512
601
606
573
670
908
1134
1333
1574
1767
1755
1671
1665
1606
1394
1182
1110
1037
832
650
530
406
236
137
105
-20
-222
-378
-420
-450
-481
-487
-526
-621
-723
-801
-861
-846
-741
-612
-542
-480
-473
-495
-498
-422
-336
-272
-215
-219
-327
-419
-392
-343
-469
-648
-746
-791
-932
-1007
-811
-515
-303
-199
39
303
452
413
275
139
-36
-224
-366
-320
-207
-196
-287
-302
-199
-179
-167
-36
215
266
88
-1
91
161
85
177
471
699
659
581
565
477
243
36
-29
-124
-296
-412
-287
-94
51
114
208
249
210
164
174
160
-37
-266
-425
-450
-444
-339
-144
27
109
144
185
191
210
202
216
201
264
369
476
515
479
450
406
432
471
545
519
430
378
371
377
301
266
291
405
451
440
426
497
641
757
855
833
651
290
12
-80
-49
-47
-65
-68
-114
-181
-205
-124
-69
-123
-285
-427
-531
-598
-651
-604
-502
-391
-385
-421
-414
-361
-259
-244
-297
-512
-685
-731
-655
-571
-541
-546
-718
-840
-881
-810
-901
-1069
-1208
-1319
-1411
-1485
-1393
-1293
-1122
-1008
-809
-624
-404
-191
-63
62
138
224
195
263
431
577
556
526
681
842
919
950
1053
1053
909
793
862
960
926
834
844
940
988
983
918
793
598
468
481
541
545
426
229
-56
-280
-295
-113
53
99
165
221
175
51
25
58
-49
-225
-323
-334
-415
-500
-425
-265
-186
-242
-280
-274
-348
-423
-398
-273
-295
-517
-718
-712
-559
-480
-437
-405
-397
-544
-655
-542
-372
-294
-313
-237
-182
-183
-94
87
213
242
371
506
472
339
415
583
590
525
548
585
442
431
664
919
901
818
847
851
767
662
689
625
458
280
199
191
102
55
64
170
196
159
155
163
162
93
192
314
362
290
253
278
191
38
-131
-236
-335
-348
-301
-292
-378
-493
-594
-679
-747
-694
-580
-448
-324
-211
-139
-162
-221
-259
-246
-216
-133
-83
-150
-337
-513
-594
-667
-728
-758
-742
-785
-797
-730
-629
-642
-752
-754
-758
-754
-822
-748
-700
-705
-621
-392
-74
33
162
307
511
623
733
893
900
792
628
561
367
110
-13
99
287
389
497
528
503
488
641
835
871
776
607
444
317
319
484
646
724
727
724
771
846
891
869
807
793
792
637
407
208
108
32
-20
41
80
37
-92
-155
-243
-394
-525
-548
-516
-611
-703
-826
-878
-1038
-1148
-1222
-1229
-1236
-1320
-1406
-1535
-1590
-1607
-1484
-1288
-1051
-842
-653
-442
-275
-135
-60
-12
-64
-213
-289
-282
-129
30
274
485
649
719
735
686
490
286
67
-31
-80
-34
59
144
279
466
732
900
1062
1158
1324
1464
1568
1582
1467
1412
1430
1612
1734
1733
1502
1260
1112
1060
994
879
794
596
328
9
-206
-424
-603
-612
-454
-394
-587
-761
-716
-547
-570
-668
-679
-631
-692
-858
-959
-1078
-1266
-1403
-1342
-1175
-1065
-1043
-1038
-1084
-1216
-1343
-1349
-1212
-1046
-878
-737
-602
-511
-394
-295
-199
-153
-153
-170
-147
-23
99
184
230
315
431
517
573
638
749
823
855
877
882
828
780
838
935
976
981
1007
995
887
790
815
846
719
439
211
63
-69
-162
-217
-330
-583
-794
-821
-717
-677
-698
-712
-808
-925
-946
-665
-376
-301
-374
-353
-245
-235
-237
-193
-148
-237
-239
-153
-101
-232
-329
-322
-397
-560
-662
-627
-617
-637
-637
-579
-634
-626
-542
-328
-111
110
335
479
608
752
924
985
1001
947
899
784
739
706
641
565
545
578
572
625
748
890
855
780
728
708
550
404
441
597
712
748
782
730
603
536
638
761
756
612
436
244
90
11
68
124
123
-20
-294
-563
-694
-604
-456
-327
-296
-364
-466
-434
-313
-259
-281
-260
-153
-175
-311
-471
-569
-690
-755
-723
-655
-673
-695
-614
-588
-717
-902
-980
-906
-809
-694
-595
-617
-716
-781
-608
-340
-123
14
124
217
182
227
334
455
419
372
450
490
409
369
486
587
570
564
592
452
150
-51
-61
-103
-220
-251
-81
107
210
396
528
505
307
245
352
412
348
223
155
25
-37
-50
-26
-203
-481
-631
-696
-727
-808
-796
-847
-899
-961
-837
-665
-448
-203
-10
92
43
44
-1
-20
-3
187
411
508
508
448
380
295
296
340
261
10
-267
-381
-394
-349
-254
-231
-378
-657
-717
-543
-345
-290
-254
-163
-116
-91
42
321
496
568
595
659
613
560
607
725
682
485
273
131
17
-6
144
265
268
121
101
154
277
377
516
516
326
81
42
266
523
735
839
882
788
586
350
262
275
302
267
220
186
122
104
140
177
126
74
80
123
113
59
-43
-117
-161
-134
-87
-36
60
90
39
-109
-204
-308
-426
-483
-516
-588
-790
-890
-893
-848
-757
-602
-426
-449
-490
-494
-399
-405
-471
-566
-766
-985
-1197
-1183
-1085
-930
-846
-777
-735
-718
-697
-641
-511
-360
-213
-101
33
218
437
572
594
529
511
540
628
731
746
664
506
503
551
550
459
484
541
468
325
246
303
290
311
341
352
269
196
248
415
614
716
727
629
550
478
374
174
-32
-232
-401
-525
-521
-378
-231
-77
12
4
-50
-56
-6
-31
-160
-315
-389
-424
-484
-551
-645
-701
-815
-897
-901
-786
-619
-505
-440
-495
-560
-610
-485
-307
-152
-71
-19
53
138
297
470
621
714
776
817
794
840
911
950
861
758
757
752
726
655
650
590
553
556
553
434
199
111
74
50
-37
-53
-66
-69
-24
113
275
352
428
376
292
181
186
193
110
19
-113
-257
-388
-306
-206
-241
-425
-547
-592
-628
-525
-329
-105
-52
22
142
304
434
506
537
474
440
445
429
339
213
86
-27
-51
-50
-99
-252
-335
-249
-171
-118
-140
-115
-157
-186
-179
-154
-146
-216
-275
-374
-361
-315
-202
-193
-177
-211
-291
-383
-397
-245
-204
-352
-622
-754
-794
-823
-866
-821
-804
-870
-962
-981
-914
-830
-709
-573
-494
-538
-580
-600
-549
-517
-470
-450
-441
-366
-236
-120
-104
-58
-19
47
84
228
363
419
412
465
636
766
878
931
950
850
776
752
751
647
595
603
613
554
492
506
529
566
592
624
576
507
408
343
253
137
-31
-106
41
351
569
574
478
307
104
-36
55
246
281
216
153
173
134
109
175
248
214
1
-200
-403
-521
-665
-762
-813
-808
-715
-589
-346
-178
-96
-188
-217
-146
23
144
162
94
-42
-191
-324
-310
-215
-84
-53
-53
-107
-177
-201
-51
202
331
290
213
200
169
129
189
315
392
435
531
730
889
962
861
711
578
568
570
599
616
539
330
106
32
-4
-112
-283
-380
-484
-597
-673
-603
-580
-615
-715
-717
-693
-661
-610
-609
-616
-601
-525
-519
-572
-594
-506
-483
-583
-701
-753
-844
-1014
-1132
-1068
-949
-904
-863
-760
-644
-588
-468
-261
-176
-293
-406
-331
-188
-112
24
274
444
422
330
354
348
323
326
472
585
572
505
421
374
299
338
396
474
473
497
524
599
708
842
999
1117
1199
1172
1160
1160
1182
1148
1039
932
862
855
844
795
695
635
546
482
402
308
160
-53
-196
-307
-366
-448
-415
-350
-278
-308
-321
-284
-309
-390
-509
-514
-586
-684
-737
-704
-653
-662
-559
-417
-336
-404
-452
-463
-497
-532
-486
-357
-341
-313
-197
13
100
78
119
230
327
321
261
136
14
-99
-75
-7
106
186
230
219
150
117
137
184
187
114
25
-40
-23
67
218
326
261
102
-10
50
140
221
209
120
-26
-142
-76
67
213
228
171
93
-15
-96
-131
-74
-4
66
53
19
-54
-89
-110
-149
-186
-233
-160
-83
-42
-112
-125
-102
-42
-1
33
20
-162
-306
-378
-277
-336
-436
-510
-496
-563
-632
-503
-300
-225
-328
-384
-462
-518
-493
-235
-76
-145
-346
-403
-389
-431
-419
-301
-176
-230
-275
-202
-69
-49
-92
-112
-195
-305
-351
-311
-345
-467
-432
-173
69
178
192
237
220
229
345
477
412
198
147
225
371
459
641
736
696
624
688
838
913
940
959
982
933
887
806
720
623
612
605
557
449
298
145
56
107
147
147
150
280
357
344
182
-3
-196
-301
-214
-57
89
62
-84
-325
-461
-450
-322
-227
-217
-296
-459
-536
-434
-251
-132
-152
-240
-415
-509
-477
-367
-377
-495
-580
-650
-634
-610
-548
-615
-723
-751
-629
-457
-323
-258
-290
-351
-373
-267
-135
19
135
225
286
326
311
215
173
205
315
387
498
501
403
317
369
538
616
657
584
462
280
235
342
503
592
558
469
336
296
333
398
360
306
295
256
133
-22
-93
-106
-106
-84
-81
-173
-328
-504
-602
-694
-723
-692
-623
-607
-625
-590
-520
-446
-395
-357
-367
-343
-203
20
132
118
70
108
194
301
390
431
380
217
91
-42
-131
-220
-176
-42
57
57
-10
-75
-88
-25
111
257
364
397
331
153
-14
-35
78
273
465
678
732
622
460
459
563
650
608
479
297
127
18
-104
-179
-280
-310
-331
-305
-246
-189
-154
-143
-143
-202
-299
-398
-408
-387
-357
-335
-361
-413
-456
-428
-362
-278
-192
-152
-133
-121
-69
-30
-40
-88
-208
-279
-293
-203
-157
-161
-279
-443
-537
-491
-275
-99
78
200
285
269
215
208
236
304
350
404
355
323
273
197
46
-53
34
184
332
330
297
221
233
281
332
294
168
12
-95
-94
-100
-119
-217
-266
-301
-291
-281
-249
-227
-262
-377
-540
-608
-603
-471
-338
-162
-83
-40
-16
42
103
151
290
396
397
231
171
267
442
577
636
650
566
520
488
457
335
252
306
416
452
353
322
324
371
351
355
366
359
405
471
560
544
522
489
461
430
460
506
408
242
101
46
-76
-190
-201
-195
-288
-472
-556
-567
