-503
-607
-726
-794
-797
-762
-704
-629
-554
-500
-479
-477
-490
-505
-505
-463
-407
-388
-454
-589
-712
-773
-769
-735
-692
-658
-645
-641
-614
-541
-469
-441
-455
-459
-418
-343
-268
-212
-165
-96
10
143
272
385
475
527
525
492
469
476
492
512
551
592
587
528
462
429
416
402
396
416
453
479
458
386
287
200
157
170
226
286
296
238
134
34
-37
-85
-109
-120
-113
-91
-53
-4
55
116
136
101
38
10
31
92
191
313
402
403
310
168
44
-19
-14
19
50
89
175
308
438
497
479
433
411
414
405
375
349
348
352
324
266
215
188
181
178
170
152
121
97
101
135
179
206
198
158
98
50
31
29
8
-47
-114
-159
-179
-198
-238
-303
-374
-439
-476
-500
-531
-576
-618
-637
-654
-688
-731
-767
-797
-828
-842
-801
-710
-595
-482
-387
-315
-251
-195
-179
-208
-230
-185
-88
-11
15
-4
-41
-84
-113
-135
-171
-223
-272
-305
-324
-322
-273
-168
-53
43
95
118
140
195
284
354
359
306
251
237
270
315
339
343
359
409
471
506
486
418
330
267
243
223
144
3
-125
-163
-110
-30
24
50
65
86
109
110
71
1
-62
-97
-119
-164
-240
-325
-390
-413
-404
-386
-373
-348
-283
-184
-70
23
97
150
196
231
242
212
153
83
42
53
109
174
218
250
291
342
379
376
325
250
195
204
267
321
303
217
124
77
102
179
265
310
308
320
393
516
647
741
756
670
509
353
270
237
195
79
-99
-264
-337
-311
-252
-218
-227
-248
-275
-304
-338
-376
-428
-502
-574
-612
-602
-565
-535
-501
-457
-412
-402
-426
-441
-428
-408
-401
-379
-294
-160
-44
-2
-23
-56
-58
-26
12
36
50
76
149
272
394
442
400
333
300
289
240
126
-7
-74
-35
80
185
230
229
236
272
302
297
258
221
206
214
232
244
223
161
91
47
41
34
-1
-47
-66
-46
-32
-50
-104
-185
-292
-401
-472
-500
-528
-580
-644
-668
-632
-541
-442
-389
-401
-459
-513
-529
-466
-314
-113
44
102
70
17
1
24
40
7
-61
-129
-174
-195
-187
-148
-89
-22
43
111
179
240
294
354
413
448
435
393
352
315
282
265
280
299
296
284
284
287
270
231
194
172
163
148
120
95
101
142
190
218
210
164
97
34
-2
-16
-28
-39
-45
-48
-60
-78
-83
-71
-64
-92
-141
-180
-188
-174
-144
-109
-88
-115
-193
-274
-294
-238
-140
-52
9
60
108
141
133
93
49
28
41
69
88
97
115
137
139
131
139
190
258
311
336
341
350
373
396
398
377
367
384
406
379
289
187
134
135
142
125
104
118
159
192
187
141
74
5
-44
-47
-13
5
-53
-167
-261
-283
-256
-230
-220
-216
-212
-212
-208
-188
-160
-158
-204
-293
-381
-454
-505
-530
-523
-487
-440
-389
-342
-310
-299
-305
-324
-364
-414
-436
-391
-275
-135
-26
8
-32
-102
-146
-130
-63
-16
-50
-172
-306
-354
-307
-229
-194
-207
-233
-254
-279
-287
-240
-125
0
68
57
1
-36
-18
37
76
77
59
40
2
-66
-138
-202
-255
-282
-254
-158
-46
18
23
12
37
74
79
30
-34
-63
-56
-29
-6
18
65
130
185
220
264
344
451
535
558
529
499
517
600
702
764
767
725
658
584
518
474
458
459
469
469
453
426
423
458
522
577
601
604
606
599
563
505
444
389
350
361
431
510
529
473
376
275
187
114
38
-50
-133
-192
-237
-293
-371
-457
-526
-536
-476
-399
-381
-448
-558
-657
-694
-645
-541
-450
-410
-412
-439
-493
-542
-556
-548
-562
-613
-645
-618
-546
-515
-577
-686
-740
-692
-592
-506
-476
-493
-523
-496
-386
-239
-127
-69
-30
9
33
13
-20
-6
66
153
188
183
174
196
241
298
325
299
238
202
228
287
311
236
78
-92
-195
-211
-164
-75
32
116
138
103
42
-28
-98
-143
-133
-87
-61
-82
-100
-60
12
40
-6
-75
-116
-127
-153
-220
-313
-395
-438
-437
-401
-323
-227
-151
-125
-136
-166
-190
-174
-88
51
189
282
318
300
242
185
183
256
371
471
518
530
536
554
574
593
618
654
691
713
705
678
659
653
637
607
593
636
722
802
817
744
588
396
242
178
187
212
203
156
83
-9
-103
-189
-258
-320
-372
-402
-399
-380
-373
-388
-400
-390
-353
-323
-304
-282
-252
-232
-248
-292
-332
-332
-289
-219
-146
-94
-84
-134
-226
-314
-347
-310
-242
-182
-152
-133
-103
-52
17
72
80
27
-52
-91
-49
57
143
152
92
16
-48
-110
-168
-206
-203
-178
-152
-129
-107
-101
-120
-152
-174
-199
-244
-289
-314
-303
-262
-209
-173
-174
-201
-230
-235
-199
-125
-57
-38
-74
-122
-155
-170
-168
-134
-63
11
29
-22
-97
-155
-204
-258
-290
-275
-237
-227
-262
-313
-339
-303
-204
-63
75
167
206
211
204
186
151
102
57
42
80
164
258
323
358
389
447
537
635
681
643
541
428
357
350
410
491
537
514
452
399
371
362
366
392
446
516
575
621
672
733
744
629
397
130
-71
-179
-232
-277
-340
-411
-476
-530
-580
-611
-598
-556
-535
-562
-583
-531
-410
-289
-213
-164
-130
-128
-184
-275
-352
-397
-424
-456
-468
-424
-317
-182
-82
-62
-121
-218
-283
-262
-131
65
234
304
299
273
260
254
257
280
307
314
293
262
245
273
336
407
442
420
350
251
176
155
172
164
92
-3
-61
-59
-27
-18
-54
-131
-213
-264
-264
-203
-103
-3
37
15
-39
-57
-21
30
40
-7
-89
-179
-264
-338
-386
-403
-400
-415
-459
-509
-527
-506
-466
-416
-351
-271
-198
-138
-81
-42
-48
-96
-126
-105
-74
-86
-122
-129
-88
-36
-18
-26
-35
-26
5
72
170
263
320
341
346
352
373
403
427
424
389
351
360
435
533
593
593
574
567
571
553
502
419
304
187
113
101
101
62
-6
-35
12
98
154
142
69
-31
-117
-152
-117
-54
-28
-70
-132
-161
-186
-263
-382
-476
-507
-511
-540
-609
-691
-759
-793
-793
-779
-770
-752
-694
-590
-480
-406
-376
-371
-363
-319
-241
-142
-34
82
205
296
331
318
298
305
331
348
337
300
264
240
244
271
304
322
306
289
308
387
485
541
518
446
372
306
241
188
176
199
223
226
213
190
168
161
169
184
210
266
342
383
341
250
185
172
160
96
-7
-95
-134
-142
-149
-172
-201
-225
-242
-253
-263
-289
-313
-303
-236
-135
-37
27
51
47
49
73
102
111
108
122
131
97
11
-83
-132
-132
-113
-106
-105
-94
-61
1
82
154
168
118
39
-5
-7
19
39
39
40
70
139
187
153
39
-92
-180
-200
-155
-67
11
24
-39
-142
-236
-293
-308
-289
-240
-197
-200
-261
-343
-404
-438
-470
-507
-542
-577
-622
-663
-679
-666
-626
-559
-475
-431
-470
-564
-621
-604
-570
-570
-580
-529
-392
-219
-72
17
54
79
119
171
211
214
200
208
257
326
374
362
299
222
187
200
231
258
288
338
389
428
455
472
475
456
430
407
384
337
278
247
288
390
512
611
665
666
610
519
435
403
424
462
474
470
453
415
344
279
271
316
371
400
394
362
294
199
123
102
124
127
62
-65
-185
-220
-154
-60
-16
-30
-42
6
89
152
148
72
-44
-154
-220
-231
-201
-156
-126
-121
-130
-139
-159
-193
-220
-226
-189
-130
-58
-19
-20
-41
-49
-40
-39
-47
-36
2
32
5
-93
-225
-327
-361
-339
-302
-283
-280
-276
-261
-268
-331
-435
-525
-549
-527
-489
-443
-386
-327
-285
-253
-221
-182
-161
-161
-158
-123
-60
-22
-44
-113
-181
-239
-298
-348
-356
-324
-287
-271
-278
-312
-355
-375
-340
-250
-126
17
169
306
377
354
255
130
21
-61
-122
-164
-185
-178
-147
-97
-40
12
57
82
82
50
14
-2
32
127
267
403
473
461
413
390
410
448
475
487
493
490
469
423
374
364
402
433
392
275
157
108
115
114
55
-38
-97
-82
-22
31
58
76
114
140
126
67
10
-10
-2
-1
-28
-53
-59
-38
-8
26
46
25
-44
-139
-209
-227
-185
-108
-29
17
17
-11
-38
-45
-34
-24
-24
-35
-35
-19
-4
-16
-41
-56
-59
-61
-38
33
130
202
228
227
202
165
156
216
326
414
425
367
268
168
106
100
132
157
149
121
89
59
28
-13
-57
-100
-127
-124
-95
-51
-23
-18
-37
-54
-72
-105
-166
-237
-264
-226
-162
-148
-199
-262
-268
-213
-152
-135
-156
-186
-205
-232
-274
-331
-390
-423
-409
-355
-308
-304
-326
-349
-354
-342
-334
-354
-418
-495
-531
-486
-370
-240
-146
-98
-57
14
118
214
268
282
292
318
355
372
348
276
162
35
-74
-134
-131
-74
2
54
40
-39
-135
-187
-178
-141
-101
-56
-6
37
66
95
127
131
94
42
20
29
50
70
72
52
9
-34
-73
-110
-147
-183
-207
-206
-170
-119
-77
-37
25
112
204
280
323
315
258
165
63
-17
-57
-50
-9
53
123
196
271
351
436
516
590
638
641
599
543
505
481
447
389
314
216
116
36
-8
-27
-35
-24
27
105
185
226
230
227
243
271
277
264
254
258
254
227
184
162
177
228
278
281
208
92
6
-7
34
67
56
-13
-126
-251
-354
-422
-464
-488
-500
-499
-475
-412
-311
-215
-159
-143
-144
-146
-153
-162
-187
-238
-305
-376
-435
-478
-478
-424
-329
-232
-151
-86
-34
13
61
97
95
49
-16
-79
-125
-122
-48
63
139
162
159
149
104
3
-115
-190
-197
-171
-145
-146
-181
-252
-346
-447
-543
-612
-633
-602
-544
-482
-439
-420
-417
-412
-392
-355
-306
-256
-228
-244
-307
-380
-418
-404
-354
-312
-288
-257
-178
-62
37
87
107
138
200
287
362
380
326
246
191
187
217
257
300
326
330
302
273
285
353
442
509
550
578
601
604
579
530
498
518
593
668
686
653
616
602
586
532
421
272
139
90
131
188
185
103
1
-60
-37
48
127
154
137
120
117
117
112
103
104
116
157
241
369
494
547
502
392
295
236
204
174
134
90
46
16
9
11
-10
-54
-72
-29
53
113
119
77
7
-70
-135
-176
-208
-251
-309
-372
-436
-505
-578
-644
-680
-666
-607
-506
-379
-264
-223
-271
-356
-413
-420
-396
-366
-352
-375
-440
-551
-676
-759
-758
-684
-600
-531
-460
-351
-209
-81
-34
-86
-191
-272
-302
-337
-433
-556
-602
-517
-362
-244
-234
-318
-429
-488
-446
-302
-107
48
103
82
57
92
172
253
283
242
155
65
15
17
61
114
156
175
174
170
176
193
200
190
171
179
242
338
407
415
393
396
441
501
550
563
541
487
420
330
232
177
229
369
504
557
518
435
365
342
347
331
268
189
136
125
134
128
82
-14
-127
-191
-157
-49
61
121
132
122
116
121
133
147
152
150
139
145
200
304
418
486
503
502
504
480
390
231
51
-92
-143
-103
-26
-9
-88
-209
-273
-233
-117
-1
62
56
-19
-147
-294
-387
-397
-365
-370
-441
-530
-569
-519
-395
-229
-78
0
10
5
35
72
56
-38
-193
-339
-393
-314
-164
-60
-85
-218
-373
-448
-404
-278
-163
-135
-181
-219
-168
-37
97
158
123
17
-108
-196
-195
-112
6
88
92
29
-68
-165
-261
-335
-347
-275
-140
-14
38
-2
-90
-134
-95
-7
44
25
-32
-72
-62
3
104
186
199
118
-27
-170
-248
-248
-201
-150
-116
-83
-26
62
164
260
357
458
533
534
475
408
363
330
285
216
129
41
-46
-163
-311
-421
-407
-275
-126
-45
-47
-94
-129
-135
-105
-70
-51
-57
-72
-85
-83
-59
-12
26
17
-46
-116
-135
-85
2
64
96
138
234
339
360
270
143
70
62
87
118
131
80
-31
-139
-157
-104
-51
-43
-83
-143
-194
-180
-82
50
144
181
180
155
129
145
196
206
131
14
-50
-35
30
85
109
114
135
197
283
359
403
424
427
377
257
103
1
-8
27
25
-58
-156
-184
-95
66
223
309
275
148
14
-4
115
269
305
168
-25
-77
87
329
432
289
-13
-297
-391
-296
-148
-122
-267
-488
-624
-573
-396
-265
-316
-477
-581
-508
-319
-125
-8
18
-10
-34
-2
76
154
190
185
123
18
-101
-155
-102
26
127
101
-55
-238
-299
-177
53
218
209
53
-105
-142
-43
100
164
85
-93
-224
-195
-25
150
202
87
-113
-246
-195
-19
113
77
-106
-310
-432
-386
-203
-18
-2
-163
-355
-423
-333
-149
44
153
138
66
61
151
218
138
-68
-246
-293
-221
-94
39
125
130
87
66
93
153
245
347
369
243
61
12
187
497
764
827
652
357
146
107
178
226
225
177
83
-53
-165
-166
-102
-61
-100
-164
-203
-161
-27
132
122
-158
-549
-768
-674
-407
-161
-77
-149
-286
-323
-205
-57
-90
-323
-534
-545
-409
-348
-411
-502
-487
-338
-72
200
311
216
73
90
221
292
187
34
-20
77
252
410
464
366
188
74
119
253
335
305
207
125
147
298
535
730
824
844
835
796
726
671
601
481
306
225
292
426
467
343
93
-164
-252
-106
104
81
-217
-557
-648
-481
-198
6
63
-18
-108
-101
-20
47
50
83
154
181
59
-138
-252
-196
-95
-114
-323
-587
-725
-644
-435
-287
-286
-401
-490
-478
-383
-330
-393
-526
-582
-502
-368
-312
-366
-455
-497
-474
-399
-282
-140
-19
14
-20
-77
-120
-147
-142
-91
-43
-40
-42
28
149
176
49
-151
-270
-250
-105
106
241
144
-169
-401
-269
150
514
573
390
130
-53
-44
151
356
360
199
95
168
319
395
350
253
178
162
157
126
44
-72
-149
-85
147
388
447
263
-53
-362
-584
-628
-461
-151
100
159
53
-69
-47
123
359
496
454
234
-37
-209
-165
96
414
574
482
257
135
209
406
556
533
351
146
124
302
532
594
494
376
360
389
309
89
-208
-409
-432
-270
-65
12
-93
-262
-272
-98
99
108
-37
-194
-241
-170
-38
52
-2
-120
-111
149
480
630
463
101
-247
-388
-253
17
188
64
-235
-460
-419
-220
-58
-36
-136
-294
-477
-582
-535
-351
-173
-110
-153
-212
-214
-136
-8
105
154
92
-29
-135
-154
-136
-138
-147
-136
-108
-85
-25
42
38
-70
-172
-147
-29
44
-38
-230
-386
-393
-263
-109
-51
-170
-418
-625
-589
-314
-16
123
134
172
298
479
633
659
479
189
18
72
208
194
-5
-284
-490
-530
-381
-178
-127
-298
-546
-695
-663
-489
-242
-43
43
14
-54
-99
-119
-120
-145
-183
-216
-168
-64
21
14
-19
36
197
372
461
449
326
114
-96
-136
40
312
519
607
573
430
251
123
105
146
261
418
525
504
380
242
86
-67
-156
-105
-3
73
52
7
-29
23
189
404
571
548
388
129
-21
-32
98
198
246
280
344
398
364
304
273
344
473
607
625
483
242
68
32
62
49
-10
-66
-97
-106
-88
-42
-11
-25
-80
-134
-151
-123
-90
-104
-176
-281
-364
-395
-330
-212
-137
-147
-123
59
287
336
113
-184
-292
-108
204
320
49
-453
-767
-640
-233
34
-94
-461
-676
-507
-93
179
70
-326
-661
-595
-156
314
385
56
-366
-532
-401
-133
97
145
34
-138
-154
-28
135
166
110
37
-50
-229
-483
-662
-655
-467
-204
48
156
124
20
7
31
-13
-175
-317
-367
-385
-425
-443
-338
-176
-17
114
256
336
243
-3
-271
-431
-496
-519
-507
-411
-244
-47
92
130
55
-22
81
377
656
582
138
-369
-503
-143
403
688
488
32
-262
-106
371
774
730
271
-226
-315
12
386
431
171
-108
-205
-100
86
259
304
248
225
339
522
611
600
508
364
143
-31
-56
47
156
167
92
-10
2
158
351
405
326
240
219
226
250
301
343
324
250
170
90
19
29
132
250
249
96
-114
-265
-283
-203
-99
-61
-124
-248
-341
-320
-225
-139
-146
-197
-219
-163
-38
110
247
254
108
-141
-324
-370
-302
-182
-53
41
44
-53
-141
-121
-7
83
48
-77
-230
-306
-292
-237
-244
-334
-412
-394
-260
-86
69
168
208
210
177
165
185
200
112
-76
-242
-281
-211
-103
31
149
186
115
80
110
150
85
-20
-91
-80
2
89
103
-8
-143
-240
-337
-558
-812
-917
-748
-436
-141
72
212
276
201
65
-78
-183
-337
-525
-655
-655
-536
-381
-223
-106
-57
-78
-124
-152
-145
-125
-112
-151
-218
-249
-177
-6
196
358
401
343
251
222
293
434
579
643
603
519
485
526
580
560
462
329
277
340
478
570
538
373
132
-100
-216
-125
119
375
487
460
382
331
295
243
156
32
-99
-185
-149
-8
152
235
210
87
-120
-318
-380
-269
-82
60
130
127
77
28
49
106
106
-4
-129
-138
-51
0
-88
-215
-279
-265
-241
-231
-223
-227
-217
-165
-66
20
63
75
84
126
197
259
228
133
52
27
-2
-42
-28
68
191
239
201
98
13
-25
-9
-9
-60
-143
-214
-254
-311
-394
-485
-511
-434
-280
-134
-73
-107
-175
-215
-197
-149
-77
-1
87
102
-99
-601
-1200
-1391
-907
19
744
890
467
-182
-623
-498
128
652
530
-142
-681
-633
-131
367
574
468
190
-57
-159
-188
-299
-511
-695
-748
-709
-625
-555
-484
-399
-261
-81
80
194
271
327
353
357
374
429
467
415
243
25
-140
-179
-118
-10
108
248
375
414
302
100
-62
-76
21
119
128
67
15
45
156
281
347
304
220
176
215
251
220
122
55
75
171
277
316
273
183
144
180
234
202
87
-18
-41
2
36
29
-3
-1
84
242
404
449
347
162
32
27
117
184
153
52
-6
42
122
145
110
101
155
196
160
28
-161
-339
-439
-389
-214
45
338
614
732
578
216
-102
-188
-85
-12
-123
-411
-676
-699
-399
49
333
293
0
-263
-332
-180
-40
-83
-322
-538
-525
-264
67
250
215
43
-61
-44
11
-98
-355
-594
-643
-510
-338
-240
-264
-333
-337
-197
-5
97
53
-26
-32
66
223
394
503
476
309
96
-44
-52
65
182
162
-76
-404
-670
-768
-700
-463
-131
137
205
121
78
159
275
235
-69
-671
-1448
-2132
-2275
-1576
-115
1522
2585
2594
1672
505
-150
14
553
739
179
-780
-1391
-1115
-54
1149
1819
1680
956
89
-579
-990
-1272
-1553
-1792
-1848
-1614
-1165
-671
-242
125
443
639
697
717
830
998
1105
1110
1068
1025
945
806
614
376
98
-143
-223
-69
207
395
276
-221
-956
-1608
-1840
-1548
-932
-376
-100
-42
28
235
517
747
845
853
852
950
1153
1360
1425
1287
1024
727
434
163
-45
-168
-237
-291
-271
-126
93
230
195
34
-113
-128
30
269
423
386
190
-8
-41
133
428
669
732
548
177
-242
-511
-552
-440
-350
-407
-600
-819
-908
-824
-633
-467
-337
-173
97
352
405
212
-61
-205
-197
-147
-224
-447
-672
-655
-349
29
190
43
-265
-543
-694
-790
-926
-1134
-1269
-1176
-797
-295
91
220
133
6
-7
164
418
583
511
237
-70
-239
-230
-154
-144
-251
-411
-569
-699
-773
-689
-381
102
578
882
949
829
644
501
411
262
-34
-400
-610
-511
-166
210
426
448
351
242
132
-40
-303
-583
-751
-755
-641
-525
-496
-538
-500
-259
133
455
569
535
496
506
492
363
115
-126
-202
-74
135
243
165
-31
-176
-128
69
260
321
309
300
295
220
38
-211
-435
-513
-385
-99
200
435
635
834
990
1041
1001
910
780
616
494
517
708
974
1166
1175
1016
813
677
650
642
547
270
-150
-561
-808
-843
-729
-532
-316
-156
-153
-331
-619
-906
-1117
-1224
-1215
-1106
-964
-824
-664
-443
-205
-32
57
113
170
207
185
100
-58
-285
-552
-815
-1033
-1185
-1246
-1185
-977
-613
-149
290
564
620
562
555
688
888
1043
1136
1257
1496
1827
2135
2303
2275
2083
1833
1668
1642
1673
1606
1366
1016
680
440
268
77
-192
-548
-946
-1325
-1632
-1849
-1973
-2022
-2054
-2175
-2445
-2797
-3097
-3265
-3319
-3312
-3279
-3172
-2917
-2482
-1941
-1374
-839
-391
-77
121
308
549
824
1060
1228
1298
1295
1259
1220
1154
1026
868
755
748
851
1037
1250
1417
1480
1409
1216
976
827
890
1180
1637
2200
2827
3458
4000
4381
4566
4552
4324
3865
3194
2378
1465
423
-807
-2203
-3631
-4935
-5990
-6715
-7054
-6979
-6499
-5688
-4696
-3690
-2765
-1964
-1312
-836
-538
-404
-362
-274
-10
447
1018
1630
2233
2746
3091
3219
3086
2620
1787
650
-648
-1925
-2985
-3684
-3951
-3806
-3300
-2494
-1459
-241
1111
2556
4029
5447
6686
7604
8101
8173
7915
7471
6965
6436
5825
5064
4120
3040
1895
735
-440
-1671
-2981
-4372
-5788
-7078
-8052
-8596
-8726
-8506
-7981
-7198
-6224
-5123
-3946
-2775
-1663
-592
477
1489
2364
3081
3666
4082
4277
4243
3954
3397
2606
1673
624
-556
-1802
-2987
-4037
-4927
-5615
-6020
-6120
-5922
-5436
-4675
-3670
-2460
-1071
431
1961
3441
4785
5923
6850
7595
8167
8537
8704
8676
8437
7991
7382
6662
5859
5001
4065
2957
1606
56
-1583
-3246
-4876
-6412
-7827
-9108
-10148
-10778
-10908
-10548
-9702
-8409
-6812
-5086
-3302
-1474
296
1850
3094
4008
4604
4969
5238
5458
5569
5504
5243
4777
4110
3271
2262
1071
-236
-1553
-2830
-4072
-5221
-6174
-6878
-7297
-7360
-7005
-6220
-5018
-3428
-1570
394
2333
4181
5882
7390
8648
9580
10147
10387
10347
10001
9324
8375
7285
6178
5119
4069
2889
1497
-48
-1602
-3106
-4576
-6006
-7384
-8684
-9829
-10649
-10986
-10780
-10081
-8998
-7656
-6131
-4443
-2614
-729
1058
2620
3876
4824
5494
5952
6240
6377
6344
6093
5583
4847
3982
3069
2098
992
-310
-1773
-3279
-4702
-5976
-7065
-7870
-8251
-8109
-7421
-6224
-4612
-2703
-625
1501
3533
5341
6873
8144
9156
9867
10244
10285
9993
9399
8557
7517
6346
5122
3878
2521
967
-722
-2386
-3942
-5395
-6747
-8004
-9167
-10158
-10793
-10953
-10671
-10016
-9005
-7673
-6100
-4352
-2468
-519
1408
3221
4835
6130
7065
7687
8028
8051
7737
7113
6178
4931
3427
1765
21
-1714
-3341
-4805
-6099
-7194
-8001
-8451
-8514
-8189
-7506
-6521
-5254
-3699
-1905
30
2000
3926
5721
7327
8718
9852
10657
11090
11167
10912
10320
9387
8160
6725
5155
3442
1556
-453
-2439
-4293
-5981
-7476
-8744
-9806
-10689
-11285
-11438
-11084
-10305
-9208
-7888
-6417
-4827
-3066
-1130
866
2758
4450
5885
7034
7897
8484
8756
8659
8188
7372
6234
4825
3208
1420
-498
-2461
-4336
-6016
-7395
-8416
-9068
-9371
-9271
-8692
-7616
-6153
-4427
-2529
-529
1510
3514
5415
7116
8563
9744
10641
11193
11361
11191
10756
10084
9158
7992
6629
5119
3436
1536
-559
-2722
-4793
-6639
-8177
-9387
-10313
-10974
-11299
-11197
-10670
-9812
-8722
-7487
-6149
-4710
-3110
-1360
426
2111
3654
5032
6238
7242
8028
8491
8536
8134
7332
6182
4764
3162
1423
-422
-2312
-4131
-5791
-7215
-8334
-9091
-9436
-9317
-8696
-7611
-6154
-4416
-2489
-503
1423
3240
4948
6547
7989
9197
10100
10676
10943
10909
10564
9950
9139
8183
7089
5838
4398
2730
857
-1120
-3082
-4961
-6682
-8169
-9388
-10369
-11097
-11497
-11496
-11087
-10290
-9179
-7842
-6320
-4569
-2600
-556
1409
3227
4863
6257
7379
8226
8755
8885
8592
7913
6909
5649
4222
2651
937
-872
-2659
-4317
-5794
-7072
-8141
-8948
-9384
-9357
-8864
-7966
-6685
-5066
-3213
-1248
767
2798
4754
6531
8065
9321
10279
10929
11282
11334
11086
10515
9611
8409
7019
5497
3762
1769
-360
-2422
-4317
-6009
-7461
-8672
-9716
-10580
-11146
-11303
-11069
-10503
-9654
-8566
-7264
-5687
-3789
-1674
443
2429
4254
5892
7282
8372
9119
9456
9325
8746
7786
6531
5044
3362
1511
-425
-2337
-4127
-5747
-7144
-8277
-9097
-9557
-9585
-9155
-8303
-7080
-5546
-3813
-2011
-196
1639
3486
5266
6904
8331
9500
10374
10927
11143
11025
10631
10009
9177
8143
6920
5483
3779
1870
-101
-2015
-3845
-5538
-7016
-8264
-9347
-10259
-10891
-11135
-10968
-10434
-9611
-8552
-7283
-5765
-3984
-1981
132
2235
4211
5950
7379
8452
9133
9374
9131
8388
7209
5730
4101
2406
660
-1122
-2884
-4551
-6045
-7309
-8315
-9032
-9393
-9316
-8805
-7929
-6750
-5297
-3614
-1774
161
2122
4044
5857
7487
8868
9975
10826
11405
11627
11437
10869
10034
9047
7984
6804
5376
3600
1566
-510
-2438
-4145
-5659
-7036
-8340
-9560
-10603
-11333
-11652
-11546
-11066
-10280
-9221
-7865
-6178
-4182
-1979
288
2485
4507
6278
7742
8835
9460
9520
8980
7919
6496
4860
3113
1321
-449
-2144
-3724
-5154
-6403
-7460
-8319
-8935
-9246
-9212
-8844
-8149
-7106
-5721
-4036
-2112
-28
2117
4202
6142
7875
9365
10576
11449
11902
11890
11486
10810
9925
8838
7566
6156
4603
2875
1000
-918
-2761
-4475
-6048
-7521
-8917
-10224
-11320
-12071
-12372
-12219
-11620
-10608
-9219
-7511
-5488
-3173
-654
1876
4257
6374
8139
9465
10314
10675
10521
9859
8755
7331
5701
3974
2218
454
-1315
-3020
-4577
-5940
-7117
-8083
-8797
-9218
-9315
-9047
-8378
-7299
-5841
-4053
-2013
194
2463
4693
6777
8628
10149
11259
11933
12197
12072
11565
10716
9620
8377
7035
5597
4039
2368
620
-1126
-2805
-4402
-5922
-7339
-8619
-9781
-10835
-11676
-12149
-12154
-11679
-10755
-9420
-7746
-5773
-3531
-1097
1369
3701
5756
7425
8639
9392
9687
9491
8780
7615
6134
4491
2826
1220
-332
-1857
-3338
-4731
-5991
-7084
-7974
-8639
-9081
-9257
-9085
-8497
-7493
-6115
-4424
-2490
-385
1829
4075
6231
8163
9754
10937
11700
12060
12042
11656
10929
9930
8742
7437
6067
4653
3184
1619
-48
-1782
-3515
-5201
-6787
-8242
-9548
-10678
-11548
-12051
-12116
-11724
-10870
-9568
-7902
-5982
-3895
-1676
609
2855
4899
6617
7881
8651
8925
8749
8157
7204
5970
4563
3081
1587
94
-1391
-2861
-4295
-5676
-6967
-8082
-8927
-9439
-9605
-9391
-8773
-7714
-6219
-4329
-2152
170
2499
4743
6819
8645
10142
11260
11973
12304
12296
11970
11315
10372
9245
8042
6787
5454
4039
2547
933
-835
-2708
-4560
-6295
-7876
-9291
-10509
-11487
-12148
-12384
-12118
-11343
-10082
-8384
-6323
-4026
-1648
690
2886
4861
6530
7827
8673
9039
8949
8473
7641
6506
5134
3630
2067
518
-980
-2426
-3821
-5132
-6316
-7358
-8241
-8904
-9272
-9282
-8886
-8065
-6842
-5281
-3442
-1364
902
3246
5512
7535
9213
10504
11414
11944
12096
11897
11389
10624
9627
8424
7055
5578
4038
2479
905
-726
-2470
-4287
-6076
-7726
-9173
-10339
-11177
-11678
-11858
-11668
-11059
-10025
-8611
-6866
-4894
-2839
-817
1137
2980
4600
5884
6801
7376
7630
7571
7188
6476
5460
4216
2829
1361
-144
-1638
-3106
-4533
-5888
-7112
-8144
-8915
-9378
-9518
-9339
-8810
-7863
-6449
-4613
-2475
-187
2117
4320
6330
8077
9511
10620
11402
11844
11942
11719
11227
10496
9542
8380
7026
5515
3901
2262
639
-989
-2676
-4403
-6089
-7618
-8915
-9913
-10573
-10905
-10952
-10713
-10114
-9105
-7705
-6036
-4218
-2346
-462
1368
3080
4585
5837
6777
7360
7538
7357
6907
6254
5376
4244
2868
1338
-225
-1718
-3114
-4448
-5710
-6815
-7659
-8217
-8518
-8575
-8349
-7784
-6838
-5511
-3826
-1860
276
2442
4524
6455
8186
9667
10848
11686
12149
12225
11929
11274
10273
8969
7455
5820
4115
2381
672
-946
-2441
-3835
-5179
-6473
-7660
-8670
-9473
-10035
-10312
-10279
-9973
-9408
-8560
-7410
-6002
-4401
-2650
-828
959
2599
4031
5198
6085
6680
6967
6885
6430
5684
4746
3632
2324
865
-628
-2036
-3279
-4353
-5288
-6097
-6715
-7092
-7245
-7218
-7010
-6582
-5903
-4929
-3634
-2044
-243
1688
3657
5556
7281
8780
10009
10899
11413
11532
11234
10491
9331
7855
6156
4318
2451
676
-937
-2349
-3518
-4445
-5209
-5912
-6575
-7144
-7566
-7843
-7974
-7951
-7787
-7520
-7140
-6576
-5739
-4598
-3185
-1585
72
1654
3071
4287
5268
5972
6373
6459
6196
5560
4603
3450
2191
880
-442
-1723
-2922
-3986
-4857
-5511
-5980
-6274
-6381
-6307
-6098
-5745
-5202
-4432
-3450
-2265
-873
719
2463
4264
6021
7620
8966
9959
10533
10662
10387
9771
8860
7691
6293
4711
3031
1396
-69
-1332
-2424
-3345
-4048
-4519
-4811
-5014
-5163
-5263
-5290
-5222
-5025
-4726
-4378
-4038
-3698
-3294
-2756
-2026
-1102
-26
1090
2129
3003
3681
4135
4348
4314
4038
3529
2840
2045
1158
142
-978
-2084
-3049
-3827
-4420
-4846
-5136
-5301
-5341
-5239
-5014
-4674
-4194
-3529
-2671
-1616
-362
1063
2566
4044
5416
6621
7611
8347
8797
8901
8647
8063
7213
6145
4891
3495
2013
543
-797
-1920
-2797
-3438
-3838
-4014
-3988
-3829
-3605
-3391
-3208
-3057
-2912
-2767
-2630
-2520
-2451
-2396
-2304
-2098
-1717
-1120
-366
426
1138
1733
2205
2539
2692
2643
2351
1807
1056
213
-654
-1511
-2346
-3099
-3720
-4159
-4409
-4489
-4416
-4190
-3836
-3420
-2999
-2550
-2033
-1436
-785
-40
846
1877
2980
4032
4933
5623
6106
6384
6449
6284
5899
5314
4542
3607
2559
1473
423
-505
-1226
-1716
-1990
-2083
-1993
-1716
-1283
-804
-421
-214
-174
-260
-457
-750
-1125
-1566
-2037
-2438
-2646
-2587
-2239
-1595
-730
182
970
1576
1994
2209
2218
2040
1657
1042
263
-528
-1236
-1864
-2416
-2866
-3160
-3268
-3183
-2965
-2703
-2450
-2191
-1936
-1723
-1565
-1417
-1226
-956
-567
-26
655
1450
2336
3229
3996
4568
4962
5184
5178
4898
4387
3719
2954
2133
1287
455
-284
-794
-987
-895
-610
-192
346
944
1471
1782
1808
1601
1238
745
119
-614
-1392
-2145
-2775
-3179
-3287
-3095
-2632
-1966
-1223
-530
60
509
747
714
442
-11
-601
-1257
-1849
-2316
-2661
-2867
-2865
-2645
-2271
-1800
-1281
-809
-513
-443
-564
-807
-1106
-1393
-1609
-1717
-1656
-1367
-825
-101
708
1535
2331
3053
3639
4033
4186
4098
3807
3362
2811
2226
1693
1270
962
773
733
886
1205
1640
2141
2648
3037
3166
2972
2493
1802
951
1
-977
-1914
-2779
-3534
-4122
-4457
-4483
-4183
-3614
-2896
-2196
-1646
-1282
-1079
-998
-1014
-1111
-1291
-1551
-1846
-2080
-2147
-2009
-1689
-1246
-758
-299
83
371
529
494
205
-330
-1015
-1706
-2266
-2619
-2734
-2606
-2214
-1555
-664
389
1503
2555
3435
4090
4521
4756
4800
4657
4340
3865
3287
2701
2225
1940
1864
1977
2238
2572
2907
3195
3382
3372
3082
2505
1697
690
-469
-1688
-2861
-3921
-4804
-5405
-5637
-5477
-4958
-4127
-3110
-2089
-1223
-548
-71
172
131
-155
-580
-1026
-1386
-1568
-1503
-1189
-679
-77
510
1005
1369
1561
1503
1124
440
-449
-1412
-2323
-3081
-3583
-3731
-3467
-2810
-1852
-679
633
2007
3286
4306
4977
5306
5336
5098
4635
3989
3240
2502
1899
1482
1241
1177
1328
1678
2125
2554
2918
3185
3267
3009
2326
1260
-39
-1435
-2814
-4065
-5098
-5887
-6405
-6560
-6278
-5582
-4579
-3378
-2161
-1134
-452
-105
-81
-352
-844
-1384
-1850
-2176
-2288
-2087
-1592
-909
-141
660
1398
1937
2182
2087
1646
877
-127
-1220
-2256
-3107
-3662
-3844
-3607
-2945
-1908
-613
811
2250
3572
4633
5322
5614
5522
5080
4378
3535
2672
1883
1267
899
773
849
1136
1649
2317
2984
3532
3906
4036
3791
3076
1949
572
-913
-2409
-3792
-4931
-5749
-6217
-6282
-5920
-5203
-4247
-3141
-1996
-1029
-436
-242
-356
-709
-1245
-1815
-2237
-2395
-2262
-1806
-1039
-41
1040
2069
2924
3503
3713
3470
2734
1573
172
-1264
-2562
-3574
-4140
-4174
-3702
-2824
-1645
-259
1214
2638
3863
4746
5174
5125
4671
3929
3035
2139
1373
827
519
476
703
1173
1789
2450
3072
3573
3883
3975
3854
3476
2757
1664
310
-1124
-2507
-3765
-4812
-5546
-5925
-5946
-5621
-4982
-4122
-3146
-2146
-1254
-662
-489
-673
-1077
-1596
-2122
-2483
-2537
-2247
-1622
-683
469
1654
2715
3546
4014
3991
3452
2488
1215
-255
-1761
-3110
-4158
-4798
-4940
-4542
-3657
-2411
-954
565
1975
3141
3949
4312
4212
3732
3040
2285
1572
991
622
528
744
1257
1970
2724
3405
3979
4415
4630
4536
4126
3455
2551
1410
80
-1295
-2559
-3607
-4392
-4884
-5096
-5061
-4808
-4345
-3716
-2990
-2242
-1537
-1011
-801
-935
-1285
-1702
-2082
-2330
-2310
-1908
-1117
-34
1169
2302
3207
3794
4008
3807
3171
2137
797
-700
-2149
-3345
-4149
-4507
-4389
-3796
-2810
-1593
-340
819
1787
2512
2954
3075
2851
2346
1726
1186
842
723
818
1128
1627
2254
2904
3472
3881
4100
4120
3942
3598
3118
2560
1936
1247
433
-510
-1496
-2408
-3204
-3915
-4518
-4950
-5158
-5147
-4894
-4410
-3741
-2990
-2222
-1553
-1117
-982
-1044
-1158
-1237
-1211
-980
-470
279
1173
2113
2985
3638
3938
3824
3291
2390
1206
-165
-1612
-2966
-4009
-4584
-4666
-4286
-3514
-2463
-1283
-95
992
1861
2433
2712
2756
2590
2276
1947
1738
1685
1779
2043
2490
3042
3573
3989
4232
4266
4082
3718
3219
2636
2035
1454
857
175
-605
-1418
-2203
-2934
-3600
-4165
-4587
-4811
-4776
-4441
-3830
-3033
-2170
-1342
-653
-217
-115
-325
-714
-1127
-1428
-1511
-1288
-761
16
955
1950
2802
3300
3340
2941
2181
1126
-124
-1431
-2628
-3555
-4079
-4150
-3799
-3096
-2131
-1055
-67
701
1214
1498
1566
1464
1259
1047
931
1026
1365
1860
2384
2864
3297
3660
3915
3991
3835
3424
2852
2261
1778
1422
1171
968
754
422
-111
-864
-1778
-2744
-3653
-4392
-4909
-5164
-5137
-4759
-4033
-3065
-2067
-1184
-513
-124
-77
-320
-698
-1067
-1301
-1260
-845
-103
825
1818
2751
3435
3657
3345
2560
1438
123
-1222
-2439
-3402
-3994
-4149
-3882
-3285
-2472
-1549
-638
129
665
971
1099
1146
1213
1375
1639
1982
2410
2923
3462
3931
4270
4457
4447
4217
3807
3292
2728
2175
1708
1376
1159
1015
896
702
293
-398
-1301
-2280
-3223
-4034
-4608
-4886
-4843
-4457
-3699
-2681
-1601
-639
124
579
617
273
-268
-803
-1212
-1352
-1085
-378
601
1647
2578
3239
3456
3135
2324
1174
-134
-1427
-2571
-3483
-4065
-4210
-3849
-3095
-2204
-1410
-786
-296
77
331
498
655
868
1177
1596
2118
2705
3307
3828
4140
4158
3925
3550
3091
2559
1985
1443
992
698
590
623
682
688
571
241
-410
-1342
-2385
-3354
-4119
-4588
-4709
-4506
-4020
-3263
-2247
-1126
-125
552
832
703
242
-402
-1048
-1558
-1811
-1655
-1027
-52
996
1889
2472
2626
2261
1422
260
-1047
-2305
-3322
-3956
-4180
-3995
-3433
-2616
-1779
-1103
-618
-272
-33
110
219
392
724
1245
1926
2658
3307
3785
4065
4133
3956
3549
2991
2390
1841
1419
1168
1051
1010
1043
1167
1336
1428
1334
999
392
-451
-1373
-2164
-2701
-2972
-2980
-2736
-2305
-1754
-1097
-348
361
844
997
839
434
-116
-665
-1051
-1196
-1085
-703
-70
667
1262
1531
1439
1000
254
-686
-1627
-2407
-2959
-3269
-3316
-3108
-2697
-2158
-1563
-1028
-658
-447
-272
-5
383
879
1467
2107
2740
3324
3812
4097
4081
3805
3417
3014
2590
2118
1642
1239
953
783
705
699
733
790
829
814
709
490
139
-328
-837
-1295
-1639
-1848
-1895
-1786
-1564
-1285
-966
-597
-227
15
14
-269
-786
-1434
-2078
-2586
-2870
-2871
-2559
-1968
-1249
-617
-246
-185
-374
-731
-1179
-1640
-1996
-2177
-2168
-2007
-1727
-1366
-983
-658
-448
-364
-359
-348
-236
36
456
971
1538
2136
2706
3138
3332
3278
3028
2656
2220
1761
1339
1011
828
802
903
1082
1300
1557
1838
2078
2203
2178
1990
1600
999
265
-459
-1075
-1545
-1849
-1992
-2023
-1969
-1786
-1441
-1030
-740
-714
-946
-1368
-1888
-2399
-2783
-2951
-2849
-2444
-1748
-902
-146
335
518
493
332
60
-282
-585
-751
-729
-537
-235
65
228
181
-42
-310
-506
-575
-505
-274
147
725
1370
1964
2414
2640
2615
2387
2049
1674
1296
981
823
863
1054
1317
1624
1978
2362
2723
2990
3104
3033
2799
2427
1887
1136
206
-757
-1608
-2264
-2696
-2914
-2956
-2846
-2552
-2076
-1570
-1282
-1346
-1698
-2181
-2675
-3085
-3310
-3278
-2975
-2411
-1619
-710
90
574
700
585
372
146
-31
-113
-105
-49
24
104
137
23
-265
-651
-1001
-1233
-1277
-1082
-630
20
760
1458
1988
2258
2232
1965
1572
1181
865
669
645
849
1262
1792
2339
2846
3287
3624
3821
3858
3765
3584
3327
2927
2295
1412
374
-678
-1634
-2396
-2887
-3092
-3076
-2904
-2596
-2200
-1836
-1680
-1847
-2341
-3035
-3728
-4219
-4384
-4172
-3586
-2692
-1651
-686
51
530
812
936
940
885
849
869
919
957
942
834
589
171
-377
-924
-1310
-1443
-1342
-1083
-714
-263
216
613
818
778
536
186
-144
-342
-331
-91
364
1002
1757
2510
3124
3533
3759
3862
3862
3758
3563
3295
2940
2461
1839
1102
327
-414
-1075
-1608
-1962
-2076
-1961
-1700
-1427
-1262
-1281
-1521
-1986
-2635
-3345
-3942
-4279
-4307
-4037
-3517
-2822
-2057
-1320
-676
-146
248
518
728
965
1271
1602
1895
2111
2229
2219
2063
1784
1437
1077
759
511
327
168
19
-109
-220
-372
-624
-971
-1348
-1672
-1875
-1915
-1756
-1382
-817
-152
502
1086
1627
2166
2689
3095
3300
3307
3215
3123
3047
2924
2684
2319
1877
1415
964
561
241
21
-112
-192
-265
-379
-588
-930
-1416
-2003
-2590
-3066
-3365
-3455
-3340
-3039
-2614
-2111
-1576
-1059
-623
-306
-95
56
201
375
591
833
1088
1350
1589
1748
1785
1697
1508
1219
810
302
-230
-703
-1086
-1408
-1692
-1936
-2116
-2229
-2299
-2373
-2473
-2556
-2532
-2321
-1888
-1264
-533
193
809
1271
1591
1806
1925
1960
1948
1937
1928
1879
1762
1595
1424
1255
1068
847
615
414
266
157
50
-97
-298
-544
-805
-1077
-1362
-1632
-1811
-1828
-1673
-1384
-1011
-588
-160
213
473
610
659
685
758
919
1172
1472
1761
1992
2141
2170
2041
1733
1282
757
212
-303
-728
-1007
-1142
-1187
-1208
-1249
-1329
-1455
-1615
-1791
-1948
-2037
-1990
-1755
-1352
-855
-345
132
559
921
1190
1360
1467
1563
1664
1733
1727
1628
1462
1233
937
591
221
-114
-366
-487
-469
-357
-233
-172
-224
-401
-688
-1037
-1355
-1541
-1532
-1347
-1039
-669
-267
137
500
766
902
949
999
1117
1316
1585
1898
2192
2381
2406
2267
1999
1626
1173
662
135
-332
-656
-822
-892
-952
-1052
-1198
-1388
-1608
-1846
-2075
-2253
-2318
-2224
-1978
-1636
-1274
-937
-643
-376
-137
54
198
333
492
646
733
714
595
381
68
-316
-689
-958
-1059
-978
-752
-458
-173
52
165
96
-200
-684
-1220
-1639
-1827
-1771
-1529
-1164
-725
-272
111
381
545
662
806
1028
1343
1734
2185
2649
3034
3223
3162
2882
2451
1921
1355
822
388
92
-51
-70
-57
-114
-280
-539
-864
-1243
-1634
-1981
-2209
-2253
-2074
-1705
-1246
-796
-410
-114
82
186
229
247
275
327
391
440
445
371
193
-73
-362
-583
-678
-607
-375
-45
265
470
564
547
388
59
-375
-787
-1059
-1123
-983
-711
-390
-58
257
494
611
661
756
961
1266
1622
2011
2396
2708
2856
2781
2504
2087
1586
1040
518
114
-98
-134
-90
-65
-105
-195
-338
-560
-873
-1233
-1558
-1782
-1875
-1832
-1644
-1338
-985
-685
-501
-412
-358
-315
-296
-290
-266
-227
-221
-280
-404
-580
-808
-1056
-1266
-1365
-1306
-1085
-735
-336
16
232
267
130
-143
-476
-791
-1009
-1101
-1072
-922
-661
-325
12
284
483
633
757
868
1014
1255
1608
2018
2399
2677
2789
2688
2390
1984
1558
1139
720
350
101
-16
-60
-87
-117
-161
-251
-402
-610
-840
-1061
-1242
-1342
-1326
-1183
-969
-749
-570
-437
-355
-302
-243
-174
-129
-150
-225
-326
-441
-589
-777
-983
-1167
-1273
-1253
-1092
-829
-534
-280
-128
-113
-260
-542
-890
-1196
-1392
-1450
-1369
-1154
-831
-455
-80
266
564
774
889
972
1124
1379
1695
2006
2284
2511
2648
2638
2455
2112
1658
1166
724
399
201
93
45
50
103
171
200
149
7
-224
-503
-765
-935
-982
-938
-839
-691
-491
-280
-101
55
223
403
540
590
558
454
275
22
-272
-547
-762
-886
-897
-789
-597
-384
-235
-211
-323
-551
-832
-1116
-1338
-1437
-1390
-1208
-922
-584
-263
-10
174
311
413
478
525
620
832
1170
1558
1897
2150
2294
2285
2070
1675
1190
705
273
-83
-348
-523
-606
-608
-567
-517
-481
-474
-518
-627
-791
-982
-1164
-1296
-1343
-1283
-1119
-859
-522
-127
302
726
1076
1279
1321
1240
1085
872
603
299
0
-249
-431
-539
-563
-500
-388
-306
-324
-440
-607
-792
-981
-1156
-1276
-1304
-1241
-1115
-952
-767
-578
-410
-276
-181
-108
-20
140
399
727
1052
1331
1562
1717
1735
1577
1273
891
491
101
-249
-512
-648
-666
-621
-576
-578
-647
-776
-916
-1026
-1108
-1206
-1326
-1413
-1376
-1161
-802
-385
-14
284
546
834
1159
1471
1694
1771
1704
1533
1297
1016
713
433
218
69
-34
-96
-114
-95
-65
-68
-146
-302
-480
-606
-647
-618
-546
-444
-295
-85
177
425
580
617
584
566
634
794
1006
1220
1426
1623
1764
1748
1512
1102
630
193
-182
-505
-770
-951
-1026
-991
-877
-749
-697
-762
-898
-1021
-1078
-1084
-1078
-1064
-1023
-935
-814
-667
-485
-252
32
334
628
881
1076
1188
1210
1153
1024
816
523
192
-103
-317
-456
-527
-516
-418
-275
-163
-136
-182
-264
-339
-409
-488
-579
-653
-665
-588
-428
-251
-108
-22
51
149
291
468
675
902
1116
1268
1325
1290
1174
992
743
435
95
-230
-493
-675
-779
-829
-837
-825
-811
-807
-821
-853
-910
-977
-1016
-1005
-957
-907
-838
-727
-587
-462
-359
-233
-52
163
372
554
691
755
723
589
361
79
-184
-355
-414
-393
-317
-193
-28
136
244
261
187
42
-147
-333
-461
-485
-407
-252
-61
121
265
368
454
545
639
743
876
1052
1246
1423
1560
1628
1593
1441
1188
856
473
94
-213
-405
-490
-504
-474
-422
-361
-310
-300
-354
-464
-609
-756
-856
-873
-810
-720
-641
-578
-514
-425
-287
-80
173
427
639
793
882
902
837
672
412
113
-146
-309
-381
-371
-269
-89
96
192
169
52
-141
-393
-660
-876
-1001
-1023
-937
-746
-490
-229
-32
70
94
105
163
287
462
678
925
1172
1365
1433
1347
1133
869
622
390
146
-111
-315
-411
-407
-365
-328
-300
-279
-271
-291
-345
-414
-479
-549
-627
-705
-735
-689
-589
-483
-405
-322
-171
59
305
484
579
600
542
394
170
-75
-296
-449
-512
-477
-378
-272
-194
-154
-142
-191
-316
-463
-544
-539
-513
-481
-392
-200
61
309
479
552
556
549
566
610
659
731
867
1073
1289
1429
1452
1359
1170
902
600
315
76
-119
-278
-408
-509
-586
-638
-660
-657
-637
-621
-625
-648
-675
-705
-753
-826
-905
-960
-960
-893
-764
-581
-339
-65
179
343
441
491
476
375
216
41
-144
-329
-478
-562
-588
-568
-508
-429
-364
-324
-289
-240
-186
-142
-128
-135
-126
-67
32
149
291
456
606
729
861
1035
1220
1371
1471
1531
1549
1500
1380
1194
976
756
542
316
87
-103
-222
-285
-330
-382
-440
-490
-520
-527
-531
-534
-537
-537
-560
-625
-702
-735
-669
-513
-304
-100
68
197
324
460
564
600
557
462
323
143
-64
-264
-399
-421
-349
-285
-307
-379
-411
-380
-339
-344
-395
-463
-518
-542
-519
-429
-262
-38
189
365
472
521
556
614
707
800
854
853
824
783
729
627
472
289
114
-52
-229
-413
-563
-652
-701
-748
-838
-961
-1074
-1115
-1057
-926
-792
-721
-717
-737
-738
-705
-621
-462
-243
-1
234
479
728
934
1041
1034
942
809
670
545
436
343
262
175
54
-92
-202
-231
-196
-153
-127
-104
-71
-19
56
143
202
203
181
195
269
372
471
565
651
717
748
745
712
660
599
538
449
304
109
-97
-269
-399
-515
-637
-752
-833
-877
-926
-1000
-1092
-1170
-1218
-1222
-1171
-1071
-947
-826
-716
-606
-484
-357
-209
-23
198
397
528
603
678
765
837
855
820
743
627
491
357
241
124
-10
-142
-243
-286
-276
-234
-180
-131
-102
-104
-126
-122
-53
57
158
238
331
451
577
694
810
908
954
930
839
720
628
592
585
559
507
446
367
246
98
-20
-84
-113
-161
-264
-421
-580
-683
-714
-708
-704
-722
-747
-760
-751
-728
-697
-643
-539
-378
-185
13
205
396
575
721
796
784
693
560
423
309
233
173
93
-29
-156
-231
-248
-262
-308
-346
-331
-294
-291
-319
-323
-286
-240
-203
-152
-43
134
364
619
846
980
973
856
710
589
481
363
243
132
36
-37
-91
-150
-242
-362
-464
-529
-571
-629
-702
-770
-793
-762
-712
-689
-710
-736
-729
-676
-613
-575
-567
-546
-469
-332
-187
-74
-2
58
126
202
255
262
236
200
157
89
-7
-125
-261
-379
-435
-414
-366
-325
-284
-237
-202
-188
-185
-174
-165
-161
-142
-91
-5
103
223
353
492
624
727
801
852
885
884
866
876
924
959
931
854
754
625
457
272
102
-32
-139
-234
-317
-370
-366
-314
-254
-205
-149
-51
73
171
201
183
161
171
221
304
401
463
469
426
373
328
293
268
235
176
79
-41
-183
-342
-502
-623
-680
-676
-643
-611
-585
-564
-554
-564
-566
-531
-452
-331
-181
-14
148
310
494
688
869
1017
1133
1195
1162
1048
909
806
740
684
615
531
445
366
292
190
41
-135
-298
-455
-620
-767
-841
-837
-820
-836
-864
-845
-750
-602
-456
-347
-271
-191
-91
0
39
15
-22
-37
-31
-42
-86
-163
-267
-401
-546
-674
-782
-897
-1028
-1152
-1245
-1299
-1316
-1281
-1204
-1113
-1031
-952
-865
-760
-627
-448
-225
9
225
428
637
838
996
1094
1152
1192
1208
1184
1116
1018
908
809
766
781
809
778
677
539
388
234
78
-79
-259
-456
-613
-666
-609
-493
-356
-212
-61
84
207
313
404
464
464
423
392
380
354
304
262
237
200
125
6
-153
-329
-482
-586
-656
-713
-762
-789
-791
-771
-724
-639
-543
-480
-449
-389
-261
-101
48
198
379
588
811
1047
1290
1499
1634
1697
1719
1718
1692
1614
1461
1232
963
708
506
369
301
281
266
198
70
-90
-259
-412
-531
-605
-635
-619
-545
-411
-231
-45
101
171
164
105
40
-17
-80
-154
-225
-279
-315
-333
-350
-383
-451
-545
-641
-731
-807
-889
-991
-1104
-1172
-1177
-1156
-1143
-1125
-1090
-1068
-1064
-1048
-968
-831
-660
-459
-225
20
228
374
475
575
693
804
859
840
753
613
460
334
242
155
61
-1
-15
-22
-76
-179
-301
-424
-528
-579
-589
-614
-662
-652
-522
-307
-79
126
313
470
593
693
750
734
663
599
570
527
412
239
58
-100
-221
-305
-370
-422
-447
-430
-403
-414
-465
-523
-560
-568
-537
-454
-317
-141
22
118
145
169
244
378
538
696
825
902
944
979
1030
1084
1124
1136
1098
1005
877
755
645
526
404
318
279
260
221
166
122
98
68
11
-76
-162
-210
-191
-108
3
111
216
338
473
612
740
824
820
710
533
331
130
-63
-242
-397
-514
-581
-611
-642
-704
-779
-848
-917
-999
-1084
-1152
-1188
-1179
-1110
-991
-847
-706
-582
-486
-404
-295
-136
35
156
215
238
262
290
321
346
344
300
228
159
107
52
-18
-92
-150
-197
-242
-282
-306
-319
-313
-286
-240
-206
-218
-256
-257
-164
-6
140
234
305
397
515
628
686
676
612
535
479
426
342
208
68
-38
-90
-107
-132
-202
-326
-468
-589
-687
-763
-808
-811
-787
-761
-743
-728
-703
-681
-642
-547
-380
-204
-102
-67
-12
122
305
463
564
626
669
706
732
722
655
536
400
275
158
44
-57
-138
-202
-254
-284
-274
-219
-130
-35
56
138
198
214
203
211
278
401
548
692
808
885
925
936
916
871
821
774
708
588
418
245
111
24
-38
-83
-101
-105
-128
-202
-307
-411
-480
-516
-544
-578
-597
-570
-520
-495
-507
-515
-477
-395
-288
-185
-102
-35
36
134
244
334
397
436
470
491
480
426
335
223
106
9
-38
-38
-27
-38
-64
-91
-120
-185
-289
-390
-425
-376
-290
-229
-208
-163
-66
41
97
114
143
213
293
349
374
374
343
261
122
-47
-195
-288
-323
-327
-338
-383
-457
-521
-554
-567
-585
-619
-667
-712
-715
-657
-566
-491
-449
-417
-373
-302
-189
-41
110
233
324
390
441
480
521
567
599
578
485
372
322
368
434
447
388
295
194
83
-21
-84
-93
-60
-8
21
1
-53
-93
-96
-92
-90
-64
9
97
178
261
375
487
546
531
471
392
290
167
48
-43
-99
-112
-84
-50
-74
-163
-264
-332
-392
-481
-589
-678
-739
-782
-791
-739
-643
-549
-479
-419
-342
-243
-106
53
194
274
296
298
314
351
375
345
259
162
123
164
249
313
324
292
238
168
86
9
-27
-3
76
164
216
206
151
96
93
160
271
367
405
400
399
437
500
565
615
633
591
477
334
212
139
103
103
126
158
162
112
13
-95
-178
-243
-339
-489
-649
-752
-781
-767
-753
-747
-738
-707
-632
-508
-363
-236
-151
-81
0
90
162
200
222
248
276
263
209
147
116
107
90
47
-10
-56
-81
-100
-144
-203
-233
-205
-155
-155
-227
-315
-347
-333
-335
-371
-378
-295
-148
-13
72
141
228
346
461
529
533
492
460
453
457
434
372
290
210
142
71
-16
-120
-206
-252
-264
-278
-337
-433
-543
-623
-657
-647
-614
-563
-483
-360
-195
-15
160
306
402
434
414
376
359
362
354
328
306
314
321
289
212
123
48
-7
-69
-154
-257
-340
-369
-350
-312
-277
-249
-229
-235
-270
-301
-274
-161
11
192
353
491
607
690
721
696
645
594
563
551
548
536
492
401
262
95
-60
-164
-210
-226
-252
-316
-427
-569
-700
-786
-808
-765
-686
-596
-512
-420
-301
-171
-74
-31
-18
10
80
166
221
234
235
259
318
378
409
394
338
267
208
172
150
123
73
-11
-102
-162
-183
-205
-278
-380
-454
-449
-381
-293
-212
-141
-64
30
150
280
373
413
428
454
490
513
513
497
468
422
367
314
271
230
192
140
54
-72
-207
-319
-404
-494
-592
-672
-695
-642
-540
-417
-291
-170
-64
23
110
209
320
423
487
498
468
434
406
368
313
254
195
120
16
-110
-235
-321
-350
-338
-315
-301
-289
-267
-258
-279
-337
-401
-434
-408
-306
-157
-18
66
92
90
100
153
240
302
298
247
200
203
271
387
466
414
235
43
-57
-71
-64
-77
-130
-244
-422
-580
-619
-531
-438
-462
-597
-711
-669
-445
-129
144
280
271
231
284
441
581
590
474
329
243
241
312
410
444
302
-60
-559
-947
-964
-522
115
499
346
-203
-694
-739
-292
283
441
-125
-1135
-1836
-1639
-658
401
871
595
-152
-950
-1410
-1351
-1017
-946
-1312
-1548
-940
512
2017
2803
2692
2108
1772
2261
3376
4024
3207
1233
-422
-549
741
2309
2954
2185
487
-1025
-1501
-1077
-614
-749
-1329
-1808
-1910
-1753
-1534
-1251
-834
-281
311
820
1133
1215
1181
1210
1371
1514
1437
1044
427
-246
-845
-1323
-1674
-1887
-1989
-2054
-2154
-2292
-2419
-2444
-2273
-1896
-1428
-1016
-704
-442
-204
14
258
587
975
1333
1605
1773
1831
1829
1887
2098
2388
2552
2439
2065
1568
1077
592
-3
-863
-2019
-3268
-4269
-4766
-4796
-4597
-4445
-4449
-4514
-4392
-3891
-3039
-2062
-1158
-379
291
868
1407
1996
2642
3242
3691
3940
3980
3823
3537
3190
2798
2337
1782
1119
404
-187
-434
-297
14
192
88
-161
-192
314
1426
2928
4487
5664
5897
4717
2340
-202
-1734
-1878
-1174
-532
-735
-2086
-4187
-6000
-6604
-5847
-4343
-2838
-1795
-1328
-1247
-1180
-789
90
1506
3321
5053
6033
5930
5004
3788
2665
1746
979
253
-611
-1823
-3519
-5509
-7261
-8226
-8278
-7649
-6592
-5175
-3419
-1444
606
2664
4742
6740
8388
9442
9999
10426
10805
10638
9264
6669
3550
705
-1556
-3266
-4596
-5824
-7228
-8696
-9686
-9811
-9216
-8287
-7157
-5721
-3921
-1893
71
1696
3038
4500
6286
7961
8854
8792
8091
7017
5563
3730
1720
-247
-2091
-3909
-5776
-7609
-9186
-10356
-11053
-11112
-10263
-8448
-6005
-3407
-902
1567
4134
6762
9154
10914
11832
12031
11874
11549
10788
9028
6082
2449
-1036
-3822
-5752
-6979
-7889
-8862
-9865
-10448
-10326
-9687
-8817
-7617
-5820
-3434
-854
1442
3186
4478
5684
7056
8425
9369
9609
9114
7963
6232
4045
1607
-854
-3129
-5107
-6755
-8044
-8959
-9556
-9895
-9799
-8932
-7113
-4561
-1690
1166
3866
6350
8490
10074
10912
11057
10840
10616
10351
9557
7662
4566
795
-2829
-5683
-7589
-8749
-9502
-9969
-9978
-9328
-8175
-6918
-5743
-4407
-2585
-281
2139
4232
5752
6785
7606
8332
8759
8599
7794
6503
4889
3035
966
-1279
-3581
-5706
-7412
-8584
-9269
-9571
-9501
-8937
-7744
-5966
-3851
-1634
609
2922
5275
7502
9377
10691
11290
11117
10343
9335
8283
6898
4712
1725
-1466
-4226
-6336
-7859
-8934
-9713
-10159
-9933
-8780
-7039
-5356
-3941
-2465
-660
1330
3176
4646
5704
6518
7272
7861
7924
7228
5874
4075
1986
-237
-2394
-4323
-5927
-7199
-8196
-8948
-9386
-9412
-8981
-8036
-6502
-4415
-2019
409
2690
4742
6547
8140
9509
10494
10878
10573
9757
8670
7304
5323
2540
-653
-3539
-5678
-7067
-7834
-8191
-8381
-8421
-7892
-6540
-4716
-3001
-1473
165
1979
3654
4848
5533
5956
6423
6942
7166
6695
5442
3591
1413
-808
-2776
-4339
-5565
-6604
-7528
-8299
-8824
-8996
-8722
-7907
-6454
-4369
-1865
691
2999
4943
6563
7947
9140
10063
10523
10343
9575
8489
7204
5432
2838
-369
-3498
-5995
-7714
-8665
-8979
-8967
-8813
-8216
-6828
-4897
-3047
-1507
6
1669
3293
4600
5515
6156
6726
7301
7686
7548
6738
5328
3416
1096
-1414
-3768
-5670
-7004
-7822
-8283
-8497
-8449
-8096
-7434
-6438
-5017
-3120
-857
1531
3776
5720
7339
8693
9727
10248
10098
9394
8444
7366
5829
3427
278
-2974
-5697
-7634
-8726
-9070
-8955
-8643
-7989
-6675
-4792
-2862
-1215
259
1767
3244
4455
5254
5709
6058
6466
6780
6607
5694
4112
2091
-184
-2506
-4576
-6110
-7040
-7534
-7834
-8056
-8130
-7907
-7284
-6187
-4546
-2395
33
2398
4485
6237
7687
8876
9809
10383
10418
9875
8900
7531
5524
2716
-538
-3619
-6149
-8059
-9256
-9698
-9543
-8982
-7912
-6158
-3915
-1707
98
1524
2759
3898
4885
5648
6204
6647
7010
7095
6602
5411
3658
1555
-750
-3090
-5215
-6868
-7952
-8531
-8761
-8777
-8617
-8203
-7373
-6035
-4204
-1987
490
3067
5514
7582
9132
10205
10858
11031
10618
9723
8530
6977
4696
1609
-1781
-4823
-7228
-8966
-9928
-10115
-9733
-8973
-7733
-5937
-3790
-1646
300
2021
3516
4754
5652
6192
6478
6699
6889
6895
6521
5621
4121
2042
-451
-3103
-5608
-7670
-9064
-9736
-9782
-9407
-8813
-8098
-7202
-5997
-4393
-2364
63
2745
5421
7796
9638
10810
11255
10993
10169
9065
7867
6352
4083
1031
-2226
-5042
-7168
-8563
-9183
-9090
-8478
-7435
-5946
-4189
-2486
-957
521
1997
3318
4294
4871
5171
5421
5754
6071
6177
5953
5320
4149
2346
-16
-2696
-5344
-7588
-9134
-9847
-9767
-9081
-8073
-6950
-5784
-4585
-3301
-1761
253
2711
5308
7672
9545
10737
11110
10655
9577
8185
6600
4606
1986
-1035
-3907
-6186
-7739
-8526
-8627
-8245
-7509
-6320
-4677
-2911
-1366
-63
1187
2451
3656
4645
5306
5667
5939
6218
6369
6218
5754
5013
3904
2315
241
-2166
-4670
-6992
-8869
-10059
-10391
-9896
-8828
-7461
-5894
-4124
-2192
-194
1829
3902
6026
8085
9785
10801
10998
10503
9551
8243
6480
4127
1270
-1764
-4592
-6896
-8364
-8814
-8428
-7630
-6638
-5356
-3787
-2243
-1050
-201
545
1420
2446
3473
4354
5112
5815
6318
6373
5889
5030
3927
2573
919
-994
-3057
-5150
-7150
-8879
-10107
-10633
-10417
-9574
-8236
-6481
-4387
-2106
205
2472
4698
6850
8766
10163
10797
10632
9887
8816
7427
5501
2948
77
-2689
-5105
-7044
-8263
-8567
-8075
-7038
-5569
-3774
-2011
-650
248
883
1447
2036
2716
3499
4358
5273
6134
6690
6672
6005
4782
3153
1256
-791
-2884
-4911
-6754
-8345
-9627
-10458
-10636
-10066
-8848
-7193
-5248
-3073
-715
1673
3927
5997
7918
9590
10745
11147
10787
9844
8500
6764
4529
1871
-879
-3423
-5682
-7529
-8636
-8811
-8199
-7012
-5283
-3178
-1121
494
1624
2410
2961
3338
3617
3955
4551
5473
6447
7023
6925
6163
4795
2859
490
-2027
-4341
-6201
-7574
-8606
-9381
-9785
-9669
-9039
-7996
-6572
-4736
-2516
-68
2376
4622
6597
8328
9759
10713
11010
10639
9686
8169
5996
3210
144
-2727
-5085
-6827
-7899
-8293
-8103
-7450
-6309
-4687
-2817
-1063
399
1559
2423
2966
3260
3482
3833
4451
5264
6022
6456
6417
5759
4330
2149
-498
-3187
-5546
-7367
-8638
-9440
-9794
-9670
-9134
-8285
-7148
-5664
-3842
-1729
616
3072
5417
7470
9136
10312
10863
10757
10130
9050
7361
4879
1780
-1440
-4280
-6528
-8098
-8951
-9119
-8717
-7789
-6321
-4478
-2601
-961
406
1541
2452
3103
3519
3824
4225
4809
5438
5898
6082
5898
5144
3657
1483
-1118
-3829
-6315
-8324
-9716
-10424
-10418
-9796
-8803
-7625
-6297
-4794
-3117
-1215
994
3481
6012
8288
10081
11241
11669
11373
10470
9054
7121
4706
2033
-604
-3039
-5136
-6657
-7445
-7605
-7314
-6530
-5218
-3654
-2239
-1056
90
1284
2379
3241
3922
4585
5351
6129
6703
6943
6902
6576
5751
4233
2091
-380
-2894
-5265
-7379
-9095
-10184
-10485
-10066
-9177
-7987
-6513
-4785
-2905
-954
1070
3158
5253
7271
9086
10490
11230
11194
10428
8990
6830
4026
970
-1867
-4285
-6239
-7550
-8071
-7944
-7418
-6496
-5136
-3582
-2226
-1187
-317
498
1218
1808
2389
3179
4292
5523
6486
6944
6920
6421
5324
3584
1368
-1044
-3447
-5708
-7733
-9378
-10448
-10808
-10518
-9745
-8572
-6988
-5033
-2863
-662
1437
3397
5277
7137
8894
10310
11132
11281
10778
9538
7375
4409
1200
-1686
-4114
-6133
-7549
-8120
-7936
-7310
-6348
-5036
-3593
-2405
-1599
-975
-327
359
1019
1709
2598
3787
5114
6259
6964
7161
6844
5966
4492
2469
57
-2511
-4972
-7110
-8778
-9867
-10293
-10087
-9378
-8270
-6781
-4932
-2853
-734
1278
3124
4812
6379
7834
9100
10027
10498
10535
10108
8983
6941
4190
1238
-1581
-4172
-6297
-7551
-7815
-7352
-6451
-5209
-3788
-2529
-1674
-1131
-661
-123
521
1341
2388
3590
4780
5796
6545
6963
6982
6500
5442
3827
1756
-645
-3203
-5657
-7712
-9128
-9768
-9633
-8891
-7790
-6498
-5056
-3461
-1765
-62
1569
3140
4715
6300
7775
8975
9824
10315
10396
9889
8576
6415
3669
704
-2239
-4984
-7185
-8459
-8754
-8345
-7468
-6198
-4738
-3465
-2591
-1970
-1369
-667
191
1223
2352
3474
4519
5384
5921
6059
5807
5144
4034
2510
624
-1571
-3900
-6070
-7853
-9136
-9777
-9634
-8794
-7538
-6086
-4503
-2852
-1254
182
1478
2762
4161
5630
7012
8220
9238
9952
10203
9906
8966
7216
4684
1695
-1401
-4370
-6834
-8347
-8845
-8687
-8123
-7092
-5673
-4238
-3084
-2131
-1162
-80
1054
2115
2972
3615
4118
4510
4745
4785
4648
4308
3685
2669
1166
-813
-3066
-5264
-7117
-8413
-8980
-8745
-7820
-6439
-4841
-3196
-1613
-160
1106
2187
3176
4202
5306
6461
7647
8793
9699
10188
10242
9800
8583
6396
3480
320
-2717
-5398
-7427
-8614
-9043
-8907
-8215
-6919
-5193
-3371
-1657
-66
1380
2589
3457
3928
3991
3748
3409
3193
3180
3322
3454
3362
2857
1836
285
-1678
-3764
-5628
-7018
-7817
-7938
-7376
-6293
-4969
-3600
-2239
-941
176
1046
1775
2558
3467
4429
5406
6480
7654
8723
9413
9604
9199
7979
5800
2932
-90
-2905
-5412
-7487
-8886
-9491
-9383
-8652
-7294
-5408
-3272
-1194
649
2078
2865
2898
2338
1514
738
263
243
668
1356
2037
2428
2329
1674
531
-961
-2561
-3964
-4967
-5563
-5797
-5620
-5017
-4119
-3116
-2123
-1177
-304
491
1222
1945
2760
3744
4860
6046
7256
8345
9010
9058
8600
7737
6316
4208
1704
-787
-3171
-5486
-7454
-8665
-9059
-8840
-8020
-6449
-4298
-2111
-354
861
1547
1675
1289
657
137
-35
181
691
1353
1996
2442
2537
2232
1587
715
-306
-1417
-2526
-3522
-4301
-4763
-4821
-4482
-3872
-3131
-2323
-1463
-568
360
1350
2414
3529
4644
5709
6655
7435
7981
8177
7972
7496
6897
6033
4599
2584
388
-1674
-3593
-5373
-6780
-7578
-7725
-7269
-6264
-4904
-3509
-2308
-1333
-587
-117
63
63
20
2
42
168
430
817
1275
1720
2085
2279
2182
1725
953
17
-945
-1846
-2622
-3165
-3414
-3408
-3256
-2995
-2572
-1960
-1248
-540
192
1054
2038
2977
3733
4340
4939
5568
6101
6389
6431
6379
6254
5793
4694
2993
1024
-958
-2886
-4618
-5955
-6864
-7423
-7534
-7007
-5992
-4898
-3946
-3044
-2174
-1513
-1152
-974
-851
-726
-510
-102
496
1210
1980
2738
3386
3828
3993
3844
3426
2803
1949
819
-504
-1817
-2988
-3973
-4715
-5119
-5142
-4809
-4177
-3321
-2299
-1134
133
1411
2618
3747
4842
5878
6747
7302
7474
7353
7088
6661
5840
4467
2707
855
-948
-2710
-4350
-5775
-6974
-7932
-8457
-8380
-7784
-6889
-5795
-4486
-3047
-1659
-477
441
1094
1552
1948
2397
2980
3743
4657
5597
6417
7006
7225
6903
5973
4492
2534
179
-2344
-4692
-6618
-8038
-8902
-9112
-8619
-7513
-5956
-4096
-2054
11
1895
3450
4646
5519
6061
6260
6213
6101
6045
6066
6182
6388
6501
6167
5155
3545
1536
-798
-3377
-5883
-7920
-9336
-10175
-10362
-9757
-8461
-6794
-4988
-3106
-1257
372
1667
2595
3152
3412
3579
3822
4185
4647
5174
5661
5954
5903
5387
4317
2719
723
-1549
-3977
-6322
-8270
-9609
-10270
-10258
-9608
-8397
-6753
-4860
-2911
-1018
733
2193
3231
3942
4572
5250
5914
6519
7067
7497
7698
7644
7383
6937
6286
5371
4110
2488
611
-1427
-3585
-5692
-7371
-8411
-8874
-8783
-7973
-6454
-4591
-2745
-1021
524
1707
2450
2867
3060
3022
2830
2699
2776
3034
3367
3699
3979
4146
4050
3487
2356
755
-1138
-3211
-5333
-7263
-8728
-9560
-9695
-9097
-7799
-5966
-3835
-1623
466
2256
3613
4508
4973
5088
4953
4682
4416
4307
4471
4918
5531
6135
6553
6670
6455
6006
5416
4665
3637
2304
753
-910
-2636
-4350
-5938
-7319
-8409
-9051
-9051
-8382
-7197
-5696
-4005
-2269
-634
769
1842
2474
2617
2361
1884
1321
747
237
-101
-162
65
464
815
970
894
609
95
-685
-1695
-2833
-3961
-4945
-5651
-5992
-5949
-5527
-4723
-3549
-2072
-459
1123
2582
3928
5162
6234
7126
7884
8511
8897
8942
8687
8231
7580
6671
5522
4287
3089
1884
521
-1078
-2816
-4558
-6176
-7537
-8501
-9092
-9449
-9550
-9185
-8272
-7031
-5701
-4296
-2787
-1305
-32
945
1617
2008
2241
2465
2739
3098
3606
4291
5036
5698
6151
6195
5622
4384
2607
429
-1992
-4372
-6423
-8011
-9029
-9270
-8606
-7172
-5225
-2947
-510
1799
3706
5094
5991
6475
6628
6540
6331
6139
6010
5873
5649
5364
5056
4649
4030
3192
2215
1186
147
-854
-1772
-2596
-3359
-4043
-4560
-4882
-5109
-5340
-5514
-5567
-5553
-5495
-5178
-4393
-3219
-1892
-526
828
1978
2710
3001
2982
2776
2479
2181
1932
1758
1766
2015
2411
2766
2982
2995
2685
1963
835
-632
-2328
-4063
-5606
-6815
-7594
-7829
-7428
-6417
-4916
-3100
-1196
537
1929
2956
3645
3993
3992
3723
3368
3120
3085
3232
3462
3671
3765
3640
3201
2461
1543
627
-164
-739
-1003
-857
-294
498
1218
1666
1813
1650
1094
123
-1117
-2451
-3758
-4867
-5506
-5513
-4989
-4149
-3119
-1985
-894
-5
588
857
799
487
68
-294
-494
-457
-138
463
1289
2194
2952
3339
3255
2683
1597
23
-1851
-3713
-5303
-6453
-7019
-6897
-6120
-4846
-3258
-1528
139
1507
2397
2745
2621
2189
1650
1167
878
912
1363
2218
3362
4625
5843
6865
7563
7853
7733
7257
6498
5513
4371
3156
1946
807
-233
-1169
-2042
-2875
-3671
-4425
-5129
-5731
-6183
-6476
-6594
-6416
-5839
-4942
-3927
-2916
-1929
-1024
-288
265
707
1106
1505
1973
2550
3186
3816
4397
4875
5132
5040
4529
3563
2132
305
-1748
-3807
-5646
-7080
-7970
-8231
-7821
-6771
-5220
-3375
-1431
433
2034
3221
3955
4277
4244
3920
3406
2836
2353
2068
2019
2152
2387
2686
2972
3068
2784
2092
1127
38
-1093
-2180
-3048
-3477
-3320
-2583
-1346
294
2212
4123
5639
6466
6529
5876
4567
2724
590
-1590
-3619
-5327
-6499
-7029
-6965
-6470
-5666
-4665
-3660
-2854
-2310
-1947
-1690
-1504
-1300
-933
-352
411
1319
2372
3499
4549
5340
5703
5526
4758
3408
1535
-642
-2808
-4697
-6195
-7220
-7680
-7562
-6988
-6099
-4993
-3797
-2687
-1786
-1117
-664
-351
-27
470
1196
2111
3151
4254
5336
6272
6930
7242
7226
6894
6203
5137
3851
2601
1587
873
495
495
888
1625
2607
3676
4623
5218
5242
4597
3341
1620
-452
-2726
-4956
-6897
-8419
-9439
-9813
-9451
-8462
-7075
-5484
-3869
-2463
-1456
-893
-735
-907
-1257
-1537
-1535
-1127
-221
1202
3009
4961
6846
8456
9551
9904
9392
8001
5807
3007
-94
-3164
-5889
-8005
-9359
-9942
-9830
-9080
-7799
-6207
-4562
-3026
-1658
-459
599
1583
2567
3612
4733
5889
7009
8019
8851
9410
9590
9303
8485
7153
5424
3520
1676
84
-1144
-1986
-2490
-2729
-2772
-2697
-2603
-2595
-2715
-2938
-3249
-3667
-4141
-4509
-4619
-4465
-4106
-3552
-2808
-1963
-1107
-312
347
755
900
882
774
559
239
-84
-287
-319
-176
145
646
1313
2073
2756
3157
3180
2861
2257
1381
252
-1047
-2405
-3712
-4868
-5815
-6511
-6928
-7057
-6926
-6564
-5958
-5106
-4077
-2961
-1823
-724
280
1153
1900
2522
3028
3461
3877
4299
4693
5025
5284
5483
5618
5665
5581
5328
4888
4265
3473
2581
1698
917
277
-202
-477
-516
-352
-46
352
817
1285
1654
1795
1661
1285
743
54
-748
-1567
-2265
-2786
-3148
-3353
-3385
-3266
-3098
-2972
-2954
-3050
-3221
-3372
-3436
-3377
-3155
-2693
-1949
-973
161
1384
2581
3562
4150
4258
3876
3045
1862
495
-889
-2137
-3124
-3741
-3967
-3855
-3485
-2931
-2262
-1548
-853
-243
212
488
616
668
715
814
1017
1347
1821
2421
3096
3765
4361
4847
5205
5400
5394
5163
4698
4020
3181
2270
1366
544
-138
-623
-898
-979
-895
-646
-255
199
621
956
1192
1276
1082
519
-383
-1469
-2577
-3591
-4424
-5010
-5315
-5320
-4988
-4353
-3556
-2803
-2185
-1695
-1336
-1146
-1102
-1108
-1065
-913
-619
-174
406
1132
1983
2850
3517
3815
3679
3099
2082
698
-896
-2529
-4033
-5261
-6104
-6521
-6512
-6096
-5371
-4523
-3703
-2967
-2328
-1816
-1446
-1143
-800
-280
497
1540
2780
4146
5587
7004
8206
8979
9200
8869
8057
6866
5414
3837
2301
982
0
-622
-942
-1004
-815
-390
187
770
1237
1524
1648
1651
1562
1395
1181
969
758
472
8
-650
-1448
-2339
-3283
-4227
-5107
-5873
-6448
-6700
-6560
-6105
-5483
-4764
-3950
-3076
-2222
-1468
-841
-319
169
655
1108
1510
1940
2481
3068
3528
3763
3810
3698
3380
2804
1985
1000
-54
-1062
-1955
-2722
-3366
-3819
-3998
-3916
-3647
-3225
-2634
-1910
-1124
-324
491
1315
2137
2938
3698
4381
4944
5342
5511
5420
5088
4582
3965
3317
2708
2168
1703
1335
1120
1046
1048
1061
1035
933
745
483
139
-314
-844
-1325
-1644
-1791
-1837
-1820
-1741
-1663
-1721
-1995
-2451
-2977
-3487
-3931
-4269
-4470
-4465
-4191
-3590
-2703
-1621
-483
576
1446
2048
2334
2262
1861
1232
541
-97
-618
-973
-1068
-858
-423
84
541
898
1076
987
591
-80
-972
-1990
-2997
-3885
-4615
-5125
-5269
-4953
-4239
-3255
-2083
-792
479
1594
2481
3115
3511
3737
3859
3878
3804
3735
3766
3890
4051
4248
4520
4848
5159
5348
5316
4996
4386
3536
2482
1254
-82
-1387
-2502
-3312
-3776
-3898
-3707
-3249
-2599
-1855
-1103
-450
-5
153
5
-450
-1193
-2120
-3017
-3667
-3967
-3897
-3479
-2761
-1834
-811
198
1064
1627
1770
1466
781
-172
-1202
-2105
-2713
-2938
-2726
-2044
-944
404
1765
2944
3777
4152
4018
3442
2549
1458
276
-870
-1826
-2474
-2743
-2646
-2270
-1746
-1179
-664
-294
-129
-165
-313
-476
-572
-546
-356
11
543
1188
1879
2531
3087
3515
3800
3935
3937
3863
3770
3662
3497
3268
2985
2622
2088
1347
436
-586
-1680
-2770
-3735
-4478
-4925
-5016
-4721
-4139
-3411
-2635
-1849
-1103
-463
30
313
317
72
-251
-496
-618
-626
-502
-257
45
317
499
516
296
-136
-700
-1340
-2043
-2717
-3200
-3357
-3147
-2581
-1721
-688
387
1417
2345
3102
3611
3815
3707
3368
2948
2535
2085
1539
933
349
-180
-671
-1128
-1555
-1955
-2296
-2531
-2617
-2523
-2201
-1649
-942
-201
466
1021
1504
1982
2455
2851
3102
3216
3219
3140
2998
2804
2546
2235
1881
1436
819
22
-850
-1694
-2427
-2982
-3306
-3396
-3273
-2940
-2409
-1718
-918
-73
677
1187
1393
1374
1250
1123
1028
923
755
545
411
393
426
424
385
316
164
-101
-424
-734
-1050
-1419
-1808
-2103
-2230
-2164
-1909
-1476
-905
-222
576
1420
2159
2657
2915
2940
2685
2109
1278
302
-730
-1725
-2595
-3312
-3881
-4273
-4438
-4417
-4278
-4026
-3622
-3102
-2536
-1948
-1319
-687
-131
310
652
931
1185
1454
1725
1974
2209
2485
2815
3155
3464
3727
3919
3979
3875
3616
3217
2670
1982
1198
392
-357
-992
-1448
-1678
-1631
-1336
-890
-424
4
393
722
917
913
739
465
165
-121
-376
-598
-774
-842
-758
-529
-222
124
487
821
1040
1079
916
561
55
-519
-1082
-1600
-2038
-2336
-2399
-2180
-1680
-966
-168
562
1137
1566
1849
1919
1730
1340
865
371
-122
-570
-927
-1189
-1363
-1450
-1463
-1453
-1423
-1352
-1264
-1241
-1305
-1383
-1418
-1436
-1464
-1486
-1458
-1360
-1192
-942
-624
-252
167
644
1178
1745
2294
2745
3020
3096
3008
2794
2450
1972
1397
783
164
-420
-895
-1205
-1359
-1408
-1394
-1326
-1203
-1025
-797
-554
-326
-108
151
490
891
1260
1482
1528
1463
1406
1396
1426
1462
1472
1411
1255
1035
778
455
16
-506
-1029
-1494
-1885
-2152
-2246
-2151
-1872
-1402
-780
-124
457
918
1237
1378
1326
1163
937
630
211
-271
-785
-1361
-2008
-2670
-3272
-3788
-4174
-4391
-4416
-4233
-3799
-3112
-2299
-1507
-802
-154
416
862
1170
1385
1542
1647
1716
1777
1860
1996
2231
2584
2983
3280
3365
3210
2846
2321
1695
1028
348
-337
-974
-1470
-1762
-1834
-1648
-1160
-391
544
1508
2404
3154
3717
4085
4270
4264
4048
3597
2919
2092
1245
520
-5
-315
-488
-613
-739
-829
-864
-923
-1121
-1480
-1916
-2326
-2651
-2847
-2888
-2761
-2484
-2072
-1573
-1049
-574
-200
41
121
27
-232
-610
-1056
-1517
-1974
-2437
-2888
-3258
-3471
-3518
-3430
-3210
-2828
-2299
-1693
-1067
-455
101
557
906
1142
1251
1243
1229
1324
1556
1852
2136
2387
2616
2818
2936
2903
2692
2355
1957
1512
1022
521
96
-173
-289
-316
-322
-296
-179
58
374
699
1000
1288
1552
1741
1793
1692
1464
1134
707
203
-340
-888
-1390
-1766
-1929
-1883
-1680
-1393
-1055
-692
-309
82
429
636
666
557
343
53
-231
-388
-381
-270
-92
149
409
601
659
548
220
-316
-963
-1603
-2204
-2771
-3271
-3628
-3833
-3920
-3900
-3751
-3486
-3171
-2821
-2406
-1895
-1303
-646
64
785
1460
2037
2483
2780
2933
2943
2808
2530
2155
1726
1252
732
223
-181
-398
-396
-178
231
791
1460
2175
2836
3335
3632
3757
3760
3659
3482
3267
3061
2863
2666
2471
2287
2121
1980
1861
1723
1512
1212
837
381
-165
-756
-1284
-1668
-1912
-2028
-2027
-1925
-1773
-1611
-1459
-1346
-1318
-1419
-1660
-2021
-2426
-2781
-3003
-3051
-2912
-2626
-2297
-2023
-1824
-1701
-1682
-1809
-2035
-2278
-2490
-2672
-2787
-2794
-2705
-2571
-2411
-2222
-2027
-1828
-1585
-1245
-837
-439
-111
158
397
598
717
757
778
846
980
1151
1341
1568
1855
2184
2514
2831
3127
3368
3511
3564
3562
3483
3281
2954
2538
2053
1514
977
532
254
174
286
550
906
1283
1595
1753
1721
1526
1232
873
463
26
-381
-683
-853
-899
-840
-669
-416
-127
123
271
271
143
-26
-200
-435
-790
-1197
-1549
-1803
-2004
-2173
-2303
-2405
-2512
-2642
-2761
-2833
-2824
-2711
-2491
-2212
-1916
-1612
-1314
-1077
-964
-978
-1089
-1262
-1463
-1620
-1660
-1539
-1251
-835
-354
154
663
1149
1546
1794
1865
1779
1563
1288
1048
932
971
1157
1464
1854
2293
2737
3164
3543
3840
4001
3968
3731
3321
2798
2199
1548
898
339
-61
-270
-308
-225
-74
115
337
566
737
794
743
651
569
484
345
144
-81
-278
-415
-482
-485
-464
-460
-508
-615
-781
-1006
-1268
-1554
-1863
-2200
-2533
-2797
-2954
-3032
-3070
-3057
-2937
-2676
-2306
-1895
-1505
-1155
-856
-622
-489
-485
-611
-840
-1117
-1392
-1633
-1805
-1841
-1682
-1338
-893
-433
-31
273
437
457
361
199
35
-108
-199
-160
94
557
1082
1551
1974
2392
2776
3047
3198
3255
3238
3128
2940
2696
2410
2098
1801
1547
1324
1125
983
928
935
943
908
792
592
343
101
-115
-323
-520
-689
-790
-791
-688
-527
-356
-193
-34
123
278
419
496
457
296
49
-243
-550
-851
-1153
-1477
-1806
-2066
-2210
-2276
-2332
-2382
-2378
-2287
-2135
-1972
-1829
-1730
-1666
-1609
-1517
-1365
-1154
-917
-676
-433
-172
126
442
733
964
1131
1230
1224
1066
754
361
6
-230
-340
-357
-310
-200
-31
170
369
539
686
829
961
1052
1096
1128
1189
1300
1447
1596
1694
1725
1711
1685
1637
1553
1432
1288
1121
940
758
592
431
271
128
16
-57
-72
0
169
410
677
918
1123
1312
1483
1589
1585
1484
1306
1046
693
300
-41
-289
-467
-605
-685
-708
-720
-780
-920
-1143
-1448
-1820
-2234
-2668
-3078
-3372
-3469
-3351
-3070
-2672
-2191
-1676
-1200
-820
-557
-425
-422
-532
-719
-930
-1102
-1193
-1217
-1202
-1143
-1003
-793
-559
-342
-173
-107
-178
-363
-578
-750
-840
-811
-642
-342
26
420
844
1300
1741
2070
2220
2195
2065
1898
1729
1561
1427
1365
1396
1483
1594
1715
1830
1892
1848
1700
1497
1294
1122
976
845
742
706
770
919
1101
1259
1358
1384
1343
1237
1054
800
530
311
134
-47
-230
-365
-450
-524
-592
-652
-754
-962
-1257
-1560
-1805
-1944
-1932
-1784
-1606
-1510
-1510
-1561
-1633
-1728
-1862
-2015
-2135
-2175
-2142
-2077
-1971
-1781
-1521
-1282
-1121
-1022
-955
-912
-876
-829
-775
-720
-642
-514
-367
-247
-149
-38
87
182
225
218
196
187
210
256
329
451
642
878
1112
1335
1562
1806
2045
2225
2309
2338
2407
2565
2758
2911
3019
3135
3266
3368
3384
3270
3004
2605
2126
1610
1091
652
388
284
222
137
90
145
280
440
561
577
433
176
-112
-423
-797
-1185
-1457
-1556
-1540
-1501
-1500
-1581
-1723
-1856
-1966
-2126
-2419
-2814
-3227
-3580
-3814
-3871
-3729
-3429
-3049
-2641
-2227
-1817
-1432
-1117
-919
-868
-930
-1040
-1143
-1206
-1205
-1114
-948
-744
-540
-322
-69
218
480
639
653
549
406
293
241
232
295
473
803
1234
1667
2008
2205
2277
2310
2384
2505
2601
2620
2551
2403
2202
2025
1946
1960
2005
2030
2045
2032
1970
1858
1735
1610
1466
1294
1094
860
604
397
307
330
364
297
92
-168
-344
-362
-282
-209
-219
-360
-661
-1072
-1471
-1765
-1972
-2158
-2314
-2388
-2349
-2237
-2103
-1960
-1794
-1602
-1409
-1236
-1131
-1156
-1322
-1547
-1720
-1818
-1883
-1950
-1996
-1991
-1915
-1745
-1491
-1211
-986
-845
-716
-504
-193
101
256
286
283
282
249
193
147
86
-19
-121
-131
-50
95
278
503
750
1063
1457
1872
2196
2410
2513
2479
2338
2199
2134
2083
2038
2003
1987
1913
1889
2011
2210
2281
2182
2053
1928
1798
1675
1599
1468
1252
1024
816
564
292
132
83
55
-48
-201
-384
-554
-683
-776
-791
-758
-722
-798
-938
-1130
-1376
-1645
-1813
-1832
-1845
-1902
-1987
-2049
-2138
-2128
-1950
-1708
-1637
-1746
-1889
-1989
-2010
-1929
-1771
-1692
-1709
-1725
-1645
-1481
-1214
-879
-583
-425
-356
-367
-450
-545
-560
-582
-729
-909
-961
-802
-518
-146
181
401
554
692
736
685
772
1066
1421
1707
1979
2239
2393
2515
2722
2906
2868
2618
2342
2057
1723
1412
1260
1136
831
447
233
324
545
766
848
763
553
389
397
526
611
485
283
168
207
244
293
343
308
84
-215
-422
-559
-667
-801
-969
-1208
-1405
-1474
-1415
-1261
-1087
-949
-959
-1023
-1088
-1144
-1237
-1327
-1360
-1425
-1536
-1609
-1535
-1386
-1198
-944
-635
-425
-377
-396
-372
-339
-319
-371
-451
-540
-534
-409
-174
110
341
509
660
912
1128
1198
1057
901
799
791
852
981
1103
1137
1133
1140
1155
1118
1076
1057
1038
933
795
694
708
783
918
1078
1198
1227
1138
1039
931
834
684
501
288
60
-117
-174
-62
67
144
180
178
46
-250
-538
-790
-1060
-1374
-1569
-1651
-1731
-1795
-1716
-1431
-1022
-554
-132
137
222
253
273
251
110
-94
-362
-630
-809
-828
-776
-798
-844
-872
-873
-902
-891
-868
-900
-993
-1020
-1014
-1044
-1107
-1077
-995
-907
-791
-602
-416
-361
-374
-369
-242
-48
216
431
531
474
380
328
345
417
504
525
396
222
168
345
648
969
1215
1379
1514
1677
1880
2018
1978
1766
1459
1190
1028
994
1021
965
807
628
555
564
633
694
612
339
-3
-184
-195
-160
-50
144
376
439
385
307
219
71
-78
-105
-103
-132
-194
-244
-351
-530
-668
-800
-960
-1154
-1233
-1244
-1275
-1306
-1271
-1196
-1165
-1104
-1009
-912
-889
-847
-793
-769
-785
-767
-726
-706
-710
-729
-724
-681
-495
-259
-82
-113
-291
-493
-610
-569
-397
-140
44
144
175
210
291
430
663
894
1123
1263
1333
1314
1247
1160
1081
1084
1133
1217
1282
1303
1193
975
840
846
924
911
879
872
903
903
855
771
692
672
666
585
369
151
27
-15
-73
-132
-175
-215
-264
-240
-53
180
333
353
333
280
153
2
-96
-177
-341
-534
-651
-715
-854
-1050
-1183
-1248
-1342
-1455
-1530
-1581
-1727
-1917
-2053
-2045
-1957
-1811
-1692
-1654
-1707
-1761
-1659
-1411
-1118
-954
-897
-902
-865
-768
-618
-498
-406
-329
-197
-106
-54
-13
85
304
486
590
565
587
682
828
986
1125
1201
1168
1173
1308
1500
1644
1661
1629
1478
1306
1238
1330
1475
1498
1477
1349
1188
994
996
1122
1225
1190
1003
836
678
680
723
875
974
1027
975
885
860
776
723
626
598
397
80
-248
-438
-553
-735
-852
-987
-1051
-1125
-1102
-1060
-1092
-1129
-1233
-1315
-1454
-1516
-1548
-1598
-1670
-1804
-1856
-1821
-1608
-1373
-1247
-1227
-1223
-1131
-1031
-926
-840
-801
-851
-889
-830
-689
-542
-336
-44
197
335
327
315
297
384
586
848
1140
1283
1323
1169
1108
1150
1299
1391
1371
1310
1113
954
863
947
1018
1062
1096
1149
1167
1116
1027
921
821
698
610
575
686
818
939
919
844
736
673
703
769
785
633
363
-26
-454
-812
-991
-1089
-1192
-1311
-1341
-1362
-1332
-1313
-1284
-1303
-1344
-1380
-1462
-1515
-1526
-1389
-1261
-1132
-1084
-1060
-1082
-1115
-1161
-1225
-1236
-1148
-988
-881
-816
-715
-564
-443
-398
-315
-169
-27
30
53
116
149
194
205
345
471
629
720
860
1046
1142
1135
991
901
742
578
363
226
154
197
358
556
704
734
757
776
888
1067
1311
1487
1528
1408
1209
1040
995
1050
1076
1052
989
955
892
811
637
445
286
259
316
321
281
141
-15
-252
-414
-519
-550
-605
-684
-793
-993
-1207
-1309
-1227
-1051
-892
-785
-801
-981
-1175
-1216
-1132
-1026
-1014
-1014
-1066
-1061
-1013
-876
-742
-665
-599
-631
-645
-721
-657
-593
-472
-353
-112
77
104
-27
-144
-112
-9
207
439
641
627
545
457
453
413
424
490
606
614
590
624
767
945
1036
1071
993
910
772
706
645
650
624
562
491
385
282
145
81
140
344
581
714
726
684
659
610
512
447
408
435
393
374
319
199
-93
-422
-615
-672
-685
-740
-751
-802
-813
-715
-430
-240
-294
-508
-610
-606
-628
-686
-747
-793
-827
-737
-531
-313
-206
-164
-148
-124
-101
-100
-134
-235
-388
-603
-704
-740
-699
-748
-750
-717
-633
-539
-414
-260
-249
-302
-364
-223
-54
83
159
314
483
653
768
826
728
468
310
298
405
404
421
397
345
215
201
340
503
587
620
618
556
503
515
562
531
455
369
276
153
8
-109
-154
-76
6
14
-38
-95
-152
-286
-359
-367
-344
-365
-386
-356
-358
-303
-214
-83
-89
-160
-167
-34
232
460
581
491
300
81
-30
-44
24
-13
-147
-323
-473
-639
-824
-875
-811
-656
-475
-218
-3
99
146
233
432
664
823
755
578
494
582
657
670
635
554
402
272
308
354
241
12
-58
-28
-114
-405
-632
-667
-534
-381
-222
-131
-181
-263
-237
76
419
621
543
403
297
267
280
282
285
275
350
456
544
463
314
124
-4
-92
-116
-73
-29
-30
-221
-463
-728
-773
-724
-529
-353
-261
-363
-554
-601
-461
-164
37
177
188
177
84
-75
-247
-347
-311
-250
-201
-248
-341
-481
-502
-359
-123
0
18
8
-24
-95
-178
-188
-236
-305
-335
-185
4
90
13
-78
-102
46
246
457
466
294
17
-163
-193
-160
-145
-168
-220
-273
-252
-139
-31
-64
-106
-134
-78
-59
43
195
296
278
160
73
-17
-60
-53
31
136
190
174
108
26
-54
-125
-93
58
246
329
282
241
235
250
216
170
109
32
3
50
152
121
35
3
140
326
479
579
597
510
403
369
341
277
164
94
30
46
174
295
264
95
19
32
126
171
218
175
57
6
13
53
-25
-57
-62
13
52
98
98
64
32
9
42
28
14
-114
-199
-326
-302
-221
-90
-111
-242
-332
-365
-301
-244
-92
-82
-122
-157
5
211
321
350
287
210
114
125
106
84
78
171
286
321
301
186
8
-200
-330
-406
-497
-596
-643
-602
-640
-699
-721
-594
-489
-455
-371
-227
-84
-28
131
282
338
300
400
549
547
429
302
156
-105
-272
-332
-399
-613
-721
-689
-640
-684
-746
-780
-853
-832
-674
-424
-257
-191
-193
-200
-185
-145
-120
-126
-163
-171
-141
-53
6
30
-12
-90
-168
-187
-190
-245
-270
-246
-182
-234
-256
-124
155
399
569
714
812
849
897
1073
1226
1310
1309
1239
1081
935
947
1014
989
811
629
423
306
285
340
349
299
309
328
283
192
121
82
37
94
227
328
338
218
45
-234
-413
-443
-267
-112
18
17
-114
-351
-516
-430
-310
-264
-378
-399
-445
-429
-441
-378
-364
-421
-376
-240
-30
12
30
-1
36
33
17
26
6
-49
-197
-276
-239
-94
-14
15
-49
-101
-148
-93
7
48
77
42
132
91
187
208
375
471
572
589
429
262
75
107
54
125
77
54
-189
-414
-541
-536
-476
-413
-291
-303
-371
-542
-557
-584
-510
-442
-339
-359
-410
-405
-298
-177
-145
-72
-9
70
-3
-136
-325
-441
-490
-446
-379
-362
-330
-262
-163
-167
-284
-424
-391
-237
-41
-20
-84
-230
-350
-398
-307
-170
-133
-141
-157
-117
-163
-167
-89
26
15
-88
-50
103
252
304
425
562
590
524
474
485
386
303
408
702
953
1004
973
859
810
815
959
977
864
695
622
665
709
780
753
668
537
505
508
528
520
541
539
440
329
179
28
-193
-329
-356
-303
-333
-381
-411
-420
-447
-506
-539
-600
-631
-614
-565
-604
-677
-719
-720
-729
-672
-540
-376
-306
-266
-232
-219
-168
-76
79
133
89
-19
-161
-324
-457
-411
-315
-184
-217
-254
-379
-481
-570
-576
-492
-453
-389
-377
-282
-318
-320
-265
-59
142
256
325
382
420
454
488
545
525
495
436
439
446
489
581
653
751
804
952
1022
1030
923
821
739
670
612
529
393
219
93
60
15
-61
-171
-224
-223
-226
-231
-322
-405
-550
-676
-908
-1049
-1104
-1012
-923
-823
-701
-640
-634
-662
-621
-551
-449
-293
-172
-146
-301
-449
-518
-479
-405
-373
-319
-360
-412
-445
-366
-266
-233
-266
-281
-224
-138
-67
-83
-119
-180
-178
-140
13
157
265
253
136
35
-6
132
245
258
205
264
429
539
551
537
531
552
643
825
948
926
845
814
874
947
1018
1064
1011
932
905
988
1112
1094
947
655
384
135
21
-63
-138
-241
-267
-205
-185
-183
-191
-149
-170
-123
-63
55
81
149
181
173
59
-35
-98
-179
-233
-318
-330
-388
-283
-213
-155
-250
-267
-281
-329
-398
-433
-377
-404
-447
-611
-755
-884
-888
-835
-818
-827
-857
-765
-626
-472
-414
-430
-482
-555
-557
-502
-363
-264
-159
-67
11
71
122
181
184
206
301
478
644
730
727
603
474
371
446
545
657
578
414
238
191
279
379
501
477
434
245
178
120
143
60
-71
-253
-433
-553
-620
-611
-638
-602
-576
-488
-454
-468
-522
-515
-407
-304
-235
-224
-201
-193
-159
-49
105
255
285
224
116
104
119
184
200
223
135
46
15
67
58
-3
47
158
170
34
-38
21
54
24
20
96
199
285
398
453
525
502
512
479
509
501
377
230
46
-98
-208
-128
70
168
127
17
-98
-300
-455
-457
-384
-375
-366
-242
-124
-82
-94
-43
-47
-32
54
253
335
273
170
90
6
-99
-78
40
166
191
128
66
13
-1
-30
14
146
248
276
235
225
171
91
69
122
118
32
-11
63
124
138
134
206
222
265
339
416
419
298
202
67
-36
-95
-46
-15
-99
-266
-416
-509
-530
-437
-232
-94
-139
-306
-391
-385
-391
-428
-403
-386
-439
-533
-509
-474
-462
-394
-212
-32
3
63
153
235
223
236
217
146
30
-7
-41
-45
-27
13
-47
-175
-218
-209
-164
-168
-139
-127
-87
9
74
105
64
115
128
126
153
190
203
78
-26
-109
-150
-154
-67
72
110
68
-30
-63
-47
4
104
89
76
-36
-25
-54
10
13
58
93
166
253
255
305
337
420
312
183
-8
-112
-217
-235
-142
-7
175
262
306
221
191
199
256
228
166
129
55
-14
-38
24
82
61
52
8
-38
-88
-49
27
77
60
-21
-117
-203
-247
-263
-281
-301
-339
-339
-310
-347
-413
-488
-434
-361
-309
-288
-261
-159
-11
185
280
267
191
131
122
129
185
219
246
254
246
198
125
82
71
43
3
-49
-52
-2
91
212
288
395
476
599
664
770
897
976
926
711
556
478
519
530
539
487
383
219
122
59
-24
-152
-273
-358
-499
-623
-712
-699
-697
-673
-635
-594
-559
-549
-481
-397
-312
-273
-312
-352
-380
-362
-368
-332
-331
-379
-456
-460
-411
-449
-470
-474
-406
-419
-356
-275
-171
-82
62
338
505
617
620
686
671
615
538
467
409
282
165
-14
-81
-92
-28
-27
-41
-117
-254
-397
-479
-466
-477
-428
-344
-187
-106
-28
11
52
57
115
274
423
460
293
87
-75
-69
-5
28
-64
-203
-262
-226
-125
-81
-50
-96
-94
-70
-2
52
36
-2
-101
-155
-165
-53
65
111
30
-92
-177
-221
-226
-157
-43
63
101
94
85
88
126
150
150
76
57
64
186
311
416
419
313
233
137
39
-127
-192
-217
-208
-232
-232
-251
-309
-297
-226
-135
-156
-147
-134
-69
-7
137
326
486
624
681
739
745
766
781
801
821
763
676
564
517
453
377
333
345
436
488
516
507
503
530
537
568
557
559
441
246
15
-163
-253
-321
-323
-363
-456
-627
-756
-764
-628
-467
-412
-450
-542
-581
-616
-592
-567
-546
-543
-563
-616
-678
-667
-564
-439
-365
-393
-474
-569
-552
-443
-339
-319
-368
-413
-433
-343
-185
-41
-38
-39
1
32
4
-42
-34
-30
-11
50
170
235
200
88
4
-8
14
77
153
220
214
169
80
-51
-173
-170
-41
114
231
281
269
154
88
92
154
200
240
289
203
89
-25
-32
-71
-78
-42
39
131
177
223
173
147
113
156
214
278
338
318
339
324
302
157
20
-57
-58
-5
10
20
-39
-54
-41
-6
-5
-62
-87
-65
29
108
148
183
185
140
36
-18
-35
-137
-274
-389
-365
-328
-240
-113
-18
10
-44
20
144
312
371
368
304
209
139
123
120
35
-97
-214
-216
-152
-7
95
98
-4
-80
-37
0
-22
-137
-231
-357
-486
-546
-481
-326
-201
-112
-68
-39
-6
104
281
431
439
444
478
540
454
329
289
316
302
181
91
49
54
53
33
17
-1
25
-4
-68
-123
-129
-29
110
293
320
233
119
107
131
131
63
-20
-129
-203
-217
-182
-181
-228
-244
-225
-153
-99
36
141
210
198
179
190
196
207
162
79
-62
-152
-202
-220
-293
-338
-339
-328
-387
-489
-529
-532
-469
-374
-277
-233
-276
-283
-282
-240
-219
-192
-149
-100
11
86
139
77
7
-53
-62
-27
-22
-27
-104
-134
-127
-74
-78
-130
-190
-234
-257
-269
-245
-219
-209
-181
-105
-2
61
38
-22
-99
-101
-31
84
167
175
143
83
120
190
294
323
361
397
450
545
622
624
464
303
188
183
207
270
338
383
373
289
174
77
12
-54
-97
-103
-44
-18
-18
-73
-131
-225
-296
-298
-230
-151
-108
-16
79
141
115
67
28
-11
-79
-174
-204
-179
-98
-147
-223
-258
-160
-50
-54
-96
-99
-11
37
80
115
174
182
234
350
421
352
203
164
191
266
268
276
227
205
195
245
280
281
261
240
264
283
374
461
547
517
411
248
145
84
88
126
184
238
229
182
78
30
3
0
-76
-180
-292
-357
-386
-341
-295
-270
-338
-445
-579
-668
-674
-600
-503
-466
-436
-439
-441
-539
-584
-608
-566
-579
-569
-531
-478
-448
-479
-468
-493
-441
-407
-261
-172
-75
-83
-80
-109
-155
-196
-202
-106
-98
-116
-209
-172
-140
-62
-41
-24
-41
-96
-103
-38
130
244
347
364
367
272
206
165
238
388
571
680
670
629
542
474
356
302
222
170
108
122
208
323
447
490
493
420
396
364
341
282
258
274
293
328
305
249
105
64
106
189
191
145
94
-24
-143
-213
-165
-106
-77
-125
-245
-384
-444
-363
-198
-33
39
35
6
8
4
-17
-38
-24
-46
-103
-122
-42
8
-43
-115
-112
-61
-54
-34
11
115
196
276
265
216
138
66
5
-19
52
119
144
71
-12
-100
-133
-126
-71
-17
15
7
-27
-75
-128
-169
-177
-119
-75
-39
-2
83
131
137
136
150
163
130
72
-45
-112
-119
-106
-154
-216
-181
-129
-103
-94
-21
38
-18
-117
-133
-8
99
124
117
110
69
-83
-236
-358
-441
-531
-574
-540
-501
-505
-544
-549
-523
-478
-442
-406
-390
-384
-399
-420
-405
-337
-269
-230
-171
-56
-11
-55
-80
-4
74
84
127
197
239
203
213
279
344
368
336
241
67
-109
-181
-101
154
429
570
459
206
-25
-101
-27
85
59
-149
-422
-545
-431
-125
239
518
618
543
454
436
476
440
357
285
360
529
745
923
1033
1000
827
615
515
473
391
222
54
-89
-205
-209
-135
-70
-110
-97
32
199
316
394
445
369
193
33
-28
-26
-47
-124
-268
-392
-471
-530
-631
-684
-661
-596
-567
-536
-510
-532
-556
-518
-425
-310
-147
-12
-4
-110
-168
-220
-300
-355
-256
-92
-6
28
74
134
160
183
202
179
103
34
30
21
-14
-28
103
296
390
336
241
145
66
64
165
267
253
205
129
46
-27
-8
21
-10
-24
72
236
336
404
437
436
416
450
538
555
471
328
157
-93
-368
-552
-556
-484
-464
-554
-691
-769
-787
-755
-748
-720
-706
-704
-696
-654
-534
-409
-251
-98
79
199
255
200
49
-149
-283
-235
-145
-107
-138
-69
51
121
101
93
154
221
333
425
519
522
473
389
298
287
290
268
127
-35
-129
-122
-8
94
149
67
-23
-102
-146
-209
-285
-330
-345
-279
-179
-55
-10
-55
-114
-77
78
231
302
282
255
255
292
311
285
298
377
489
518
485
453
377
265
125
95
106
159
175
133
32
-88
-101
-104
-60
9
118
152
85
61
33
6
-64
-39
17
37
25
4
-43
-124
-128
6
150
198
175
163
165
78
15
18
89
73
-31
-96
-129
-143
-226
-295
-358
-378
-369
-406
-503
-601
-591
-501
-412
-323
-244
-210
-215
-251
-272
-337
-398
-440
-466
-457
-398
-210
6
177
240
233
232
215
239
273
328
391
459
526
511
431
344
302
281
264
294
382
434
384
270
191
148
112
117
172
239
252
238
217
143
-2
-155
-236
-256
-244
-203
-118
-44
-20
3
53
104
103
83
42
-33
-169
-228
-195
-90
-31
-8
-33
-122
-180
-156
-45
-26
-86
-175
-209
-231
-246
-249
-281
-374
-467
-475
-424
-412
-432
-399
-321
-276
-301
-338
-382
-418
-429
-403
-358
-306
-201
-103
-51
-76
-85
-112
-146
-173
-107
4
63
69
99
211
334
418
432
398
331
328
396
475
437
321
217
194
192
209
258
348
420
464
496
480
447
402
425
425
383
276
186
161
191
221
176
116
65
99
162
269
336
325
212
51
-86
-200
-236
-159
37
169
146
16
-50
-11
62
87
9
-140
-294
-381
-427
-500
-636
-750
-734
-597
-443
-365
-333
-324
-314
-294
-189
-17
99
104
53
87
140
146
104
108
161
150
83
-2
-46
-86
-104
-73
-10
54
78
87
105
158
223
282
304
306
268
258
297
371
422
390
323
224
167
149
179
197
202
159
49
-94
-205
-270
-362
-430
-444
-405
-415
-394
-234
13
151
68
-94
-208
-230
-225
-234
-290
-424
-595
-686
-577
-328
-129
-96
-165
-222
-247
-245
-207
-153
-167
-281
-374
-330
-185
-88
-44
12
123
193
179
105
31
30
88
183
224
199
113
34
15
38
11
-118
-260
-271
-116
150
359
393
226
22
24
236
513
596
461
173
-61
-91
58
238
271
156
-57
-231
-252
-95
97
195
181
148
206
400
647
739
629
453
384
412
451
459
404
280
139
85
139
245
338
365
320
224
165
150
147
130
131
202
299
389
402
369
291
200
106
18
-43
-47
-4
-3
-94
-243
-406
-607
-814
-893
-798
-632
-524
-457
-396
-351
-334
-307
-253
-208
-195
-196
-197
-221
-254
-293
-313
-342
-374
-412
-415
-355
-275
-223
-218
-205
-172
-129
-100
-123
-181
-225
-201
-145
-89
-10
97
190
232
264
289
246
104
-60
-135
-99
-17
16
-37
-120
-148
-78
15
80
95
97
83
79
93
98
