200
313
299
233
181
141
81
-9
-74
-55
32
99
116
143
229
334
391
399
410
461
530
590
621
626
597
525
418
324
287
327
406
473
505
494
455
397
368
406
486
510
407
210
37
-26
14
87
136
181
238
275
237
141
87
141
250
312
269
182
129
100
9
-207
-468
-613
-585
-488
-483
-585
-668
-621
-495
-446
-507
-561
-472
-283
-170
-226
-346
-338
-153
69
174
153
124
171
258
299
256
197
218
328
406
335
135
-45
-87
-13
84
148
176
178
158
148
169
220
275
325
377
411
380
257
84
-49
-63
15
36
-114
-376
-549
-523
-388
-310
-334
-373
-349
-287
-261
-300
-367
-421
-477
-571
-677
-691
-566
-400
-348
-437
-555
-600
-592
-610
-663
-669
-561
-393
-265
-227
-215
-169
-95
-72
-144
-251
-287
-201
-61
43
94
150
252
374
478
570
666
739
725
642
568
550
528
433
291
198
208
298
391
428
398
362
395
520
670
762
749
641
489
348
253
190
128
54
6
16
61
112
166
224
269
273
220
128
40
17
66
115
70
-87
-266
-332
-235
-84
-41
-165
-332
-390
-312
-226
-256
-392
-503
-509
-469
-504
-624
-687
-559
-266
11
100
7
-92
-37
149
314
374
390
449
523
514
386
212
69
-27
-114
-200
-242
-187
-57
55
65
15
38
192
381
441
319
122
11
34
99
76
-55
-210
-271
-207
-101
-70
-163
-308
-407
-409
-335
-223
-116
-44
-26
-58
-112
-164
-193
-186
-136
-64
-11
-6
-66
-162
-234
-231
-198
-209
-257
-246
-121
46
161
237
347
488
558
504
395
350
397
474
489
409
301
264
316
353
249
1
-249
-352
-289
-175
-116
-103
-75
-11
16
-60
-221
-373
-429
-397
-345
-333
-345
-319
-236
-165
-181
-273
-329
-271
-157
-108
-189
-318
-367
-291
-183
-178
-326
-528
-641
-612
-520
-478
-507
-556
-553
-461
-305
-162
-108
-134
-160
-149
-137
-161
-170
-81
97
289
433
520
568
590
617
673
725
734
684
637
629
621
541
379
250
255
368
470
494
493
533
579
543
406
298
351
539
635
466
126
-91
-5
232
315
145
-60
-62
112
230
164
24
-9
77
124
4
-221
-365
-322
-174
-92
-166
-308
-377
-331
-240
-171
-113
-41
32
71
73
40
-47
-190
-358
-470
-456
-305
-97
35
36
-19
-1
128
270
306
194
38
-22
59
171
158
9
-124
-91
102
306
383
362
367
463
524
396
104
-135
-145
29
186
173
3
-201
-339
-414
-475
-540
-579
-565
-517
-488
-513
-569
-588
-514
-371
-263
-291
-435
-560
-539
-409
-329
-385
-498
-509
-376
-215
-158
-214
-279
-264
-186
-112
-80
-68
-41
-10
8
5
14
61
128
179
187
173
158
156
166
168
133
58
-9
5
106
216
243
162
36
-35
-7
75
118
79
13
0
56
138
218
301
367
387
363
358
399
418
325
152
49
115
271
368
345
270
210
167
105
-16
-160
-263
-267
-194
-111
-88
-136
-208
-207
-85
87
183
150
86
116
249
352
318
174
65
93
225
338
350
297
286
376
507
577
536
444
376
355
344
291
202
132
150
249
331
283
93
-121
-233
-215
-151
-120
-117
-90
-7
74
77
-37
-193
-268
-218
-131
-159
-346
-583
-710
-664
-550
-522
-627
-751
-761
-644
-511
-448
-452
-475
-488
-500
-504
-480
-397
-260
-119
-33
-22
-36
-25
10
28
33
62
105
73
-72
-225
-222
-35
177
270
255
261
351
472
528
483
387
290
227
188
150
89
18
-10
27
91
114
100
91
131
205
268
276
215
131
74
51
4
-96
-195
-182
-41
95
91
-23
-79
12
133
101
-103
-287
-264
-74
57
-8
-153
-153
27
161
34
-266
-440
-305
-25
116
41
-45
33
169
144
-86
-307
-295
-87
58
-51
-305
-421
-300
-124
-118
-250
-324
-246
-137
-151
-253
-285
-154
52
193
210
146
64
33
95
243
381
409
334
289
400
626
780
729
564
505
613
712
608
350
158
128
117
-56
-343
-492
-343
-49
83
-48
-225
-200
6
142
64
-96
-136
-55
-26
-142
-309
-368
-278
-137
-64
-92
-138
-119
-41
10
-37
-161
-298
-391
-420
-397
-332
-221
-78
17
-10
-138
-234
-174
30
234
300
236
192
300
509
619
517
334
288
428
562
514
337
231
292
387
350
203
152
313
533
569
391
228
254
364
327
97
-122
-141
8
130
81
-100
-244
-228
-93
17
4
-99
-184
-179
-121
-126
-262
-462
-581
-540
-424
-398
-549
-803
-977
-947
-768
-620
-599
-633
-581
-440
-341
-374
-484
-539
-474
-363
-320
-388
-491
-542
-531
-500
-469
-428
-377
-346
-356
-394
-401
-319
-180
-92
-112
-140
-46
158
308
298
205
198
348
549
633
556
438
407
470
545
590
612
610
547
436
350
356
423
427
301
110
-19
-36
1
14
-19
-55
-58
-16
58
168
310
418
406
285
188
230
375
494
518
492
491
499
439
266
49
-84
-89
-73
-158
-312
-354
-178
94
240
200
131
202
382
512
500
419
383
423
458
411
269
108
39
112
275
416
454
392
297
254
298
366
340
193
30
-40
-46
-120
-319
-559
-705
-737
-766
-861
-945
-871
-641
-424
-361
-401
-394
-298
-218
-225
-248
-203
-129
-160
-327
-478
-455
-257
-66
-42
-157
-233
-153
-5
40
-61
-175
-162
-69
-39
-125
-233
-256
-206
-150
-123
-81
-11
78
171
268
367
439
466
432
327
173
26
-35
20
144
240
226
116
20
40
157
227
128
-93
-262
-293
-249
-253
-310
-324
-248
-136
-91
-119
-154
-150
-127
-124
-140
-129
-51
74
180
226
238
248
232
150
13
-113
-171
-164
-153
-194
-281
-364
-419
-468
-535
-580
-559
-474
-378
-299
-249
-198
-142
-79
-18
42
118
229
389
571
700
710
612
488
425
428
416
306
134
39
97
210
217
95
-3
36
175
271
258
208
249
423
638
750
715
632
615
688
762
756
652
508
381
294
197
60
-61
-83
-30
-34
-169
-318
-320
-166
-35
-73
-253
-445
-536
-521
-457
-429
-467
-526
-553
-534
-485
-407
-298
-202
-191
-263
-337
-350
-303
-233
-140
-27
77
135
137
106
61
3
-83
-186
-255
-248
-192
-168
-215
-268
-254
-188
-161
-192
-186
-59
156
353
478
549
613
660
648
567
476
417
367
290
207
161
148
111
19
-93
-154
-155
-174
-297
-482
-569
-463
-290
-297
-534
-758
-703
-407
-175
-170
-223
-92
173
300
168
-51
-108
22
155
126
-31
-147
-116
11
74
-16
-200
-329
-301
-159
-26
12
-38
-81
-37
83
165
105
-46
-112
9
219
329
260
107
28
109
289
420
405
297
205
174
153
120
108
135
163
159
140
107
16
-179
-403
-520
-436
-229
-57
-37
-129
-204
-182
-110
-114
-208
-277
-219
-89
-28
-104
-238
-308
-236
-60
99
149
91
11
-35
-35
-34
-78
-169
-229
-186
-30
153
291
374
456
571
670
668
529
328
176
145
215
319
383
365
288
215
197
233
267
227
94
-63
-147
-112
-14
78
133
173
217
267
314
363
405
395
281
71
-134
-231
-206
-157
-163
-187
-146
-39
24
-26
-136
-206
-196
-135
-71
-36
-27
-46
-108
-238
-401
-501
-452
-219
107
369
414
236
-13
-174
-208
-160
-90
-51
-75
-130
-118
-2
137
186
144
97
99
109
65
-9
-31
52
193
288
263
152
54
59
134
153
13
-246
-476
-542
-439
-274
-158
-130
-151
-175
-176
-171
-190
-254
-322
-312
-176
7
97
27
-136
-278
-365
-433
-525
-628
-681
-625
-487
-350
-289
-304
-341
-352
-332
-328
-376
-462
-524
-500
-393
-257
-171
-172
-230
-292
-319
-312
-283
-236
-165
-64
49
162
247
273
260
284
415
621
798
851
785
685
652
702
735
662
538
487
559
664
695
636
581
628
767
890
864
672
418
249
216
260
288
272
250
259
287
281
230
187
228
344
428
413
342
333
406
450
358
150
-65
-215
-307
-362
-378
-351
-294
-237
-221
-295
-466
-668
-807
-819
-727
-633
-650
-798
-964
-996
-848
-622
-456
-406
-449
-527
-577
-558
-457
-318
-177
-70
-11
9
32
73
88
58
27
69
170
253
279
290
306
293
212
119
120
243
402
480
461
428
471
572
643
597
432
226
102
139
289
408
390
243
55
-103
-209
-289
-394
-529
-616
-556
-340
-74
104
131
39
-71
-115
-67
26
74
0
-203
-420
-540
-553
-553
-577
-571
-478
-320
-154
-49
-41
-124
-239
-310
-297
-192
-47
51
11
-144
-269
-222
-14
183
202
59
-93
-126
-79
-43
-54
-63
-53
-43
-47
-46
-6
72
145
150
88
35
38
52
19
-44
-57
-16
3
-54
-112
-36
158
269
123
-171
-341
-254
-78
-38
-147
-223
-109
136
325
326
200
106
131
202
208
129
55
77
208
380
497
518
486
501
604
729
753
642
493
437
490
516
400
191
90
223
489
644
531
245
24
48
291
565
701
650
484
337
317
428
521
441
181
-58
-100
38
163
109
-105
-323
-415
-408
-408
-467
-549
-605
-645
-677
-686
-648
-572
-462
-330
-212
-190
-314
-513
-667
-681
-571
-399
-257
-201
-222
-263
-271
-228
-164
-230
-552
-1051
-1308
-976
-196
520
743
490
60
-198
-133
105
188
-18
-278
-272
49
471
764
828
689
465
314
298
321
252
63
-145
-244
-180
27
304
525
541
301
-50
-248
-173
37
123
-9
-210
-285
-195
-89
-122
-314
-536
-642
-578
-428
-321
-337
-401
-401
-291
-154
-99
-192
-446
-756
-939
-847
-531
-203
-35
-46
-99
-30
200
441
505
402
295
309
378
400
333
204
52
-87
-164
-136
13
240
442
542
559
535
488
408
355
396
542
711
816
822
754
641
499
359
279
265
211
36
-215
-398
-504
-602
-713
-706
-451
-16
338
360
51
-310
-422
-226
73
185
26
-242
-308
-67
271
377
177
-110
-199
-40
186
233
22
-294
-458
-332
-33
169
100
-148
-315
-255
-60
75
72
-14
-105
-153
-114
58
325
596
764
770
626
413
268
273
410
551
582
471
335
298
385
482
442
286
128
99
161
196
135
38
23
135
278
269
46
-257
-439
-472
-496
-611
-781
-895
-959
-1050
-1213
-1365
-1378
-1244
-1050
-904
-781
-633
-471
-378
-391
-428
-364
-191
-34
-13
-113
-203
-185
-47
140
297
382
406
380
304
165
-16
-173
-237
-185
-136
-271
-659
-1068
-1109
-590
302
1153
1642
1711
1522
1299
1181
1104
930
559
85
-309
-426
-190
314
856
1204
1250
1016
579
16
-549
-967
-1138
-1124
-1046
-964
-800
-495
-125
180
375
473
462
322
135
33
77
199
294
304
214
32
-227
-508
-714
-771
-655
-423
-176
-19
-21
-172
-406
-637
-796
-848
-766
-572
-332
-154
-85
-67
2
174
410
607
675
643
616
685
814
900
887
808
735
701
691
681
660
609
524
430
430
597
874
1075
1024
730
370
153
139
183
125
-51
-171
-124
13
39
-127
-386
-549
-503
-310
-144
-149
-304
-497
-636
-710
-751
-801
-885
-1002
-1085
-1057
-911
-723
-604
-560
-527
-437
-320
-257
-308
-460
-621
-661
-505
-218
29
136
127
88
88
140
216
242
188
100
42
31
77
183
304
343
240
62
-52
-4
184
399
526
536
509
547
688
853
930
866
695
493
349
314
343
326
212
60
-44
-61
-27
7
-24
-160
-365
-516
-523
-419
-306
-251
-214
-134
0
109
99
-33
-197
-304
-383
-493
-637
-736
-721
-592
-410
-243
-132
-87
-126
-269
-489
-693
-813
-843
-803
-681
-428
-67
289
474
428
263
160
204
283
238
22
-236
-357
-272
-71
112
218
275
324
368
396
388
340
263
170
108
84
76
66
84
188
369
545
626
603
553
546
582
576
481
314
145
-4
-131
-240
-329
-406
-459
-476
-465
-468
-511
-590
-694
-783
-808
-720
-532
-282
-4
316
668
1012
1262
1365
1352
1318
1343
1413
1497
1572
1629
1615
1495
1284
1057
871
760
707
676
611
506
370
214
44
-105
-209
-306
-434
-594
-732
-818
-858
-886
-935
-1029
-1179
-1377
-1608
-1861
-2103
-2286
-2403
-2478
-2506
-2402
-2136
-1782
-1457
-1192
-958
-721
-492
-309
-220
-218
-230
-173
-45
96
183
185
140
130
202
293
303
213
127
130
213
304
386
523
786
1141
1500
1823
2174
2602
3057
3432
3641
3655
3489
3208
2895
2601
2348
2154
2034
1938
1744
1331
649
-245
-1240
-2230
-3166
-4020
-4728
-5151
-5211
-4921
-4416
-3801
-3172
-2559
-2012
-1547
-1173
-859
-568
-273
15
262
455
628
842
1081
1257
1303
1241
1127
932
552
-113
-1045
-2099
-3070
-3790
-4203
-4290
-4042
-3428
-2474
-1262
61
1371
2603
3731
4669
5271
5466
5382
5255
5225
5264
5282
5263
5224
5169
5035
4754
4318
3788
3206
2492
1511
240
-1152
-2457
-3603
-4651
-5618
-6414
-6904
-7007
-6695
-6015
-5078
-3974
-2719
-1369
-128
787
1312
1542
1583
1537
1477
1445
1478
1663
2031
2453
2710
2691
2418
1915
1178
198
-998
-2341
-3692
-4887
-5845
-6543
-6923
-6865
-6318
-5348
-4092
-2654
-1089
561
2173
3551
4530
5123
5447
5570
5459
5140
4753
4500
4489
4675
4922
5091
5150
5104
4921
4517
3862
3013
2072
1119
173
-824
-1921
-3040
-4001
-4707
-5207
-5586
-5882
-6076
-6092
-5822
-5246
-4497
-3701
-2865
-1983
-1196
-693
-514
-510
-468
-227
236
819
1429
2080
2776
3407
3803
3888
3654
3086
2182
1009
-330
-1712
-3033
-4257
-5407
-6417
-7071
-7181
-6757
-5921
-4761
-3354
-1790
-155
1474
2930
4030
4729
5131
5294
5215
4938
4620
4400
4353
4486
4729
4957
5104
5197
5225
5063
4597
3864
2996
2102
1188
138
-1155
-2582
-3830
-4694
-5231
-5573
-5736
-5677
-5376
-4806
-3977
-3010
-2039
-1102
-260
308
486
384
230
155
218
441
807
1291
1920
2661
3336
3718
3723
3398
2803
1944
796
-627
-2202
-3702
-4951
-5960
-6785
-7299
-7282
-6691
-5694
-4442
-2996
-1391
294
1951
3404
4456
5054
5310
5319
5103
4722
4336
4066
3928
3914
4042
4296
4611
4899
5040
4903
4477
3851
3093
2192
1149
-1
-1243
-2515
-3660
-4507
-4984
-5089
-4825
-4291
-3669
-3091
-2549
-2042
-1631
-1374
-1257
-1275
-1441
-1696
-1933
-2044
-1955
-1577
-882
36
1024
1972
2826
3517
3931
3945
3475
2541
1269
-185
-1725
-3264
-4655
-5729
-6399
-6654
-6500
-5943
-5064
-3994
-2864
-1787
-813
84
963
1769
2376
2734
2929
3033
3072
3090
3167
3329
3590
3985
4509
5054
5498
5788
5858
5619
5033
4201
3244
2249
1238
158
-1069
-2354
-3485
-4339
-4972
-5421
-5616
-5514
-5123
-4469
-3620
-2774
-2082
-1536
-1114
-909
-980
-1198
-1357
-1309
-985
-367
470
1436
2499
3573
4449
4899
4871
4410
3566
2372
876
-847
-2647
-4270
-5510
-6358
-6888
-7051
-6697
-5824
-4601
-3203
-1715
-218
1159
2289
3075
3466
3512
3369
3176
2991
2824
2722
2746
2932
3269
3729
4273
4842
5351
5670
5701
5418
4905
4252
3505
2656
1638
369
-1070
-2399
-3370
-3999
-4434
-4704
-4757
-4581
-4190
-3579
-2841
-2147
-1632
-1329
-1330
-1644
-2088
-2354
-2332
-2047
-1505
-655
466
1777
3164
4449
5398
5871
5823
5228
4080
2508
703
-1184
-3032
-4638
-5829
-6558
-6838
-6627
-5919
-4841
-3550
-2162
-814
331
1203
1814
2136
2105
1778
1304
816
386
141
207
639
1380
2333
3362
4333
5144
5728
5979
5837
5349
4616
3709
2677
1562
329
-1054
-2440
-3620
-4521
-5190
-5593
-5693
-5568
-5307
-4889
-4350
-3855
-3503
-3250
-3104
-3157
-3346
-3425
-3198
-2605
-1639
-347
1132
2659
4137
5436
6372
6860
6895
6418
5365
3813
1974
20
-1883
-3530
-4749
-5529
-5916
-5885
-5404
-4538
-3426
-2184
-894
333
1348
2039
2374
2398
2164
1747
1282
933
819
979
1410
2059
2855
3733
4634
5449
6049
6338
6279
5881
5198
4328
3361
2329
1176
-137
-1518
-2764
-3723
-4414
-4917
-5247
-5371
-5285
-5011
-4597
-4157
-3823
-3640
-3574
-3595
-3669
-3684
-3484
-2978
-2119
-897
595
2193
3748
5167
6296
6970
7121
6767
5937
4670
3078
1272
-644
-2524
-4120
-5244
-5897
-6170
-6074
-5554
-4657
-3547
-2372
-1206
-129
760
1370
1671
1680
1507
1301
1154
1067
1075
1304
1829
2576
3397
4207
4963
5613
6088
6285
6109
5540
4686
3668
2569
1402
149
-1190
-2485
-3521
-4213
-4671
-4994
-5176
-5197
-5100
-4898
-4576
-4193
-3812
-3429
-3063
-2836
-2813
-2837
-2670
-2187
-1371
-258
1060
2478
3911
5256
6313
6870
6857
6310
5264
3727
1808
-286
-2319
-4110
-5546
-6593
-7237
-7406
-7012
-6083
-4825
-3471
-2129
-824
364
1283
1810
1932
1737
1383
1015
716
530
558
946
1711
2680
3654
4559
5396
6108
6564
6653
6340
5676
4756
3689
2553
1387
193
-1019
-2165
-3121
-3804
-4204
-4321
-4230
-4097
-4065
-4064
-3963
-3789
-3675
-3634
-3576
-3473
-3323
-3061
-2592
-1861
-838
472
1937
3386
4720
5879
6708
6994
6662
5793
4508
2879
1015
-926
-2738
-4249
-5348
-6074
-6505
-6632
-6347
-5634
-4630
-3497
-2290
-1076
21
860
1400
1670
1732
1692
1648
1650
1710
1881
2219
2725
3350
4046
4748
5381
5877
6177
6203
5911
5340
4587
3699
2707
1630
479
-738
-1928
-2951
-3759
-4411
-4885
-5121
-5125
-4997
-4775
-4469
-4145
-3839
-3519
-3169
-2895
-2728
-2532
-2126
-1456
-532
626
1958
3358
4705
5876
6695
6995
6712
5861
4510
2766
824
-1121
-2923
-4490
-5743
-6648
-7180
-7280
-6896
-6076
-4979
-3742
-2436
-1122
54
929
1429
1616
1611
1527
1441
1408
1480
1708
2111
2645
3234
3856
4551
5295
5905
6138
5914
5349
4624
3815
2928
1972
961
-116
-1264
-2375
-3310
-3987
-4409
-4573
-4517
-4377
-4292
-4247
-4151
-4023
-3932
-3889
-3831
-3746
-3615
-3354
-2862
-2111
-1097
196
1708
3269
4689
5822
6536
6712
6345
5487
4180
2490
606
-1242
-2914
-4361
-5505
-6238
-6497
-6297
-5744
-4989
-4135
-3181
-2136
-1131
-338
166
427
540
606
731
984
1418
2033
2766
3500
4175
4807
5426
6006
6465
6696
6628
6309
5822
5194
4392
3459
2552
1770
1050
232
-719
-1666
-2455
-3065
-3566
-4027
-4480
-4921
-5279
-5492
-5560
-5501
-5285
-4882
-4380
-3867
-3291
-2487
-1388
-82
1312
2714
4054
5258
6227
6821
6891
6399
5440
4136
2570
832
-946
-2616
-4054
-5177
-5945
-6374
-6493
-6324
-5900
-5278
-4505
-3600
-2624
-1711
-965
-375
115
530
898
1293
1793
2392
3023
3623
4186
4750
5326
5853
6205
6289
6113
5745
5226
4568
3823
3091
2445
1888
1352
756
52
-708
-1434
-2094
-2745
-3429
-4142
-4844
-5479
-5964
-6214
-6219
-5996
-5558
-4949
-4267
-3546
-2688
-1618
-385
905
2205
3460
4549
5367
5865
5998
5700
4981
3948
2698
1282
-219
-1672
-2985
-4124
-5057
-5739
-6162
-6362
-6328
-6046
-5546
-4876
-4062
-3141
-2221
-1377
-606
130
847
1585
2386
3197
3914
4505
5022
5476
5811
6016
6112
6084
5907
5611
5264
4846
4316
3713
3127
2587
2024
1350
495
-550
-1674
-2750
-3742
-4689
-5561
-6271
-6756
-6988
-6933
-6600
-6028
-5249
-4294
-3301
-2422
-1616
-735
267
1293
2296
3267
4147
4881
5472
5883
5984
5707
5135
4357
3344
2063
586
-951
-2409
-3655
-4626
-5365
-5928
-6283
-6319
-6012
-5414
-4549
-3428
-2152
-890
240
1220
2074
2822
3456
3906
4112
4136
4138
4209
4306
4383
4470
4609
4763
4861
4856
4721
4453
4076
3607
3017
2299
1467
514
-613
-1836
-2952
-3816
-4500
-5097
-5600
-5964
-6153
-6126
-5854
-5437
-4981
-4489
-3903
-3272
-2645
-1931
-1010
71
1198
2352
3548
4685
5636
6322
6667
6586
6096
5277
4164
2760
1178
-410
-1916
-3323
-4561
-5516
-6168
-6548
-6657
-6463
-6017
-5382
-4584
-3640
-2668
-1769
-935
-72
831
1705
2489
3179
3759
4191
4462
4624
4739
4869
5065
5311
5481
5477
5318
5074
4738
4272
3654
2906
2068
1179
215
-884
-2041
-3072
-3869
-4545
-5204
-5831
-6329
-6670
-6795
-6660
-6270
-5662
-4827
-3807
-2769
-1825
-903
103
1170
2222
3235
4193
5025
5663
6055
6135
5846
5212
4308
3185
1864
438
-1004
-2388
-3675
-4775
-5654
-6318
-6770
-6947
-6824
-6421
-5771
-4865
-3738
-2477
-1170
130
1397
2567
3575
4346
4835
5044
5047
4944
4811
4692
4672
4813
5086
5390
5656
5836
5853
5615
5096
4348
3450
2469
1422
265
-1007
-2261
-3311
-4115
-4822
-5507
-6082
-6411
-6486
-6352
-6041
-5567
-4912
-4063
-3086
-2158
-1377
-651
148
1015
1887
2737
3545
4258
4836
5261
5462
5345
4894
4153
3135
1830
320
-1252
-2754
-4123
-5304
-6268
-6991
-7413
-7470
-7153
-6514
-5585
-4416
-3096
-1750
-469
692
1704
2539
3187
3643
3931
4091
4161
4176
4206
4348
4682
5168
5678
6067
6269
6278
6112
5743
5115
4235
3211
2197
1240
249
-858
-1984
-2948
-3697
-4379
-5070
-5672
-6040
-6168
-6105
-5874
-5488
-4955
-4269
-3485
-2747
-2118
-1467
-638
329
1306
2246
3168
4017
4690
5110
5220
4961
4339
3416
2263
929
-502
-1929
-3301
-4585
-5710
-6558
-7087
-7317
-7281
-6977
-6392
-5526
-4411
-3132
-1817
-558
590
1602
2437
3080
3565
3925
4192
4377
4546
4785
5128
5538
5944
6293
6548
6659
6577
6267
5712
4934
4001
3003
2019
1075
179
-707
-1555
-2314
-2968
-3617
-4308
-4963
-5492
-5872
-6077
-6035
-5765
-5342
-4783
-4049
-3209
-2383
-1555
-634
369
1339
2236
3073
3813
4352
4628
4638
4387
3903
3212
2328
1239
11
-1257
-2482
-3652
-4707
-5535
-6065
-6312
-6330
-6145
-5772
-5192
-4375
-3348
-2247
-1192
-202
760
1678
2488
3144
3663
4128
4628
5162
5608
5892
6103
6355
6615
6734
6643
6358
5904
5271
4474
3570
2635
1761
984
222
-657
-1647
-2581
-3360
-4078
-4838
-5580
-6180
-6594
-6798
-6727
-6369
-5800
-5050
-4117
-3092
-2129
-1248
-378
460
1182
1828
2490
3122
3601
3897
4042
3983
3660
3104
2371
1468
425
-672
-1764
-2832
-3807
-4580
-5120
-5461
-5615
-5569
-5333
-4909
-4278
-3481
-2618
-1777
-963
-175
607
1396
2168
2888
3558
4212
4818
5303
5660
5969
6269
6492
6530
6341
5968
5498
4962
4325
3573
2805
2144
1603
1046
340
-515
-1410
-2270
-3135
-4082
-5080
-5968
-6600
-6951
-7053
-6880
-6359
-5474
-4338
-3158
-2105
-1180
-252
738
1678
2460
3090
3635
4083
4390
4512
4425
4111
3609
2955
2130
1106
-41
-1177
-2251
-3265
-4173
-4889
-5347
-5558
-5596
-5568
-5498
-5261
-4732
-3969
-3155
-2365
-1551
-637
373
1451
2547
3606
4579
5432
6088
6477
6629
6658
6605
6411
6037
5542
5012
4484
3960
3444
2963
2578
2313
2077
1669
953
-15
-1097
-2241
-3490
-4800
-6038
-7058
-7737
-7973
-7738
-7099
-6107
-4801
-3346
-1997
-885
66
933
1667
2214
2601
2890
3114
3312
3487
3565
3467
3221
2885
2444
1848
1086
161
-932
-2131
-3295
-4299
-5125
-5781
-6259
-6533
-6563
-6279
-5672
-4832
-3870
-2794
-1568
-237
1090
2320
3401
4306
5036
5593
5946
6095
6142
6211
6302
6302
6131
5824
5481
5154
4819
4411
3911
3392
2950
2551
1993
1106
-57
-1276
-2441
-3606
-4826
-5998
-6947
-7546
-7714
-7431
-6722
-5678
-4375
-2946
-1599
-489
419
1220
1891
2331
2556
2676
2782
2881
2948
2951
2853
2659
2399
2052
1548
845
-7
-953
-1973
-3063
-4149
-5118
-5889
-6469
-6904
-7159
-7097
-6587
-5655
-4475
-3217
-1924
-571
818
2116
3182
3966
4525
4929
5185
5256
5172
5051
5014
5047
5059
5003
4949
4953
4972
4901
4681
4325
3874
3330
2593
1540
192
-1264
-2671
-4020
-5330
-6499
-7356
-7762
-7665
-7109
-6217
-5083
-3720
-2226
-849
194
924
1482
1938
2271
2488
2611
2717
2920
3267
3624
3819
3848
3779
3548
3017
2163
1066
-215
-1622
-3027
-4316
-5424
-6259
-6721
-6840
-6724
-6368
-5679
-4684
-3528
-2312
-1076
125
1249
2295
3221
3954
4506
4970
5337
5506
5491
5451
5486
5547
5557
5507
5425
5316
5186
4990
4645
4116
3473
2747
1825
597
-853
-2319
-3704
-5032
-6294
-7369
-8107
-8380
-8111
-7361
-6308
-5076
-3683
-2218
-918
32
685
1171
1547
1830
2070
2309
2571
2937
3441
3975
4350
4494
4402
4017
3258
2135
743
-787
-2315
-3717
-4928
-5911
-6583
-6875
-6835
-6581
-6138
-5456
-4528
-3446
-2300
-1161
-81
912
1845
2721
3502
4155
4692
5116
5379
5480
5507
5545
5566
5488
5310
5109
4941
4783
4545
4152
3626
3049
2422
1586
408
-1039
-2549
-3973
-5301
-6532
-7599
-8359
-8641
-8326
-7488
-6330
-5000
-3511
-1963
-616
293
811
1114
1360
1618
1931
2270
2640
3126
3799
4516
5020
5136
4852
4194
3217
1982
543
-1043
-2632
-3986
-4990
-5682
-6141
-6351
-6306
-6020
-5506
-4767
-3883
-2946
-1975
-928
173
1292
2408
3473
4383
5080
5596
5955
6129
6146
6112
6077
5985
5809
5621
5504
5439
5352
5132
4686
4016
3202
2277
1128
-304
-1901
-3441
-4830
-6043
-7053
-7787
-8195
-8161
-7591
-6548
-5288
-4005
-2757
-1578
-613
40
407
604
751
989
1404
1945
2529
3120
3716
4193
4406
4273
3802
2986
1853
508
-904
-2235
-3372
-4215
-4766
-5065
-5176
-5156
-5088
-5000
-4837
-4521
-4045
-3444
-2699
-1788
-691
551
1846
3033
4013
4783
5386
5782
5919
5846
5703
5594
5527
5474
5424
5400
5410
5390
5203
4743
4037
3150
2061
693
-894
-2516
-3994
-5311
-6472
-7458
-8159
-8456
-8229
-7481
-6386
-5169
-3935
-2695
-1540
-629
-34
356
675
1055
1564
2219
2918
3577
4158
4623
4810
4585
3958
3080
2044
863
-418
-1692
-2819
-3692
-4253
-4540
-4666
-4738
-4798
-4845
-4852
-4742
-4430
-3863
-3066
-2069
-889
452
1855
3167
4239
4993
5436
5620
5595
5390
5096
4863
4811
4932
5164
5451
5735
5901
5832
5457
4777
3836
2714
1425
-56
-1710
-3341
-4743
-5856
-6754
-7464
-7901
-7967
-7596
-6831
-5828
-4780
-3740
-2679
-1639
-778
-143
375
936
1595
2370
3224
4059
4759
5265
5528
5435
4907
4024
2932
1727
470
-747
-1827
-2731
-3431
-3897
-4154
-4328
-4539
-4807
-5058
-5204
-5151
-4815
-4159
-3204
-1963
-462
1189
2780
4116
5078
5625
5778
5637
5322
4939
4613
4495
4642
4948
5258
5496
5649
5653
5382
4742
3741
2476
1057
-441
-1999
-3558
-4948
-5994
-6653
-7067
-7372
-7595
-7621
-7329
-6722
-5937
-5106
-4223
-3229
-2128
-1027
1
944
1854
2745
3594
4283
4697
4787
4623
4261
3695
2920
2027
1178
474
-82
-547
-972
-1399
-1842
-2301
-2794
-3371
-4045
-4744
-5290
-5494
-5211
-4416
-3226
-1804
-265
1344
2898
4168
4918
5100
4871
4465
4031
3645
3399
3430
3821
4509
5294
5919
6187
6023
5491
4664
3591
2325
998
-243
-1345
-2362
-3326
-4209
-4968
-5616
-6190
-6713
-7184
-7483
-7412
-6855
-5941
-4888
-3772
-2573
-1363
-292
577
1286
1893
2468
3055
3610
3983
4104
4036
3852
3506
2946
2227
1485
786
160
-381
-834
-1261
-1746
-2323
-2955
-3611
-4252
-4822
-5208
-5292
-4956
-4157
-2964
-1552
-110
1257
2495
3527
4214
4453
4318
4026
3809
3770
3919
4225
4664
5197
5728
6101
6137
5764
5029
4078
3035
1981
970
65
-723
-1472
-2263
-3100
-3941
-4779
-5601
-6358
-6976
-7345
-7307
-6749
-5742
-4495
-3167
-1836
-585
463
1246
1813
2253
2640
3033
3422
3720
3804
3657
3353
2973
2525
2002
1432
852
291
-232
-701
-1149
-1668
-2324
-3115
-3983
-4827
-5498
-5849
-5788
-5274
-4283
-2876
-1244
343
1696
2750
3482
3855
3864
3610
3283
3081
3142
3519
4164
4933
5617
6019
6023
5620
4905
3991
3000
2028
1160
435
-200
-868
-1666
-2602
-3618
-4662
-5702
-6684
-7512
-8051
-8119
-7571
-6438
-4996
-3565
-2289
-1169
-216
534
1119
1626
2106
2595
3126
3656
4005
4016
3697
3187
2606
2008
1445
984
638
345
50
-257
-607
-1110
-1877
-2872
-3957
-4946
-5678
-5980
-5739
-4951
-3675
-2034
-232
1425
2698
3511
3885
3855
3501
3043
2743
2788
3199
3891
4708
5468
5998
6171
5925
5297
4413
3457
2595
1909
1392
977
580
83
-647
-1699
-3026
-4450
-5768
-6833
-7556
-7854
-7646
-6877
-5606
-4057
-2570
-1419
-649
-148
237
597
988
1460
2046
2729
3416
3960
4203
4049
3535
2798
2013
1345
909
707
634
571
438
157
-388
-1267
-2423
-3687
-4845
-5684
-6002
-5676
-4714
-3250
-1530
123
1419
2238
2629
2717
2586
2323
2089
2090
2480
3268
4297
5293
6005
6290
6120
5556
4724
3809
2982
2352
1928
1618
1260
696
-164
-1346
-2808
-4409
-5927
-7134
-7891
-8148
-7919
-7240
-6171
-4845
-3513
-2441
-1755
-1373
-1087
-700
-78
817
1900
3001
3933
4541
4713
4417
3755
2911
2059
1335
896
865
1209
1672
1919
1713
979
-207
-1700
-3319
-4857
-6048
-6615
-6402
-5455
-4014
-2384
-863
316
1047
1357
1367
1257
1211
1387
1848
2583
3526
4545
5453
6044
6184
5841
5111
4195
3309
2609
2149
1932
1883
1843
1581
912
-229
-1768
-3498
-5154
-6467
-7259
-7476
-7197
-6592
-5823
-4992
-4161
-3411
-2818
-2376
-1986
-1533
-910
-55
1016
2155
3130
3748
3927
3683
3121
2439
1863
1561
1582
1889
2379
2878
3158
3016
2346
1192
-256
-1744
-3043
-3984
-4450
-4414
-3954
-3218
-2349
-1483
-765
-311
-118
-55
58
352
864
1553
2327
3086
3749
4267
4621
4825
4902
4872
4724
4453
4095
3731
3405
3071
2643
2059
1313
405
-615
-1642
-2577
-3383
-4079
-4673
-5138
-5445
-5560
-5444
-5080
-4514
-3832
-3097
-2343
-1598
-898
-290
188
519
705
764
724
638
567
570
668
862
1133
1473
1869
2275
2592
2691
2479
1952
1205
384
-379
-1017
-1508
-1853
-2071
-2210
-2314
-2371
-2334
-2192
-2018
-1880
-1777
-1665
-1522
-1356
-1170
-915
-510
66
725
1319
1762
2079
2358
2651
2922
3097
3144
3095
2981
2790
2508
2168
1819
1459
1030
483
-160
-827
-1454
-1997
-2437
-2742
-2900
-2923
-2837
-2629
-2263
-1717
-1049
-383
147
449
520
431
277
117
-22
-126
-144
-19
268
667
1115
1573
1995
2294
2371
2192
1817
1359
932
605
390
267
185
95
-69
-349
-737
-1170
-1593
-1961
-2240
-2395
-2415
-2331
-2183
-1992
-1772
-1538
-1309
-1075
-816
-515
-159
259
703
1107
1446
1744
2006
2174
2188
2069
1885
1686
1469
1228
960
672
358
22
-331
-699
-1062
-1350
-1474
-1381
-1084
-624
-40
594
1144
1477
1554
1450
1270
1087
934
847
848
938
1079
1205
1242
1162
1011
858
743
647
559
484
431
398
378
363
317
178
-85
-469
-943
-1426
-1806
-2001
-2030
-1970
-1895
-1862
-1904
-2033
-2203
-2352
-2448
-2465
-2364
-2077
-1605
-1021
-457
-29
194
244
214
171
112
27
-43
-39
55
186
270
225
24
-294
-666
-1026
-1296
-1389
-1246
-898
-439
47
532
1010
1455
1804
2010
2079
2085
2112
2190
2308
2418
2474
2433
2273
2016
1678
1292
904
602
445
422
485
586
701
793
809
697
410
-44
-566
-1019
-1315
-1447
-1444
-1324
-1120
-916
-824
-926
-1204
-1563
-1901
-2126
-2181
-2037
-1720
-1277
-778
-298
66
239
211
50
-142
-283
-350
-354
-321
-269
-217
-211
-299
-510
-809
-1125
-1385
-1540
-1586
-1531
-1372
-1091
-713
-312
36
309
539
766
1026
1350
1730
2112
2444
2692
2826
2780
2518
2090
1604
1154
791
578
559
718
972
1231
1435
1536
1489
1300
1012
694
407
217
143
154
172
154
87
-27
-190
-409
-675
-981
-1307
-1606
-1809
-1858
-1745
-1525
-1298
-1128
-989
-831
-657
-534
-501
-515
-509
-473
-442
-447
-481
-518
-553
-589
-628
-659
-667
-654
-641
-667
-747
-857
-944
-957
-865
-662
-358
31
501
1003
1452
1774
1955
2018
1974
1816
1538
1171
778
429
177
37
17
119
334
615
879
1072
1180
1209
1178
1086
962
827
706
601
516
450
385
289
139
-54
-270
-486
-696
-905
-1129
-1382
-1646
-1861
-1974
-1955
-1835
-1689
-1589
-1554
-1535
-1487
-1421
-1388
-1392
-1384
-1302
-1132
-906
-651
-378
-94
173
371
452
381
152
-202
-605
-950
-1146
-1122
-850
-359
257
887
1440
1832
2005
1941
1686
1314
902
512
197
1
-51
26
164
320
483
664
839
974
1080
1214
1417
1663
1892
2050
2124
2122
2036
1831
1509
1133
787
515
320
180
58
-100
-317
-576
-861
-1169
-1480
-1743
-1906
-1950
-1908
-1835
-1776
-1742
-1720
-1688
-1641
-1579
-1499
-1381
-1190
-896
-506
-80
289
524
592
487
236
-118
-498
-814
-972
-932
-711
-363
72
563
1076
1532
1824
1898
1800
1620
1416
1193
969
796
717
715
730
732
736
784
888
1028
1168
1290
1392
1501
1624
1733
1778
1748
1696
1665
1631
1512
1281
985
696
437
177
-125
-488
-892
-1288
-1629
-1905
-2128
-2310
-2462
-2595
-2699
-2739
-2703
-2615
-2513
-2397
-2249
-2073
-1868
-1654
-1438
-1227
-1026
-843
-723
-699
-765
-886
-1034
-1193
-1326
-1385
-1346
-1216
-1014
-756
-451
-107
263
626
930
1115
1163
1097
972
846
747
677
623
591
609
715
918
1182
1464
1726
1918
2004
2002
1985
2010
2073
2129
2160
2187
2198
2145
1968
1692
1406
1185
1032
894
735
559
383
188
-56
-356
-680
-991
-1258
-1457
-1586
-1655
-1673
-1645
-1571
-1473
-1386
-1335
-1310
-1289
-1281
-1307
-1354
-1377
-1340
-1271
-1223
-1220
-1231
-1231
-1244
-1301
-1371
-1379
-1269
-1048
-743
-367
50
442
739
909
963
920
799
624
426
265
198
256
408
592
764
907
1028
1100
1096
1029
981
1037
1204
1432
1653
1819
1895
1871
1762
1574
1330
1091
927
863
863
882
889
851
736
503
159
-234
-581
-818
-958
-1028
-1017
-906
-720
-534
-409
-378
-449
-609
-789
-910
-930
-872
-781
-708
-702
-789
-956
-1164
-1386
-1610
-1809
-1929
-1900
-1665
-1234
-686
-144
295
561
634
543
375
211
72
-49
-149
-195
-162
-71
36
105
129
119
115
142
213
330
493
689
896
1072
1191
1246
1244
1178
1038
837
641
529
557
701
874
976
947
794
547
227
-146
-522
-822
-970
-941
-771
-538
-302
-84
94
194
180
57
-131
-329
-473
-537
-514
-432
-325
-246
-262
-402
-646
-911
-1121
-1226
-1206
-1045
-752
-372
3
302
496
573
528
366
152
-44
-178
-238
-227
-144
-14
126
238
285
248
145
23
-89
-171
-198
-134
12
182
310
362
344
266
156
54
14
75
240
475
713
882
917
802
573
278
-55
-392
-650
-751
-676
-504
-314
-137
28
160
188
88
-90
-247
-330
-330
-261
-138
5
120
190
211
149
-16
-253
-470
-589
-578
-440
-223
17
245
455
633
764
839
856
807
706
593
498
430
376
338
318
317
327
329
325
341
389
452
496
501
466
403
312
201
75
-41
-105
-80
23
163
312
464
597
638
532
291
8
-226
-391
-523
-642
-706
-673
-568
-477
-457
-507
-587
-676
-768
-853
-908
-917
-874
-779
-668
-594
-574
-582
-609
-692
-838
-981
-1036
-996
-917
-833
-731
-597
-441
-278
-118
41
212
386
532
616
643
624
563
450
310
191
125
100
84
64
51
65
106
140
129
74
28
49
141
255
338
374
382
399
443
502
546
548
521
474
416
345
261
164
55
-63
-188
-301
-359
-319
-194
-58
22
12
-78
-205
-323
-394
-401
-351
-257
-137
-26
36
28
-41
-139
-242
-336
-423
-503
-559
-562
-486
-320
-75
216
500
743
930
1064
1136
1126
1041
895
707
508
341
240
200
192
185
166
126
59
-33
-119
-157
-122
-28
88
194
278
355
426
475
474
428
363
319
317
360
421
469
485
459
391
275
114
-65
-209
-271
-258
-211
-172
-150
-143
-158
-211
-299
-410
-517
-591
-616
-592
-541
-486
-455
-466
-521
-615
-729
-828
-876
-848
-755
-620
-455
-257
-43
136
238
273
286
308
338
361
380
405
449
493
507
458
342
181
4
-154
-276
-342
-333
-253
-145
-62
-46
-105
-215
-342
-450
-498
-469
-378
-284
-217
-159
-70
58
188
285
327
313
262
200
145
106
88
90
117
151
159
105
-36
-253
-494
-693
-801
-804
-731
-623
-527
-479
-491
-550
-633
-716
-780
-789
-709
-538
-328
-135
23
165
299
422
541
669
787
860
880
878
879
878
862
833
793
727
629
503
381
298
280
333
431
533
587
570
483
355
216
94
-5
-76
-102
-71
6
100
195
297
396
469
483
451
410
384
368
332
278
236
228
229
202
138
49
-55
-169
-292
-422
-550
-658
-715
-720
-709
-719
-754
-795
-833
-876
-903
-876
-780
-637
-484
-340
-198
-53
98
249
382
480
544
595
647
674
635
531
423
374
378
376
330
238
121
-5
-119
-208
-248
-237
-194
-166
-192
-265
-344
-389
-408
-413
-390
-291
-107
117
311
447
522
528
453
316
174
83
44
11
-60
-158
-227
-234
-220
-255
-369
-529
-672
-758
-796
-817
-832
-830
-821
-819
-822
-817
-810
-808
-792
-768
-754
-764
-763
-716
-610
-475
-332
-191
-51
90
225
351
462
556
618
626
579
508
466
489
566
660
735
775
781
764
730
685
629
551
445
297
125
-29
-102
-69
55
244
479
737
976
1149
1229
1227
1166
1077
974
878
802
739
689
641
591
531
456
348
187
-41
-317
-595
-823
-978
-1048
-1056
-1026
-978
-914
-840
-779
-736
-700
-640
-548
-431
-323
-251
-216
-198
-169
-125
-78
-43
-23
2
36
61
56
27
-3
-22
-24
-8
38
116
213
275
250
124
-41
-178
-244
-236
-182
-140
-168
-259
-346
-354
-262
-75
174
426
618
729
783
806
801
767
713
660
630
623
635
655
683
720
747
734
639
463
242
33
-131
-246
-330
-409
-486
-545
-567
-564
-556
-565
-583
-593
-575
-527
-481
-475
-516
-588
-666
-733
-778
-792
-782
-767
-767
-776
-771
-749
-739
-758
-788
-787
-731
-626
-487
-345
-236
-186
-184
-210
-255
-319
-387
-432
-427
-362
-251
-115
37
197
356
512
662
793
874
902
904
902
872
803
719
681
735
859
988
1064
1062
1013
951
887
796
661
511
391
315
247
166
84
48
73
131
169
153
97
51
37
33
-8
-83
-162
-242
-340
-457
-549
-585
-570
-536
-518
-533
-585
-640
-659
-611
-502
-360
-220
-106
-32
-6
-25
-94
-186
-253
-254
-194
-123
-67
-39
-30
-17
39
137
239
316
379
449
502
495
433
368
361
405
463
519
592
692
788
850
871
852
801
721
618
501
387
293
217
141
48
-62
-166
-230
-235
-204
-186
-227
-335
-474
-590
-648
-659
-662
-693
-743
-790
-809
-807
-800
-793
-766
-706
-644
-626
-666
-729
-762
-738
-655
-532
-392
-280
-228
-243
-306
-379
-433
-451
-430
-373
-306
-268
-272
-281
-256
-190
-105
-11
84
176
261
341
425
526
647
769
883
986
1077
1134
1145
1112
1053
987
934
909
905
891
835
718
550
355
175
52
-2
-3
17
48
72
61
-24
-187
-381
-557
-676
-711
-673
-595
-518
-451
-378
-291
-207
-148
-136
-175
-254
-331
-368
-345
-285
-228
-199
-206
-249
-321
-401
-488
-594
-706
-770
-747
-651
-518
-369
-213
-67
53
144
225
318
416
481
504
527
593
679
727
717
673
622
587
578
587
570
496
382
283
243
261
306
331
303
215
98
12
10
88
199
300
374
421
424
368
232
17
-232
-454
-586
-616
-581
-543
-524
-506
-466
-403
-353
-332
-340
-371
-412
-447
-446
-403
-334
-267
-222
-195
-173
-155
-152
-157
-157
-133
-88
-38
-17
-32
-59
-64
-36
3
48
117
213
327
446
563
664
738
791
823
824
779
708
639
600
579
545
483
409
358
338
345
358
360
332
286
251
246
248
244
238
238
209
112
-49
-240
-418
-562
-659
-715
-730
-708
-654
-601
-583
-603
-639
-684
-758
-882
-1019
-1100
-1079
-977
-852
-736
-630
-537
-482
-473
-474
-435
-353
-253
-157
-77
-28
-22
-39
-56
-72
-92
-118
-116
-63
40
173
301
403
456
465
439
405
379
378
415
483
566
637
692
741
789
812
788
719
637
564
504
462
439
439
441
420
343
221
87
-33
-141
-254
-365
-436
-430
-352
-266
-229
-241
-274
-314
-364
-411
-442
-471
-533
-615
-672
-689
-688
-700
-720
-731
-700
-615
-493
-365
-255
-151
-45
51
119
135
104
59
31
31
40
44
35
20
14
21
43
77
114
140
158
182
232
332
479
639
760
819
846
878
915
910
830
693
581
553
606
680
715
700
651
591
527
446
328
171
2
-135
-215
-243
-239
-226
-221
-240
-273
-308
-314
-277
-209
-148
-143
-194
-263
-299
-290
-263
-239
-232
-224
-217
-210
-205
-194
-178
-166
-161
-157
-144
-126
-122
-146
-185
-216
-216
-189
-148
-102
-51
5
60
114
165
226
298
361
366
302
212
152
137
118
55
-27
-79
-78
-58
-60
-105
-180
-256
-310
-336
-347
-357
-370
-406
-500
-648
-795
-882
-902
-889
-866
-836
-781
-689
-557
-407
-286
-228
-231
-252
-257
-240
-210
-179
-160
-162
-168
-138
-60
42
132
204
263
314
364
419
477
517
528
516
510
523
545
545
509
456
420
431
488
555
596
612
630
672
708
695
604
465
345
297
310
320
293
240
212
219
233
214
160
101
73
96
148
182
166
97
3
-96
-200
-300
-379
-417
-403
-346
-271
-205
-160
-139
-137
-129
-82
-14
21
-16
-113
-214
-279
-284
-247
-212
-200
-200
-181
-132
-68
13
102
196
276
321
332
311
273
223
172
116
67
29
15
23
62
125
190
233
253
258
249
220
178
142
113
80
23
-56
-134
-169
-156
-122
-108
-103
-76
-6
85
168
217
212
163
104
61
7
-103
-270
-443
-570
-636
-661
-675
-696
-711
-702
-659
-590
-512
-448
-432
-480
-563
-649
-700
-702
-647
-544
-418
-309
-248
-239
-251
-254
-235
-199
-149
-98
-65
-68
-88
-103
-92
-58
2
82
144
160
137
137
191
290
409
518
590
608
586
544
487
405
317
262
254
271
295
329
377
430
468
487
487
477
473
499
558
625
676
686
646
554
437
297
137
-35
-193
-307
-375
-395
-402
-422
-463
-513
-546
-567
-591
-629
-676
-709
-734
-745
-745
-726
-675
-582
-459
-351
-280
-231
-168
-84
14
113
204
279
331
345
308
232
164
152
194
260
321
383
462
562
662
735
772
784
784
777
773
764
733
690
661
658
671
667
639
587
528
487
478
504
555
618
654
617
508
373
254
144
10
-162
-332
-440
-455
-418
-388
-394
-418
-431
-435
-471
-570
-710
-821
-860
-847
-841
-882
-948
-1003
-1020
-988
-918
-832
-752
-676
-593
-504
-425
-359
-284
-216
-180
-181
-178
-142
-104
-101
-141
-183
-193
-176
-144
-93
-23
33
51
46
54
76
87
81
90
142
226
301
348
374
386
387
379
377
386
417
465
517
548
541
481
350
160
-38
-180
-251
-275
-286
-296
-313
-345
-396
-451
-489
-479
-431
-380
-360
-359
-350
-313
-271
-254
-264
-289
-311
-310
-266
-204
-169
-173
-186
-176
-149
-118
-86
-33
49
137
190
208
234
300
399
509
630
728
757
724
687
700
755
809
836
823
785
760
778
815
829
801
763
744
745
747
746
760
793
823
811
740
618
466
303
129
-52
-229
-373
-462
-499
-523
-568
-627
-681
-715
-740
-770
-809
-853
-888
-893
-861
-826
-811
-818
-821
-800
-747
-671
-601
-556
-525
-470
-374
-255
-139
-44
8
-13
-94
-185
-233
-226
-197
-183
-191
-184
-114
7
126
197
242
305
385
465
533
601
638
616
547
486
465
472
487
498
507
506
506
527
556
570
551
529
526
504
406
229
19
-172
-296
-307
-209
-68
23
15
-76
-187
-264
-290
-304
-349
-429
-512
-555
-544
-510
-528
-629
-777
-889
-916
-874
-805
-738
-656
-537
-389
-255
-183
-193
-254
-319
-348
-329
-270
-187
-113
-50
18
113
217
283
296
280
280
290
283
255
228
213
200
187
186
193
181
151
124
131
161
203
249
296
324
319
278
220
161
119
94
64
33
21
42
59
44
6
-24
-46
-70
-98
-113
-106
-84
-73
-88
-122
-151
-162
-174
-191
-192
-141
-36
104
233
321
345
312
267
255
287
339
374
373
340
307
314
371
446
497
516
515
510
508
506
484
421
334
254
206
177
144
105
77
76
92
105
96
76
61
74
100
130
155
181
218
254
279
281
252
191
106
22
-47
-109
-174
-227
-250
-253
-276
-338
-419
-490
-536
-556
-544
-506
-465
-457
-489
-545
-602
-648
-673
-669
-640
-594
-530
-444
-340
-248
-184
-147
-128
-112
-88
-47
-15
-23
-61
-81
-53
-9
-4
-53
-122
-176
-208
-224
-224
-214
-199
-198
-217
-267
-333
-391
-409
-388
-361
-338
-302
-243
-177
-129
-106
-89
-71
-29
36
99
126
106
70
49
50
67
90
113
130
154
195
247
281
286
291
336
411
454
421
333
235
155
93
54
44
63
107
171
256
349
446
532
594
621
614
596
594
633
689
709
647
529
413
329
265
196
126
68
23
-18
-57
-89
-102
-92
-63
-31
-21
-43
-84
-115
-106
-49
20
62
75
91
135
195
231
213
134
14
-100
-175
-210
-244
-297
-363
-410
-422
-410
-373
-313
-237
-168
-126
-121
-142
-159
-131
-50
36
77
57
9
-48
-98
-128
-134
-125
-154
-254
-402
-479
-374
-110
154
288
318
321
338
361
419
483
462
316
124
-10
-77
-137
-247
-358
-328
-115
29
-170
-535
-577
-142
360
533
384
89
-243
-452
-331
2
151
-68
-422
-667
-791
-755
-443
-26
5
-631
-1665
-2687
-3415
-3529
-2672
-1089
292
814
777
843
1185
1658
2209
2732
2839
2383
1743
1344
1187
1180
1446
1932
2173
1800
951
-21
-918
-1559
-1763
-1646
-1618
-1824
-1929
-1603
-956
-284
314
847
1259
1486
1648
1889
2158
2240
2026
1637
1267
971
611
29
-777
-1597
-2185
-2460
-2514
-2503
-2549
-2722
-2992
-3159
-2981
-2390
-1580
-834
-303
56
404
842
1362
1874
2318
2671
2869
2868
2707
2484
2246
2028
1871
1770
1607
1298
883
378
-423
-1744
-3376
-4659
-5090
-4768
-4182
-3756
-3688
-3911
-4102
-3926
-3335
-2457
-1381
-230
721
1302
1669
2075
2636
3340
4097
4674
4886
4729
4224
3241
1811
334
-782
-1529
-2156
-2757
-3256
-3571
-3677
-3576
-3298
-2793
-1891
-490
1219
2827
4075
5003
5804
6612
7418
8173
8791
9031
8407
6537
3632
560
-1802
-3187
-4003
-4879
-6122
-7471
-8378
-8565
-8233
-7636
-6784
-5615
-4276
-2962
-1660
-220
1458
3305
5117
6620
7658
8234
8311
7764
6594
5043
3349
1547
-380
-2395
-4475
-6598
-8516
-9819
-10276
-9998
-9202
-8020
-6525
-4774
-2800
-660
1524
3658
5723
7640
9199
10241
10791
10987
10950
10798
10538
9868
8203
5204
1238
-2730
-5823
-7754
-8852
-9592
-10199
-10579
-10612
-10359
-9909
-9111
-7704
-5693
-3404
-1111
1125
3225
4959
6190
7014
7625
8073
8240
7914
6938
5337
3263
884
-1647
-4079
-6125
-7660
-8791
-9667
-10286
-10443
-9915
-8659
-6835
-4649
-2257
193
2572
4779
6719
8259
9351
10083
10526
10618
10303
9748
9212
8738
7947
6246
3368
-286
-3865
-6657
-8399
-9202
-9337
-9099
-8659
-8081
-7382
-6539
-5425
-3914
-2065
-65
1923
3772
5304
6393
7073
7487
7708
7678
7258
6358
5038
3484
1805
-16
-2017
-4070
-5910
-7320
-8275
-8935
-9372
-9418
-8803
-7507
-5768
-3828
-1774
326
2335
4135
5669
6914
7893
8688
9274
9474
9188
8599
7996
7433
6628
5136
2748
-249
-3163
-5409
-6813
-7501
-7630
-7332
-6754
-6029
-5305
-4719
-4272
-3740
-2897
-1734
-404
976
2318
3533
4555
5353
5842
5894
5454
4575
3410
2177
1024
-108
-1391
-2858
-4363
-5770
-7045
-8159
-8936
-9068
-8324
-6800
-4935
-3144
-1554
-70
1381
2845
4359
5892
7310
8447
9126
9194
8679
7896
7224
6726
6052
4699
2436
-488
-3418
-5732
-7160
-7820
-7955
-7756
-7305
-6640
-5883
-5224
-4772
-4394
-3817
-2852
-1458
276
2168
3953
5380
6243
6446
6064
5318
4417
3472
2545
1626
603
-698
-2296
-4032
-5722
-7241
-8424
-8969
-8630
-7455
-5786
-3990
-2245
-561
1102
2735
4307
5767
7088
8252
9163
9642
9604
9190
8646
8083
7330
6024
3883
1010
-2063
-4683
-6485
-7480
-7904
-7969
-7755
-7225
-6397
-5412
-4470
-3668
-2968
-2228
-1249
103
1797
3627
5327
6657
7406
7428
6716
5446
3959
2601
1501
516
-564
-1806
-3149
-4581
-6096
-7554
-8580
-8805
-8094
-6620
-4710
-2690
-783
937
2481
3871
5097
6201
7279
8334
9194
9642
9608
9221
8641
7846
6553
4449
1564
-1613
-4420
-6440
-7571
-7960
-7830
-7442
-6926
-6331
-5694
-5085
-4524
-3947
-3256
-2345
-1193
122
1453
2765
4037
5109
5693
5577
4781
3537
2200
1015
-22
-1051
-2109
-3148
-4204
-5403
-6766
-8065
-8879
-8805
-7740
-5958
-3911
-1935
-162
1404
2804
4075
5285
6528
7852
9089
9880
9963
9426
8573
7584
6341
4553
2120
-698
-3386
-5556
-7072
-7909
-8004
-7401
-6362
-5277
-4466
-4084
-4096
-4235
-4129
-3465
-2154
-335
1678
3554
5080
6155
6679
6530
5730
4506
3212
2057
1051
46
-1086
-2375
-3767
-5178
-6553
-7777
-8635
-8851
-8287
-7006
-5210
-3128
-953
1168
3151
4889
6275
7300
8130
8923
9634
10064
10106
9804
9169
7990
5967
3085
-240
-3389
-5914
-7624
-8502
-8637
-8172
-7223
-5921
-4544
-3424
-2712
-2313
-2031
-1608
-771
565
2217
3940
5598
6997
7831
7836
6986
5447
3563
1753
276
-876
-1853
-2750
-3644
-4628
-5802
-7140
-8422
-9260
-9290
-8398
-6723
-4536
-2096
351
2597
4440
5748
6584
7194
7779
8316
8693
8894
8949
8734
7897
6049
3140
-381
-3807
-6622
-8591
-9638
-9760
-9097
-7867
-6305
-4706
-3406
-2580
-2160
-1959
-1775
-1359
-497
867
2618
4547
6370
7714
8264
7838
6455
4392
2156
237
-1130
-1973
-2428
-2699
-3063
-3797
-4993
-6425
-7630
-8155
-7809
-6645
-4834
-2572
-100
2335
4472
6102
7128
7652
7846
7825
7703
7670
7862
8071
7765
6432
3996
814
-2540
-5578
-7931
-9425
-10012
-9729
-8629
-6924
-5030
-3375
-2192
-1511
-1292
-1359
-1406
-1076
-156
1369
3292
5250
6848
7737
7664
6576
4722
2501
273
-1665
-3070
-3860
-4192
-4328
-4553
-5065
-5847
-6588
-6929
-6682
-5824
-4376
-2427
-143
2292
4601
6478
7740
8456
8718
8571
8123
7665
7450
7435
7218
6254
4285
1531
-1517
-4484
-7074
-8975
-9888
-9728
-8557
-6632
-4433
-2460
-979
-75
150
-215
-697
-726
-65
1238
3009
4936
6573
7530
7593
6688
4959
2774
532
-1495
-3087
-4085
-4550
-4770
-4994
-5274
-5564
-5812
-5932
-5803
-5297
-4333
-2892
-1037
1084
3247
5158
6590
7481
7883
7853
7496
7077
6843
6743
6349
5240
3325
856
-1797
-4326
-6490
-8103
-8933
-8788
-7663
-5917
-4043
-2404
-1146
-339
-9
-47
-246
-313
41
1015
2506
4166
5596
6485
6633
5972
4603
2718
586
-1439
-3024
-4049
-4603
-4858
-4975
-5093
-5291
-5570
-5880
-6047
-5820
-5038
-3762
-2095
-89
2112
4168
5777
6866
7475
7666
7560
7397
7344
7311
6910
5776
3865
1478
-1111
-3738
-6166
-7983
-8859
-8718
-7678
-6038
-4197
-2522
-1196
-334
14
-50
-259
-377
-191
534
1893
3650
5347
6602
7166
6892
5746
3862
1536
-790
-2648
-3820
-4436
-4782
-5003
-5137
-5248
-5439
-5709
-5885
-5722
-5025
-3743
-1929
263
2555
4585
6085
7015
7482
7613
7539
7440
7419
7303
6708
5386
3427
1124
-1327
-3772
-6026
-7786
-8793
-8862
-8028
-6552
-4808
-3091
-1606
-564
-51
57
2
-18
221
956
2253
3901
5548
6872
7579
7451
6376
4405
1788
-943
-3182
-4603
-5269
-5385
-5143
-4765
-4527
-4582
-4814
-4968
-4803
-4180
-2998
-1237
947
3178
5042
6331
7079
7432
7529
7509
7501
7544
7455
6912
5719
3915
1665
-909
-3616
-6143
-8112
-9236
-9374
-8586
-7133
-5348
-3560
-2059
-1073
-599
-451
-431
-417
-216
394
1499
2992
4622
6070
6969
7023
6071
4174
1661
-912
-3043
-4492
-5258
-5456
-5285
-5004
-4793
-4721
-4775
-4875
-4847
-4482
-3604
-2129
-137
2108
4276
6123
7480
8244
8455
8321
8104
7897
7583
6928
5788
4151
2066
-400
-3050
-5512
-7416
-8543
-8850
-8378
-7281
-5766
-4107
-2621
-1565
-951
-607
-429
-368
-261
169
1069
2392
3954
5468
6563
6927
6397
4930
2701
149
-2195
-3987
-5085
-5506
-5448
-5257
-5144
-5083
-5019
-4951
-4799
-4374
-3544
-2272
-573
1395
3339
5038
6452
7547
8242
8540
8587
8458
8073
7269
5965
4251
2300
226
-1954
-4128
-6024
-7421
-8267
-8524
-8084
-6929
-5306
-3592
-2148
-1218
-821
-752
-725
-538
-26
957
2403
4067
5619
6762
7229
6824
5550
3626
1367
-854
-2673
-3897
-4637
-5128
-5501
-5743
-5793
-5641
-5336
-4913
-4316
-3425
-2196
-693
942
2556
4027
5347
6539
7553
8250
8587
8666
8532
8050
7037
5521
3661
1564
-730
-3052
-5156
-6898
-8216
-8937
-8849
-7955
-6514
-4828
-3157
-1779
-902
-526
-445
-400
-113
629
1857
3393
4990
6401
7336
7566
7011
5749
3925
1791
-324
-2173
-3694
-4939
-5930
-6649
-7026
-7008
-6624
-6040
-5398
-4691
-3774
-2517
-889
1018
2991
4800
6285
7374
8042
8327
8330
8173
7869
7234
6030
4249
2117
-176
-2580
-4954
-6995
-8455
-9260
-9340
-8649
-7361
-5822
-4284
-2889
-1784
-1057
-595
-195
257
874
1782
2971
4255
5476
6568
7367
7611
7140
5993
4306
2291
194
-1790
-3574
-5096
-6284
-7101
-7551
-7633
-7381
-6856
-6042
-4867
-3331
-1572
305
2233
4104
5764
7121
8103
8612
8652
8400
8043
7564
6776
5487
3642
1349
-1154
-3648
-5955
-7872
-9194
-9810
-9712
-8929
-7583
-5937
-4289
-2798
-1563
-668
-106
301
747
1374
2252
3353
4520
5592
6514
7198
7447
7093
6181
4841
3167
1254
-753
-2718
-4543
-6065
-7152
-7795
-8049
-7878
-7249
-6201
-4797
-3090
-1185
743
2573
4252
5727
6948
7889
8526
8851
8863
8597
8097
7361
6277
4689
2616
265
-2153
-4508
-6586
-8106
-8955
-9193
-8813
-7793
-6335
-4806
-3420
-2204
-1229
-555
-81
389
944
1630
2515
3591
4714
5740
6585
7106
7156
6717
5846
4535
2781
694
-1546
-3790
-5886
-7669
-8986
-9708
-9742
-9118
-7993
-6503
-4723
-2762
-767
1190
3078
4783
6159
7161
7832
8191
8254
8076
7703
7174
6467
5462
3974
2025
-136
-2285
-4354
-6240
-7713
-8646
-9039
-8829
-7956
-6629
-5189
-3770
-2357
-1060
3
903
1711
2374
2908
3502
4201
4883
5509
6138
6642
6761
6395
5550
4181
2272
-13
-2475
-4965
-7260
-9052
-10164
-10572
-10262
-9253
-7691
-5766
-3596
-1309
918
2953
4720
6123
7078
7609
7765
7558
7082
6505
5906
5223
4458
3686
2853
1794
499
-900
-2341
-3859
-5367
-6690
-7688
-8273
-8299
-7712
-6654
-5341
-3847
-2193
-493
1099
2487
3596
4324
4682
4820
4912
5037
5209
5400
5506
5394
4933
4007
2547
623
-1574
-3837
-5986
-7845
-9237
-10025
-10101
-9412
-8031
-6164
-4024
-1735
592
2815
4787
6363
7376
7741
7559
7051
6374
5624
4899
4312
3917
3755
3780
3809
3541
2819
1667
137
-1765
-3918
-6003
-7731
-8957
-9569
-9351
-8193
-6205
-3661
-902
1632
3550
4732
5274
5292
4898
4344
3923
3770
3859
4112
4366
4385
4001
3160
1827
-5
-2192
-4469
-6594
-8359
-9545
-9999
-9709
-8729
-7125
-5052
-2731
-341
1943
3890
5294
6116
6407
6191
5544
4641
3678
2777
2082
1747
1845
2311
3055
3918
4559
4533
3603
1914
-222
-2578
-4985
-7165
-8756
-9464
-9144
-7801
-5651
-3092
-552
1643
3238
4032
3999
3344
2415
1541
958
754
865
1191
1646
2102
2356
2239
1704
785
-474
-1967
-3506
-4910
-6068
-6905
-7305
-7145
-6357
-4986
-3201
-1268
551
2092
3266
4003
4266
4084
3544
2759
1937
1326
1148
1481
2294
3447
4721
5839
6540
6675
6169
5024
3270
1132
-1043
-2911
-4320
-5191
-5461
-5175
-4517
-3692
-2830
-2088
-1589
-1284
-994
-689
-483
-425
-444
-481
-499
-394
-76
443
1063
1689
2227
2586
2716
2580
2128
1346
341
-773
-1916
-2952
-3684
-4011
-4000
-3711
-3140
-2345
-1520
-818
-278
100
315
440
595
884
1392
2194
3235
4320
5287
6073
6612
6771
6557
6163
5810
5564
5340
4961
4267
3222
1870
229
-1691
-3727
-5620
-7168
-8235
-8667
-8409
-7615
-6509
-5212
-3855
-2676
-1835
-1299
-972
-792
-628
-278
366
1297
2457
3687
4687
5235
5336
5053
4325
3095
1462
-386
-2290
-4063
-5502
-6539
-7236
-7609
-7550
-7003
-6026
-4743
-3274
-1741
-250
1139
2361
3345
4091
4679
5183
5645
6101
6604
7160
7704
8126
8290
8061
7376
6246
4704
2768
550
-1707
-3780
-5585
-7142
-8413
-9315
-9778
-9770
-9254
-8260
-6927
-5409
-3796
-2160
-648
612
1565
2229
2631
2855
3026
3233
3499
3841
4279
4751
5100
5143
4727
3760
2232
246
-2001
-4275
-6332
-7927
-8872
-9074
-8546
-7394
-5817
-4005
-2087
-156
1648
3207
4512
5625
6579
7335
7871
8162
8170
7849
7240
6446
5621
4853
4150
3453
2719
1962
1211
455
-367
-1356
-2535
-3818
-5039
-6098
-6971
-7578
-7789
-7508
-6760
-5570
-3993
-2177
-354
1272
2515
3227
3397
3189
2769
2223
1638
1167
931
940
1142
1464
1800
2015
1976
1562
684
-623
-2172
-3713
-5056
-6040
-6501
-6322
-5515
-4212
-2614
-937
642
1991
3017
3663
3960
4008
3885
3650
3387
3200
3125
3101
3062
2967
2823
2641
2425
2157
1799
1323
745
170
-273
-501
-535
-478
-458
-555
-741
-981
-1311
-1787
-2350
-2894
-3390
-3856
-4202
-4314
-4176
-3875
-3469
-3012
-2608
-2306
-2053
-1798
-1546
-1241
-746
10
970
2064
3221
4279
5001
5243
4952
4115
2765
1039
-863
-2729
-4316
-5413
-5934
-5920
-5477
-4739
-3873
-2995
-2136
-1314
-587
42
658
1327
2017
2666
3250
3746
4109
4291
4271
4064
3756
3477
3291
3180
3106
3081
3127
3252
3452
3677
3811
3726
3339
2624
1593
331
-1041
-2425
-3735
-4831
-5574
-5904
-5819
-5304
-4407
-3281
-2094
-903
264
1261
1911
2147
2016
1607
1076
638
454
553
904
1434
1981
2367
2494
2353
1888
1043
-132
-1512
-2967
-4380
-5617
-6575
-7176
-7357
-7085
-6437
-5522
-4386
-3068
-1659
-292
970
2072
2949
3577
3996
4222
4215
3986
3633
3267
2941
2708
2626
2711
2935
3250
3605
3887
4012
3960
3742
3350
2778
2093
1345
516
-399
-1291
-2000
-2476
-2790
-2992
-3087
-3074
-3003
-2913
-2861
-2918
-3102
-3357
-3592
-3768
-3817
-3614
-3058
-2179
-1079
169
1500
2777
3819
4481
4676
4357
3569
2465
1206
-110
-1395
-2532
-3415
-4037
-4416
-4579
-4562
-4439
-4245
-3952
-3540
-2997
-2330
-1547
-679
243
1225
2256
3306
4325
5275
6102
6737
7118
7171
6818
6036
4939
3691
2421
1231
240
-435
-755
-756
-526
-160
238
611
921
1123
1164
1040
791
473
154
-135
-411
-742
-1142
-1626
-2198
-2870
-3558
-4148
-4565
-4791
-4809
-4620
-4290
-3899
-3480
-3054
-2639
-2212
-1710
-1118
-450
320
1217
2146
2951
3555
3951
4089
3871
3285
2408
1375
309
-692
-1598
-2387
-2978
-3278
-3293
-3136
-2892
-2577
-2170
-1701
-1245
-883
-618
-386
-129
140
413
774
1308
1986
2695
3368
3973
4439
4690
4723
4600
4325
3862
3253
2648
2201
1979
1966
2122
2397
2717
2972
2988
2617
1850
805
-428
-1835
-3321
-4710
-5905
-6922
-7700
-8048
-7854
-7191
-6196
-5005
-3760
-2587
-1530
-612
100
593
990
1441
1957
2498
3102
3828
4626
5340
5811
5889
5445
4437
2954
1119
-938
-3018
-4868
-6300
-7274
-7810
-7919
-7617
-6967
-6045
-4954
-3819
-2757
-1775
-796
253
1390
2613
3916
5246
6489
7497
8132
8330
8125
7617
6889
6002
5044
4138
3371
2764
2307
1986
1756
1546
1295
996
672
346
-9
-418
-842
-1207
-1495
-1759
-2033
-2301
-2597
-3010
-3552
-4100
-4522
-4818
-5026
-5125
-5042
-4761
-4302
-3719
-3076
-2419
-1709
-906
-39
810
1626
2388
3012
3407
3563
3486
3158
2586
1830
917
-157
-1328
-2457
-3455
-4311
-5011
-5494
-5725
-5705
-5459
-5042
-4533
-3972
-3340
-2629
-1867
-1043
-86
1048
2329
3704
5086
6337
7308
7902
8088
7860
7236
6282
5117
3864
2647
1574
723
129
-201
-292
-235
-185
-269
-506
-829
-1156
-1412
-1518
-1382
-951
-225
707
1669
2463
2943
3042
2737
2055
1079
-76
-1312
-2532
-3589
-4329
-4679
-4647
-4282
-3677
-2971
-2308
-1747
-1309
-1018
-866
-773
-613
-326
107
700
1453
2270
2986
3449
3573
3324
2723
1833
717
-561
-1895
-3130
-4114
-4782
-5142
-5219
-5044
-4640
-4037
-3293
-2523
-1843
-1295
-823
-356
162
763
1477
2295
3153
3967
4644
5083
5222
5114
4884
4600
4247
3807
3301
2760
2240
1830
1587
1477
1425
1380
1323
1218
1073
923
800
676
550
467
484
587
676
628
393
6
-496
-1116
-1825
-2555
-3261
-3936
-4524
-4934
-5124
-5122
-4923
-4522
-4015
-3530
-3072
-2556
-1963
-1349
-713
-18
720
1427
2041
2486
2663
2559
2275
1894
1387
726
-13
-706
-1295
-1810
-2296
-2779
-3265
-3735
-4149
-4451
-4605
-4587
-4360
-3889
-3163
-2201
-1032
284
1656
2988
4212
5279
6131
6721
7046
7118
6955
6597
6097
5480
4753
3969
3213
2516
1843
1162
511
-53
-505
-844
-1050
-1067
-863
-466
43
600
1179
1745
2197
2405
2284
1816
1035
15
-1101
-2193
-3182
-4017
-4598
-4884
-4916
-4765
-4454
-4062
-3754
-3611
-3564
-3527
-3533
-3606
-3667
-3565
-3208
-2526
-1486
-180
1194
2454
3497
4206
4466
4294
3849
3270
2593
1814
948
17
-944
-1863
-2677
-3420
-4158
-4881
-5489
-5899
-6047
-5849
-5218
-4174
-2823
-1236
568
2469
4243
5680
6688
7212
7265
6959
6470
5916
5370
4914
4616
4472
4445
4487
4514
4436
4199
3810
3248
2476
1497
397
-695
-1647
-2377
-2858
-3084
-3039
-2743
-2294
-1809
-1365
-988
-718
-612
-718
-1016
-1429
-1878
-2329
-2768
-3153
-3393
-3419
-3214
-2826
-2367
-1959
-1665
-1470
-1372
-1400
-1536
-1665
-1666
-1492
-1122
-531
250
1089
1844
2413
2739
2762
2493
1991
1311
477
-440
-1309
-2031
-2579
-2976
-3244
-3422
-3535
-3592
-3577
-3472
-3238
-2834
-2274
-1633
-981
-309
420
1199
1969
2686
3352
3965
4521
5037
5535
5998
6353
6539
6521
6272
5774
5016
3997
2747
1350
-84
-1451
-2670
-3625
-4174
-4248
-3888
-3220
-2383
-1497
-662
26
482
677
659
512
301
55
-198
-452
-694
-898
-1012
-1039
-1045
-1096
-1178
-1261
-1346
-1463
-1607
-1754
-1886
-1978
-2031
-2067
-2130
-2205
-2232
-2149
-1925
-1526
-925
-163
652
1407
2018
2425
2596
2540
2294
1891
1369
791
227
-281
-703
-1010
-1186
-1257
-1296
-1339
-1360
-1296
-1117
-837
-480
-39
513
1187
1943
2704
3402
4016
4517
4837
4899
4722
4420
4098
3786
3458
3123
2789
2418
1931
1283
469
-447
-1357
-2171
-2865
-3474
-3989
-4370
-4579
-4618
-4498
-4234
-3846
-3356
-2770
-2094
-1352
-570
230
1016
1715
2245
2544
2604
2475
2195
1765
1192
534
-134
-759
-1309
-1766
-2135
-2411
-2589
-2669
-2720
-2801
-2863
-2772
-2422
-1804
-951
107
1303
2521
3603
4415
4865
4908
4555
3870
2931
1854
791
-113
-791
-1278
-1619
-1847
-1989
-2094
-2200
-2361
-2612
-2952
-3324
-3646
-3834
-3797
-3474
-2866
-2041
-1099
-143
747
1518
2142
2599
2871
2951
2841
2570
2205
1805
1413
1027
657
324
49
-164
-331
-477
-613
-723
-782
-766
-686
-557
-403
-218
-4
242
530
890
1353
1899
2460
2941
3273
3415
3368
3163
2862
2485
1997
1372
678
56
-390
-657
-819
-936
-1048
-1144
-1229
-1335
-1519
-1784
-2057
-2223
-2234
-2105
-1881
-1563
-1140
-657
-233
2
10
-180
-482
-795
-1033
-1170
-1229
-1200
-1083
-962
-988
-1247
-1705
-2258
-2811
-3283
-3620
-3769
-3648
-3193
-2445
-1539
-581
394
1340
2153
2761
3166
3439
3625
3755
3836
3859
3809
3706
3603
3535
3483
3385
3145
2681
1988
1183
450
-100
-486
-821
-1169
-1500
-1697
-1653
-1384
-1028
-706
-403
-32
448
1015
1603
2151
2596
2905
3017
2893
2557
2097
1560
927
220
-451
-948
-1226
-1339
-1429
-1632
-1981
-2372
-2703
-2998
-3321
-3635
-3789
-3657
-3230
-2581
-1807
-986
-186
516
1018
1236
1158
877
513
124
-294
-738
-1136
-1437
-1654
-1855
-2050
-2215
-2329
-2410
-2500
-2613
-2746
-2826
-2748
-2452
-2000
-1500
-984
-420
195
807
1370
1863
2276
2595
2798
2861
2775
2581
2352
2133
1937
1757
1616
1518
1436
1346
1248
1134
959
699
390
130
40
197
608
1158
1712
2201
2637
3029
3314
3423
3332
3085
2723
2258
1680
1030
399
-78
-329
-399
-420
-481
-569
-651
-740
-881
-1091
-1356
-1636
-1882
-2053
-2153
-2181
-2084
-1820
-1444
-1096
-875
-793
-846
-1029
-1331
-1727
-2196
-2681
-3064
-3249
-3210
-2994
-2659
-2271
-1904
-1596
-1377
-1273
-1303
-1431
-1580
-1692
-1744
-1694
-1465
-1027
-442
209
902
1628
2334
2961
3443
3714
3729
3507
3093
2545
1946
1439
1142
1054
1095
1213
1418
1720
2066
2366
2542
2555
2405
2133
1785
1430
1146
998
987
1035
1061
1057
1069
1108
1134
1124
1107
1117
1156
1185
1159
1059
903
701
427
36
-472
-1052
-1633
-2153
-2578
-2903
-3149
-3341
-3458
-3452
-3280
-2990
-2674
-2386
-2098
-1776
-1437
-1121
-849
-643
-548
-572
-703
-892
-1092
-1250
-1355
-1454
-1561
-1615
-1558
-1459
-1458
-1613
-1859
-2133
-2393
-2605
-2714
-2706
-2588
-2352
-1966
-1437
-820
-161
509
1143
1695
2141
2464
2652
2722
2756
2828
2908
2904
2799
2678
2595
2498
2312
2042
1753
1508
1347
1274
1251
1257
1308
1434
1599
1742
1847
1947
2072
2213
2336
2409
2443
2465
2481
2442
2307
2084
1798
1455
1056
642
282
-13
-258
-474
-653
-812
-981
-1147
-1292
-1447
-1695
-2062
-2500
-2930
-3288
-3536
-3644
-3609
-3440
-3157
-2822
-2512
-2256
-2024
-1823
-1709
-1719
-1806
-1897
-1945
-1925
-1835
-1706
-1575
-1448
-1305
-1175
-1117
-1172
-1306
-1439
-1514
-1537
-1554
-1563
-1490
-1255
-873
-404
118
705
1335
1944
2473
2910
3283
3610
3885
4086
4197
4245
4267
4254
4142
3906
3613
3353
3155
2982
2797
2601
2408
2223
2055
1920
1817
1712
1560
1346
1104
902
787
746
706
612
466
303
130
-94
-417
-844
-1297
-1670
-1912
-2054
-2170
-2314
-2501
-2693
-2860
-2986
-3084
-3163
-3234
-3311
-3400
-3485
-3532
-3501
-3371
-3173
-2964
-2781
-2605
-2410
-2202
-2009
-1840
-1700
-1582
-1464
-1316
-1135
-939
-737
-553
-442
-431
-445
-378
-221
-36
168
438
798
1194
1551
1839
2066
2252
2397
2470
2407
2197
1916
1680
1553
1520
1555
1654
1818
2026
2211
2297
2242
2081
1893
1725
1580
1450
1337
1248
1198
1195
1235
1302
1376
1448
1501
1509
1449
1339
1195
1029
842
665
518
401
309
245
198
114
-49
-283
-561
-877
-1228
-1583
-1909
-2182
-2378
-2464
-2431
-2315
-2140
-1923
-1681
-1451
-1269
-1159
-1150
-1255
-1419
-1570
-1670
-1727
-1719
-1631
-1536
-1488
-1475
-1414
-1283
-1117
-966
-865
-821
-794
-729
-610
-480
-385
-320
-233
-92
84
253
400
517
583
594
599
658
780
916
1011
1051
1060
1069
1096
1166
1307
1563
1920
2307
2623
2813
2887
2878
2795
2618
2349
2038
1754
1539
1395
1306
1266
1269
1292
1275
1146
875
486
26
-468
-946
-1331
-1548
-1555
-1362
-1014
-599
-202
123
364
504
524
425
224
-50
-390
-798
-1262
-1732
-2118
-2334
-2378
-2330
-2280
-2247
-2201
-2112
-1998
-1894
-1819
-1768
-1719
-1666
-1607
-1545
-1459
-1331
-1184
-1056
-927
-754
-558
-429
-418
-479
-533
-542
-517
-503
-533
-599
-654
-653
-616
-594
-622
-669
-691
-655
-563
-421
-235
-13
243
521
799
1054
1307
1594
1913
2212
2433
2552
2578
2535
2468
2417
2402
2414
2435
2443
2417
2349
2244
2138
2047
1965
1856
1711
1561
1461
1430
1433
1432
1415
1388
1350
1299
1223
1110
938
690
370
30
-240
-374
-388
-378
-442
-600
-810
-1027
-1241
-1491
-1795
-2127
-2453
-2738
-2959
-3089
-3121
-3064
-2934
-2757
-2589
-2460
-2346
-2217
-2095
-2022
-1995
-1963
-1881
-1720
-1481
-1214
-1004
-894
-855
-832
-794
-732
-648
-584
-585
-619
-588
-463
-298
-151
-35
38
52
54
124
316
597
922
1235
1509
1756
2037
2376
2723
3021
3234
3336
3303
3160
2992
2845
2667
2386
2035
1751
1611
1573
1530
1453
1365
1247
1091
946
866
760
546
334
234
189
84
22
83
170
169
186
283
338
262
132
-1
-208
-474
-694
-888
-1165
-1453
-1603
-1603
-1600
-1635
-1692
-1842
-2101
-2344
-2489
-2656
-2911
-3116
-3168
-3156
-3123
-2979
-2688
-2381
-2098
-1775
-1413
-1120
-919
-761
-664
-671
-746
-807
-837
-843
-806
-692
-506
-261
9
270
469
585
636
673
722
781
846
934
1044
1155
1279
1446
1635
1757
1812
1873
1986
2095
2207
2387
2569
2620
2542
2487
2485
2411
2300
2270
2248
2093
1876
1779
1724
1539
1339
1260
1217
1059
864
735
600
411
292
273
234
124
19
-61
-207
-409
-570
-661
-744
-824
-859
-848
-857
-931
-1063
-1272
-1539
-1810
-2021
-2222
-2483
-2731
-2848
-2824
-2763
-2680
-2570
-2502
-2494
-2395
-2123
-1859
-1751
-1699
-1586
-1486
-1440
-1317
-1111
-1005
-1046
-1026
-861
-666
-488
-243
3
102
111
191
322
372
412
576
824
1020
1174
1351
1498
1557
1619
1746
1854
1895
1941
2031
2101
2116
2163
2249
2293
2238
2127
2059
2042
2010
1930
1842
1746
1547
1305
1157
1133
1045
864
705
618
508
402
350
329
267
178
87
-89
-305
-453
-552
-688
-842
-967
-1092
-1313
-1463
-1504
-1549
-1670
-1746
-1705
-1709
-1836
-1917
-1850
-1777
-1696
-1548
-1316
-1204
-1198
-1103
-991
-1018
-1158
-1271
-1338
-1393
-1387
-1305
-1336
-1412
-1395
-1308
-1242
-1217
-1098
-897
-714
-503
-285
-114
14
79
138
214
358
621
901
1162
1378
1453
1429
1381
1409
1482
1518
1589
1719
1848
1914
1940
1963
1899
1734
1606
1561
1434
1158
869
683
552
456
448
478
465
480
608
828
1022
1138
1130
939
658
385
200
75
-10
-88
-252
-444
-521
-460
-386
-357
-365
-373
-512
-702
-873
-971
-1012
-1039
-1012
-1011
-1071
-1154
-1175
-1093
-1004
-925
-849
-793
-789
-817
-821
-805
-835
-861
-763
-539
-377
-373
-345
-218
-167
-299
-397
-320
-334
-539
-654
-477
-293
-316
-231
138
489
532
528
714
875
850
888
1105
1162
931
756
881
1019
1019
1018
1088
1037
862
725
669
581
517
525
548
525
525
534
518
517
629
714
610
405
248
163
46
-25
-8
-38
-203
-357
-351
-269
-327
-419
-407
-323
-417
-607
-630
-510
-509
-639
-620
-525
-590
-777
-747
-571
-558
-671
-668
-606
-763
-981
-1054
-1042
-1148
-1251
-1241
-1269
-1325
-1256
-1060
-1017
-1054
-991
-779
-671
-599
-470
-359
-343
-355
-253
-168
-190
-272
-275
-192
-39
106
256
421
550
591
548
574
612
602
571
627
696
696
697
743
746
686
726
848
915
941
1098
1291
1356
1313
1342
1356
1243
1165
1235
1279
1185
1151
1292
1372
1263
1111
1028
910
747
598
427
169
-50
-118
-125
-160
-184
-165
-130
-106
-35
17
-30
-196
-405
-556
-546
-429
-274
-137
-46
-73
-264
-458
-562
-728
-1017
-1295
-1415
-1521
-1698
-1784
-1706
-1654
-1709
-1651
-1398
-1213
-1262
-1305
-1189
-1106
-1081
-960
-672
-462
-334
-109
195
376
448
563
762
880
860
819
757
651
468
319
272
260
258
291
392
519
597
676
809
987
1063
990
906
906
903
767
654
674
748
742
806
1002
1091
982
872
929
880
669
493
454
353
179
164
250
255
122
61
-26
-161
-294
-308
-281
-324
-380
-492
-649
-836
-920
-968
-1026
-1081
-1116
-1185
-1433
-1693
-1897
-1971
-2018
-2000
-1918
-1806
-1710
-1605
-1417
-1246
-1129
-1162
-1163
-1080
-1012
-1031
-1030
-849
-621
-479
-241
116
344
337
366
576
672
578
614
810
901
825
894
1133
1175
1029
962
1098
1176
1205
1308
1455
1455
1363
1369
1452
1512
1520
1547
1542
1461
1298
1156
1045
967
898
823
772
777
820
838
761
719
706
627
445
347
371
395
340
384
425
257
-8
-96
-31
-99
-213
-188
-184
-357
-524
-540
-588
-744
-734
-557
-480
-570
-604
-614
-765
-968
-997
-940
-1008
-1116
-1087
-971
-1004
-1140
-1216
-1195
-1308
-1524
-1622
-1553
-1501
-1599
-1528
-1313
-1186
-1227
-1122
-760
-465
-399
-369
-216
-131
-182
-192
9
220
283
305
486
654
634
538
585
659
569
438
419
448
329
199
135
168
197
268
444
704
981
1122
1216
1312
1550
1696
1794
1896
2029
2030
1852
1796
1820
1748
1485
1370
1338
1133
697
328
143
-175
-546
-781
-764
-829
-983
-1042
-997
-1016
-1160
-1160
-1089
-1042
-1100
-1073
-963
-968
-1083
-1213
-1191
-1183
-1201
-1157
-1069
-1047
-1160
-1178
-1177
-1292
-1466
-1534
-1596
-1764
-1812
-1613
-1444
-1485
-1346
-931
-543
-361
-76
385
581
508
568
881
1038
963
1004
1180
1123
853
845
1080
1137
936
892
1032
1005
879
912
1097
1058
939
1060
1329
1409
1347
1476
1793
1915
1814
1757
1792
1703
1457
1345
1361
1190
848
699
723
622
290
184
197
57
-249
-363
-372
-595
-851
-903
-886
-1064
-1134
-988
-883
-996
-948
-715
-679
-846
-821
-631
-692
-900
-943
-915
-1097
-1188
-992
-791
-860
-1014
-1084
-1219
-1395
-1394
-1239
-1109
-1009
-897
-797
-725
-559
-345
-171
-22
149
224
239
285
345
323
236
222
230
250
337
448
483
421
386
415
484
568
630
580
465
390
430
518
611
740
837
874
851
848
860
863
904
1013
1080
1000
807
683
638
544
384
214
91
-75
-238
-332
-392
-480
-601
-696
-778
-866
-916
-946
-946
-899
-846
-849
-911
-925
-900
-824
-664
-409
-214
-140
-121
-125
-138
-157
-107
-16
78
149
142
85
47
28
-50
-108
-82
-8
-25
-33
29
30
-61
-78
66
167
172
199
320
362
341
379
449
499
547
637
687
636
596
528
407
283
248
158
20
-132
-232
-425
-583
-495
-291
-117
-70
-7
-35
-49
80
298
385
288
210
158
114
114
176
184
117
42
3
-86
-196
-253
-297
-288
-249
-143
-52
50
108
79
-19
-9
148
329
444
486
457
328
145
37
88
272
456
567
604
620
576
434
298
158
38
-115
-160
-147
-146
-285
-417
-501
-415
-287
-171
-120
-171
-240
-299
-212
-100
-76
-185
-264
-345
-412
-498
-471
-441
-474
-549
-588
-590
-557
-491
-413
-410
-437
-423
-345
-192
-57
-24
-185
-313
-283
-158
-76
13
139
190
138
114
94
29
-70
-64
-43
-74
-101
-6
161
273
304
327
379
412
438
427
478
439
381
293
330
349
369
513
794
961
867
711
631
512
349
283
243
84
-97
-100
-35
-57
-129
-157
-243
-355
-423
-457
-589
-704
-804
-907
-1078
-1124
-1033
-931
-835
-736
-676
-747
-755
-665
-537
-464
-376
-304
-332
-327
-163
-26
-10
48
225
383
377
386
433
392
308
291
354
425
457
501
517
508
448
385
421
550
654
628
625
580
488
387
472
664
753
740
640
540
465
518
568
573
474
326
146
41
85
135
175
265
331
235
28
-77
-127
-284
-372
-336
-334
-493
-521
-370
-269
-299
-184
-34
-56
-121
-58
-14
-198
-262
-158
-108
-277
-341
-246
-120
-93
-67
-104
-248
-318
-299
-189
-170
-261
-449
-563
-529
-468
-552
-628
-538
-399
-213
58
361
386
190
79
139
171
192
181
43
-222
-340
-215
-43
69
192
245
151
34
77
210
262
253
176
152
138
241
289
219
25
-198
-322
-254
-83
-13
-110
-304
-434
-535
-488
-322
-177
-169
-208
-156
-63
-9
51
161
280
334
331
217
62
-50
-3
191
414
546
533
348
136
-59
-121
-76
2
-28
-191
-410
-538
-495
-386
-269
-212
-122
-98
-142
-166
-128
-110
-170
-130
2
122
97
47
-37
-100
-74
107
268
227
78
-73
-77
33
286
523
597
479
281
10
-137
-153
-31
15
-32
-49
-61
26
204
420
522
610
666
697
611
560
514
384
319
325
347
199
77
97
175
155
84
21
-69
-152
-108
49
107
57
86
245
301
212
122
106
82
100
202
295
254
188
228
277
286
222
125
-91
-343
-543
-661
-758
-737
-665
-649
-747
-813
-825
-878
-894
-836
-782
-864
-928
-949
-961
-1004
-979
-888
-803
-724
-716
-773
-717
-524
-500
-675
-733
-501
-283
-200
8
205
225
158
323
520
504
506
734
922
856
741
753
846
985
1212
1295
1088
832
730
769
824
891
858
667
509
537
639
640
610
549
517
441
418
369
309
293
298
332
396
431
381
336
288
227
106
141
247
193
-16
-203
-321
-445
-508
-493
-571
-814
-983
-1054
-1126
-1224
-1170
-1043
-1007
-1061
-1084
-1131
-1246
-1218
-982
-749
-733
-831
-871
-872
-866
-755
-558
-356
-260
-225
-181
-146
-174
-203
-109
87
196
184
222
343
471
551
608
644
648
671
817
1025
1179
1208
1195
1211
1165
994
880
935
1040
986
896
888
848
691
551
592
548
386
253
354
409
362
281
300
303
272
279
215
93
-55
-98
-140
-166
-199
-192
-180
-115
-155
-401
-686
-774
-685
-636
-599
-556
-610
-797
-926
-878
-748
-663
-615
-609
-735
-902
-988
-839
-659
-522
-500
-411
-348
-308
-292
-296
-323
-415
-373
-323
-270
-278
-91
110
227
292
416
574
614
741
905
980
807
616
521
484
442
385
378
335
282
141
70
138
237
250
232
348
352
219
84
97
13
-135
-140
-35
-25
-86
25
106
94
22
-6
-193
-361
-333
-179
-151
-156
-97
-170
-371
-487
-410
-343
-222
-66
-25
-261
-418
-378
-283
-246
-165
-103
-224
-356
-332
-206
-135
-55
-59
-115
-164
-36
74
71
50
30
-62
-171
-152
-123
-140
-176
-109
-86
-139
-141
-90
-49
-69
-120
-184
-213
-130
49
162
201
248
276
284
281
383
531
600
625
698
778
761
619
554
558
537
512
562
622
524
361
324
374
311
145
-11
-109
-145
-93
22
56
-26
-75
-48
-1
17
46
26
-33
-94
-81
-100
-188
-211
-91
122
286
382
439
447
428
436
505
546
478
327
216
125
55
71
177
179
-38
-291
-409
-378
-263
-55
75
-17
-248
-400
-446
-427
-387
-355
-413
-493
-459
-438
-512
-604
-603
-601
-678
-755
-788
-870
-955
-926
-843
-766
-746
-710
-689
-700
-701
-706
-658
-547
-407
-350
-365
-408
-443
-469
-395
-252
-213
-356
-468
-387
-155
99
317
422
325
190
200
388
509
567
624
769
857
826
721
670
695
736
765
757
756
682
662
648
651
609
650
782
841
787
691
683
657
655
638
594
391
157
-38
-132
-199
-282
-381
-491
-480
-423
-325
-237
-115
-80
-164
-270
-281
-271
-277
-273
-321
-506
-710
-727
-576
-430
-304
-182
-119
-127
-120
-21
33
44
50
156
262
303
217
106
11
50
196
361
433
407
378
343
276
260
277
281
188
94
20
-57
-76
-23
18
-89
-179
-201
-205
-298
-299
-193
-78
-13
93
191
154
58
66
116
60
-38
-53
-1
11
-12
30
44
6
-48
22
168
200
58
-89
-138
-79
3
182
332
314
154
45
47
-32
-68
44
249
239
74
-37
-66
-133
-169
-63
7
-23
-84
-26
-46
-171
-257
-217
-111
-79
-60
-34
30
51
39
37
66
37
-67
-155
-243
-387
-569
-580
-472
-408
-489
-574
-580
-610
-637
-591
-479
-429
-440
-403
-387
-463
-580
-566
-446
-289
-225
-277
-362
-365
-205
-56
77
148
153
93
90
187
257
245
258
340
374
342
330
426
559
708
865
988
992
933
891
873
773
635
586
617
642
600
557
481
429
423
492
485
406
267
127
-3
-89
-75
-111
-197
-284
-243
-189
-221
-306
-355
-404
-548
-651
-718
-792
-935
-1017
-1004
-981
-958
-890
-742
-618
-519
-434
-298
-169
-106
-145
-221
-197
-106
-20
10
52
117
128
62
20
-29
-44
-24
95
165
128
103
223
438
571
576
459
335
198
142
201
386
564
636
655
698
792
878
956
998
984
948
883
811
723
644
571
472
415
381
308
202
155
181
147
75
113
219
204
77
5
-32
-170
-344
-437
-524
-642
-656
-526
-479
-585
-654
-600
-606
-655
-651
-584
-652
-760
-777
-780
-913
-1053
-1005
-853
-680
-578
-531
-626
-724
-687
-599
-526
-509
-439
-444
-468
-456
-346
-238
-183
-80
4
75
52
106
211
309
334
322
329
276
157
36
41
93
141
197
322
459
510
559
636
663
585
444
374
370
425
493
519
493
447
428
405
368
290
184
78
62
128
155
121
115
200
269
246
175
83
-19
-154
-199
-180
-132
-134
-126
-133
-170
-216
-217
-185
-179
-180
-168
-118
-97
-88
-122
-117
-83
-17
33
93
197
298
314
263
237
216
208
221
296
356
330
302
272
278
286
331
335
270
175
102
27
-67
-121
-81
5
76
118
124
90
5
-43
-44
-11
-6
-9
1
20
24
47
88
77
11
-42
-32
-82
-160
-191
-153
-217
-388
-484
-452
-344
-289
-210
-249
-358
-432
-307
-146
-123
-134
-148
-193
-326
-377
-286
-134
28
162
191
132
94
153
180
147
95
88
46
-3
-50
-100
-161
-190
-160
-131
-95
-28
53
77
80
51
-5
-71
-59
50
148
194
199
91
-126
-319
-328
-235
-241
-318
-389
-408
-425
-351
-223
-160
-253
-385
-437
-464
-433
-369
-270
-298
-383
-399
-312
-231
-203
-186
-239
-353
-483
-455
-341
-269
-280
-293
-197
-78
61
202
377
505
592
670
725
769
805
889
899
815
687
595
536
506
563
672
776
777
731
637
562
528
542
555
517
447
378
321
304
311
294
280
306
296
192
70
48
26
-76
-146
-157
-212
-378
-504
-571
-665
-750
-742
-682
-733
-782
-748
-673
-671
-625
-476
-376
-388
-397
-296
-229
-220
-212
-178
-206
-258
-233
-167
-112
-72
2
75
78
64
19
-1
42
204
380
447
439
401
387
395
578
786
829
675
539
483
361
259
332
550
653
638
546
421
222
99
123
150
129
52
39
14
31
35
-30
-166
-241
-214
-199
