-410
-291
-161
-33
62
104
103
90
81
66
32
-10
-47
-78
-102
-102
-81
-72
-92
-111
-86
-32
4
-7
-41
-61
-56
-51
-36
32
171
326
419
426
366
269
160
73
37
32
-3
-99
-213
-254
-169
32
276
457
487
365
202
102
84
75
40
13
51
168
299
374
396
422
487
544
545
485
415
360
313
264
218
194
189
191
185
152
82
-2
-67
-94
-90
-64
-38
-42
-88
-124
-80
51
202
286
295
271
250
217
158
99
73
81
100
116
137
189
273
373
455
493
440
299
124
1
-40
-46
-83
-166
-237
-225
-128
-27
24
42
71
103
107
67
11
-46
-89
-120
-155
-211
-273
-299
-269
-216
-177
-151
-113
-68
-62
-121
-224
-326
-403
-464
-526
-601
-682
-744
-749
-680
-559
-430
-330
-275
-251
-225
-174
-135
-143
-164
-148
-95
-67
-97
-161
-214
-239
-247
-264
-276
-236
-112
64
234
348
391
371
305
222
158
136
141
150
151
154
143
107
57
19
5
2
5
23
54
96
137
188
257
330
386
403
389
357
319
286
265
251
219
135
5
-97
-110
-56
-18
-34
-89
-145
-153
-81
54
144
90
-89
-266
-326
-263
-157
-101
-123
-169
-150
-46
76
141
111
-19
-214
-377
-409
-303
-154
-61
-50
-82
-79
27
225
416
499
484
450
461
476
417
281
125
25
4
59
141
165
86
-37
-84
-16
101
169
157
106
90
159
290
404
423
364
289
242
218
179
98
-9
-93
-135
-132
-73
41
161
200
132
17
-67
-110
-164
-256
-362
-428
-445
-439
-436
-414
-341
-214
-81
1
15
-14
-60
-119
-187
-245
-274
-286
-297
-331
-396
-456
-435
-296
-86
115
234
214
51
-137
-187
-74
69
137
155
186
238
278
287
252
169
46
-91
-203
-234
-166
-55
8
0
-34
-24
52
165
262
297
255
165
54
-65
-165
-212
-185
-132
-104
-105
-69
48
198
268
180
-19
-197
-248
-190
-106
-95
-196
-391
-601
-726
-721
-624
-509
-416
-309
-152
35
153
119
-39
-185
-180
0
256
439
468
361
205
87
54
100
167
173
76
-91
-207
-165
26
241
343
314
242
224
277
358
434
492
511
467
365
249
168
152
199
280
366
417
405
321
184
37
-53
-42
45
111
129
158
258
356
349
245
153
141
161
151
86
-20
-161
-295
-378
-393
-398
-431
-481
-507
-487
-429
-367
-345
-376
-425
-432
-351
-194
-44
-7
-91
-188
-200
-152
-114
-73
22
148
229
251
249
230
177
112
77
66
26
-54
-128
-132
-43
94
180
144
26
-41
48
262
477
560
501
383
312
318
325
255
71
-131
-246
-205
-61
95
198
225
194
109
-10
-149
-241
-242
-139
-6
66
16
-132
-270
-308
-232
-104
13
85
57
-107
-367
-573
-585
-398
-155
-16
-39
-180
-337
-402
-317
-95
167
366
422
303
41
-231
-332
-171
128
325
277
85
-51
-32
63
116
80
-11
-67
-37
16
-15
-149
-242
-167
32
176
112
-117
-384
-527
-496
-307
-110
-25
-48
-73
-45
-39
-56
-27
122
281
323
201
-6
-189
-280
-253
-163
-71
-77
-172
-304
-350
-287
-185
-141
-163
-184
-190
-237
-371
-510
-532
-341
-33
215
278
207
126
91
104
157
254
328
318
216
101
54
157
396
654
739
609
421
329
329
280
172
115
208
390
534
569
522
468
496
629
775
777
577
309
174
256
446
560
472
175
-236
-585
-665
-411
14
318
365
250
138
95
94
89
106
144
204
190
22
-299
-614
-707
-510
-145
137
176
-76
-481
-814
-873
-648
-341
-159
-191
-348
-525
-628
-584
-389
-143
-1
-30
-194
-381
-461
-385
-211
-80
-43
-60
-71
-73
-69
-35
5
45
70
97
86
-2
-122
-161
-59
84
133
58
-23
12
129
166
23
-211
-324
-221
1
153
114
-65
-230
-234
-69
142
253
214
81
-62
-150
-181
-138
-27
157
348
441
320
-12
-375
-555
-471
-254
-84
-46
-107
-196
-233
-191
-108
-80
-148
-277
-436
-632
-849
-977
-909
-649
-305
-4
153
131
30
5
144
347
496
503
371
170
39
94
308
535
656
638
545
419
314
273
294
309
221
57
-118
-211
-242
-159
76
442
749
823
677
445
269
203
300
513
688
653
445
296
350
557
762
864
803
556
222
-29
-103
-93
-130
-274
-479
-652
-653
-433
-124
29
-42
-192
-250
-218
-154
-88
-43
-46
-73
-83
-111
-204
-304
-343
-377
-482
-559
-438
-161
28
24
-62
-53
71
249
392
417
325
204
165
182
181
149
137
158
201
283
392
432
327
160
80
118
141
82
41
138
342
497
468
244
-65
-270
-227
-5
193
222
123
-7
-110
-159
-143
-121
-188
-373
-563
-648
-598
-506
-488
-603
-777
-830
-717
-539
-476
-518
-609
-647
-597
-434
-243
-209
-351
-500
-486
-400
-408
-545
-675
-753
-754
-664
-453
-233
-108
-56
4
39
-52
-210
-291
-182
36
206
163
-127
-460
-541
-248
240
650
840
802
630
495
527
663
655
424
124
14
132
351
531
598
565
432
290
188
155
126
59
-54
-165
-209
-133
41
193
245
213
192
192
190
183
210
251
264
249
261
356
527
729
830
716
349
-125
-479
-525
-283
57
255
168
-148
-482
-582
-418
-144
64
187
263
293
275
259
305
394
459
442
349
261
275
401
504
469
356
320
357
347
285
293
436
577
560
340
33
-211
-285
-229
-158
-147
-165
-136
-53
-2
-80
-289
-464
-459
-247
-19
36
-116
-341
-444
-382
-209
-97
-167
-445
-758
-862
-641
-263
-46
-132
-419
-615
-572
-327
-131
-181
-469
-738
-743
-502
-186
-9
3
-179
-406
-513
-358
-78
82
15
-187
-327
-326
-180
-19
52
-3
-47
7
164
276
323
308
312
314
295
247
181
156
145
128
24
-146
-330
-376
-189
179
475
469
124
-352
-685
-671
-251
334
698
548
102
-255
-274
-113
-9
-128
-427
-631
-496
-47
281
222
-102
-327
-267
-20
159
50
-315
-617
-551
-182
180
307
240
68
-106
-188
-97
126
325
398
298
112
-63
-83
16
126
121
85
185
486
834
1000
916
704
512
322
133
41
176
412
483
271
9
29
432
999
1357
1277
799
258
-9
83
305
384
308
230
255
276
212
120
121
253
399
454
317
38
-229
-240
38
343
390
166
-49
-98
-40
-91
-270
-496
-625
-646
-593
-577
-719
-968
-1105
-851
-322
106
91
-289
-633
-656
-383
-166
-241
-564
-838
-851
-666
-509
-506
-497
-281
118
409
365
42
-268
-327
-87
320
669
763
522
96
-253
-299
-63
274
492
506
277
-113
-438
-417
-25
372
420
-14
-614
-1028
-939
-494
-54
-32
-376
-762
-816
-489
-40
236
215
97
-16
-64
-145
-138
-26
182
316
293
80
-242
-447
-421
-220
-131
-233
-442
-558
-524
-364
-138
78
210
148
-74
-304
-303
-44
270
378
233
3
-108
29
356
693
781
560
203
66
293
763
1091
1035
616
149
1
259
718
977
868
532
286
337
571
731
642
401
249
257
343
318
149
-109
-192
86
638
991
763
106
-450
-539
-287
-34
-8
-153
-266
-152
117
295
206
-13
-133
-129
-127
-232
-389
-562
-671
-625
-426
-252
-326
-596
-843
-850
-608
-207
144
230
8
-311
-435
-339
-133
29
143
109
-81
-329
-439
-390
-282
-170
-51
36
49
47
95
185
217
188
99
35
32
72
13
-205
-435
-443
-171
229
545
633
460
156
-58
-53
105
219
189
60
-5
85
262
390
338
139
-96
-216
-191
-112
-124
-276
-500
-662
-661
-475
-207
-28
-27
-188
-393
-582
-679
-666
-557
-383
-144
201
572
825
837
615
221
-224
-536
-570
-371
-175
-162
-305
-405
-290
-8
244
279
62
-236
-468
-654
-991
-1394
-1359
-506
798
1667
1633
909
-25
-791
-949
-209
1021
1875
1923
1584
1374
1318
1261
1228
1281
1193
768
104
-480
-797
-822
-579
-228
33
43
-92
-256
-391
-466
-366
-47
284
361
124
-212
-351
-169
196
428
334
58
-98
-21
142
197
130
-8
-136
-248
-321
-453
-730
-1093
-1280
-1072
-621
-232
-156
-266
-409
-399
-266
-74
59
135
235
331
264
-90
-525
-693
-404
119
513
527
249
-64
-168
-34
209
394
403
233
-27
-216
-243
-112
93
319
538
682
660
445
133
-124
-206
-64
237
533
670
624
499
378
249
46
-217
-440
-511
-407
-220
-96
-140
-298
-409
-403
-416
-549
-674
-552
-190
132
211
128
127
273
425
381
110
-231
-420
-395
-249
-108
-32
-29
-87
-141
-119
1
158
251
194
-17
-279
-429
-410
-338
-379
-574
-780
-814
-597
-218
202
592
938
1190
1266
1106
745
329
25
-95
-59
82
278
482
668
864
1035
1055
806
391
44
-77
6
173
316
284
5
-426
-766
-926
-1005
-1115
-1213
-1175
-941
-526
-61
261
296
114
-119
-315
-514
-752
-982
-1132
-1129
-944
-627
-303
-69
86
243
417
530
502
349
192
100
50
-95
-398
-794
-1112
-1237
-1180
-1002
-757
-455
-132
191
472
692
805
811
771
789
916
1123
1374
1655
1921
2058
1994
1793
1630
1610
1697
1804
1850
1789
1592
1278
890
457
7
-414
-772
-1066
-1329
-1603
-1910
-2224
-2455
-2516
-2411
-2222
-2048
-1945
-1922
-1953
-2002
-2047
-2056
-1970
-1721
-1300
-809
-398
-145
18
249
612
1006
1262
1316
1242
1148
1080
1022
922
753
554
432
491
715
1013
1310
1606
1911
2182
2354
2388
2309
2184
2082
2026
2014
2040
2103
2197
2301
2429
2583
2714
2719
2512
2073
1411
521
-596
-1870
-3164
-4325
-5233
-5818
-6040
-5930
-5573
-5063
-4418
-3621
-2727
-1850
-1134
-672
-496
-508
-576
-631
-670
-654
-506
-209
180
614
1060
1439
1645
1630
1392
908
139
-848
-1839
-2561
-2878
-2804
-2427
-1780
-873
252
1498
2748
3920
4953
5795
6379
6658
6650
6440
6133
5765
5326
4799
4198
3483
2574
1455
252
-928
-2080
-3267
-4452
-5572
-6566
-7375
-7868
-7951
-7590
-6809
-5659
-4286
-2862
-1505
-284
698
1363
1744
1959
2084
2175
2326
2605
2945
3155
3044
2539
1725
761
-228
-1261
-2385
-3611
-4839
-5902
-6595
-6771
-6386
-5490
-4160
-2500
-667
1180
2955
4613
6120
7426
8486
9233
9618
9651
9383
8841
8044
7098
6164
5361
4606
3691
2401
733
-1151
-3086
-5005
-6842
-8480
-9793
-10698
-11114
-10951
-10171
-8811
-6957
-4756
-2440
-292
1505
2877
3847
4476
4848
4990
4921
4689
4390
4057
3683
3243
2697
1982
1044
-100
-1409
-2851
-4388
-5904
-7228
-8201
-8722
-8727
-8155
-6961
-5194
-3022
-638
1820
4245
6484
8368
9785
10712
11175
11234
10962
10403
9558
8453
7162
5807
4468
3165
1814
344
-1248
-2892
-4604
-6415
-8263
-9941
-11266
-12100
-12298
-11779
-10622
-9024
-7088
-4869
-2478
-123
2041
3909
5408
6494
7167
7409
7233
6741
6095
5356
4482
3439
2252
963
-405
-1843
-3348
-4896
-6385
-7690
-8715
-9408
-9629
-9248
-8235
-6711
-4791
-2575
-151
2342
4738
6893
8705
10132
11143
11722
11884
11685
11163
10336
9246
7972
6615
5213
3720
1998
-14
-2221
-4420
-6493
-8393
-10100
-11544
-12640
-13233
-13147
-12332
-10893
-8941
-6549
-3863
-1117
1471
3763
5637
7032
7973
8486
8552
8207
7630
6935
6132
5176
4102
2915
1620
237
-1217
-2753
-4343
-5861
-7201
-8329
-9221
-9746
-9758
-9155
-7936
-6163
-3948
-1404
1344
4105
6677
8928
10794
12200
13050
13309
12984
12137
10882
9410
7845
6255
4663
3083
1423
-393
-2301
-4154
-5901
-7608
-9293
-10898
-12277
-13208
-13453
-12948
-11820
-10188
-8083
-5572
-2842
-51
2677
5195
7286
8834
9790
10120
9812
8974
7778
6355
4803
3212
1661
190
-1177
-2469
-3755
-5058
-6317
-7465
-8481
-9293
-9778
-9839
-9440
-8545
-7134
-5256
-2993
-436
2280
4962
7448
9644
11455
12755
13462
13542
13032
11977
10500
8737
6847
4968
3156
1317
-632
-2614
-4465
-6152
-7763
-9306
-10696
-11855
-12717
-13129
-12935
-12078
-10624
-8658
-6303
-3697
-967
1763
4305
6438
8072
9249
9996
10247
9929
9090
7839
6309
4593
2790
965
-804
-2466
-3993
-5394
-6667
-7775
-8690
-9393
-9852
-9982
-9680
-8910
-7696
-6064
-4007
-1555
1156
3928
6568
8938
10926
12424
13341
13648
13379
12606
11411
9894
8153
6301
4430
2598
772
-1090
-2981
-4797
-6474
-8007
-9417
-10681
-11770
-12588
-12952
-12660
-11671
-10094
-8025
-5516
-2674
288
3167
5781
7956
9565
10610
11112
11028
10306
9027
7372
5511
3583
1695
-76
-1650
-2995
-4155
-5266
-6380
-7436
-8325
-9029
-9525
-9750
-9588
-8966
-7852
-6255
-4211
-1805
819
3494
6080
8492
10611
12261
13285
13617
13272
12322
10899
9151
7193
5140
3126
1262
-451
-2095
-3721
-5301
-6767
-8091
-9290
-10394
-11382
-12129
-12426
-12100
-11117
-9574
-7563
-5149
-2403
519
3421
6047
8177
9679
10557
10841
10531
9664
8375
6817
5096
3299
1521
-145
-1636
-2923
-4041
-5055
-5991
-6825
-7555
-8211
-8768
-9118
-9139
-8764
-7955
-6680
-4919
-2708
-192
2434
4994
7404
9564
11321
12484
12949
12720
11882
10539
8811
6822
4720
2681
840
-781
-2271
-3691
-4980
-6044
-6907
-7727
-8607
-9534
-10384
-11001
-11207
-10863
-9927
-8417
-6376
-3899
-1200
1492
4013
6257
8067
9313
9949
10025
9583
8660
7346
5794
4155
2560
1072
-270
-1460
-2464
-3301
-4049
-4814
-5600
-6349
-7000
-7537
-7923
-8055
-7806
-7086
-5887
-4241
-2194
193
2784
5358
7669
9528
10857
11657
11929
11626
10719
9309
7598
5786
3997
2329
855
-403
-1536
-2649
-3773
-4860
-5890
-6906
-7924
-8880
-9672
-10206
-10367
-10050
-9203
-7873
-6101
-3945
-1516
1005
3405
5493
7078
8066
8462
8353
7829
7002
6001
4929
3843
2774
1750
780
-144
-1041
-1964
-2959
-4022
-5074
-6074
-6996
-7796
-8329
-8467
-8141
-7364
-6145
-4512
-2509
-231
2182
4540
6659
8421
9772
10673
11071
10928
10253
9164
7827
6389
4920
3500
2234
1189
287
-610
-1588
-2637
-3750
-4929
-6171
-7388
-8469
-9299
-9777
-9801
-9314
-8333
-6905
-5083
-2981
-783
1336
3265
4877
6033
6677
6877
6730
6289
5645
4929
4257
3634
2994
2257
1386
410
-627
-1721
-2926
-4243
-5584
-6835
-7892
-8655
-9009
-8881
-8230
-7071
-5478
-3578
-1494
671
2794
4739
6426
7829
8907
9579
9795
9578
9021
8248
7367
6433
5463
4504
3600
2703
1676
425
-1007
-2502
-3979
-5407
-6759
-7976
-8980
-9688
-10018
-9882
-9210
-8008
-6399
-4568
-2684
-850
868
2371
3546
4344
4840
5171
5411
5552
5573
5466
5227
4829
4266
3542
2670
1664
534
-728
-2124
-3603
-5047
-6374
-7518
-8387
-8839
-8800
-8289
-7343
-5969
-4189
-2102
121
2302
4303
6062
7542
8687
9445
9795
9775
9447
8876
8130
7252
6294
5364
4534
3735
2783
1580
176
-1313
-2835
-4389
-5945
-7405
-8639
-9553
-10080
-10165
-9748
-8845
-7552
-6005
-4312
-2567
-857
727
2140
3383
4483
5428
6159
6634
6886
6969
6906
6653
6161
5386
4327
3016
1515
-134
-1869
-3586
-5169
-6543
-7684
-8551
-9084
-9216
-8895
-8109
-6908
-5372
-3567
-1566
512
2533
4410
6103
7559
8725
9557
10021
10101
9849
9343
8657
7823
6880
5850
4726
3468
2053
490
-1149
-2768
-4328
-5830
-7247
-8477
-9459
-10154
-10519
-10471
-9998
-9141
-7950
-6468
-4787
-2996
-1152
677
2372
3855
5131
6223
7092
7694
8004
8014
7707
7095
6195
5024
3600
1957
140
-1792
-3732
-5577
-7201
-8517
-9460
-10022
-10177
-9882
-9097
-7860
-6251
-4368
-2302
-161
1965
3970
5779
7308
8553
9534
10250
10630
10635
10285
9658
8811
7810
6687
5466
4138
2694
1142
-491
-2155
-3807
-5404
-6892
-8211
-9327
-10202
-10739
-10845
-10523
-9845
-8837
-7474
-5771
-3816
-1745
296
2203
3956
5566
6982
8105
8899
9370
9468
9093
8233
6975
5439
3710
1833
-151
-2178
-4112
-5833
-7268
-8404
-9192
-9591
-9594
-9237
-8535
-7499
-6138
-4486
-2627
-691
1222
3090
4907
6611
8109
9342
10283
10912
11211
11172
10793
10087
9098
7908
6578
5139
3586
1921
171
-1614
-3386
-5122
-6767
-8218
-9404
-10316
-10936
-11147
-10852
-10112
-9079
-7804
-6259
-4440
-2446
-418
1490
3188
4699
6098
7335
8268
8828
9072
9012
8555
7611
6219
4492
2558
497
-1622
-3693
-5558
-7120
-8388
-9392
-10073
-10323
-10099
-9431
-8410
-7143
-5704
-4101
-2348
-546
1212
2938
4678
6390
7961
9293
10311
10942
11170
11046
10631
9926
8945
7729
6317
4728
2985
1116
-827
-2770
-4609
-6271
-7729
-8976
-9981
-10717
-11144
-11211
-10873
-10145
-9072
-7701
-6058
-4186
-2157
-72
1944
3797
5451
6913
8132
9027
9539
9672
9404
8691
7521
5969
4143
2145
50
-2044
-4024
-5785
-7289
-8528
-9487
-10080
-10266
-10068
-9533
-8651
-7422
-5895
-4159
-2279
-304
1709
3719
5660
7443
8987
10255
11221
11821
12021
11858
11390
10598
9448
7984
6321
4570
2781
965
-865
-2643
-4308
-5836
-7217
-8415
-9371
-10074
-10519
-10658
-10426
-9818
-8895
-7699
-6227
-4497
-2578
-557
1486
3476
5359
7084
8548
9606
10157
10182
9710
8758
7367
5630
3668
1600
-502
-2578
-4568
-6366
-7886
-9092
-9978
-10496
-10576
-10231
-9541
-8588
-7404
-6014
-4428
-2644
-674
1412
3497
5485
7316
8938
10304
11360
12055
12369
12305
11859
11018
9808
8328
6673
4910
3085
1250
-558
-2313
-3978
-5524
-6930
-8183
-9263
-10169
-10889
-11369
-11499
-11183
-10405
-9226
-7740
-6002
-4035
-1878
367
2572
4655
6554
8181
9395
10107
10289
9951
9071
7664
5823
3705
1454
-830
-3040
-5065
-6793
-8144
-9106
-9729
-10083
-10191
-10041
-9600
-8844
-7772
-6419
-4849
-3126
-1294
641
2683
4810
6918
8855
10499
11790
12683
13118
13059
12525
11568
10251
8644
6856
4994
3155
1388
-309
-1954
-3528
-4979
-6303
-7548
-8755
-9873
-10800
-11433
-11701
-11560
-11010
-10049
-8657
-6842
-4686
-2307
181
2672
5019
7089
8759
9930
10517
10522
9996
9001
7608
5929
4077
2134
173
-1722
-3472
-5036
-6391
-7522
-8403
-9022
-9370
-9442
-9231
-8736
-7943
-6851
-5475
-3844
-1964
134
2388
4694
6926
8954
10683
12051
12997
13441
13346
12750
11737
10397
8826
7115
5336
3552
1830
194
-1384
-2928
-4420
-5837
-7225
-8600
-9911
-11059
-11971
-12554
-12693
-12294
-11342
-9844
-7840
-5446
-2856
-241
2275
4552
6454
7908
8902
9411
9406
8915
8021
6817
5379
3799
2164
540
-1009
-2444
-3759
-4993
-6169
-7275
-8240
-9004
-9498
-9680
-9499
-8921
-7927
-6521
-4729
-2623
-307
2108
4528
6857
8971
10720
12005
12812
13187
13153
12687
11799
10585
9188
7706
6150
4511
2812
1098
-621
-2389
-4222
-6061
-7797
-9346
-10660
-11706
-12440
-12813
-12749
-12178
-11093
-9558
-7652
-5468
-3120
-739
1573
3715
5553
6960
7903
8417
8550
8339
7835
7076
6093
4922
3608
2182
678
-866
-2412
-3931
-5368
-6655
-7747
-8635
-9276
-9591
-9511
-9003
-8071
-6731
-5013
-2984
-736
1628
4006
6296
8393
10184
11572
12513
13022
13146
12911
12306
11336
10057
8557
6911
5173
3373
1538
-308
-2158
-4026
-5896
-7681
-9262
-10593
-11643
-12354
-12635
-12477
-11911
-10953
-9613
-7962
-6096
-4085
-1972
167
2232
4122
5739
6999
7885
8422
8637
8527
8109
7405
6413
5138
3622
1947
178
-1619
-3357
-4938
-6312
-7437
-8271
-8770
-8930
-8771
-8312
-7558
-6494
-5109
-3427
-1538
462
2513
4567
6556
8402
10020
11324
12258
12815
12986
12725
12006
10891
9478
7813
5918
3849
1691
-468
-2544
-4476
-6237
-7815
-9153
-10196
-10939
-11410
-11599
-11501
-11121
-10467
-9513
-8261
-6763
-5074
-3238
-1302
662
2577
4355
5881
7062
7878
8356
8496
8289
7757
6932
5828
4474
2956
1371
-225
-1789
-3280
-4654
-5874
-6861
-7551
-7944
-8092
-7995
-7603
-6893
-5913
-4710
-3269
-1554
383
2400
4369
6230
7954
9470
10686
11537
11993
12043
11675
10876
9643
8045
6195
4207
2136
47
-1970
-3818
-5445
-6850
-8038
-9016
-9761
-10245
-10468
-10465
-10261
-9846
-9214
-8375
-7313
-6000
-4432
-2659
-759
1169
3036
4785
6359
7650
8544
9010
9102
8856
8258
7347
6213
4933
3514
1973
359
-1278
-2874
-4356
-5637
-6673
-7429
-7888
-8051
-7950
-7582
-6926
-5968
-4735
-3267
-1616
167
2029
3939
5835
7621
9175
10412
11268
11702
11708
11294
10474
9273
7742
5943
3928
1776
-382
-2399
-4196
-5757
-7092
-8190
-9009
-9504
-9702
-9701
-9574
-9313
-8869
-8239
-7434
-6423
-5164
-3669
-1983
-155
1747
3621
5382
6953
8240
9140
9597
9595
9141
8262
7056
5618
4004
2260
477
-1234
-2797
-4177
-5357
-6332
-7090
-7602
-7849
-7866
-7711
-7388
-6856
-6097
-5107
-3884
-2405
-665
1297
3392
5464
7349
8950
10220
11103
11521
11434
10867
9877
8515
6818
4851
2719
575
-1428
-3206
-4734
-6002
-6985
-7706
-8227
-8590
-8774
-8769
-8597
-8274
-7788
-7138
-6343
-5373
-4165
-2666
-909
1029
3022
4929
6612
7984
8955
9432
9392
8913
8087
6952
5574
4066
2532
989
-550
-2023
-3331
-4427
-5327
-6087
-6744
-7278
-7631
-7788
-7789
-7638
-7233
-6474
-5348
-3903
-2182
-229
1884
4060
6168
8040
9526
10554
11112
11187
10765
9870
8580
7016
5320
3581
1834
107
-1505
-2907
-4067
-5007
-5748
-6324
-6797
-7189
-7445
-7501
-7368
-7088
-6653
-6025
-5168
-4082
-2773
-1287
289
1876
3422
4866
6102
7031
7591
7771
7598
7123
6386
5400
4194
2862
1511
210
-1039
-2235
-3360
-4381
-5281
-6084
-6812
-7419
-7822
-7989
-7948
-7698
-7160
-6258
-4991
-3418
-1612
359
2403
4429
6316
7950
9233
10115
10564
10549
10064
9185
8036
6703
5220
3642
2056
553
-838
-2093
-3160
-3978
-4544
-4939
-5250
-5502
-5660
-5704
-5656
-5518
-5263
-4861
-4329
-3638
-2727
-1563
-212
1222
2665
4031
5196
6074
6642
6871
6714
6183
5373
4387
3294
2147
978
-211
-1414
-2589
-3676
-4657
-5534
-6295
-6923
-7419
-7773
-7939
-7879
-7574
-7002
-6133
-4959
-3516
-1866
-68
1818
3713
5529
7166
8513
9465
9970
10043
9712
9010
7968
6650
5165
3637
2167
797
-460
-1560
-2449
-3104
-3563
-3886
-4154
-4430
-4727
-5009
-5251
-5453
-5607
-5647
-5499
-5070
-4291
-3143
-1708
-96
1605
3312
4880
6133
6938
7233
7005
6325
5324
4141
2857
1537
276
-819
-1719
-2481
-3189
-3895
-4590
-5246
-5865
-6472
-7037
-7446
-7592
-7471
-7116
-6491
-5487
-4052
-2241
-168
2034
4231
6266
7996
9295
10080
10340
10146
9581
8713
7620
6397
5121
3820
2540
1368
357
-510
-1274
-1945
-2516
-3003
-3468
-3985
-4590
-5223
-5779
-6171
-6376
-6366
-6099
-5528
-4603
-3303
-1675
151
2033
3818
5311
6340
6853
6880
6449
5638
4614
3539
2475
1465
595
-115
-768
-1474
-2249
-3074
-3945
-4836
-5699
-6508
-7233
-7793
-8107
-8128
-7786
-6970
-5627
-3828
-1717
579
2928
5151
7068
8553
9531
9987
9975
9606
8960
8091
7085
6051
5039
4030
3012
2011
1057
161
-684
-1494
-2300
-3114
-3961
-4849
-5742
-6521
-7086
-7393
-7442
-7200
-6636
-5722
-4460
-2898
-1167
580
2252
3771
5008
5815
6132
6008
5534
4819
3996
3164
2361
1586
876
242
-377
-1089
-1950
-2941
-4013
-5121
-6205
-7159
-7869
-8242
-8251
-7916
-7224
-6124
-4617
-2800
-821
1218
3228
5083
6654
7872
8712
9166
9266
9080
8676
8101
7410
6638
5744
4658
3421
2175
1010
-118
-1243
-2320
-3274
-4124
-4936
-5738
-6491
-7145
-7644
-7917
-7886
-7515
-6823
-5801
-4419
-2694
-785
1100
2809
4277
5428
6174
6439
6257
5727
5017
4258
3494
2706
1911
1197
584
-46
-838
-1845
-3017
-4286
-5577
-6790
-7796
-8472
-8720
-8499
-7834
-6789
-5415
-3744
-1857
140
2139
4046
5774
7248
8426
9280
9785
9961
9877
9587
9080
8335
7382
6270
5015
3615
2120
613
-812
-2056
-3063
-3879
-4624
-5391
-6147
-6825
-7384
-7791
-7948
-7750
-7196
-6334
-5148
-3569
-1654
390
2313
3976
5301
6218
6666
6638
6191
5460
4635
3858
3144
2449
1777
1150
511
-248
-1201
-2351
-3677
-5112
-6519
-7713
-8550
-8940
-8866
-8350
-7451
-6230
-4729
-3027
-1227
590
2396
4161
5805
7245
8444
9384
10003
10246
10101
9604
8808
7771
6528
5082
3453
1746
120
-1308
-2500
-3439
-4125
-4645
-5139
-5718
-6368
-7011
-7575
-7998
-8178
-7992
-7371
-6293
-4753
-2798
-611
1522
3365
4800
5776
6242
6187
5684
4897
4031
3271
2694
2243
1811
1354
865
253
-629
-1849
-3307
-4857
-6351
-7637
-8522
-8884
-8731
-8154
-7251
-6085
-4696
-3140
-1516
76
1601
3104
4638
6149
7520
8658
9540
10122
10305
10017
9296
8272
7041
5651
4136
2608
1199
2
-973
-1756
-2385
-2934
-3516
-4241
-5143
-6133
-7044
-7717
-8054
-7985
-7446
-6413
-4900
-2975
-792
1361
3200
4551
5384
5704
5558
5073
4453
3874
3467
3296
3318
3362
3211
2751
1957
819
-672
-2433
-4259
-5914
-7242
-8155
-8610
-8590
-8153
-7392
-6433
-5367
-4241
-3045
-1754
-363
1155
2826
4609
6382
7979
9277
10167
10561
10401
9721
8636
7312
5905
4524
3245
2132
1231
527
-57
-629
-1279
-2086
-3117
-4382
-5794
-7176
-8302
-8954
-8968
-8328
-7176
-5691
-3959
-2011
-12
1734
2950
3578
3750
3667
3489
3345
3314
3438
3705
4060
4376
4435
4016
3041
1613
-115
-2016
-3942
-5661
-6983
-7850
-8298
-8334
-8007
-7496
-7024
-6637
-6152
-5364
-4220
-2779
-1077
885
3044
5224
7211
8823
9921
10413
10323
9779
8951
7985
6996
6030
5057
4037
3017
2078
1212
311
-725
-1909
-3232
-4674
-6147
-7447
-8364
-8790
-8746
-8264
-7385
-6178
-4748
-3184
-1578
-82
1138
2005
2596
3037
3397
3688
3952
4245
4565
4831
4951
4852
4435
3610
2381
868
-786
-2467
-4049
-5374
-6354
-6999
-7370
-7518
-7495
-7357
-7091
-6610
-5819
-4679
-3196
-1399
645
2794
4866
6690
8156
9202
9803
9970
9773
9346
8830
8297
7719
7012
6113
5010
3729
2312
836
-590
-1881
-3044
-4153
-5262
-6326
-7230
-7836
-8047
-7836
-7264
-6451
-5488
-4377
-3091
-1687
-331
817
1701
2360
2839
3175
3435
3712
4058
4430
4702
4747
4469
3829
2828
1518
-9
-1625
-3175
-4506
-5518
-6180
-6536
-6672
-6680
-6628
-6520
-6286
-5805
-4984
-3821
-2380
-734
1061
2917
4670
6128
7161
7740
7918
7796
7493
7124
6745
6374
5972
5437
4642
3533
2167
671
-828
-2202
-3331
-4128
-4584
-4773
-4789
-4719
-4606
-4461
-4242
-3894
-3397
-2747
-1941
-1003
-36
836
1567
2166
2640
2942
3048
2982
2796
2543
2253
1939
1570
1089
440
-372
-1302
-2285
-3256
-4140
-4844
-5271
-5377
-5191
-4785
-4221
-3565
-2902
-2310
-1797
-1298
-764
-177
472
1212
2050
2944
3779
4428
4812
4929
4824
4527
4078
3543
3003
2478
1930
1296
546
-290
-1132
-1900
-2529
-2966
-3172
-3169
-2997
-2677
-2204
-1641
-1086
-588
-106
402
926
1403
1781
2076
2350
2658
2991
3311
3599
3839
3985
3947
3654
3079
2249
1220
78
-1063
-2102
-2972
-3673
-4231
-4649
-4925
-5048
-5017
-4817
-4441
-3931
-3341
-2712
-2064
-1432
-853
-345
122
602
1155
1794
2466
3106
3665
4122
4436
4558
4443
4077
3475
2680
1777
871
22
-762
-1500
-2177
-2741
-3129
-3312
-3322
-3202
-2974
-2633
-2211
-1752
-1280
-786
-272
238
721
1189
1665
2148
2599
2983
3340
3725
4145
4516
4720
4659
4277
3577
2612
1468
238
-960
-2002
-2809
-3389
-3796
-4084
-4271
-4370
-4391
-4324
-4158
-3882
-3518
-3105
-2668
-2217
-1738
-1222
-670
-86
529
1180
1855
2534
3186
3763
4175
4331
4201
3823
3254
2535
1701
801
-114
-997
-1798
-2457
-2949
-3285
-3486
-3558
-3514
-3362
-3094
-2713
-2247
-1732
-1190
-638
-125
306
664
1000
1375
1834
2405
3087
3804
4420
4814
4919
4723
4222
3438
2452
1391
382
-501
-1222
-1780
-2196
-2526
-2816
-3059
-3226
-3312
-3326
-3255
-3052
-2702
-2248
-1764
-1306
-864
-407
81
584
1100
1652
2273
2951
3597
4111
4429
4534
4391
3960
3247
2351
1388
426
-504
-1368
-2113
-2719
-3197
-3574
-3864
-4059
-4135
-4039
-3730
-3220
-2586
-1928
-1332
-850
-469
-149
138
434
801
1301
1934
2637
3336
3934
4334
4451
4263
3809
3153
2367
1508
632
-214
-965
-1579
-2067
-2477
-2846
-3147
-3336
-3388
-3324
-3176
-2941
-2604
-2174
-1706
-1234
-757
-259
257
796
1384
2040
2744
3441
4069
4557
4827
4839
4600
4125
3418
2487
1421
352
-619
-1454
-2151
-2695
-3097
-3378
-3555
-3624
-3576
-3395
-3085
-2668
-2194
-1723
-1302
-968
-712
-506
-296
-32
322
775
1310
1887
2454
2936
3237
3291
3082
2658
2108
1516
925
329
-283
-878
-1385
-1769
-2063
-2314
-2519
-2650
-2676
-2599
-2433
-2184
-1845
-1422
-945
-464
8
498
1025
1558
2052
2505
2943
3362
3722
3969
4062
3972
3682
3181
2477
1607
631
-390
-1381
-2239
-2849
-3164
-3234
-3134
-2899
-2556
-2164
-1801
-1518
-1318
-1183
-1080
-973
-844
-681
-485
-243
54
416
825
1236
1590
1839
1969
1979
1856
1576
1145
607
29
-535
-1060
-1536
-1956
-2297
-2517
-2570
-2454
-2222
-1950
-1689
-1459
-1246
-1026
-771
-464
-113
265
643
1019
1403
1797
2180
2524
2822
3067
3249
3352
3346
3192
2861
2367
1764
1084
334
-477
-1301
-2034
-2580
-2859
-2849
-2572
-2094
-1503
-907
-416
-128
-65
-161
-322
-481
-595
-607
-455
-116
371
941
1501
1953
2204
2227
2054
1736
1317
836
359
-70
-434
-751
-1031
-1291
-1552
-1806
-1998
-2066
-2004
-1847
-1632
-1374
-1101
-839
-602
-389
-203
-54
55
157
327
636
1085
1597
2091
2521
2872
3120
3206
3077
2716
2169
1507
788
51
-654
-1248
-1670
-1911
-1995
-1951
-1789
-1515
-1170
-812
-499
-266
-148
-161
-274
-420
-536
-589
-539
-372
-87
287
713
1135
1493
1737
1831
1736
1452
1034
580
168
-183
-489
-781
-1059
-1305
-1499
-1640
-1734
-1771
-1747
-1672
-1576
-1491
-1408
-1289
-1118
-948
-845
-818
-799
-717
-529
-228
178
659
1162
1644
2067
2393
2554
2474
2099
1453
642
-176
-861
-1357
-1673
-1845
-1857
-1684
-1347
-944
-594
-354
-220
-162
-153
-180
-230
-299
-350
-332
-218
-31
199
472
788
1121
1426
1689
1911
2069
2103
1982
1745
1458
1139
776
383
10
-290
-503
-640
-706
-706
-655
-597
-567
-563
-549
-497
-436
-422
-486
-589
-666
-662
-559
-370
-109
217
598
1015
1448
1853
2157
2249
2058
1599
975
297
-359
-942
-1400
-1683
-1744
-1575
-1223
-784
-381
-113
-15
-58
-181
-335
-484
-601
-664
-659
-582
-437
-231
46
386
755
1109
1428
1691
1866
1928
1876
1726
1485
1166
802
441
123
-120
-287
-393
-452
-462
-441
-430
-448
-476
-500
-541
-622
-712
-764
-784
-814
-857
-853
-736
-503
-176
214
620
974
1230
1372
1389
1265
983
541
-35
-671
-1262
-1718
-1993
-2083
-2002
-1790
-1498
-1178
-888
-678
-586
-616
-742
-917
-1068
-1134
-1111
-1045
-983
-919
-806
-597
-267
169
658
1121
1480
1674
1672
1509
1250
937
587
238
-43
-208
-261
-231
-162
-91
-38
8
45
42
-23
-125
-219
-293
-353
-384
-355
-256
-121
32
228
479
775
1069
1332
1561
1756
1883
1862
1636
1231
742
265
-139
-429
-596
-665
-674
-632
-533
-397
-292
-275
-346
-468
-593
-697
-761
-783
-779
-763
-742
-716
-670
-548
-306
42
421
763
1049
1278
1425
1462
1355
1106
749
361
12
-261
-438
-511
-483
-390
-301
-271
-294
-293
-206
-54
80
134
116
59
-11
-93
-187
-271
-285
-155
137
517
889
1189
1415
1567
1609
1486
1196
823
463
153
-114
-335
-504
-629
-715
-745
-713
-645
-576
-520
-492
-510
-597
-753
-931
-1074
-1146
-1171
-1184
-1173
-1081
-859
-523
-126
274
628
920
1143
1273
1268
1118
867
577
276
-20
-264
-400
-438
-431
-435
-466
-532
-634
-729
-763
-706
-592
-489
-425
-393
-366
-348
-351
-364
-341
-217
41
407
825
1230
1580
1837
1941
1843
1547
1129
676
229
-193
-565
-840
-998
-1030
-948
-806
-671
-591
-561
-564
-603
-698
-852
-1035
-1194
-1306
-1349
-1309
-1188
-988
-712
-353
66
507
925
1286
1552
1698
1725
1654
1505
1282
997
687
410
200
49
-77
-202
-320
-417
-467
-456
-409
-380
-408
-477
-544
-588
-601
-564
-470
-324
-122
152
493
851
1172
1418
1592
1706
1766
1743
1611
1377
1084
766
425
70
-265
-539
-717
-780
-726
-597
-457
-379
-408
-536
-718
-919
-1131
-1338
-1481
-1491
-1356
-1119
-827
-501
-147
210
541
827
1070
1280
1454
1559
1551
1401
1125
778
440
160
-48
-192
-283
-321
-318
-293
-288
-329
-422
-532
-635
-738
-862
-1004
-1109
-1117
-994
-753
-429
-59
317
649
894
1037
1100
1118
1099
1042
956
865
773
652
467
206
-96
-386
-611
-745
-804
-809
-782
-759
-791
-903
-1052
-1195
-1323
-1460
-1591
-1657
-1605
-1417
-1093
-650
-127
393
842
1192
1425
1516
1467
1333
1178
1032
884
728
561
394
242
117
24
-46
-93
-127
-154
-185
-240
-350
-517
-704
-856
-931
-919
-810
-612
-350
-67
211
476
728
948
1111
1204
1241
1243
1205
1100
915
674
407
144
-92
-284
-437
-550
-615
-624
-587
-540
-516
-546
-625
-721
-798
-845
-868
-874
-854
-774
-603
-331
-6
300
534
699
826
924
978
955
869
752
642
539
441
342
240
104
-70
-244
-373
-448
-491
-515
-523
-502
-440
-347
-275
-275
-342
-416
-437
-366
-186
81
386
686
966
1219
1424
1556
1597
1555
1443
1281
1073
815
506
179
-94
-268
-350
-396
-459
-546
-637
-731
-836
-944
-1038
-1118
-1189
-1233
-1205
-1096
-938
-776
-637
-514
-372
-186
22
212
351
422
422
366
298
245
210
173
120
54
-24
-115
-222
-339
-442
-495
-475
-407
-337
-295
-281
-280
-264
-197
-63
102
247
361
488
674
922
1185
1393
1493
1498
1471
1445
1384
1247
1037
795
542
278
21
-181
-293
-320
-299
-267
-254
-280
-360
-507
-710
-928
-1086
-1144
-1119
-1059
-979
-876
-773
-695
-621
-520
-391
-267
-155
-41
62
126
148
143
102
-1
-155
-312
-429
-515
-592
-648
-651
-597
-537
-516
-524
-529
-520
-509
-501
-488
-454
-378
-264
-124
16
177
372
592
799
975
1118
1223
1278
1275
1226
1146
1039
893
718
549
417
315
211
115
50
10
-47
-144
-252
-333
-380
-417
-460
-483
-440
-318
-156
3
140
245
331
406
482
548
586
599
605
607
572
457
248
-13
-267
-456
-554
-552
-472
-360
-255
-181
-136
-127
-153
-211
-288
-358
-397
-397
-373
-340
-277
-151
43
268
464
605
696
756
814
870
895
859
772
675
595
531
476
420
363
317
278
231
159
60
-73
-244
-423
-553
-592
-548
-466
-387
-324
-270
-237
-224
-220
-214
-213
-225
-242
-244
-226
-190
-145
-100
-79
-103
-198
-353
-534
-677
-739
-711
-619
-519
-460
-459
-484
-504
-512
-508
-489
-474
-493
-545
-575
-526
-375
-149
87
270
373
414
424
413
389
360
331
288
213
110
8
-61
-82
-48
18
76
87
61
20
-28
-81
-130
-178
-250
-343
-415
-425
-375
-292
-203
-130
-78
-25
48
145
241
326
393
429
431
403
354
289
205
113
23
-58
-118
-152
-140
-81
19
147
274
389
466
491
461
402
354
345
368
411
469
543
623
685
727
750
760
740
687
610
523
440
353
253
152
67
-10
-115
-253
-386
-458
-463
-430
-380
-323
-265
-216
-186
-198
-254
-327
-396
-463
-539
-609
-642
-628
-569
-466
-329
-174
-42
16
-18
-110
-190
-222
-192
-127
-76
-69
-75
-27
78
187
264
326
403
485
562
613
618
562
469
376
321
320
362
419
468
512
542
549
515
455
375
274
165
70
8
-34
-64
-96
-130
-165
-186
-187
-201
-270
-392
-524
-638
-744
-852
-942
-989
-995
-996
-1009
-1017
-991
-931
-854
-786
-747
-728
-702
-638
-536
-415
-289
-171
-79
-30
-29
-62
-95
-107
-97
-73
-39
3
54
122
201
255
264
255
252
246
221
192
204
262
339
413
482
543
590
632
675
715
736
746
755
754
716
641
554
472
389
294
206
134
68
2
-62
-119
-190
-284
-385
-453
-470
-458
-468
-522
-599
-638
-595
-485
-372
-308
-294
-278
-212
-88
44
131
187
259
367
462
503
484
428
361
322
334
380
423
448
448
412
338
262
236
268
323
353
343
322
326
366
425
487
546
582
601
621
651
673
685
706
734
735
686
605
491
355
210
84
-23
-133
-257
-399
-543
-690
-845
-1015
-1171
-1259
-1268
-1229
-1184
-1138
-1077
-978
-840
-697
-606
-583
-584
-557
-486
-381
-256
-140
-68
-52
-81
-140
-201
-232
-222
-203
-231
-314
-417
-491
-513
-500
-489
-501
-514
-480
-376
-227
-76
44
140
227
316
398
463
520
579
643
708
779
849
898
901
858
769
651
534
443
372
297
200
83
-37
-136
-208
-280
-373
-466
-524
-544
-573
-629
-674
-643
-521
-357
-215
-118
-46
21
77
109
122
127
127
98
36
-30
-56
-35
-8
-17
-55
-95
-123
-148
-174
-198
-218
-240
-262
-284
-299
-298
-258
-147
39
265
471
626
744
854
949
1007
1023
1024
1031
1045
1042
982
854
667
472
321
233
180
121
65
29
11
-17
-53
-75
-67
-51
-44
-40
-24
20
78
143
202
244
251
201
103
-13
-107
-160
-170
-139
-72
-3
48
77
84
58
-6
-87
-181
-281
-369
-419
-453
-510
-609
-724
-824
-893
-930
-927
-888
-817
-712
-572
-419
-292
-191
-80
66
216
327
388
420
444
475
526
571
556
451
304
198
155
117
35
-75
-156
-183
-185
-211
-272
-351
-433
-496
-535
-551
-551
-519
-429
-297
-166
-56
41
117
133
83
10
-35
-41
-35
-40
-54
-48
-7
59
107
91
0
-157
-338
-511
-649
-725
-728
-673
-610
-573
-549
-506
-424
-306
-150
35
218
355
429
450
450
475
532
604
669
729
787
815
790
714
618
526
451
398
360
327
303
296
299
292
246
149
8
-147
-278
-366
-418
-441
-422
-332
-182
-14
122
205
244
276
324
384
438
467
471
450
415
375
328
261
172
92
53
38
-12
-127
-280
-438
-591
-723
-789
-770
-687
-563
-414
-255
-98
58
202
302
352
397
467
548
619
667
696
709
728
759
772
712
571
263
-334
-1155
-1661
-1311
-366
261
142
-44
344
968
999
358
-393
-944
-1299
-1409
-1228
-1174
-1573
-2017
-1654
-283
1381
2377
2270
1393
519
198
225
158
47
303
710
546
-211
-528
314
1661
2426
2355
1922
1408
891
560
505
390
-39
-493
-653
-747
-1088
-1409
-1337
-1089
-1173
-1494
-1641
-1680
-2055
-2718
-3078
-2896
-2491
-2138
-1735
-1265
-925
-743
-438
130
773
1300
1718
2040
2183
2141
2019
1920
1877
1959
2147
2245
2079
1707
1330
993
655
386
357
556
745
715
368
-458
-1929
-3748
-5171
-5663
-5368
-4748
-4182
-3987
-4325
-4834
-4858
-4235
-3393
-2627
-1787
-808
119
918
1697
2411
3003
3693
4627
5463
5754
5501
4951
4139
3048
1860
820
-26
-745
-1387
-1940
-2311
-2369
-2084
-1538
-736
379
1690
2927
4039
5225
6641
8008
8704
8008
5815
2979
779
-312
-844
-1465
-2311
-3366
-4681
-5943
-6708
-7042
-7447
-7780
-7342
-5896
-4091
-2524
-1205
145
1748
3739
5969
7909
9158
9776
9930
9344
7593
4702
1413
-1389
-3444
-5228
-7125
-8858
-9985
-10537
-10744
-10439
-9328
-7507
-5340
-2943
-318
2406
4965
7187
8972
10420
11797
13051
13499
12450
10151
7468
4920
2345
-367
-3003
-5340
-7417
-9248
-10674
-11554
-11900
-11845
-11458
-10671
-9246
-7061
-4376
-1658
973
3763
6674
9063
10296
10466
10159
9705
8919
7551
5657
3474
1077
-1677
-4847
-8107
-10797
-12372
-12763
-12221
-10918
-8921
-6439
-3807
-1203
1381
3894
6176
8167
9932
11525
12863
13685
13559
12193
9752
6747
3592
468
-2461
-5083
-7421
-9481
-11040
-11937
-12336
-12484
-12333
-11654
-10294
-8213
-5475
-2374
684
3501
6080
8342
10086
11204
11741
11734
11170
10014
8254
5973
3331
431
-2773
-6208
-9437
-11870
-13182
-13410
-12706
-11139
-8772
-5863
-2792
185
3074
5878
8366
10255
11597
12650
13431
13569
12680
10804
8318
5572
2610
-612
-3945
-6991
-9443
-11216
-12349
-12772
-12415
-11390
-10017
-8531
-6848
-4728
-2143
610
3283
5892
8494
10813
12365
12870
12443
11372
9833
7842
5450
2872
325
-2221
-5011
-8081
-11016
-13189
-14235
-14099
-12811
-10384
-7067
-3398
119
3294
6088
8335
9828
10618
11122
11704
12255
12167
10972
8797
6143
3230
-58
-3663
-7113
-9879
-11759
-12792
-13086
-12700
-11714
-10284
-8646
-6875
-4767
-2199
558
3125
5498
7874
10138
11822
12567
12363
11414
9854
7674
4851
1635
-1503
-4273
-6792
-9237
-11471
-13117
-13923
-13885
-13068
-11415
-8841
-5440
-1560
2398
6135
9352
11705
12974
13345
13246
12953
12279
10936
8926
6588
4086
1260
-2007
-5485
-8725
-11387
-13217
-14023
-13698
-12385
-10389
-8106
-5794
-3514
-1228
948
2853
4593
6469
8513
10312
11457
11853
11617
10737
9060
6484
3213
-314
-3706
-6830
-9644
-11927
-13363
-13783
-13298
-12091
-10266
-7840
-4898
-1624
1795
5197
8368
10994
12804
13766
14037
13729
12752
10987
8543
5752
2893
19
-2857
-5636
-8151
-10286
-11898
-12821
-12950
-12311
-10956
-8958
-6452
-3652
-799
1868
4183
6093
7655
8923
9913
10600
10880
10618
9748
8288
6256
3675
659
-2601
-5909
-9055
-11726
-13580
-14384
-14057
-12658
-10322
-7264
-3745
-83
3424
6511
8957
10591
11421
11703
11725
11537
10912
9664
7782
5357
2444
-847
-4249
-7388
-9969
-11801
-12732
-12679
-11772
-10351
-8695
-6876
-4839
-2602
-279
2030
4316
6594
8752
10540
11693
12083
11725
10681
9016
6817
4259
1544
-1219
-4054
-6975
-9828
-12285
-13975
-14641
-14171
-12558
-9897
-6455
-2662
1060
4446
7364
9671
11224
12069
12423
12404
11859
10573
8600
6194
3576
829
-1974
-4735
-7329
-9614
-11410
-12504
-12714
-11995
-10518
-8535
-6245
-3800
-1409
723
2578
4319
6108
7915
9557
10826
11587
11724
11113
9670
7480
4763
1728
-1503
-4789
-7882
-10502
-12430
-13527
-13687
-12840
-10976
-8237
-4934
-1425
2040
5307
8125
10185
11344
11727
11511
10667
9119
6994
4665
2463
482
-1387
-3278
-5209
-7111
-8870
-10344
-11293
-11473
-10755
-9200
-6983
-4353
-1664
725
2668
4298
5770
7093
8184
9032
9641
9931
9728
8851
7239
4982
2247
-854
-4153
-7330
-10017
-11963
-13044
-13165
-12306
-10572
-8156
-5252
-2023
1395
4810
7888
10252
11758
12484
12426
11388
9343
6707
4072
1750
-296
-2118
-3680
-4972
-6144
-7301
-8390
-9194
-9527
-9280
-8393
-6777
-4400
-1517
1347
3726
5540
6942
7976
8520
8586
8410
8229
8023
7529
6498
4890
2805
299
-2612
-5762
-8731
-11021
-12298
-12490
-11680
-9973
-7488
-4444
-1181
2023
5007
7601
9541
10684
11120
10995
10236
8714
6520
3990
1421
-1046
-3360
-5434
-7123
-8289
-8851
-8874
-8484
-7831
-6975
-5934
-4678
-3149
-1313
739
2849
4918
6801
8217
8879
8797
8210
7330
6244
5025
3726
2369
924
-701
-2643
-4917
-7278
-9371
-10931
-11764
-11638
-10354
-7921
-4603
-836
2956
6428
9241
11051
11701
11337
10201
8407
6088
3541
1086
-1129
-3089
-4796
-6255
-7451
-8308
-8734
-8704
-8225
-7285
-5910
-4270
-2540
-791
955
2600
4074
5454
6802
7996
8802
9118
8942
8262
7062
5413
3466
1387
-717
-2803
-4825
-6664
-8192
-9344
-10035
-10119
-9484
-8178
-6271
-3785
-786
2471
5659
8443
10494
11576
11590
10543
8475
5644
2508
-476
-3109
-5274
-6876
-7905
-8447
-8511
-8068
-7258
-6309
-5306
-4149
-2834
-1463
-84
1367
2866
4310
5638
6854
7885
8567
8734
8328
7417
6123
4507
2577
470
-1552
-3315
-4897
-6403
-7733
-8616
-8861
-8452
-7473
-5959
-3895
-1343
1493
4344
6976
9144
10578
11104
10695
9357
7108
4173
1000
-2002
-4633
-6762
-8297
-9220
-9558
-9272
-8378
-7085
-5658
-4201
-2697
-1218
90
1169
2139
3187
4393
5668
6857
7859
8598
8858
8372
7103
5331
3378
1368
-650
-2545
-4139
-5395
-6435
-7363
-8048
-8219
-7749
-6760
-5342
-3374
-815
2054
4788
7098
8843
9900
10148
9564
8173
6082
3473
587
-2328
-5000
-7169
-8760
-9842
-10405
-10249
-9261
-7603
-5642
-3654
-1733
134
1870
3283
4224
4810
5343
5992
6673
7247
7687
7908
7669
6742
5177
3207
1042
-1229
-3475
-5436
-6850
-7643
-7972
-7969
-7587
-6743
-5528
-4075
-2332
-148
2437
5134
7628
9664
11004
11392
10682
8850
6063
2664
-914
-4338
-7335
-9583
-10875
-11284
-11073
-10368
-9177
-7595
-5844
-4060
-2239
-359
1476
3114
4440
5455
6217
6749
7047
7155
7173
7099
6790
6114
5047
3591
1717
-547
-3030
-5447
-7499
-8952
-9677
-9631
-8817
-7313
-5314
-3084
-811
1435
3647
5755
7645
9179
10265
10795
10573
9347
7030
3889
358
-3191
-6499
-9228
-11023
-11718
-11443
-10439
-8926
-7130
-5291
-3559
-1915
-268
1441
3169
4795
6172
7220
7944
8340
8379
8095
7572
6852
5929
4815
3506
1965
187
-1775
-3838
-5891
-7723
-9063
-9688
-9471
-8400
-6584
-4198
-1402
1613
4558
7119
9119
10479
11187
11283
10777
9536
7413
4550
1275
-2144
-5505
-8456
-10644
-11922
-12301
-11785
-10425
-8475
-6280
-4140
-2204
-519
965
2276
3389
4320
5210
6146
7043
7725
8102
8118
7672
6685
5220
3443
1522
-394
-2202
-3868
-5443
-6977
-8435
-9623
-10244
-10025
-8851
-6793
-4035
-833
2516
5667
8255
9966
10692
10602
9959
8852
7153
4835
2094
-817
-3767
-6604
-9045
-10836
-11864
-12087
-11429
-9942
-7877
-5594
-3343
-1267
555
2059
3210
4037
4688
5401
6261
7130
7804
8193
8243
7826
6854
5373
3551
1589
-350
-2172
-3884
-5490
-6931
-8094
-8841
-9027
-8536
-7325
-5439
-2989
-143
2897
5878
8450
10218
10970
10809
9945
8435
6245
3548
685
-2105
-4760
-7153
-9029
-10241
-10809
-10741
-9953
-8478
-6559
-4458
-2318
-258
1577
3089
4269
5133
5700
6060
6353
6655
6917
7023
6882
6493
5853
4897
3548
1858
-12
-1942
-3899
-5796
-7438
-8614
-9198
-9145
-8436
-7067
-5057
-2533
287
3181
5982
8465
10294
11171
11054
10035
8210
5660
2648
-463
-3363
-5859
-7778
-9001
-9581
-9611
-9108
-8026
-6490
-4758
-3053
-1427
105
1486
2643
3594
4397
5061
5553
5894
6187
6466
6650
6589
6234
5618
4789
3728
2371
679
-1289
-3394
-5497
-7467
-9108
-10117
-10256
-9513
-8006
-5813
-3012
139
3235
5948
8113
9607
10264
9973
8781
6872
4477
1846
-858
-3532
-5975
-7847
-8934
-9360
-9311
-8740
-7508
-5779
-3975
-2388
-1028
134
1028
1634
2107
2627
3273
4014
4801
5563
6208
6610
6652
6291
5615
4733
3636
2248
566
-1311
-3271
-5233
-7088
-8666
-9741
-10076
-9538
-8154
-6028
-3302
-222
2856
5594
7734
9056
9430
8919
7723
5997
3846
1477
-849
-2981
-4833
-6252
-7098
-7421
-7389
-7014
-6186
-4914
-3403
-1868
-425
842
1845
2566
3051
3377
3647
4011
4588
5387
6314
7179
7752
7875
7470
6519
5022
3115
1011
-1143
-3291
-5347
-7155
-8577
-9482
-9726
-9227
-8022
-6194
-3821
-1077
1762
4436
6728
8360
9059
8807
7846
6418
4595
2454
238
-1753
-3363
-4588
-5459
-5992
-6225
-6184
-5853
-5203
-4276
-3177
-2036
-956
-5
809
1530
2198
2820
3412
4052
4805
5642
6446
7088
7470
7494
7044
6018
4413
2372
84
-2300
-4662
-6808
-8510
-9610
-10055
-9827
-8938
-7471
-5550
-3287
-811
1686
3964
5783
6934
7308
6958
6059
4746
3120
1342
-339
-1748
-2867
-3738
-4390
-4853
-5181
-5349
-5268
-4852
-4152
-3274
-2294
-1242
-166
866
1800
2617
3335
4000
4676
5394
6120
6761
7196
7275
6881
5962
4560
2787
772
-1384
-3596
-5683
-7417
-8668
-9475
-9871
-9744
-8946
-7488
-5545
-3300
-916
1470
3689
5497
6620
6967
6733
6194
5436
4416
3204
1991
857
-266
-1392
-2374
-3128
-3775
-4444
-4984
-5104
-4755
-4185
-3537
-2688
-1511
-149
1172
2374
3483
4491
5354
6044
6563
6927
7155
7197
6928
6253
5151
3670
1899
-35
-2023
-3977
-5772
-7267
-8398
-9169
-9521
-9349
-8631
-7437
-5812
-3787
-1502
781
2833
4525
5778
6529
6844
6891
6780
6439
5733
4664
3352
1915
425
-1029
-2388
-3631
-4692
-5410
-5680
-5563
-5153
-4431
-3368
-2057
-646
818
2276
3590
4617
5370
5915
6245
6325
6189
5900
5442
4748
3768
2535
1121
-446
-2202
-4142
-6127
-7954
-9473
-10570
-11112
-10974
-10147
-8741
-6906
-4742
-2309
283
2843
5124
6977
8372
9318
9786
9709
9025
7743
6012
4044
2001
-23
-1902
-3511
-4807
-5795
-6412
-6578
-6293
-5662
-4736
-3550
-2194
-813
511
1784
3002
4120
5096
5913
6547
6958
7078
6837
6208
5228
3920
2293
420
-1552
-3534
-5524
-7457
-9157
-10510
-11485
-12005
-11871
-10964
-9356
-7236
-4764
-2080
683
3401
5936
8100
9699
10664
11061
10999
10486
9444
7891
6026
4047
1994
-123
-2120
-3802
-5158
-6241
-6952
-7130
-6810
-6144
-5219
-4018
-2540
-838
983
2774
4406
5825
6962
7677
7880
7609
6930
5866
4497
2947
1264
-565
-2447
-4234
-5891
-7453
-8855
-9986
-10802
-11238
-11163
-10490
-9278
-7623
-5591
-3254
-712
1922
4485
6790
8714
10185
11119
11452
11266
10679
9712
8319
6574
4643
2648
650
-1258
-2959
-4439
-5763
-6908
-7659
-7820
-7371
-6410
-4952
-3006
-731
1557
3618
5302
6474
6999
6877
6215
5149
3794
2289
746
-770
-2185
-3422
-4452
-5312
-6027
-6615
-7116
-7559
-7905
-8085
-8071
-7854
-7368
-6562
-5416
-3920
-2029
246
2720
5156
7379
9300
10780
11629
11781
11371
10613
9590
8281
6670
4833
2882
912
-994
-2729
-4190
-5346
-6200
-6672
-6617
-5988
-4896
-3482
-1846
-169
1294
2357
2989
3158
2837
2140
1301
481
-287
-968
-1516
-1943
-2286
-2535
-2664
-2668
-2572
-2473
-2524
-2812
-3292
-3930
-4734
-5600
-6257
-6488
-6232
-5461
-4115
-2204
113
2603
5051
7290
9194
10631
11440
11548
11070
10220
9114
7756
6191
4572
3045
1653
372
-800
-1795
-2563
-3169
-3762
-4389
-4948
-5348
-5640
-5890
-6028
-5927
-5576
-5053
-4402
-3611
-2707
-1790
-974
-334
181
713
1311
1844
2153
2263
2261
2127
1752
1103
240
-770
-1881
-3023
-4101
-5013
-5670
-6003
-5966
-5494
-4531
-3100
-1310
693
2773
4775
6560
8038
9146
9817
10016
9829
9395
8845
8277
7738
7135
6297
5117
3615
1833
-203
-2432
-4768
-7105
-9268
-11012
-12169
-12703
-12615
-11875
-10546
-8812
-6838
-4699
-2512
-478
1255
2683
3821
4658
5199
5496
5622
5649
5628
5562
5408
5108
4566
3678
2423
868
-916
-2864
-4826
-6555
-7833
-8548
-8663
-8113
-6854
-4941
-2551
117
2888
5593
8030
10013
11427
12210
12333
11815
10744
9261
7555
5812
4154
2581
1028
-546
-2135
-3731
-5340
-6949
-8545
-10105
-11543
-12614
-13061
-12763
-11750
-10043
-7705
-4952
-2103
613
3076
5147
6700
7733
8349
8607
8506
8097
7493
6774
5971
5076
4093
3001
1779
420
-1059
-2640
-4280
-5885
-7309
-8376
-8942
-8926
-8304
-7068
-5257
-3021
-608
1746
3867
5627
6897
7600
7748
7443
6828
6007
5039
3990
3001
2189
1615
1262
1068
855
410
-366
-1432
-2745
-4290
-5948
-7512
-8793
-9667
-9949
-9494
-8300
-6505
-4239
-1665
944
3294
5191
6513
7183
7226
6784
6029
5105
4167
3357
2743
2333
2119
2058
2028
1878
1499
797
-293
-1752
-3438
-5174
-6810
-8198
-9164
-9552
-9294
-8439
-7119
-5479
-3633
-1715
93
1647
2917
3957
4815
5501
6040
6469
6820
7100
7301
7420
7449
7382
7204
6876
6272
5236
3722
1840
-236
-2412
-4587
-6634
-8381
-9686
-10390
-10381
-9652
-8307
-6456
-4233
-1860
400
2362
3920
4984
5528
5624
5370
4828
4123
3444
2907
2493
2160
1919
1747
1529
1108
386
-656
-2001
-3614
-5420
-7270
-8956
-10268
-11051
-11184
-10598
-9295
-7357
-4889
-2033
972
3820
6311
8408
10099
11300
11924
12006
11640
10897
9840
8570
7217
5903
4741
3779
2992
2297
1602
754
-367
-1739
-3220
-4726
-6226
-7622
-8778
-9606
-10036
-9926
-9216
-8022
-6491
-4678
-2678
-729
931
2193
3009
3355
3302
3006
2617
2276
2112
2159
2329
2520
2681
2702
2413
1725
676
-647
-2175
-3780
-5290
-6557
-7442
-7809
-7590
-6820
-5558
-3861
-1875
159
2049
3719
5111
6145
6793
7121
7214
7119
6869
6532
6172
5794
5348
4795
4141
3412
2615
1728
738
-317
-1348
-2307
-3227
-4158
-5041
-5761
-6260
-6600
-6833
-6917
-6777
-6404
-5835
-5070
-4095
-2950
-1742
-569
501
1420
2113
2475
2466
2205
1938
1845
1978
2330
2903
3637
4378
4962
5253
5141
4554
3494
2050
374
-1338
-2886
-4142
-5053
-5578
-5642
-5234
-4460
-3487
-2415
-1312
-287
542
1111
1443
1594
1624
1594
1567
1590
1662
1753
1859
2009
2194
2375
2494
2530
2490
2447
2499
2694
2974
3262
3513
3646
3513
2980
2040
742
-851
-2625
-4376
-5913
-7122
-7872
-8014
-7473
-6340
-4781
-2970
-1105
600
1969
2905
3357
3349
3012
2559
2160
1932
1938
2214
2709
3309
3875
4259
4319
3947
3089
1765
63
-1874
-3883
-5814
-7490
-8720
-9352
-9350
-8772
-7713
-6299
-4698
-3073
-1538
-148
1047
2016
2781
3396
3921
4407
4909
5452
6017
6551
7002
7324
7468
7372
6984
6316
5455
4502
3485
2377
1222
112
-924
-1984
-3134
-4287
-5292
-6092
-6699
-7080
-7178
-6984
-6527
-5813
-4835
-3638
-2346
-1142
-162
580
1142
1514
1609
1435
1140
895
771
787
966
1304
1737
2145
2375
2261
1685
652
-731
-2313
-3927
-5362
-6380
-6790
-6537
-5695
-4390
-2726
-844
1018
2597
3726
4370
4544
4291
3718
3016
2371
1905
1678
1720
2017
2491
2987
3343
3433
3196
2614
1731
678
-377
-1278
-1882
-2045
-1672
-817
357
1679
2976
4036
4636
4659
4118
3089
1678
51
-1604
-3152
-4518
-5576
-6177
-6261
-5892
-5188
-4282
-3326
-2460
-1730
-1140
-695
-377
-84
288
806
1490
2359
3341
4303
5098
5627
5824
5645
5063
4065
2692
1086
-555
-2088
-3436
-4517
-5246
-5609
-5661
-5461
-5048
-4486
-3877
-3311
-2824
-2392
-1963
-1511
-1034
-493
186
1033
1970
2894
3725
4369
4698
4637
4227
3589
2881
2258
1828
1633
1710
2114
2821
3710
4632
5508
6246
6660
6529
5746
4353
2460
206
-2208
-4515
-6489
-8005
-8986
-9357
-9117
-8402
-7427
-6398
-5443
-4642
-4019
-3575
-3286
-3073
-2794
-2310
-1555
-488
921
2664
4590
6457
8019
9106
9603
9443
8599
7121
5136
2822
365
-2071
-4322
-6259
-7812
-8968
-9722
-10085
-10082
-9718
-8997
-7947
-6634
-5100
-3340
-1352
798
3015
5195
7198
8859
10039
10661
10695
10185
9266
8093
6784
5435
4196
3181
2417
1860
1474
1187
869
404
-241
-1059
-2087
-3343
-4757
-6163
-7386
-8289
-8762
-8700
-8035
-6809
-5203
-3424
-1612
137
1665
2770
3343
3421
3097
2456
1617
794
232
103
463
1268
2444
3875
5369
6631
7393
7499
6926
5708
3929
1758
-592
-2880
-4891
-6446
-7455
-7905
-7808
-7245
-6383
-5451
-4616
-3947
-3467
-3182
-3044
-2951
-2759
-2333
-1616
-615
614
2004
3434
4761
5884
6741
7260
7360
7056
6464
5724
4940
4183
3502
2906
2380
1909
1460
1006
530
53
-423
-910
-1403
-1855
-2212
-2439
-2526
-2496
-2373
-2174
-1906
-1617
-1388
-1241
-1106
-924
-734
-611
-566
-552
-527
-491
-449
-400
-342
-264
-170
-65
51
212
421
603
646
492
156
-329
-926
-1601
-2317
-3044
-3730
-4298
-4684
-4859
-4810
-4554
-4146
-3661
-3124
-2518
-1835
-1097
-341
385
1041
1623
2158
2661
3120
3542
3931
4252
4464
4588
4680
4731
4700
4581
4413
4209
3957
3648
3261
2762
2153
1508
894
353
-81
-387
-586
-695
-691
-614
-621
-866
-1328
-1911
-2580
-3343
-4123
-4762
-5149
-5227
-4985
-4476
-3816
-3082
-2316
-1594
-1033
-645
-350
-77
193
535
1070
1819
2693
3586
4416
5098
5512
5538
5088
4162
2873
1397
-132
-1609
-2910
-3907
-4574
-4971
-5152
-5120
-4908
-4602
-4264
-3893
-3470
-2999
-2503
-2000
-1489
-917
-221
592
1451
2297
3112
3852
4465
4928
5236
5380
5378
5296
5186
5054
4883
4687
4436
4055
3502
2818
2073
1302
544
-139
-673
-1008
-1148
-1142
-1070
-991
-944
-968
-1126
-1456
-1913
-2397
-2813
-3065
-3078
-2844
-2441
-1974
-1535
-1222
-1116
-1223
-1464
-1757
-2014
-2132
-2028
-1710
-1247
-692
-99
434
800
952
895
619
109
-599
-1403
-2204
-2937
-3558
-4036
-4358
-4499
-4450
-4204
-3772
-3170
-2427
-1574
-641
326
1264
2122
2862
3452
3859
4099
4207
4219
4150
4039
3954
3953
4050
4209
4389
4576
4759
4896
4889
4651
4144
3379
2427
1402
441
-366
-999
-1477
-1803
-1957
-1937
-1840
-1810
-1927
-2169
-2481
-2862
-3292
-3697
-3980
-4106
-4064
-3860
-3530
-3164
-2856
-2671
-2635
-2735
-2901
-2999
-2894
-2484
-1745
-707
546
1872
3124
4158
4852
5085
4830
4201
3381
2502
1640
859
201
-311
-690
-973
-1244
-1561
-1917
-2278
-2645
-3026
-3372
-3579
-3567
-3354
-2996
-2517
-1868
-1042
-122
741
1452
2007
2435
2786
3091
3359
3587
3788
4018
4324
4694
5041
5275
5350
5264
5007
4552
3896
3101
2254
1423
641
-39
-532
-803
-901
-983
-1178
-1543
-2057
-2669
-3311
-3905
-4412
-4784
-4967
-4895
-4575
-4074
-3485
-2855
-2223
-1625
-1096
-652
-274
78
460
883
1287
1582
1722
1704
1530
1204
744
216
-307
-766
-1144
-1446
-1687
-1877
-2040
-2211
-2423
-2673
-2905
-3048
-3039
-2864
-2537
-2106
-1630
-1150
-676
-199
281
759
1248
1759
2278
2780
3259
3736
4210
4651
5031
5327
5513
5553
5467
5332
5209
5082
4890
4609
4235
3777
3260
2702
2114
1465
747
-17
-770
-1490
-2225
-3068
-4055
-5085
-5980
-6592
-6869
-6797
-6419
-5807
-5084
-4331
-3613
-3005
-2603
-2427
-2392
-2393
-2381
-2313
-2092
-1625
-894
47
1112
2170
3063
3684
3972
3906
3496
2826
2025
1213
474
-146
-642
-1033
-1318
-1483
-1557
-1598
-1648
-1705
-1785
-1889
-2008
-2124
-2236
-2298
-2233
-2004
-1653
-1205
-614
133
961
1767
2533
3297
4051
4760
5387
5909
6312
6594
6755
6794
6695
6450
6033
5417
4628
3766
2919
2110
1333
597
-68
-653
-1168
-1665
-2236
-2951
-3784
-4645
-5463
-6204
-6779
-7090
-7083
-6792
-6268
-5558
-4715
-3825
-2971
-2226
-1620
-1148
-791
-512
-241
106
545
993
1359
1634
1871
2076
2199
2199
2102
1937
1713
1401
986
481
-58
-562
-1013
-1430
-1821
-2137
-2310
-2320
-2210
-2052
-1884
-1677
-1377
-974
-514
-26
482
1005
1517
2011
2502
2989
3476
3979
4497
4966
5323
5589
5788
5886
5817
5581
5201
4667
3949
3075
2131
1198
354
-344
-886
-1318
-1676
-1961
-2202
-2488
-2913
-3509
-4235
-5012
-5736
-6287
-6561
-6513
-6165
-5614
-4957
-4277
-3613
-3018
-2515
-2061
-1544
-894
-135
638
1319
1830
2170
2388
2519
2552
2489
2358
2194
1991
1765
1540
1346
1197
1092
999
853
611
253
-232
-824
-1457
-2053
-2581
-3016
-3320
-3446
-3395
-3194
-2857
-2363
-1686
-865
-7
756
1370
1825
2147
2380
2584
2829
3121
3430
3725
4027
4369
4746
5086
5281
5259
5010
4589
4064
3489
2910
2364
1868
1394
883
287
-393
-1111
-1796
-2418
-2977
-3476
-3888
-4186
-4371
-4444
-4421
-4327
-4194
-4018
-3778
-3484
-3171
-2862
-2546
-2210
-1870
-1558
-1301
-1102
-937
-753
-483
-97
383
890
1365
1763
2051
2177
2083
1781
1343
837
286
-292
-832
-1262
-1557
-1730
-1807
-1813
-1780
-1731
-1680
-1632
-1556
-1397
-1124
-763
-340
147
695
1287
1914
2561
3171
3669
4035
4300
4484
4602
4703
4842
5031
5199
5278
5231
5054
4741
4265
3628
2863
2034
1194
378
-397
-1117
-1759
-2289
-2668
-2881
-2952
-2940
-2911
-2926
-3052
-3332
-3741
-4179
-4557
-4850
-5042
-5060
-4812
-4282
-3554
-2751
-1953
-1186
-474
104
434
483
367
234
139
83
98
237
503
844
1204
1508
1694
1730
1630
1384
985
468
-88
-653
-1235
-1792
-2239
-2526
-2676
-2695
-2551
-2228
-1749
-1156
-490
185
808
1362
1834
2190
2418
2601
2847
3176
3509
3765
3922
3979
3944
3831
3653
3408
3096
2733
2336
1944
1580
1241
868
415
-128
-732
-1352
-1925
-2390
-2742
-3010
-3214
-3322
-3282
-3074
-2745
-2402
-2138
-1961
-1846
-1773
-1729
-1679
-1597
-1486
-1327
-1081
-755
-425
-141
105
351
605
891
1204
1499
1703
1779
1699
1438
1013
518
45
-362
-670
-849
-901
-856
-732
-581
-476
-449
-446
-431
-436
-464
-428
-261
18
341
671
980
1235
1413
1490
1443
1293
1118
973
829
614
331
46
-164
-269
-270
-187
-50
117
315
573
896
1280
1692
2083
2375
2502
2448
2251
2010
1777
1546
1253
890
475
36
-393
-778
-1134
-1534
-1960
-2306
-2485
-2550
-2568
-2533
-2436
-2316
-2217
-2126
-2027
-1887
-1625
-1173
-574
65
711
1354
1892
2200
2292
2288
2213
1978
1528
895
141
-645
-1322
-1822
-2207
-2535
-2772
-2864
-2834
-2654
-2276
-1737
-1158
-620
-127
289
633
957
1291
1554
1705
1798
1895
1961
2001
2037
2022
1872
1578
1231
852
462
84
-264
-599
-875
-992
-921
-664
-257
166
419
475
444
310
33
-278
-467
-620
-844
-1010
-1017
-1006
-1154
-1344
-1528
-1805
-2200
-2511
-2661
-2736
-2752
-2670
-2487
-2208
-1690
-956
-170
605
1457
2327
2979
3392
3643
3655
3246
2565
1918
1409
977
618
408
285
214
228
306
357
365
390
411
402
429
586
805
1023
1273
1598
1878
2051
2178
2266
2197
1975
1762
1528
1105
500
-55
-503
-947
-1344
-1567
-1650
-1784
-1936
-1991
-1871
-1657
-1392
-1107
-846
-653
-612
-693
-849
-964
-1091
-1197
-1213
-1069
-915
-850
-775
-597
-435
-411
-433
-376
-242
-164
-148
-210
-312
-477
-618
-600
-410
-157
7
208
454
666
732
790
881
879
740
492
198
-142
-363
-459
-572
-713
-667
-366
-11
347
818
1330
1720
2054
2461
2763
2743
2550
2314
1937
1333
813
543
375
165
-35
-156
-303
-393
-393
-337
-357
-415
-486
-611
-758
-890
-990
-1091
-1146
-1091
-969
-821
-697
-601
-575
-593
-653
-800
-1070
-1376
-1578
-1658
-1686
-1720
-1719
-1703
-1680
-1683
-1655
-1647
-1695
-1763
-1709
-1494
-1291
-1094
-783
-309
91
376
684
979
1007
856
818
866
710
441
331
283
63
-132
16
322
550
863
1430
1901
2029
2092
2310
2334
2044
1817
1901
1890
1665
1611
1843
1999
1925
1977
2115
2024
1682
1424
1239
810
222
-187
-341
-487
-688
-745
-682
-562
-368
-20
300
449
499
554
525
376
213
86
-126
-424
-725
-1026
-1398
-1714
-1785
-1771
-1861
-1986
-1905
-1844
-1971
-2102
-1917
-1666
-1627
-1581
-1344
-1135
-1228
-1192
-887
-546
-443
-270
24
71
-97
-197
-95
-270
-578
-765
-710
-698
-738
-651
-584
-515
-415
-128
127
320
468
683
1008
1453
1852
2043
2163
2375
2610
2681
2709
2707
2607
2380
2284
2292
2178
1951
1782
1707
1528
1317
1122
879
554
252
138
51
16
-53
-198
-521
-909
-1144
-1294
-1309
-1283
-1218
-1439
-1814
-2098
-2124
-2107
-2174
-2194
-2221
-2319
-2382
-2173
-1795
-1517
-1389
-1294
-1314
-1457
-1590
-1535
-1536
-1659
-1738
-1570
-1211
-855
-412
-90
56
36
102
261
408
550
588
503
388
354
424
586
992
1418
1529
1404
1341
1461
1409
1341
1311
1258
943
665
662
644
510
430
683
901
1020
1159
1438
1599
1593
1576
1574
1540
1408
1359
1377
1419
1314
1153
998
861
565
272
76
-157
-627
-1076
-1177
-1186
-1271
-1360
-1210
-1241
-1465
-1509
-1223
-970
-952
-773
-464
-248
-113
138
260
-11
-238
-170
-54
-243
-555
-791
-1157
-1487
-1494
-1204
-1025
-1148
-1289
-1359
-1396
-1388
-1250
-1031
-830
-639
-420
-178
-11
89
182
219
221
232
471
879
1241
1453
1556
1671
1770
1943
2088
2190
2142
2072
1987
1932
1872
1735
1531
1324
1364
1413
1388
1196
1021
721
287
19
-4
-29
-339
-685
-939
-1158
-1346
-1441
-1374
-1313
-1158
-1037
-933
-883
-695
-567
-583
-653
-685
-750
-981
-1059
-1042
-1002
-1153
-1229
-1255
-1392
-1673
-1924
-1960
-2001
-1994
-1876
-1551
-1262
-1149
-1069
-865
-481
-93
294
680
1021
1137
1132
1200
1379
1482
1490
1452
1325
1076
769
497
275
107
-16
-147
-193
-32
177
247
219
296
404
393
360
526
731
810
777
785
822
820
882
898
835
622
427
223
12
-218
-491
-724
-938
-1020
-1163
-1213
-1212
-1089
-955
-755
-474
-258
-62
159
424
514
559
565
638
547
538
554
610
565
506
439
286
90
-127
-242
-345
-364
-407
-337
-234
-78
95
338
611
762
774
758
757
776
820
912
865
615
263
79
-20
-43
3
109
156
69
21
17
26
-46
-176
-329
-422
-356
-186
33
202
336
427
537
664
704
641
518
443
349
185
-34
-254
-488
-827
-1233
-1566
-1748
-1809
-1830
-1822
-1804
-1731
-1571
-1268
-929
-581
-286
-39
93
128
142
203
362
451
432
256
164
204
307
371
343
275
97
-73
-182
-185
-96
19
175
290
489
714
894
872
732
547
321
194
213
300
177
-46
-152
-77
-19
-28
-68
-81
-55
-24
-68
-199
-337
-363
-354
-220
-35
97
45
7
195
378
443
371
418
367
283
135
-52
-412
-802
-959
-877
-757
-790
-910
-946
-844
-727
-596
-484
-333
-319
-288
-174
28
149
131
87
55
29
46
125
210
208
211
268
304
282
233
235
208
140
-9
-119
-78
113
276
331
359
459
575
741
911
1043
1053
982
919
803
703
612
583
479
281
114
65
142
282
413
437
322
202
228
319
386
432
480
498
484
547
667
703
672
710
828
774
583
447
445
324
35
-189
-357
-642
-1033
-1249
-1306
-1398
-1542
-1549
-1500
-1492
-1495
-1347
-1112
-938
-794
-659
-480
-392
-384
-466
-521
-509
-467
-420
-363
-282
-254
-281
-237
-95
-47
-127
-149
-7
73
90
143
262
220
50
-4
95
149
27
-186
-415
-589
-682
-549
-310
-52
12
12
24
68
131
175
398
594
749
799
930
1058
1086
1087
1066
1067
1020
1091
1206
1318
1372
1320
1129
836
648
582
512
311
15
-315
-549
-677
-665
-635
-580
-526
-496
-508
-547
-574
-687
-784
-813
-688
-583
-520
-512
-516
-555
-537
-497
-458
-550
-698
-814
-844
-841
-885
-909
-922
-905
-878
-720
-563
-500
-686
-887
-980
-835
-541
-302
-194
-263
-294
-253
-56
221
533
753
882
938
975
1031
1160
1275
1280
1179
1219
1391
1538
1440
1153
813
597
607
780
912
844
706
561
527
526
629
638
573
456
431
372
158
-65
-232
-214
-157
77
341
490
376
234
242
320
276
24
-301
-660
-928
-1021
-924
-808
-782
-816
-820
-769
-675
-486
-296
-135
-28
68
60
-71
-175
-173
-131
-193
-273
-337
-332
-324
-300
-349
-422
-440
-305
-205
-213
-247
-219
-129
-71
77
217
233
149
154
288
378
385
370
308
210
185
357
536
529
373
121
-105
-271
-248
-127
-103
-135
-292
-407
-515
-378
-92
226
486
536
467
282
242
256
326
420
400
175
-202
-438
-548
-595
-652
-726
-891
-1111
-1077
-851
-558
-541
-691
-955
-1100
-1025
-736
-437
-329
-293
-308
-183
-24
222
440
618
726
734
710
711
679
571
404
266
188
189
263
262
145
-2
-10
49
111
73
27
-31
22
116
207
254
339
457
607
726
828
863
801
689
507
410
383
388
321
193
90
-43
-140
-193
-128
-143
-217
-317
-402
-447
-461
-330
-222
-140
-102
-57
-136
-176
-72
107
85
-133
-339
-510
-618
-618
-573
-605
-793
-874
-750
-436
-80
246
401
394
344
393
537
630
645
509
301
114
115
207
290
244
113
-79
-229
-125
116
303
199
20
-96
-67
134
301
364
264
297
414
427
343
290
396
446
482
498
540
515
505
615
760
747
519
236
57
-37
-114
-149
-226
-370
-560
-613
-525
-475
-535
-616
-605
-533
-507
-480
-506
-537
-624
-619
-609
-607
-712
-840
-931
-966
-892
-810
-680
-644
-602
-586
-466
-436
-404
-455
-416
-405
-315
-177
-56
-7
-15
55
105
169
234
399
495
533
441
341
225
205
249
327
370
324
314
335
475
543
607
648
603
480
325
402
548
633
582
556
542
473
427
483
513
414
316
375
350
164
-53
-87
-36
-9
39
15
-112
-295
-377
-373
-393
-399
-340
-348
-430
-533
-481
-436
-377
-272
-90
45
85
90
42
-18
-89
-99
-81
33
178
245
204
105
76
30
21
-8
-4
-71
-140
-204
-209
-221
-223
-206
-113
113
335
504
468
463
448
538
593
639
613
541
489
464
418
278
145
106
136
194
227
267
183
44
-85
-146
-180
-229
-157
-34
80
49
17
43
118
116
113
106
108
-47
-229
-306
-249
-199
-323
-460
-630
-763
-904
-906
-875
-842
-797
-727
-651
-639
-599
-586
-591
-659
-665
-637
-488
-386
-390
-489
-589
-571
-474
-253
-99
-115
-272
-216
60
283
358
430
578
625
512
377
240
93
53
167
317
350
302
309
371
482
543
596
590
562
447
287
228
222
259
248
264
221
93
-31
-14
85
217
355
536
578
483
309
231
232
234
201
137
59
-44
-177
-208
-216
-210
-318
-410
-491
-579
-665
-807
-868
-949
-861
-756
-591
-482
-351
-244
-185
-121
37
285
453
520
505
463
319
227
209
365
469
492
375
252
244
325
459
511
574
528
479
389
360
314
304
352
354
278
160
186
286
417
556
650
622
508
474
549
546
474
380
344
236
167
128
102
54
83
214
274
240
171
176
109
-39
-210
-256
-218
-226
-360
-574
-785
-939
-984
-847
-638
-564
-710
-866
-975
-1042
-1019
-776
-492
-439
-605
-788
-923
-1029
-1058
-1007
-919
-876
-865
-834
-879
-911
-953
-893
-748
-509
-227
-43
7
-107
-228
-376
-354
-205
42
168
154
104
189
435
777
1028
1117
1024
927
834
843
901
992
1040
997
921
669
431
231
322
413
514
475
408
204
-2
-67
28
213
310
448
543
690
762
865
908
941
947
939
971
849
700
430
255
23
-101
-119
-22
15
-213
-532
-847
-883
-810
-734
-792
-980
-1258
-1448
-1415
-1224
-1114
-1159
-1196
-1091
-879
-644
-428
-260
-152
-107
-68
-25
5
-14
-63
-77
44
217
360
402
384
292
194
173
250
299
254
174
112
87
85
151
276
440
555
614
609
596
597
611
696
736
768
629
513
453
578
854
1073
1184
1056
912
840
848
863
757
640
515
458
362
172
-93
-364
-473
-481
-418
-455
-534
-655
-825
-1069
-1256
-1276
-1248
-1297
-1357
-1355
-1355
-1392
-1424
-1340
-1265
-1124
-933
-676
-489
-387
-360
-335
-287
-190
-139
-162
-178
-54
154
337
453
437
347
172
176
236
366
349
361
295
222
130
141
256
378
504
577
675
636
605
547
616
672
682
612
463
350
318
461
556
625
599
652
664
626
538
425
362
275
279
288
311
219
117
-2
-98
-211
-197
-71
55
15
-178
-386
-607
-719
-745
-659
-716
-883
-1124
-1203
-1224
-1110
-989
-870
-777
-707
-631
-673
-668
-617
-483
-426
-362
-335
-361
-502
-601
-549
-367
-161
-32
73
115
101
64
82
190
289
316
288
231
163
132
213
436
691
883
900
817
700
687
667
697
705
756
708
636
602
566
556
492
544
528
492
355
286
225
205
241
264
289
210
185
139
145
157
206
143
28
-64
-51
-36
-130
-244
-361
-464
-570
-574
-499
-457
-571
-724
-799
-734
-669
-669
-711
-638
-438
-213
-30
91
176
144
107
120
223
261
272
262
236
176
209
341
442
436
366
311
207
142
112
185
258
326
313
255
173
102
25
-20
-38
-66
-100
-51
52
66
55
106
192
147
31
1
50
106
166
190
178
126
182
236
274
256
279
266
245
175
70
-117
-290
-366
-375
-379
-454
-555
-715
-905
-1087
-1190
-1201
-1143
-1050
-969
-911
-926
-924
-901
-792
-717
-655
-634
-544
-391
-213
-51
-8
8
-70
-87
-113
-27
-21
-57
-149
-140
-48
53
144
221
281
291
347
489
610
663
687
725
742
766
890
980
998
969
951
919
778
635
482
416
448
530
507
345
155
60
54
8
-58
-159
-168
-95
74
209
230
129
-1
-44
-8
161
332
461
388
193
-33
-153
-144
-82
-53
-154
-272
-399
-448
-453
-316
-194
-163
-266
-318
-328
-331
-290
-134
31
26
-83
-103
-1
46
-14
-85
-119
-134
-162
-141
-118
-133
-166
-182
-176
-153
-42
128
243
260
242
226
182
168
184
271
281
293
307
414
508
539
459
371
305
265
214
176
132
95
29
10
-20
-58
-37
98
289
307
179
11
-11
7
59
108
223
295
306
248
183
51
-125
-244
-276
-248
-348
-501
-665
-745
-764
-727
-666
-696
-814
-1033
-1172
-1230
-1193
-1201
-1299
-1400
-1441
-1375
-1252
-1035
-836
-631
-447
-249
-103
-41
-20
43
122
218
253
274
284
332
373
421
392
342
320
355
407
337
249
223
326
441
565
686
750
654
492
446
522
619
693
783
819
758
727
776
845
827
821
864
880
826
746
672
575
398
229
118
104
70
-35
-221
-316
-370
-369
-410
-394
-345
-357
-377
-397
-331
-343
-361
-430
-467
-558
-610
-671
-642
-574
-539
-557
-591
-512
-458
-419
-401
-292
-224
-231
-296
-276
-173
-41
127
269
315
265
271
325
332
308
379
524
648
741
794
708
476
333
381
560
694
714
658
540
501
546
674
796
813
726
586
485
390
331
286
268
206
123
94
130
186
199
160
126
96
60
10
-120
-290
-444
-461
-407
-387
-410
-479
-570
-709
-766
-754
-799
-997
-1265
-1411
-1434
-1374
-1265
-1130
-1012
-958
-928
-921
-907
-882
-809
-679
-532
-411
-390
-425
-447
-399
-247
-47
120
166
180
275
407
512
583
662
707
708
720
773
728
555
367
333
392
382
344
324
299
247
272
427
549
563
530
544
493
380
242
141
50
7
55
51
-76
-275
-346
-344
-241
-127
-1
25
29
50
52
24
-49
-32
1
77
15
-139
-346
-453
-456
-392
-264
-161
-134
-179
-122
-6
53
-12
-89
-138
-149
-129
-59
-17
-23
-56
-100
-81
-25
36
-7
-103
-175
-154
-77
55
203
293
290
238
272
393
548
691
825
872
816
749
791
813
729
617
584
587
507
475
486
510
389
231
102
10
-12
6
65
67
100
181
208
85
-40
-6
108
204
279
350
321
142
-17
-72
-71
-202
-388
-582
-693
-822
-894
-934
-969
-1032
-1082
-1035
-993
-975
-1001
-947
-877
-843
-845
-852
-835
-829
-742
-525
-270
-106
-107
-183
-261
-282
-262
-187
-110
-76
-99
-81
14
124
198
265
332
358
395
463
500
382
235
206
327
488
549
547
508
449
366
334
410
477
395
207
56
-11
-67
-113
-97
20
119
156
140
176
245
316
397
440
372
231
61
-30
-114
-174
-243
-324
-359
-364
-302
-213
-92
-41
-69
-135
-138
-152
-227
-319
-404
-394
-322
-91
119
230
195
162
227
377
593
642
546
321
243
236
216
106
-44
-94
-76
29
78
97
54
47
121
262
363
375
398
423
439
399
398
392
380
368
335
208
47
-25
-2
-18
-99
-116
-33
42
64
66
93
82
64
81
95
49
56
161
263
207
67
-28
-59
-70
-96
-79
-79
-111
-217
-312
-390
-478
-556
-585
-548
-558
-578
-566
-446
-332
-335
-429
-492
-460
-419
-436
-440
-402
-312
-232
-184
-222
-366
-506
-590
-570
-506
-378
-200
-68
-8
-17
-20
-31
-27
-3
39
57
53
26
-17
2
120
321
482
550
510
399
284
209
219
226
183
70
-31
-91
-131
-134
-142
-137
-128
-42
37
72
102
221
414
561
599
588
524
464
400
394
396
370
366
374
425
430
437
325
149
8
49
181
182
57
-111
-248
-376
-397
-230
-30
21
-66
-156
-174
-197
-155
-70
-1
-48
-171
-273
-353
-397
-386
-287
-173
-143
-205
-297
-311
-284
-260
-266
-290
-315
-342
-322
-222
-89
10
72
173
272
358
369
389
366
349
312
320
362
439
462
351
198
100
106
112
156
184
170
39
-70
-49
41
97
53
59
106
178
209
249
254
162
28
7
90
127
13
-124
-165
-162
-198
-279
-315
-316
-320
-313
-327
-335
-375
-374
-368
-354
-378
-485
-577
-595
-495
-441
-443
-437
-391
-325
-264
-146
-7
81
110
135
251
416
544
527
428
361
348
302
245
248
321
371
385
369
332
281
298
358
406
396
279
114
-81
-211
-323
-375
-344
-251
-178
-106
-45
-35
-37
42
235
356
388
362
359
313
286
263
265
193
124
86
104
120
96
86
48
-6
-128
-201
-245
-213
-187
-181
-224
-271
-253
-279
-358
-495
-529
-525
-462
-373
-231
-111
-62
-11
-11
-21
-93
-101
-110
-119
-163
-231
-282
-295
-235
-211
-201
-196
-125
-86
-26
77
146
96
7
20
55
38
-23
-13
56
133
232
322
387
338
181
8
-88
-78
-27
68
111
98
18
-11
-40
-81
-30
134
349
440
446
319
158
53
105
199
233
247
205
99
-85
-149
-133
-49
-45
-85
-188
-284
-322
-330
-274
-241
-209
-248
-273
-303
-264
-198
-139
-116
-93
42
167
236
235
294
323
293
214
182
182
183
169
113
58
36
100
188
306
354
311
190
76
35
-7
-11
-34
8
26
84
162
292
443
460
421
324
303
