-344
-351
-366
-428
-526
-625
-669
-651
-608
-574
-554
-513
-425
-286
-146
-78
-127
-275
-441
-562
-642
-716
-799
-845
-818
-721
-586
-471
-393
-334
-251
-143
-26
97
220
299
310
294
316
382
458
539
642
768
896
1014
1109
1156
1149
1102
1033
933
811
714
666
630
563
470
383
325
286
247
198
159
145
145
129
78
1
-90
-185
-252
-270
-233
-171
-115
-83
-69
-44
0
36
31
-3
-67
-169
-308
-436
-512
-542
-562
-600
-646
-681
-664
-570
-414
-280
-220
-222
-227
-220
-226
-268
-345
-413
-444
-426
-394
-379
-354
-267
-106
66
194
281
370
480
603
697
722
696
683
715
746
740
717
724
754
768
770
805
893
980
985
894
752
620
501
380
251
142
63
1
-58
-111
-141
-124
-44
76
180
217
190
127
43
-63
-184
-293
-374
-438
-518
-629
-742
-818
-843
-842
-835
-817
-769
-699
-638
-606
-593
-573
-543
-512
-473
-423
-385
-377
-386
-390
-388
-402
-421
-435
-441
-453
-469
-468
-431
-373
-350
-406
-510
-564
-501
-353
-198
-95
-50
-47
-56
-47
-4
50
79
82
87
124
165
184
181
183
187
156
106
88
153
274
374
399
364
314
295
321
387
479
585
710
845
948
973
921
830
719
582
432
312
262
267
294
315
350
416
495
542
539
496
414
288
147
36
-29
-69
-85
-71
-32
15
73
152
222
233
176
102
44
-27
-135
-241
-302
-324
-328
-282
-157
3
102
100
43
-12
-38
-20
43
134
216
269
293
289
275
271
276
261
218
165
115
64
3
-74
-167
-254
-315
-355
-396
-422
-398
-323
-263
-262
-281
-259
-190
-128
-107
-102
-87
-69
-76
-126
-196
-252
-267
-237
-184
-137
-129
-159
-183
-181
-171
-202
-271
-347
-405
-453
-492
-505
-491
-489
-527
-574
-580
-534
-486
-474
-495
-528
-568
-609
-649
-693
-748
-782
-760
-687
-619
-588
-552
-483
-386
-293
-200
-98
2
79
133
181
249
360
510
656
727
703
630
574
560
564
546
492
420
350
282
210
164
163
196
228
260
316
380
440
508
625
791
934
985
936
853
793
778
785
751
625
429
267
215
260
303
262
131
-16
-82
-45
20
16
-78
-193
-251
-231
-172
-124
-96
-73
-41
-6
19
59
115
155
130
45
-50
-130
-195
-249
-288
-323
-360
-352
-255
-93
50
106
80
8
-76
-166
-247
-276
-227
-117
-19
6
-43
-117
-166
-173
-166
-192
-277
-396
-491
-522
-488
-424
-339
-231
-110
-15
31
64
118
187
207
140
22
-92
-196
-296
-342
-285
-165
-98
-147
-263
-373
-447
-484
-477
-431
-369
-315
-256
-197
-156
-117
-50
41
108
138
157
181
205
218
232
260
299
334
361
380
389
390
380
354
294
204
145
174
275
366
394
383
360
342
324
313
311
314
323
359
427
497
527
496
442
414
425
425
355
200
8
-158
-273
-330
-340
-326
-325
-336
-319
-264
-203
-174
-167
-163
-172
-199
-228
-238
-240
-257
-302
-352
-377
-366
-341
-339
-383
-475
-595
-702
-753
-722
-622
-476
-312
-169
-82
-63
-67
-49
18
94
138
142
133
144
173
211
227
186
91
-6
-38
-3
57
89
74
22
-53
-114
-128
-67
54
180
254
256
205
152
147
213
328
432
474
447
391
355
360
383
373
314
239
187
155
130
105
92
78
63
53
55
63
66
64
53
41
50
101
159
172
100
-26
-149
-236
-296
-369
-461
-547
-586
-570
-509
-435
-383
-376
-390
-390
-352
-279
-190
-120
-101
-110
-93
-32
53
168
319
454
477
364
193
62
17
31
53
38
1
-24
-25
-11
18
84
177
259
307
325
339
365
394
398
363
310
262
246
281
383
528
653
723
704
568
324
82
-55
-101
-159
-265
-367
-413
-406
-370
-303
-209
-101
-16
37
77
120
154
137
52
-78
-222
-361
-484
-568
-609
-627
-640
-647
-648
-647
-652
-668
-696
-738
-779
-796
-772
-720
-666
-603
-531
-451
-381
-300
-183
-39
86
163
209
230
210
122
-18
-156
-229
-225
-199
-186
-158
-57
79
158
155
131
147
206
285
350
372
336
281
269
328
438
555
635
659
644
632
632
608
514
362
200
79
16
13
61
137
216
283
340
394
446
493
509
463
357
247
188
191
218
213
160
89
38
17
-3
-25
-27
11
48
13
-111
-278
-408
-445
-357
-169
44
186
228
226
237
281
327
347
326
273
214
155
68
-64
-193
-211
-76
146
330
370
257
55
-127
-231
-256
-233
-171
-80
14
82
122
169
245
355
464
534
541
488
373
208
46
-35
13
134
218
200
95
-40
-158
-219
-204
-147
-115
-170
-293
-427
-514
-555
-560
-545
-540
-565
-623
-668
-672
-636
-593
-588
-631
-705
-787
-849
-864
-808
-700
-597
-542
-538
-536
-485
-377
-267
-237
-295
-378
-404
-364
-317
-309
-333
-347
-335
-293
-227
-140
-60
-32
-75
-169
-264
-331
-375
-393
-376
-319
-239
-137
-2
144
262
350
448
561
647
694
747
828
915
957
933
846
713
553
414
355
396
487
554
585
594
589
539
437
316
226
200
238
327
444
551
604
590
565
576
603
585
496
366
249
182
183
244
334
415
435
370
254
158
117
108
87
47
18
44
146
284
361
312
188
102
109
168
199
154
48
-67
-153
-232
-369
-571
-758
-830
-784
-696
-622
-533
-394
-216
-48
93
217
309
313
195
2
-161
-229
-219
-195
-173
-141
-72
21
86
51
-103
-305
-476
-603
-712
-799
-848
-873
-882
-863
-805
-739
-693
-659
-608
-534
-471
-451
-492
-569
-628
-609
-504
-373
-316
-371
-461
-468
-350
-192
-109
-138
-229
-308
-359
-375
-369
-331
-267
-176
-61
62
202
381
596
772
834
773
674
601
565
540
490
404
324
318
397
504
565
551
469
379
361
462
633
776
826
772
670
606
644
749
825
796
670
522
443
446
455
399
273
101
-99
-285
-397
-418
-392
-365
-344
-327
-313
-303
-271
-196
-102
-44
-26
50
246
474
561
443
217
22
-79
-97
-108
-153
-218
-261
-283
-343
-450
-542
-547
-453
-306
-186
-151
-204
-271
-242
-107
13
3
-119
-225
-261
-240
-187
-109
-47
-54
-115
-204
-284
-345
-368
-379
-397
-416
-406
-359
-267
-124
17
112
191
336
540
712
798
811
764
656
526
441
396
334
251
191
153
76
-81
-263
-386
-439
-459
-478
-474
-454
-429
-407
-375
-346
-315
-221
-28
196
334
348
289
220
172
152
157
164
138
58
-69
-204
-296
-309
-267
-203
-149
-131
-179
-265
-292
-190
3
192
309
346
326
294
303
351
378
332
238
145
70
-3
-69
-110
-119
-101
-67
-22
35
90
103
58
-11
-68
-89
-65
11
106
156
137
84
61
93
154
187
130
-25
-200
-305
-318
-298
-291
-326
-410
-514
-609
-688
-779
-853
-834
-668
-400
-122
94
221
288
359
461
529
490
346
195
103
64
31
-24
-81
-109
-88
-35
45
121
162
142
93
56
45
65
131
245
345
354
242
73
-72
-140
-136
-85
-21
19
26
20
30
37
22
-1
14
65
118
167
250
401
579
705
736
711
671
647
640
661
686
664
566
435
357
356
393
386
320
207
67
-100
-264
-385
-480
-594
-733
-817
-794
-684
-547
-411
-297
-216
-179
-183
-202
-205
-199
-233
-343
-479
-545
-507
-440
-434
-500
-569
-593
-579
-551
-520
-485
-448
-409
-338
-210
-61
42
58
38
61
169
324
456
505
458
368
291
263
270
325
419
484
436
312
236
260
346
480
692
930
1038
916
660
436
328
316
351
408
455
456
402
320
263
259
274
242
108
-137
-423
-655
-760
-765
-774
-866
-1014
-1102
-1063
-935
-808
-724
-663
-583
-444
-270
-164
-229
-447
-660
-730
-640
-502
-418
-412
-424
-403
-354
-308
-278
-239
-196
-180
-219
-262
-227
-95
55
135
108
0
-113
-161
-114
-38
-11
-61
-152
-203
-175
-105
-100
-197
-322
-368
-323
-204
-2
261
486
589
609
624
626
569
478
436
468
556
654
742
786
783
769
770
789
800
765
660
473
222
-31
-200
-216
-117
-25
-49
-168
-264
-216
-43
139
212
182
143
198
372
590
744
777
744
714
710
697
680
704
764
809
785
707
584
428
269
181
200
267
273
167
-8
-155
-200
-131
-13
43
2
-87
-143
-180
-244
-348
-415
-375
-207
29
234
306
226
60
-106
-218
-266
-263
-253
-298
-436
-591
-640
-526
-348
-246
-268
-313
-302
-241
-207
-240
-325
-450
-599
-777
-956
-1102
-1186
-1214
-1213
-1187
-1160
-1118
-1033
-864
-643
-486
-482
-625
-773
-782
-584
-270
-59
-84
-292
-449
-415
-256
-136
-145
-238
-311
-275
-142
-4
37
0
-13
62
143
141
64
17
85
250
434
539
559
579
693
878
1013
988
828
629
495
451
474
489
448
352
316
423
616
717
644
514
505
664
868
979
930
806
693
642
587
485
357
261
200
113
18
-8
116
286
342
200
-38
-224
-270
-173
-2
107
29
-217
-463
-583
-573
-493
-387
-263
-145
-24
88
160
151
81
-9
-125
-264
-363
-353
-284
-261
-314
-383
-410
-384
-285
-111
64
126
59
-35
-41
61
212
341
376
277
68
-142
-222
-134
23
106
62
-50
-153
-175
-65
147
307
247
7
-195
-188
-7
193
291
268
203
159
122
34
-92
-137
-33
152
261
200
-11
-261
-401
-395
-348
-407
-576
-749
-843
-883
-906
-935
-967
-991
-957
-814
-584
-360
-245
-243
-278
-245
-131
16
83
59
24
75
165
152
-26
-255
-339
-229
-46
13
-80
-231
-320
-370
-397
-370
-212
53
320
488
502
383
202
100
109
180
242
305
348
295
148
56
116
220
193
64
14
111
239
265
196
108
104
246
553
861
985
870
694
634
683
747
781
807
761
577
290
73
4
-12
-72
-159
-191
-190
-222
-279
-294
-209
-22
219
397
412
297
195
189
207
147
-11
-189
-290
-240
-39
189
298
240
142
148
290
464
528
391
106
-135
-166
-7
137
93
-86
-218
-188
-38
119
192
123
-61
-256
-349
-334
-275
-204
-115
-9
81
107
33
-121
-259
-290
-203
-82
12
52
45
-24
-148
-304
-436
-496
-474
-441
-480
-578
-645
-573
-333
4
255
240
-43
-382
-502
-315
-4
140
-34
-372
-600
-571
-408
-308
-346
-399
-299
-25
251
284
15
-344
-495
-307
41
287
246
-21
-315
-406
-197
183
489
546
419
273
226
234
205
70
-88
-127
55
329
515
558
579
616
560
355
135
104
261
452
450
221
-87
-161
163
683
960
732
238
-93
-14
282
517
518
368
240
274
420
456
246
-117
-343
-328
-181
-115
-150
-194
-176
-155
-160
-171
-171
-201
-275
-379
-549
-796
-1029
-1115
-1085
-1074
-1093
-985
-699
-355
-116
-39
-107
-250
-343
-318
-265
-305
-419
-485
-442
-348
-264
-199
-104
27
143
147
44
-72
-93
9
182
332
358
237
71
4
47
79
-34
-271
-486
-528
-399
-266
-284
-393
-368
-90
330
648
729
612
449
345
286
245
222
257
355
479
599
654
614
523
482
517
543
488
386
312
314
411
508
479
287
141
286
678
983
871
382
-130
-285
-45
332
518
416
176
36
130
385
628
705
512
111
-282
-371
-111
256
420
271
-43
-277
-261
-88
19
-69
-193
-219
-210
-317
-486
-553
-525
-568
-755
-890
-796
-510
-298
-310
-514
-738
-810
-628
-288
-118
-326
-768
-1039
-958
-599
-177
123
156
-92
-395
-508
-345
-93
36
-33
-171
-236
-219
-195
-181
-130
-63
-40
-55
-23
87
203
227
119
-67
-208
-180
-20
119
62
-160
-355
-317
-53
223
307
153
-64
-184
-116
25
101
27
-135
-200
-18
394
800
992
964
837
641
421
374
680
1186
1464
1275
768
341
259
537
879
968
710
386
281
395
516
535
502
428
293
116
13
-22
-41
-46
8
36
-54
-161
-109
50
63
-142
-378
-440
-335
-160
-17
12
-144
-420
-644
-672
-518
-326
-260
-369
-510
-488
-256
0
81
-80
-394
-728
-878
-700
-286
25
-33
-349
-635
-691
-571
-410
-331
-395
-568
-756
-882
-916
-777
-416
59
367
312
-14
-314
-317
4
412
571
368
48
-16
277
704
991
1029
832
473
120
-38
26
108
12
-240
-428
-367
-48
371
638
610
374
231
355
596
614
297
-145
-412
-383
-160
70
115
-46
-237
-211
41
297
354
212
-8
-201
-285
-211
-21
149
208
172
73
-108
-352
-510
-468
-287
-159
-181
-316
-453
-483
-328
-21
266
349
203
-46
-283
-471
-581
-546
-368
-184
-133
-181
-179
-93
30
160
295
319
150
-109
-238
-184
-89
-60
-71
-80
-132
-247
-370
-403
-342
-220
-101
-31
-40
-108
-178
-208
-210
-195
-108
108
377
509
399
166
-33
-155
-229
-229
-121
14
53
-58
-209
-241
-55
239
408
297
32
-121
-22
241
474
610
672
748
847
917
823
495
91
-103
59
424
694
715
574
468
537
713
816
681
345
-28
-273
-298
-112
209
447
435
190
-38
-34
191
447
536
367
-27
-443
-653
-586
-419
-347
-381
-367
-230
-35
105
181
215
208
136
-11
-181
-323
-355
-258
-42
187
314
250
57
-108
-120
-6
95
67
-136
-419
-621
-560
-284
-36
-64
-340
-557
-484
-160
137
218
92
-26
64
353
598
553
263
-36
-164
-179
-212
-328
-487
-599
-584
-443
-251
-127
-139
-280
-469
-593
-590
-520
-499
-571
-626
-558
-378
-201
-87
-7
75
131
110
7
-137
-279
-402
-490
-520
-487
-390
-232
-25
180
340
458
536
509
333
104
6
87
228
325
354
356
334
355
431
497
418
186
-17
-34
121
271
295
171
24
-10
118
238
154
-109
-318
-295
-95
120
227
239
252
357
513
590
522
368
240
190
221
278
293
223
126
113
247
429
511
397
152
-111
-305
-390
-406
-437
-581
-772
-841
-709
-460
-218
-24
66
27
-70
-90
-47
-37
-78
-84
-33
27
102
216
305
259
61
-164
-277
-214
-41
100
121
53
-10
-41
-65
-75
-19
104
230
280
260
192
114
42
0
8
48
105
171
234
237
149
29
-15
59
190
300
334
257
97
-60
-73
49
191
215
112
-64
-250
-397
-485
-508
-474
-368
-214
-70
-11
-31
-80
-113
-121
-130
-130
-113
-67
-8
68
181
316
407
381
244
47
-140
-250
-238
-124
6
48
-34
-217
-412
-529
-527
-454
-419
-459
-533
-564
-537
-477
-408
-350
-313
-288
-236
-143
-49
8
32
41
32
-37
-164
-281
-307
-240
-160
-120
-93
-51
-24
-39
-51
16
167
317
343
217
39
-24
43
106
49
-59
-100
-76
-97
-224
-414
-567
-572
-393
-98
122
121
-87
-311
-361
-185
119
421
637
771
889
1061
1279
1436
1448
1305
1082
838
625
475
397
359
288
130
-72
-197
-154
29
217
294
244
169
188
346
531
600
528
443
472
591
697
737
755
794
819
752
545
222
-114
-347
-449
-553
-794
-1161
-1481
-1632
-1622
-1525
-1406
-1318
-1284
-1267
-1191
-1024
-798
-535
-268
-43
57
30
-54
-117
-191
-406
-807
-1275
-1442
-1060
-164
820
1461
1527
1154
723
640
985
1424
1561
1330
982
811
943
1329
1801
2169
2353
2377
2291
2098
1796
1396
938
485
118
-153
-384
-635
-858
-971
-949
-897
-925
-1086
-1353
-1658
-1913
-2054
-2101
-2129
-2178
-2182
-2106
-1988
-1887
-1766
-1573
-1340
-1153
-1026
-913
-775
-614
-432
-262
-165
-192
-304
-415
-498
-597
-749
-918
-1032
-1061
-1033
-997
-951
-840
-637
-402
-229
-140
-36
195
603
1168
1843
2568
3271
3890
4380
4722
4914
4952
4835
4588
4255
3850
3354
2784
2196
1617
1002
321
-428
-1238
-2128
-3081
-4020
-4839
-5462
-5856
-6033
-6019
-5818
-5383
-4676
-3712
-2606
-1502
-504
343
1051
1624
2059
2325
2421
2387
2302
2218
2131
1993
1754
1372
839
165
-614
-1456
-2314
-3153
-3926
-4544
-4864
-4801
-4384
-3725
-2861
-1776
-515
757
1881
2832
3676
4458
5155
5740
6213
6612
6957
7219
7329
7239
6959
6544
6033
5406
4631
3699
2656
1554
402
-812
-2068
-3278
-4357
-5297
-6147
-6933
-7577
-7935
-7924
-7574
-6974
-6146
-5084
-3828
-2483
-1142
124
1235
2122
2788
3280
3637
3853
3929
3877
3671
3295
2791
2257
1705
1060
256
-677
-1693
-2780
-3945
-5121
-6183
-6988
-7434
-7489
-7210
-6627
-5695
-4355
-2702
-952
718
2267
3710
5012
6082
6839
7277
7450
7411
7184
6790
6291
5751
5204
4654
4111
3578
3069
2598
2157
1688
1080
243
-844
-2109
-3450
-4773
-5980
-6978
-7723
-8214
-8434
-8304
-7764
-6805
-5483
-3906
-2242
-669
698
1840
2790
3584
4251
4759
5060
5124
5005
4767
4430
3974
3417
2794
2096
1273
273
-898
-2191
-3515
-4789
-5935
-6868
-7483
-7703
-7516
-6961
-6092
-4973
-3643
-2147
-522
1163
2835
4426
5841
7020
7926
8575
8931
8944
8607
8017
7311
6550
5749
4901
4048
3234
2513
1924
1420
876
141
-800
-1854
-2934
-4047
-5219
-6372
-7369
-8086
-8484
-8531
-8193
-7449
-6304
-4795
-3017
-1134
661
2261
3625
4699
5409
5747
5796
5639
5302
4773
4076
3285
2509
1786
1055
221
-734
-1746
-2766
-3799
-4877
-5972
-6993
-7820
-8348
-8530
-8349
-7778
-6792
-5428
-3789
-1963
-5
1990
3884
5559
6961
8067
8820
9152
9030
8505
7687
6717
5714
4743
3835
3024
2353
1831
1394
930
339
-436
-1401
-2531
-3752
-4993
-6193
-7293
-8183
-8739
-8908
-8705
-8140
-7196
-5895
-4293
-2435
-452
1441
3041
4283
5178
5738
5990
5997
5803
5438
4938
4357
3734
3097
2465
1821
1103
270
-668
-1683
-2753
-3853
-4936
-5932
-6748
-7276
-7446
-7236
-6638
-5649
-4307
-2699
-913
978
2885
4688
6276
7564
8509
9072
9223
8964
8372
7551
6587
5524
4415
3350
2419
1674
1103
679
346
23
-383
-944
-1705
-2638
-3657
-4657
-5622
-6569
-7429
-8026
-8227
-7998
-7346
-6285
-4892
-3269
-1529
190
1699
2868
3714
4297
4628
4694
4538
4180
3660
3053
2479
1960
1444
891
302
-306
-944
-1635
-2416
-3294
-4244
-5180
-6004
-6604
-6918
-6925
-6608
-5916
-4828
-3411
-1776
-11
1814
3615
5295
6743
7837
8478
8656
8427
7867
7046
6048
4975
3911
2939
2102
1403
824
389
144
68
32
-113
-468
-1060
-1853
-2778
-3759
-4748
-5659
-6378
-6816
-6949
-6740
-6134
-5114
-3761
-2204
-603
851
2006
2817
3336
3581
3553
3293
2904
2475
2064
1707
1418
1178
970
801
669
520
249
-225
-920
-1763
-2674
-3577
-4430
-5173
-5691
-5845
-5562
-4865
-3804
-2437
-838
856
2514
4049
5404
6493
7201
7480
7368
6946
6290
5451
4489
3501
2619
1974
1613
1477
1459
1476
1490
1450
1303
1017
569
-62
-879
-1846
-2923
-4094
-5294
-6370
-7171
-7643
-7779
-7546
-6903
-5902
-4663
-3321
-1994
-805
160
864
1290
1444
1403
1300
1207
1160
1214
1436
1775
2112
2357
2499
2537
2440
2159
1613
748
-395
-1641
-2815
-3819
-4620
-5176
-5417
-5262
-4657
-3647
-2358
-913
650
2269
3806
5092
6033
6597
6782
6627
6221
5647
4970
4257
3582
3039
2691
2538
2498
2485
2491
2546
2638
2684
2582
2188
1413
290
-1013
-2381
-3776
-5136
-6317
-7194
-7745
-7936
-7725
-7108
-6193
-5076
-3858
-2669
-1650
-817
-130
415
806
1109
1433
1793
2154
2512
2915
3339
3719
3977
4071
3959
3600
2957
2040
918
-324
-1630
-2948
-4165
-5148
-5783
-6019
-5837
-5272
-4381
-3206
-1785
-224
1329
2762
4010
5000
5672
6045
6178
6127
5937
5654
5318
4955
4621
4378
4224
4093
3927
3730
3516
3263
2912
2424
1744
823
-341
-1648
-2984
-4298
-5567
-6722
-7660
-8298
-8580
-8476
-7992
-7200
-6179
-5029
-3860
-2802
-1905
-1132
-403
319
1027
1708
2348
2939
3480
3969
4370
4643
4765
4735
4498
3947
3008
1732
265
-1247
-2719
-4093
-5333
-6381
-7153
-7522
-7401
-6803
-5823
-4557
-3087
-1525
19
1462
2770
3917
4874
5617
6136
6439
6569
6595
6569
6533
6502
6461
6351
6124
5789
5393
4937
4369
3647
2783
1793
668
-598
-1962
-3345
-4695
-5982
-7136
-8061
-8652
-8879
-8719
-8217
-7460
-6546
-5509
-4336
-3071
-1778
-530
666
1751
2715
3577
4390
5106
5652
6017
6239
6312
6161
5769
5124
4229
3048
1650
127
-1441
-3019
-4536
-5884
-6992
-7787
-8198
-8134
-7617
-6718
-5535
-4117
-2546
-900
741
2298
3697
4895
5887
6671
7236
7582
7756
7803
7735
7544
7234
6852
6442
6008
5509
4902
4163
3275
2262
1175
53
-1125
-2371
-3647
-4880
-6016
-7015
-7818
-8400
-8753
-8857
-8650
-8128
-7338
-6336
-5149
-3847
-2513
-1187
159
1513
2770
3849
4720
5396
5859
6121
6190
6051
5675
5064
4262
3291
2149
815
-695
-2313
-3920
-5418
-6739
-7832
-8641
-9091
-9146
-8817
-8178
-7275
-6095
-4613
-2915
-1153
554
2150
3599
4868
5961
6893
7653
8206
8527
8594
8389
7978
7489
7006
6466
5780
4928
3990
3030
2079
1168
315
-514
-1389
-2335
-3322
-4281
-5175
-5956
-6618
-7150
-7555
-7807
-7831
-7559
-6977
-6155
-5142
-3944
-2550
-1017
554
2054
3406
4580
5595
6463
7139
7554
7687
7550
7126
6413
5434
4236
2820
1232
-443
-2094
-3656
-5062
-6243
-7180
-7885
-8325
-8431
-8204
-7715
-7009
-6059
-4855
-3435
-1858
-175
1538
3192
4731
6120
7314
8253
8891
9236
9344
9257
8958
8410
7647
6745
5762
4695
3559
2388
1213
55
-1033
-1987
-2795
-3514
-4179
-4791
-5362
-5925
-6489
-7021
-7482
-7826
-7993
-7921
-7602
-7054
-6248
-5126
-3697
-2092
-473
1064
2502
3842
5065
6102
6867
7272
7271
6878
6149
5153
3963
2666
1348
34
-1289
-2608
-3838
-4906
-5809
-6576
-7204
-7658
-7897
-7887
-7623
-7123
-6408
-5449
-4220
-2755
-1149
525
2199
3783
5181
6354
7313
8064
8602
8917
8991
8801
8368
7750
6986
6077
5035
3939
2882
1923
1077
349
-268
-797
-1281
-1773
-2300
-2871
-3508
-4231
-5035
-5866
-6658
-7358
-7900
-8199
-8164
-7736
-6903
-5676
-4115
-2316
-399
1519
3308
4830
5994
6789
7246
7371
7154
6626
5844
4862
3747
2578
1421
299
-764
-1748
-2679
-3634
-4637
-5635
-6532
-7287
-7869
-8254
-8379
-8197
-7667
-6787
-5592
-4131
-2448
-579
1382
3302
5049
6555
7775
8675
9245
9491
9430
9064
8430
7578
6618
5661
4780
3951
3110
2232
1368
575
-131
-770
-1381
-2007
-2706
-3480
-4316
-5161
-5992
-6747
-7402
-7911
-8232
-8248
-7872
-7070
-5899
-4410
-2688
-835
1030
2802
4374
5632
6532
7090
7358
7342
7047
6477
5675
4724
3716
2698
1657
607
-417
-1403
-2414
-3476
-4577
-5673
-6732
-7692
-8450
-8925
-9050
-8778
-8070
-6974
-5569
-3936
-2108
-153
1824
3694
5349
6719
7773
8491
8861
8909
8711
8351
7865
7249
6502
5642
4703
3706
2676
1650
680
-179
-902
-1505
-2027
-2507
-2971
-3433
-3918
-4450
-5049
-5689
-6307
-6834
-7212
-7354
-7172
-6630
-5781
-4684
-3355
-1804
-112
1600
3196
4564
5629
6382
6853
7039
6915
6507
5897
5154
4321
3446
2555
1630
640
-443
-1630
-2922
-4250
-5509
-6618
-7554
-8292
-8808
-9067
-9035
-8648
-7877
-6734
-5267
-3535
-1646
260
2092
3804
5370
6740
7905
8835
9480
9785
9778
9520
9040
8330
7398
6291
5077
3828
2582
1357
176
-881
-1730
-2361
-2835
-3240
-3642
-4065
-4487
-4895
-5325
-5790
-6234
-6556
-6694
-6613
-6254
-5597
-4668
-3517
-2156
-638
919
2373
3629
4633
5359
5817
6016
5935
5566
4970
4250
3471
2632
1733
795
-143
-1059
-1953
-2853
-3780
-4739
-5679
-6512
-7150
-7577
-7804
-7855
-7693
-7247
-6459
-5345
-3984
-2448
-802
888
2567
4216
5789
7205
8362
9206
9681
9764
9499
8978
8244
7278
6100
4817
3553
2362
1268
288
-524
-1136
-1533
-1753
-1854
-1922
-2038
-2251
-2574
-3020
-3608
-4290
-4981
-5602
-6118
-6438
-6424
-5982
-5158
-4026
-2676
-1207
230
1528
2651
3575
4231
4576
4639
4455
4066
3530
2952
2395
1871
1359
861
385
-94
-605
-1209
-1930
-2794
-3777
-4837
-5896
-6887
-7751
-8414
-8750
-8629
-8003
-6913
-5434
-3633
-1592
580
2742
4746
6462
7844
8879
9540
9786
9640
9195
8539
7726
6805
5845
4900
3993
3131
2310
1535
816
181
-361
-847
-1337
-1891
-2534
-3232
-3933
-4611
-5287
-5955
-6590
-7104
-7420
-7422
-7069
-6360
-5346
-4044
-2527
-936
542
1802
2828
3623
4179
4460
4466
4227
3845
3398
2938
2486
2060
1651
1198
680
107
-530
-1317
-2310
-3472
-4708
-5951
-7118
-8076
-8703
-8918
-8679
-7941
-6738
-5159
-3327
-1340
718
2777
4762
6560
8031
9073
9678
9887
9733
9262
8559
7723
6815
5901
5040
4294
3668
3160
2733
2325
1879
1384
880
384
-156
-845
-1711
-2667
-3575
-4414
-5252
-6111
-6866
-7355
-7483
-7262
-6749
-6013
-5108
-4035
-2827
-1561
-378
670
1560
2279
2786
3119
3348
3550
3745
3929
4056
4069
3930
3622
3147
2458
1525
346
-1029
-2565
-4213
-5892
-7472
-8815
-9797
-10309
-10290
-9739
-8709
-7253
-5420
-3295
-1005
1294
3436
5264
6701
7751
8455
8838
8920
8761
8438
8054
7664
7260
6811
6320
5820
5289
4675
3932
3064
2083
1029
-48
-1092
-2114
-3139
-4153
-5092
-5895
-6558
-7070
-7421
-7586
-7532
-7195
-6535
-5588
-4456
-3237
-1963
-666
612
1786
2783
3562
4116
4476
4679
4767
4775
4746
4695
4598
4391
4011
3418
2602
1539
198
-1403
-3167
-4961
-6682
-8238
-9537
-10495
-11030
-11061
-10511
-9386
-7776
-5813
-3620
-1328
932
3032
4860
6328
7407
8156
8652
8926
8983
8878
8699
8484
8212
7860
7417
6856
6137
5258
4248
3129
1903
603
-720
-1986
-3141
-4145
-5018
-5750
-6294
-6604
-6716
-6677
-6508
-6218
-5820
-5303
-4637
-3844
-2975
-2023
-964
139
1157
2037
2804
3479
4056
4545
4938
5200
5325
5340
5213
4852
4212
3349
2329
1164
-178
-1722
-3446
-5235
-6919
-8353
-9482
-10296
-10747
-10755
-10257
-9276
-7876
-6149
-4187
-2092
20
2033
3842
5365
6591
7576
8391
9050
9503
9702
9679
9513
9264
8904
8378
7647
6703
5557
4238
2800
1289
-220
-1651
-2869
-3778
-4354
-4701
-4925
-5082
-5155
-5158
-5159
-5213
-5330
-5438
-5431
-5188
-4683
-3971
-3118
-2071
-804
574
1845
2900
3747
4408
4837
4995
4885
4571
4146
3703
3219
2610
1823
924
-22
-1031
-2147
-3379
-4680
-5992
-7244
-8361
-9259
-9861
-10082
-9892
-9285
-8301
-6958
-5292
-3328
-1144
1110
3218
5031
6529
7751
8688
9290
9547
9525
9302
8944
8476
7863
7041
6016
4876
3736
2664
1684
781
-75
-867
-1537
-2009
-2288
-2461
-2650
-2915
-3262
-3672
-4136
-4614
-5063
-5407
-5546
-5342
-4745
-3816
-2669
-1351
114
1623
2993
4080
4827
5229
5323
5170
4818
4287
3664
3072
2573
2121
1688
1270
847
303
-468
-1524
-2844
-4348
-5893
-7345
-8628
-9679
-10381
-10573
-10163
-9158
-7633
-5700
-3502
-1177
1147
3332
5209
6660
7680
8329
8661
8700
8491
8105
7620
7087
6517
5881
5177
4433
3659
2797
1820
826
-46
-739
-1296
-1747
-2067
-2262
-2449
-2734
-3152
-3636
-4149
-4658
-5140
-5518
-5709
-5572
-5026
-4099
-2940
-1645
-242
1194
2474
3403
3913
4062
3966
3710
3346
2909
2504
2232
2137
2117
2042
1824
1480
1019
379
-578
-1918
-3565
-5321
-6968
-8338
-9320
-9847
-9861
-9329
-8277
-6803
-5030
-3061
-978
1103
3048
4754
6156
7198
7833
8085
8057
7884
7637
7321
6928
6453
5902
5272
4597
3916
3240
2525
1773
1056
446
-54
-467
-810
-1119
-1504
-2014
-2609
-3215
-3848
-4521
-5200
-5768
-6088
-6006
-5441
-4490
-3333
-2100
-800
501
1662
2506
2988
3134
3065
2875
2654
2411
2212
2130
2227
2428
2613
2655
2456
1929
1004
-298
-1915
-3705
-5519
-7172
-8529
-9510
-10057
-10057
-9424
-8195
-6561
-4736
-2865
-1033
686
2207
3483
4521
5369
6065
6623
7031
7285
7412
7452
7410
7229
6837
6171
5245
4130
2957
1815
797
-14
-556
-868
-1035
-1139
-1262
-1518
-1984
-2645
-3428
-4291
-5176
-5962
-6525
-6757
-6523
-5694
-4317
-2643
-945
620
1978
3054
3777
4091
3994
3613
3205
2969
2913
2972
3133
3408
3710
3903
3843
3425
2592
1380
-141
-1906
-3793
-5585
-7047
-8090
-8708
-8922
-8713
-8080
-7055
-5713
-4189
-2638
-1144
282
1633
2854
3924
4864
5707
6441
7014
7387
7538
7495
7322
7059
6651
6006
5105
4073
3056
2149
1332
610
17
-388
-613
-761
-1004
-1503
-2252
-3129
-3979
-4814
-5630
-6414
-7037
-7367
-7191
-6408
-5140
-3687
-2239
-805
560
1733
2577
3102
3308
3307
3256
3327
3451
3538
3609
3774
3952
3939
3610
2964
2035
840
-536
-2035
-3569
-5032
-6250
-7168
-7849
-8342
-8571
-8408
-7833
-6910
-5757
-4490
-3191
-1812
-307
1247
2651
3820
4827
5722
6429
6845
6972
6878
6658
6385
6066
5632
5035
4315
3570
2864
2210
1607
1054
590
246
-32
-447
-1167
-2152
-3176
-4102
-4958
-5765
-6421
-6784
-6789
-6386
-5570
-4476
-3294
-2060
-717
633
1731
2452
2893
3207
3512
3899
4353
4716
4880
4909
4868
4650
4110
3283
2305
1248
109
-1091
-2323
-3527
-4608
-5448
-6074
-6581
-6983
-7146
-6955
-6414
-5572
-4466
-3160
-1757
-306
1181
2629
3886
4874
5643
6253
6701
6981
7120
7122
6966
6656
6229
5661
4908
3979
2965
1931
953
148
-352
-577
-715
-1004
-1544
-2263
-3016
-3726
-4416
-5138
-5874
-6517
-6878
-6783
-6177
-5191
-4041
-2852
-1625
-360
816
1764
2439
2957
3473
4092
4719
5174
5297
5136
4784
4307
3662
2836
1844
771
-266
-1171
-1943
-2651
-3347
-4047
-4790
-5622
-6468
-7145
-7494
-7487
-7148
-6461
-5394
-4019
-2510
-1036
324
1536
2576
3443
4148
4705
5143
5551
6003
6453
6752
6785
6503
5917
5043
3948
2695
1409
277
-488
-830
-921
-1044
-1423
-2060
-2805
-3513
-4208
-4971
-5819
-6597
-7085
-7069
-6488
-5489
-4339
-3185
-2008
-805
310
1208
1915
2582
3333
4198
5088
5826
6213
6157
5717
5034
4197
3224
2133
1019
8
-823
-1500
-2090
-2664
-3270
-3939
-4653
-5345
-5895
-6193
-6173
-5802
-5070
-4020
-2781
-1529
-381
629
1492
2214
2856
3533
4292
5079
5840
6581
7275
7782
7945
7693
7051
6068
4829
3485
2206
1148
447
168
166
94
-352
-1175
-2155
-3113
-4011
-4857
-5615
-6198
-6459
-6220
-5430
-4344
-3369
-2704
-2206
-1648
-954
-161
745
1809
3022
4316
5587
6627
7136
6910
6012
4706
3245
1796
472
-659
-1579
-2303
-2845
-3259
-3698
-4333
-5235
-6262
-7154
-7667
-7692
-7252
-6431
-5329
-4061
-2777
-1628
-727
-90
366
777
1293
2035
3055
4280
5532
6613
7396
7806
7769
7229
6215
4870
3401
2023
945
311
99
108
38
-366
-1211
-2356
-3513
-4424
-4997
-5261
-5300
-5199
-4974
-4552
-3920
-3263
-2859
-2759
-2749
-2522
-1911
-876
514
2106
3695
5107
6209
6857
6896
6274
5188
4000
3007
2265
1667
1095
485
-202
-974
-1822
-2767
-3843
-4997
-6002
-6548
-6448
-5774
-4786
-3735
-2791
-2043
-1533
-1228
-1031
-830
-482
160
1200
2587
4126
5559
6685
7398
7667
7511
6991
6224
5348
4459
3610
2837
2184
1652
1139
428
-665
-2102
-3586
-4715
-5214
-5049
-4427
-3710
-3245
-3142
-3218
-3218
-3092
-3008
-3091
-3227
-3146
-2630
-1613
-205
1358
2756
3768
4355
4631
4718
4661
4461
4118
3676
3206
2761
2311
1725
852
-370
-1830
-3277
-4461
-5235
-5575
-5529
-5176
-4626
-3996
-3376
-2821
-2383
-2143
-2108
-2168
-2117
-1789
-1153
-297
631
1500
2235
2842
3375
3880
4370
4783
5022
5028
4814
4398
3781
2991
2105
1200
317
-464
-1053
-1388
-1484
-1371
-1102
-745
-393
-148
-128
-415
-969
-1631
-2195
-2529
-2580
-2379
-1986
-1488
-974
-520
-164
124
422
792
1224
1669
2052
2345
2550
2690
2748
2668
2398
1916
1245
446
-350
-1000
-1408
-1600
-1691
-1779
-1887
-1973
-1998
-1989
-2028
-2197
-2529
-2997
-3499
-3896
-4088
-4064
-3865
-3515
-3019
-2372
-1567
-605
445
1445
2285
2932
3415
3754
3922
3859
3531
3010
2462
2037
1804
1749
1835
2002
2173
2275
2259
2103
1771
1260
627
-27
-608
-1056
-1327
-1416
-1371
-1253
-1110
-962
-850
-793
-785
-780
-724
-563
-265
148
638
1156
1664
2106
2414
2488
2254
1737
1053
333
-359
-992
-1514
-1853
-1984
-1964
-1913
-1947
-2100
-2349
-2662
-3043
-3462
-3845
-4116
-4262
-4310
-4271
-4096
-3743
-3217
-2563
-1799
-914
79
1101
2032
2765
3248
3492
3527
3360
3012
2575
2209
2053
2143
2440
2848
3241
3488
3516
3324
2950
2442
1871
1351
991
838
840
900
930
872
695
404
50
-296
-570
-713
-667
-374
160
850
1536
2075
2394
2493
2423
2206
1835
1286
605
-92
-684
-1114
-1400
-1590
-1742
-1897
-2089
-2360
-2729
-3133
-3444
-3578
-3594
-3621
-3747
-3978
-4267
-4556
-4760
-4776
-4518
-3955
-3116
-2070
-929
171
1086
1702
1959
1886
1584
1200
853
611
506
554
747
1056
1398
1668
1775
1683
1433
1118
864
780
905
1204
1572
1901
2112
2169
2057
1778
1390
989
697
589
681
933
1286
1669
2002
2213
2268
2164
1933
1666
1478
1413
1405
1322
1076
660
133
-451
-1055
-1651
-2187
-2599
-2833
-2855
-2677
-2375
-2097
-1976
-2104
-2494
-3066
-3671
-4148
-4402
-4392
-4084
-3455
-2538
-1481
-508
195
561
665
626
529
420
363
423
624
892
1121
1235
1213
1067
833
571
336
170
97
160
390
756
1152
1451
1587
1586
1517
1458
1459
1538
1702
1940
2216
2483
2670
2706
2562
2297
2040
1879
1844
1934
2150
2434
2676
2754
2598
2199
1594
838
14
-743
-1287
-1539
-1525
-1337
-1079
-855
-769
-902
-1281
-1857
-2524
-3154
-3623
-3838
-3781
-3510
-3097
-2609
-2124
-1726
-1453
-1295
-1214
-1159
-1057
-849
-553
-269
-65
53
116
116
31
-121
-258
-306
-257
-137
21
192
331
394
367
280
147
-6
-113
-88
103
410
739
1015
1198
1259
1186
987
691
367
113
28
139
421
818
1287
1760
2126
2281
2178
1861
1412
942
554
312
201
152
106
29
-93
-268
-471
-671
-856
-1059
-1309
-1574
-1795
-1947
-2065
-2184
-2304
-2390
-2414
-2365
-2240
-2044
-1785
-1470
-1104
-720
-379
-137
-18
-12
-89
-181
-202
-91
153
489
862
1235
1567
1803
1894
1833
1678
1496
1340
1235
1204
1254
1378
1545
1697
1754
1642
1347
912
443
44
-220
-313
-220
69
508
1007
1471
1853
2123
2276
2299
2205
2007
1746
1469
1210
959
670
322
-48
-376
-624
-803
-950
-1101
-1290
-1530
-1840
-2222
-2658
-3111
-3530
-3854
-4011
-3950
-3653
-3153
-2536
-1914
-1377
-951
-636
-439
-359
-364
-421
-503
-577
-594
-518
-346
-126
76
189
188
116
54
59
125
229
350
504
702
953
1243
1526
1733
1802
1708
1462
1117
771
540
474
541
674
844
1035
1227
1406
1605
1852
2151
2440
2631
2632
2427
2079
1689
1310
950
606
304
83
-35
-70
-85
-142
-276
-482
-757
-1092
-1483
-1905
-2309
-2634
-2815
-2813
-2636
-2333
-1972
-1594
-1225
-895
-638
-446
-278
-136
-76
-150
-321
-503
-631
-696
-729
-745
-746
-712
-653
-591
-548
-509
-460
-391
-284
-105
163
503
867
1183
1381
1421
1329
1155
918
632
347
123
3
1
146
452
880
1341
1738
2007
2116
2076
1953
1811
1663
1485
1268
1040
818
604
414
276
211
205
209
157
20
-179
-393
-590
-782
-986
-1227
-1492
-1734
-1890
-1938
-1884
-1727
-1486
-1232
-1027
-882
-785
-757
-824
-964
-1122
-1258
-1347
-1374
-1346
-1278
-1179
-1046
-897
-780
-727
-720
-701
-615
-429
-144
209
579
915
1165
1279
1223
1026
770
536
349
196
88
58
131
301
555
867
1185
1432
1568
1615
1650
1722
1813
1875
1884
1845
1764
1655
1525
1358
1132
881
702
669
746
828
843
786
661
450
135
-259
-669
-1033
-1306
-1463
-1485
-1391
-1206
-972
-736
-561
-516
-615
-826
-1073
-1290
-1433
-1494
-1485
-1406
-1266
-1088
-931
-842
-822
-814
-742
-567
-298
22
365
701
1007
1228
1315
1234
985
627
248
-78
-350
-599
-819
-952
-945
-795
-549
-271
-20
165
268
312
349
445
607
761
823
782
685
571
442
293
140
22
-9
70
234
396
462
374
136
-201
-591
-990
-1348
-1609
-1737
-1710
-1525
-1201
-810
-460
-222
-106
-74
-87
-128
-204
-304
-383
-378
-280
-147
-52
-20
-33
-66
-104
-121
-81
50
289
611
950
1221
1379
1427
1382
1240
1004
710
408
141
-56
-179
-239
-262
-267
-270
-275
-268
-214
-86
104
317
530
746
958
1133
1228
1210
1086
904
738
651
672
783
928
1055
1118
1060
823
409
-101
-619
-1095
-1488
-1717
-1725
-1544
-1271
-998
-778
-640
-590
-628
-722
-803
-787
-653
-446
-219
2
211
365
427
392
292
155
23
-54
-27
126
390
704
947
1022
921
738
570
445
340
231
128
60
39
51
48
-30
-209
-426
-589
-631
-551
-363
-87
239
569
850
1033
1091
1039
939
852
796
754
694
617
535
475
444
425
362
191
-110
-507
-922
-1295
-1574
-1737
-1786
-1762
-1713
-1676
-1669
-1694
-1727
-1736
-1712
-1646
-1514
-1302
-1031
-744
-483
-285
-168
-120
-93
-47
33
119
189
252
331
428
516
570
571
524
458
394
332
258
167
84
37
29
23
-39
-143
-231
-249
-214
-149
-39
149
406
680
915
1085
1205
1281
1344
1431
1562
1697
1786
1817
1812
1750
1587
1327
1024
736
455
162
-139
-422
-674
-877
-998
-1017
-969
-909
-864
-820
-773
-721
-646
-543
-433
-351
-295
-243
-180
-109
-37
7
-9
-80
-156
-192
-176
-120
-44
21
47
42
54
115
189
209
149
69
58
138
226
219
76
-145
-335
-440
-468
-463
-460
-492
-562
-650
-688
-639
-498
-293
-69
141
340
573
846
1088
1209
1211
1169
1150
1139
1087
969
800
634
490
336
112
-199
-535
-827
-1048
-1218
-1350
-1418
-1379
-1232
-1012
-785
-598
-484
-445
-475
-529
-552
-512
-460
-450
-475
-476
-431
-370
-321
-299
-306
-338
-372
-365
-280
-99
171
479
748
913
957
921
861
815
778
740
694
632
551
466
393
335
285
252
245
241
206
149
116
150
246
369
491
587
647
658
626
545
433
332
295
333
395
406
311
107
-191
-527
-836
-1052
-1171
-1226
-1255
-1276
-1288
-1288
-1249
-1128
-916
-672
-478
-371
-325
-298
-284
-291
-327
-398
-508
-626
-694
-689
-651
-649
-682
-675
-558
-364
-173
-36
70
183
305
424
522
598
674
772
890
992
1060
1098
1120
1112
1049
935
819
781
841
947
1011
1011
985
990
1047
1123
1166
1160
1127
1110
1096
1054
963
838
708
590
485
374
259
167
111
70
6
-97
-245
-428
-622
-790
-911
-974
-994
-1006
-1046
-1110
-1165
-1194
-1196
-1177
-1147
-1139
-1202
-1329
-1470
-1577
-1631
-1614
-1526
-1403
-1293
-1185
-1014
-761
-485
-264
-130
-66
-16
71
204
353
481
584
660
692
666
609
575
601
686
795
901
978
1032
1077
1128
1196
1280
1368
1419
1395
1304
1206
1164
1189
1246
1293
1304
1269
1169
1012
816
593
327
33
-262
-543
-820
-1074
-1265
-1365
-1391
-1367
-1324
-1283
-1247
-1233
-1268
-1369
-1499
-1605
-1659
-1678
-1678
-1680
-1676
-1652
-1599
-1531
-1460
-1368
-1220
-1006
-739
-446
-151
128
384
585
704
723
679
624
589
565
547
544
568
609
629
594
500
386
305
304
370
450
491
507
554
659
788
892
943
960
979
1022
1077
1123
1167
1236
1330
1417
1465
1435
1304
1079
829
619
460
318
177
60
-33
-126
-243
-360
-451
-516
-583
-659
-732
-782
-802
-796
-773
-749
-732
-755
-833
-952
-1062
-1110
-1082
-1002
-913
-844
-775
-650
-443
-185
63
243
327
317
254
218
248
321
372
378
345
273
140
-49
-239
-363
-392
-372
-365
-397
-442
-450
-400
-302
-190
-76
65
261
494
712
878
1000
1119
1268
1440
1576
1605
1504
1316
1102
911
761
639
511
358
182
-5
-195
-384
-547
-676
-767
-823
-845
-856
-889
-956
-1022
-1059
-1067
-1043
-979
-883
-780
-694
-623
-567
-518
-462
-389
-315
-271
-250
-212
-140
-71
-32
-7
49
125
169
155
99
37
-12
-39
-36
-17
-18
-61
-146
-214
-224
-185
-144
-121
-94
-56
0
75
178
297
426
562
702
834
965
1106
1233
1302
1301
1276
1256
1228
1143
972
738
500
301
124
-69
-277
-470
-619
-723
-787
-839
-918
-1025
-1119
-1155
-1133
-1088
-1061
-1064
-1076
-1063
-1005
-919
-819
-712
-605
-499
-387
-262
-137
-37
36
86
123
157
196
230
227
193
159
149
156
162
167
162
123
42
-37
-58
-22
30
66
119
251
474
730
933
1045
1113
1212
1371
1540
1633
1604
1491
1367
1269
1186
1106
1041
995
967
947
925
863
710
462
180
-52
-206
-320
-420
-485
-515
-564
-675
-815
-907
-923
-877
-795
-698
-614
-566
-554
-574
-619
-671
-705
-710
-703
-696
-689
-667
-643
-630
-632
-620
-563
-468
-375
-337
-363
-427
-480
-494
-483
-475
-488
-500
-514
-543
-597
-636
-602
-470
-271
-59
132
310
508
733
956
1144
1265
1316
1310
1264
1190
1079
947
821
731
670
611
530
430
329
229
137
45
-58
-193
-356
-516
-638
-714
-763
-796
-818
-810
-756
-665
-572
-529
-546
-602
-659
-709
-761
-793
-780
-736
-707
-700
-661
-543
-359
-175
-57
-23
-30
-15
44
122
201
283
366
408
364
239
95
-2
-35
-32
-18
8
55
116
177
252
347
457
560
670
813
970
1108
1219
1326
1445
1540
1560
1488
1358
1217
1086
961
839
719
581
405
176
-95
-374
-623
-820
-962
-1052
-1092
-1082
-1030
-955
-859
-730
-557
-357
-159
-8
47
-15
-161
-305
-383
-391
-365
-343
-329
-299
-225
-103
29
117
140
125
119
141
169
177
155
113
71
39
34
57
90
94
58
-21
-138
-265
-367
-417
-413
-346
-220
-80
21
77
118
166
234
320
419
509
571
611
619
591
531
472
445
446
433
342
167
-56
-297
-553
-809
-1012
-1131
-1178
-1172
-1118
-1013
-866
-670
-430
-206
-85
-116
-250
-389
-453
-440
-395
-333
-240
-106
22
87
62
-16
-79
-79
-22
62
152
246
324
354
318
244
164
86
0
-94
-183
-247
-274
-260
-206
-131
-58
-2
56
137
224
259
223
168
185
313
496
641
691
665
627
636
712
823
933
998
1018
1019
1017
1002
929
802
654
506
350
170
-19
-177
-289
-357
-396
-421
-435
-437
-419
-401
-409
-452
-507
-546
-570
-604
-638
-634
-562
-444
-325
-247
-211
-176
-97
40
191
308
368
394
415
450
482
471
400
289
182
104
50
6
-27
-45
-74
-142
-236
-303
-299
-238
-172
-154
-185
-231
-253
-248
-220
-175
-93
13
104
162
193
223
259
306
349
356
302
204
102
18
-46
-98
-146
-205
-278
-351
-392
-378
-299
-177
-51
40
64
10
-112
-249
-352
-417
-475
-539
-598
-641
-648
-586
-445
-277
-145
-72
-37
-16
4
39
102
195
300
393
446
433
352
234
125
51
6
-36
-81
-136
-208
-292
-357
-373
-344
-294
-252
-236
-239
-238
-209
-149
-84
-18
57
146
242
348
457
528
509
406
272
175
133
121
100
40
-47
-132
-184
-205
-197
-161
-109
-82
-114
-177
-219
-219
-220
-241
-256
-220
-131
-18
85
163
231
307
395
486
560
606
616
592
554
523
515
531
561
592
620
643
643
589
477
360
296
298
317
288
187
47
-77
-145
-164
-176
-224
-306
-398
-470
-510
-523
-507
-457
-353
-182
42
247
353
323
202
71
-23
-74
-88
-64
-33
-58
-174
-345
-489
-571
-595
-598
-600
-612
-635
-657
-667
-647
-614
-606
-644
-697
-705
-643
-524
-385
-247
-106
54
231
392
501
565
615
672
739
806
851
862
846
806
725
600
470
369
291
218
151
95
31
-66
-189
-298
-358
-357
-318
-264
-226
-194
-156
-102
-37
28
87
119
125
132
173
262
380
502
603
665
689
688
682
658
611
540
452
335
185
32
-85
-155
-220
-336
-506
-679
-808
-891
-954
-1010
-1055
-1080
-1060
-978
-853
-732
-660
-639
-629
-590
-517
-424
-326
-226
-120
11
181
377
537
602
566
497
473
504
518
447
299
138
28
-17
-34
-69
-134
-189
-187
-119
-15
73
112
101
85
105
146
171
172
179
228
324
446
552
616
645
666
672
637
552
441
320
190
37
-121
-223
-217
-133
-77
-112
-212
-306
-364
-402
-444
-486
-510
-514
-506
-498
-476
-423
-358
-325
-345
-367
-324
-210
-92
-38
-45
-54
-11
81
190
278
318
310
267
215
173
155
165
203
257
294
276
183
38
-100
-191
-230
-242
-232
-190
-116
-15
91
166
160
84
1
-28
-1
56
104
137
172
240
352
471
544
545
490
397
305
267
294
326
292
186
61
-31
-64
-36
36
112
152
150
115
79
64
72
98
117
105
54
-6
-44
-47
-33
-11
11
30
36
31
29
35
28
-17
-95
-169
-205
-186
-122
-60
-47
-94
-161
-214
-252
-301
-373
-452
-497
-468
-374
-262
-198
-221
-328
-462
-572
-628
-643
-636
-611
-561
-488
-405
-326
-260
-223
-216
-219
-204
-166
-137
-150
-187
-197
-164
-127
-135
-169
-187
-168
-157
-190
-256
-305
-304
-244
-149
-46
37
85
98
91
96
139
217
286
305
271
222
206
227
245
206
115
37
44
134
221
228
172
119
122
165
203
207
187
159
130
107
121
186
286
385
471
533
535
459
346
271
262
305
369
440
521
606
676
709
723
763
847
944
995
969
881
780
719
715
738
755
750
721
672
614
560
495
407
307
214
129
38
-60
-155
-247
-334
-416
-482
-527
-563
-594
-636
-688
-757
-828
-874
-896
-908
-930
-943
-919
-864
-810
-790
-821
-879
-907
-860
-777
-757
-853
-1005
-1106
-1099
-988
-808
-614
-462
-367
-291
-197
-86
9
78
117
121
81
22
-7
21
105
222
361
502
636
752
844
869
795
663
551
495
456
385
273
157
61
-4
-61
-119
-175
-220
-236
-201
-88
91
261
341
320
264
232
213
156
45
-79
-170
-211
-221
-223
-225
-217
-182
-126
-71
-44
-49
-82
-135
-178
-184
-152
-108
-81
-78
-94
-117
-146
-185
-220
-216
-153
-72
-24
-25
-38
-24
31
108
173
193
163
98
39
28
69
121
147
170
226
309
390
464
540
600
633
648
667
672
625
517
384
274
203
165
134
102
71
33
-1
-18
-19
-44
-111
-178
-188
-143
-91
-69
-73
-96
-127
-148
-149
-139
-143
-156
-149
-97
-9
85
158
195
183
115
18
-49
-54
-23
-13
-48
-118
-189
-239
-266
-285
-316
-357
-394
-422
-450
-478
-493
-476
-423
-339
-254
-195
-176
-169
-132
-46
77
216
347
438
468
446
413
388
369
351
345
364
395
405
374
333
297
279
270
277
297
304
281
211
88
-86
-259
-374
-393
-325
-210
-83
15
69
75
54
22
-6
-22
-28
-42
-92
-194
-325
-428
-460
-435
-405
-385
-353
-312
-315
-375
-435
-430
-375
-334
-340
-391
-474
-567
-611
-579
-501
-435
-410
-421
-469
-539
-609
-635
-607
-533
-439
-346
-242
-119
24
144
204
200
163
140
159
217
285
327
313
251
189
182
245
316
325
265
199
184
211
238
242
252
292
337
324
228
112
42
41
74
101
115
128
159
229
336
455
551
618
666
705
731
718
673
631
638
688
725
705
631
533
422
312
224
178
165
166
174
188
204
224
252
305
371
417
417
393
378
395
455
534
587
559
446
296
181
140
164
215
245
211
102
-36
-146
-210
-265
-357
-482
-608
-676
-647
-548
-458
-447
-520
-635
-737
-769
-706
-575
-462
-419
-440
-486
-532
-576
-610
-620
-600
-561
-533
-534
-542
-515
-426
-314
-235
-229
-293
-391
-486
-555
-598
-620
-640
-726
-948
-1240
-1347
-1053
-445
108
285
53
-295
-385
-17
577
853
410
-542
-1236
-994
109
1236
1551
1024
410
364
827
1237
1173
550
-445
-1398
-1754
-1265
-291
462
695
595
425
150
-207
-355
-175
-40
-308
-663
-497
264
1124
1710
1982
1984
1836
1836
2129
2366
2124
1520
1070
1041
1247
1412
1331
902
165
-575
-986
-1063
-1091
-1328
-1708
-2018
-2125
-2048
-1844
-1552
-1204
-822
-438
-111
111
293
523
767
894
900
880
839
652
321
34
-60
-49
-126
-340
-584
-762
-929
-1163
-1427
-1558
-1438
-1092
-651
-261
8
208
463
817
1219
1587
1900
2132
2230
2170
2018
1855
1683
1445
1092
515
-489
-1946
-3467
-4451
-4632
-4239
-3728
-3488
-3687
-4127
-4310
-3863
-2863
-1656
-529
346
885
1146
1360
1730
2336
3095
3757
4006
3717
3084
2344
1555
730
2
-507
-872
-1264
-1762
-2330
-2844
-3072
-2734
-1760
-415
893
1929
2736
3469
4279
5248
6351
7397
8068
8150
7640
6597
4945
2708
294
-1641
-2808
-3495
-4227
-5329
-6718
-7910
-8289
-7706
-6683
-5804
-5048
-4052
-2754
-1422
-215
973
2302
3871
5568
6961
7565
7294
6435
5222
3724
2120
683
-539
-1788
-3317
-5144
-7051
-8626
-9522
-9706
-9363
-8527
-7034
-4952
-2716
-738
999
2816
4923
7145
9032
10185
10621
10707
10755
10720
10349
9507
8174
6272
3632
336
-3120
-6059
-8066
-9155
-9623
-9931
-10367
-10782
-10595
-9483
-7693
-5662
-3531
-1300
849
2680
4121
5275
6288
7275
8112
8445
8030
6988
5561
3849
1979
149
-1538
-3176
-4817
-6430
-7948
-9257
-10111
-10302
-9817
-8700
-6975
-4752
-2335
21
2251
4400
6453
8275
9642
10361
10489
10300
10055
9781
9309
8420
6907
4659
1688
-1755
-5152
-7867
-9526
-10193
-10181
-9835
-9433
-9066
-8484
-7352
-5641
-3628
-1534
560
2505
4096
5248
6000
6458
6844
7308
7626
7330
6255
4699
3025
1353
-351
-2098
-3806
-5306
-6456
-7262
-7837
-8178
-8115
-7493
-6292
-4611
-2615
-537
1462
3336
5098
6723
8132
9242
9990
10368
10427
10251
9873
9258
8349
7005
4955
1951
-1742
-5246
-7654
-8685
-8690
-8237
-7826
-7694
-7606
-7098
-6059
-4803
-3571
-2243
-716
822
2096
2945
3363
3537
3794
4192
4374
3965
3047
2003
1071
148
-1014
-2499
-4117
-5554
-6650
-7428
-7967
-8225
-8080
-7383
-6116
-4453
-2622
-742
1189
3148
5080
6911
8491
9565
9965
9779
9280
8738
8263
7813
7105
5733
3344
54
-3453
-6273
-7897
-8395
-8147
-7600
-7073
-6643
-6110
-5392
-4645
-3939
-3001
-1603
68
1667
3005
4020
4633
4879
4840
4497
3782
2804
1804
943
182
-673
-1796
-3150
-4473
-5568
-6403
-6977
-7204
-7060
-6607
-5879
-4856
-3542
-1996
-253
1684
3777
5896
7782
9142
9827
9901
9570
9071
8570
8063
7383
6270
4428
1684
-1649
-4834
-7147
-8307
-8367
-7659
-6722
-5933
-5200
-4289
-3315
-2493
-1729
-786
299
1374
2424
3436
4308
4987
5450
5460
4805
3651
2413
1344
478
-223
-905
-1765
-2863
-4078
-5291
-6391
-7157
-7333
-6835
-5783
-4363
-2772
-1200
231
1561
2961
4567
6297
7880
9071
9761
9946
9659
9016
8158
7102
5641
3493
646
-2446
-5172
-7154
-8328
-8726
-8513
-7968
-7236
-6233
-5013
-3931
-3155
-2422
-1470
-431
515
1424
2412
3439
4408
5120
5215
4490
3175
1707
332
-831
-1699
-2295
-2824
-3462
-4296
-5354
-6532
-7506
-7881
-7434
-6157
-4250
-2100
-165
1323
2469
3565
4816
6202
7521
8576
9288
9621
9511
8949
7958
6441
4182
1234
-1910
-4707
-6930
-8533
-9384
-9411
-8765
-7669
-6223
-4615
-3200
-2201
-1458
-691
168
1110
2222
3547
4875
5907
6409
6230
5319
3900
2364
975
-272
-1452
-2513
-3316
-3836
-4262
-4802
-5479
-6117
-6532
-6575
-6128
-5098
-3494
-1466
726
2782
4512
5902
7038
7969
8699
9231
9609
9891
10094
10098
9559
7983
5108
1299
-2581
-5728
-7810
-8829
-8929
-8393
-7558
-6577
-5452
-4327
-3424
-2722
-1978
-1102
-181
768
1808
2917
4019
5053
5811
5961
5345
4116
2550
893
-681
-2079
-3229
-4013
-4436
-4779
-5352
-6150
-6880
-7257
-7112
-6400
-5173
-3515
-1476
801
2977
4711
5891
6612
7006
7211
7376
7626
8029
8521
8705
7915
5722
2396
-1345
-4836
-7594
-9247
-9702
-9233
-8179
-6709
-5024
-3526
-2510
-1904
-1463
-1044
-538
213
1288
2583
3913
5095
5856
5931
5236
3970
2412
769
-840
-2311
-3472
-4179
-4435
-4474
-4578
-4886
-5317
-5705
-5874
-5683
-4984
-3681
-1766
581
2979
5013
6425
7167
7307
6996
6505
6121
6046
6282
6527
6209
4863
2562
-226
-3057
-5656
-7663
-8723
-8727
-7853
-6310
-4406
-2596
-1304
-617
-382
-427
-509
-304
390
1482
2778
4090
5154
5631
5359
4415
2976
1261
-478
-2027
-3257
-4041
-4312
-4189
-3918
-3694
-3633
-3768
-3962
-3890
-3292
-2149
-555
1445
3709
5842
7353
8021
7976
7502
6860
6285
6000
6032
6093
5618
4260
2121
-368
-2873
-5177
-7060
-8275
-8617
-7968
-6371
-4243
-2186
-671
168
354
49
-397
-556
-179
768
2182
3751
4999
5558
5363
4505
3089
1287
-638
-2391
-3714
-4455
-4690
-4638
-4450
-4171
-3861
-3630
-3504
-3344
-2909
-1989
-532
1317
3317
5212
6746
7662
7815
7309
6409
5437
4574
3801
2873
1623
119
-1446
-3023
-4650
-6180
-7386
-8055
-8062
-7229
-5628
-3617
-1651
23
1195
1604
1215
375
-355
-566
-59
1052
2402
3543
4192
4174
3382
1875
-84
-2140
-3959
-5244
-5880
-5914
-5445
-4566
-3503
-2542
-1808
-1237
-775
-339
303
1398
2939
4662
6258
7477
8168
8217
7595
6395
4941
3552
2289
951
-524
-1980
-3253
-4311
-5136
-5676
-5946
-5871
-5283
-4128
-2684
-1223
170
1389
2137
2225
1772
1087
489
261
518
1120
1879
2622
3060
2819
1823
316
-1409
-3105
-4473
-5299
-5599
-5468
-4911
-3979
-2890
-1826
-835
98
922
1589
2116
2652
3445
4615
5961
7092
7746
7862
7478
6725
5708
4363
2520
283
-1919
-3693
-4937
-5691
-5940
-5751
-5302
-4705
-3873
-2757
-1466
-168
1051
2040
2615
2698
2351
1685
889
305
186
503
1024
1546
1872
1816
1265
211
-1254
-2860
-4191
-4996
-5347
-5396
-5134
-4535
-3680
-2655
-1480
-226
1019
2224
3381
4404
5228
5871
6366
6668
6711
6436
5803
4834
3554
1905
-145
-2378
-4439
-6082
-7227
-7730
-7499
-6606
-5253
-3613
-1935
-511
566
1433
2123
2469
2387
2039
1656
1344
1143
1017
887
747
650
528
201
-378
-1143
-2047
-3088
-4133
-4999
-5593
-5873
-5774
-5258
-4356
-3115
-1618
-13
1557
3039
4390
5538
6398
6943
7190
7231
7175
7067
6849
6385
5470
3875
1605
-1033
-3631
-5924
-7709
-8768
-8998
-8444
-7146
-5097
-2516
102
2241
3631
4198
4012
3304
2416
1626
1141
1115
1532
2117
2524
2555
2143
1281
37
-1434
-2990
-4459
-5614
-6297
-6553
-6516
-6204
-5550
-4522
-3183
-1622
36
1676
3228
4689
6050
7250
8182
8735
8872
8621
8051
7239
6206
4850
2992
688
-1714
-3909
-5876
-7635
-8976
-9662
-9574
-8618
-6744
-4222
-1568
815
2755
4050
4505
4208
3540
2845
2326
2087
2124
2320
2534
2615
2313
1449
88
-1573
-3418
-5292
-6856
-7772
-7948
-7510
-6642
-5516
-4273
-3020
-1847
-773
332
1647
3213
4916
6610
8147
9354
10074
10186
9611
8451
6976
5315
3264
735
-1924
-4277
-6233
-7825
-8903
-9351
-9191
-8404
-6889
-4817
-2563
-381
1631
3222
4105
4280
3989
3463
2886
2459
2274
2296
2428
2505
2241
1431
144
-1442
-3199
-4966
-6476
-7518
-7998
-7866
-7155
-6039
-4733
-3307
-1808
-364
904
2077
3356
4848
6464
7968
9163
9982
10444
10448
9858
8677
7014
4884
2311
-508
-3263
-5740
-7770
-9201
-10007
-10232
-9776
-8478
-6473
-4122
-1717
576
2485
3722
4232
4237
3991
3672
3372
3094
2838
2620
2412
2066
1463
577
-598
-2066
-3725
-5368
-6781
-7744
-8076
-7766
-6999
-5947
-4688
-3271
-1781
-281
1228
2784
4429
6141
7774
9118
10028
10467
10448
10028
9247
8030
6270
4026
1547
-994
-3540
-5962
-7984
-9429
-10237
-10333
-9568
-7983
-5838
-3466
-1138
894
2390
3262
3560
3437
3082
2711
2467
2387
2424
2472
2347
1876
1004
-231
-1774
-3517
-5266
-6787
-7865
-8306
-8052
-7243
-6102
-4788
-3384
-1978
-622
662
1890
3149
4548
6059
7513
8783
9816
10473
10594
10173
9245
7712
5516
2919
233
-2439
-5073
-7392
-9106
-10111
-10398
-9850
-8461
-6487
-4261
-1983
163
1851
2832
3135
3060
2867
2704
2636
2737
3032
3438
3729
3623
2950
1692
-46
-2105
-4221
-6084
-7431
-8135
-8166
-7548
-6363
-4805
-3148
-1620
-315
783
1738
2681
3775
5069
6466
7830
9072
10065
10680
10854
10489
9368
7384
4793
1955
-955
-3818
-6317
-8187
-9399
-9946
-9656
-8504
-6796
-4876
-2890
-993
527
1510
2000
2126
2005
1858
1850
2002
2251
2561
2828
2868
2543
1770
507
-1195
-3141
-5120
-6932
-8303
-8936
-8713
-7750
-6278
-4521
-2697
-961
560
1776
2734
3638
4660
5755
6794
7738
8593
9284
9754
9915
9531
8320
6309
3787
970
-2011
-4859
-7156
-8738
-9629
-9773
-9061
-7647
-5864
-3966
-2099
-465
762
1571
2017
2104
1908
1646
1498
1497
1614
1835
2057
2080
1695
771
-671
-2408
-4142
-5668
-6843
-7530
-7621
-7153
-6252
-5067
-3726
-2318
-873
551
1863
3046
4159
5203
6083
6808
7504
8228
8915
9505
9855
9652
8567
6591
3986
1039
-1984
-4720
-6816
-8127
-8674
-8492
-7621
-6214
-4486
-2638
-869
568
1501
1917
1963
1818
1656
1610
1737
2031
2433
2865
3196
3253
2861
1929
514
-1226
-3069
-4758
-6018
-6679
-6762
-6374
-5621
-4600
-3462
-2304
-1121
107
1313
2400
3351
4187
4921
5566
6198
6872
7580
8248
8731
8794
8135
6611
4326
1553
-1470
-4447
-6975
-8642
-9295
-9034
-8056
-6554
-4794
-3072
-1602
-513
160
479
587
579
507
463
571
863
1268
1686
2013
2130
1928
1349
369
-950
-2474
-3997
-5290
-6158
-6535
-6501
-6123
-5409
-4397
-3216
-1958
-660
591
1674
2602
3480
4348
5179
6008
6883
7762
8554
9186
9480
9101
7803
5675
2998
23
-3021
-5742
-7738
-8795
-8934
-8257
-6944
-5306
-3693
-2338
-1287
-522
10
346
518
556
569
712
1081
1591
2079
2451
2692
2752
2505
1905
980
-232
-1702
-3237
-4540
-5422
-5885
-5962
-5636
-4932
-3950
-2806
-1556
-295
889
1978
3042
4086
5045
5892
6716
7582
8414
9074
9407
9228
8309
6581
4203
1453
-1385
-4014
-6123
-7546
-8281
-8386
-7870
-6831
-5544
-4314
-3246
-2302
-1489
-870
-425
-45
329
710
1140
1653
2176
2592
2858
2991
2973
2758
2324
1669
754
-474
-1951
-3455
-4703
-5489
-5722
-5391
-4605
-3565
-2430
-1249
-53
1066
2071
3027
4001
4989
5989
7000
7996
8880
9530
9784
9434
8291
6343
3836
1168
-1353
-3632
-5633
-7248
-8306
-8737
-8538
-7798
-6685
-5444
-4228
-3136
-2244
-1619
-1207
-914
-666
-396
-37
419
926
1466
2028
2561
2956
3105
2884
2213
1101
-341
-1937
-3480
-4766
-5670
-6113
-6052
-5502
-4604
-3548
-2438
-1324
-250
777
1843
3046
4407
5836
7196
8344
9197
9693
9762
9286
8193
6489
4307
1890
-518
-2792
-4915
-6782
-8209
-9054
-9325
-9023
-8138
-6770
-5181
-3648
-2348
-1366
-715
-318
-64
134
344
646
1128
1823
2697
3620
4390
4777
4627
3898
2682
1104
-673
-2429
-3902
-4904
-5447
-5608
-5443
-4973
-4282
-3453
-2524
-1479
-281
1121
2748
4502
6215
7742
8999
9860
10219
10060
9503
8635
7459
5918
4026
1892
-340
-2557
-4668
-6518
-7929
-8762
-8985
-8588
-7632
-6295
-4871
-3579
-2503
-1656
-1039
-602
-254
93
543
1193
2063
3017
3885
4527
4852
4795
4324
3437
2184
711
-814
-2287
-3631
-4692
-5361
-5707
-5857
-5780
-5379
-4666
-3700
-2468
-945
762
2528
4298
6009
7485
8559
9199
9465
9416
9075
8449
7550
6374
4862
2934
710
-1547
-3652
-5573
-7189
-8284
-8829
-8956
-8677
-7891
-6773
-5675
-4722
-3771
-2790
-1919
-1174
-429
376
1180
1923
2554
3031
3362
3559
3573
3405
3137
2771
2162
1214
-8
-1432
-2995
-4509
-5751
-6653
-7221
-7326
-6806
-5726
-4291
-2625
-782
1137
2985
4654
6064
7170
7959
8426
8549
8378
7997
7428
6631
5660
4586
3372
1910
273
-1353
-2881
-4377
-5828
-7123
-8162
-8876
-9143
-8858
-8062
-6872
-5359
-3589
-1792
-252
880
1640
2089
2277
2281
2285
2505
3044
3779
4446
4852
4943
4680
3952
2710
1053
-803
-2643
-4253
-5447
-6133
-6319
-6061
-5407
-4428
-3213
-1821
-271
1363
2936
4315
5464
6399
7119
7580
7771
7729
7519
7184
6734
6167
5514
4786
3883
2650
1059
-764
-2707
-4696
-6554
-8017
-8956
-9388
-9301
-8623
-7422
-5927
-4323
-2701
-1199
5
864
1481
1959
2351
2734
3187
3735
4326
4868
5232
5326
5116
4587
3680
2365
740
-1077
-2990
-4870
-6477
-7614
-8231
-8333
-7846
-6707
-5040
-3135
-1250
506
2095
3440
4471
5217
5792
6272
6630
6812
6819
6683
6405
5984
5413
4685
3765
2640
1308
-230
-1935
-3722
-5459
-7045
-8323
-9161
-9504
-9397
-8822
-7781
-6384
-4868
-3365
-1931
-673
275
946
1536
2178
2867
3568
4300
5032
5679
6084
6102
5599
4558
3034
1096
-1127
-3379
-5366
-6921
-7968
-8434
-8250
-7470
-6221
-4651
-2919
-1203
379
1771
2905
3694
4127
4291
4323
4380
4612
5056
5624
6214
6739
7096
7164
6912
6361
5523
4415
3102
1647
93
-1501
-3057
-4515
-5807
-6832
-7565
-8034
-8197
-7882
-7012
-5699
-4074
-2175
-132
1789
3369
4536
5218
5350
5036
4494
3864
3197
2608
2215
2003
1830
1588
1215
677
-22
-832
-1702
-2561
-3297
-3854
-4248
-4514
-4639
-4660
-4620
-4471
-4132
-3585
-2834
-1813
-513
929
2359
3725
5002
6127
7075
7835
8307
8339
7904
7125
6161
5113
4046
3002
1937
761
-583
-1985
-3312
-4502
-5595
-6540
-7271
-7776
-8081
-8085
-7669
-6878
-5828
-4544
-3037
-1527
-306
510
1007
1259
1357
1463
1718
2151
2754
3516
4324
4982
5285
5104
4325
2924
992
-1303
-3763
-6137
-8160
-9630
-10397
-10343
-9476
-8016
-6234
-4282
-2252
-299
1426
2883
4103
5102
5921
6613
7206
7696
8106
8454
8696
8766
8605
8147
7379
6383
5265
4014
2636
1189
-282
-1832
-3406
-4843
-6047
-7072
-7913
-8499
-8799
-8752
-8154
-6865
-5070
-3043
-907
1253
3179
4649
5580
5957
5740
5035
4051
2973
2001
1346
1056
920
754
523
169
-461
-1385
-2458
-3597
-4824
-6048
-7042
-7615
-7671
-7151
-6090
-4702
-3222
-1744
-234
1315
2875
4407
5841
7043
7879
8311
8386
8191
7779
7163
6335
5329
4195
2963
1649
347
-819
-1750
-2443
-2885
-3024
-2831
-2416
-1994
-1674
-1475
-1422
-1625
-2093
-2736
-3442
-4177
-4804
-5126
-5061
-4689
-4071
-3222
-2312
-1613
-1254
-1126
-1105
-1136
-1140
-984
-574
100
996
1982
2853
3400
3488
3069
2234
1221
267
-518
-1125
-1532
-1753
-1824
-1764
-1551
-1254
-1025
-923
-855
-727
-544
-296
111
744
1578
2475
3295
3967
4528
5027
5405
5555
5412
5009
4438
3805
3216
2707
2288
1982
1788
1626
1402
1085
637
-45
-1009
-2188
-3472
-4830
-6192
-7410
-8295
-8702
-8486
-7616
-6246
-4627
-2937
-1268
251
1507
2498
3287
3903
4365
4746
5129
5501
5771
5844
5694
5330
4739
3872
2670
1196
-409
-2028
-3636
-5159
-6417
-7250
-7665
-7707
-7313
-6407
-5083
-3599
-2168
-888
212
1112
1802
2284
2599
2826
3050
3286
3528
3810
4158
4502
4707
4690
4464
4075
3540
2878
2117
1337
641
107
-292
-593
-820
-996
-1218
-1529
-1850
-2072
-2195
-2273
-2318
-2321
-2283
-2182
-1971
-1696
-1462
-1293
-1139
-1010
-950
-929
-891
-892
-974
-1019
-848
-420
199
921
1661
2291
2696
2754
2328
1351
-76
-1781
-3608
-5389
-6894
-7914
-8360
-8222
-7505
-6284
-4734
-3079
-1505
-156
881
1609
2076
2352
2502
2629
2821
3137
3645
4390
5289
6134
6760
7157
7351
7282
6844
6006
4852
3555
2311
1255
438
-103
-291
-99
368
888
1260
1378
1247
881
262
-611
-1589
-2455
-3092
-3489
-3611
-3407
-2953
-2472
-2144
-2014
-2070
-2321
-2742
-3250
-3734
-4061
-4101
-3755
-3017
-1913
-507
1034
2440
3504
4156
4382
4158
3519
2546
1305
-121
-1529
-2686
-3450
-3747
-3509
-2756
-1657
-449
679
1541
1980
1941
1513
836
61
-662
-1188
-1426
-1299
-774
109
1198
2341
3411
4307
4897
5110
4973
4569
3982
3295
2636
2113
1771
1588
1534
1570
1664
1757
1755
1491
844
-173
-1452
-2925
-4540
-6162
-7576
-8624
-9221
-9275
-8735
-7673
-6283
-4751
-3255
-1963
-1011
-394
-15
254
574
1116
1965
3071
4325
5619
6800
7702
8197
8200
7632
6446
4722
2649
437
-1743
-3756
-5476
-6760
-7524
-7798
-7710
-7370
-6835
-6175
-5534
-5044
-4702
-4389
-3959
-3324
-2430
-1232
291
2074
3940
5701
7227
8431
9192
9389
8956
7992
6708
5337
4027
2877
2011
1565
1552
1816
2122
2304
2290
2073
1653
993
71
-1060
-2233
-3309
-4226
-4956
-5399
-5484
-5215
-4660
-3847
-2827
-1709
-674
172
782
1116
1135
903
609
436
493
811
1372
2090
2880
3668
4346
4708
4559
3816
2541
857
-1095
-3178
-5200
-6921
-8117
-8694
-8690
-8186
-7276
-6095
-4795
-3534
-2465
-1694
-1215
-900
-606
-234
277
1000
1969
3185
4616
6169
7635
8772
9398
9425
8833
7690
6180
4540
2953
1562
497
-156
-389
-280
35
333
397
136
-375
-1046
-1821
-2659
-3469
-4183
-4717
-4987
-4944
-4653
-4195
-3608
-2968
-2433
-2082
-1828
-1582
-1376
-1259
-1165
-1031
-852
-663
-433
-158
157
522
955
1408
1821
2152
2354
2358
2163
1821
1327
664
-111
-870
-1588
-2275
-2905
-3410
-3766
-3968
-3963
-3739
-3354
-2842
-2177
-1374
-537
261
1036
1772
2368
2743
2936
3044
3129
3203
3262
3278
3224
3099
2931
2745
2575
2464
2412
2377
2318
2237
2127
1966
1753
1527
1318
1121
942
840
878
1089
1448
1838
2044
1864
1299
480
-457
-1466
-2473
-3394
-4151
-4663
-4768
-4396
-3692
-2904
-2169
-1539
-1110
-953
-1015
-1157
-1290
-1312
-1132
-690
-31
798
1724
2607
3245
3493
3294
2614
1461
-73
-1832
-3633
-5278
-6568
-7368
-7661
-7472
-6844
-5851
-4622
-3312
-2078
-1078
-414
-66
61
100
194
496
1066
1871
2879
4081
5371
6548
7440
7976
8132
7917
7424
6778
6050
5271
4501
3807
3211
2691
2219
1752
1241
649
25
-562
-1049
-1407
-1587
-1580
-1478
-1435
-1509
-1646
-1813
-2081
-2515
-3043
-3547
-3959
-4282
-4480
-4537
-4465
-4293
-4016
-3676
-3342
-3016
-2652
-2250
-1865
-1448
-916
-250
477
1226
1954
2556
2902
2942
2677
2102
1236
176
-968
-2113
-3159
-3964
-4392
-4425
-4119
-3533
-2703
-1681
-589
403
1162
1637
1854
1873
1784
1718
1787
2065
2593
3355
4254
5120
5797
6207
6360
6265
5915
5320
4534
3622
2644
1690
858
216
-235
-522
-703
-801
-807
-722
-598
-496
-413
-316
-230
-242
-432
-799
-1265
-1792
-2364
-2968
-3533
-4033
-4490
-4909
-5197
-5278
-5172
-4955
-4662
-4302
-3897
-3447
-2926
-2328
-1673
-948
-119
834
1867
2924
3894
4662
5139
5303
5162
4689
3880
2767
1451
44
-1316
-2511
-3448
-4100
-4486
-4626
-4532
-4234
-3816
-3379
-2972
-2581
-2153
-1643
-1039
-308
565
1574
2666
3812
4981
6111
7066
7732
8087
8157
7975
7542
6870
5971
4911
3805
2769
1875
1174
692
414
264
162
83
24
1
-5
-55
-267
-682
-1240
-1864
-2556
-3308
-4018
-4580
-4971
-5224
-5321
-5254
-5069
-4820
-4510
-4170
-3856
-3562
-3229
-2866
-2550
-2263
-1903
-1434
-889
-272
439
1175
1835
2370
2751
2905
2791
2448
1927
1233
398
-461
-1229
-1851
-2309
-2588
-2718
-2766
-2799
-2843
-2897
-2930
-2885
-2710
-2383
-1878
-1171
-252
837
2047
3318
4553
5630
6453
7000
7292
7335
7120
6657
6012
5292
4595
3976
3436
2951
2500
2085
1707
1333
919
443
-105
-763
-1539
-2336
-2988
-3379
-3518
-3434
-3163
-2762
-2395
-2193
-2223
-2484
-2996
-3719
-4531
-5270
-5798
-6050
-5973
-5620
-5063
-4389
-3601
-2760
-1933
-1191
-536
49
580
1081
1551
1983
2350
2690
3025
3345
3579
3669
3578
3263
2720
1975
1121
232
-624
-1411
-2122
-2750
-3245
-3543
-3623
-3494
-3185
-2714
-2116
-1387
-520
481
1601
2836
4168
5501
6707
7670
8314
8552
8349
7772
6969
6066
5121
4224
3480
2963
2628
2377
2134
1853
1488
976
254
-691
-1758
-2791
-3664
-4328
-4752
-4896
-4759
-4396
-3913
-3448
-3147
-3078
-3200
-3462
-3826
-4248
-4624
-4867
-4955
-4870
-4548
-3937
-3108
-2205
-1361
-644
-123
177
288
302
321
456
768
1247
1839
2465
3045
3446
3560
3334
2816
2064
1141
102
-967
-1944
-2695
-3122
-3217
-3044
-2697
-2250
-1746
-1244
-816
-529
-363
-220
34
480
1142
1959
2841
3706
4505
5165
5562
5593
5254
4651
3906
3099
2299
1594
1114
939
1032
1220
1324
1275
1077
707
77
-820
-1886
-2924
-3770
-4300
-4466
-4261
-3746
-3001
-2134
-1290
-647
-368
-480
-896
-1455
-2026
-2474
-2700
-2643
-2325
-1794
-1117
-415
174
559
762
821
763
585
343
146
118
338
779
1356
1940
2437
2732
2734
2405
1817
1090
333
-385
-1011
-1481
-1764
-1844
-1739
-1532
-1367
-1382
-1598
-1934
-2311
-2696
-3050
-3251
-3148
-2606
-1598
-209
1345
2842
4134
5154
5831
6075
5880
5376
4789
4292
3937
3716
3656
3778
4018
4227
4272
4067
3562
2732
1615
322
-979
-2126
-2991
-3503
-3650
-3475
-3068
-2576
-2163
-1966
-2027
-2353
-2928
-3691
-4484
-5105
-5397
-5308
-4876
-4192
-3343
-2406
-1452
-604
-10
233
116
-271
-821
-1395
-1882
-2163
-2160
-1808
-1125
-213
760
1642
2337
2784
2915
2675
2095
1332
578
-17
-409
-627
-703
-621
-371
-25
249
321
171
-118
-446
-697
-769
-612
-214
445
1357
2412
3421
4240
4828
5175
5249
5015
4536
3959
3459
3124
2937
2832
2764
2691
2569
2313
1830
1074
59
-1130
-2378
-3547
-4509
-5168
-5489
-5484
-5183
-4629
-3906
-3148
-2467
-1915
-1489
-1223
-1164
-1320
-1601
-1877
-2025
-1962
-1650
-1140
-535
97
724
1304
1745
1972
1985
1814
1486
1055
645
360
250
333
613
1025
1437
1756
1982
2113
2085
1833
1367
754
81
-547
-1050
-1416
-1675
-1823
-1865
-1866
-1933
-2124
-2402
-2682
-2881
-2962
-2929
-2784
-2469
-1898
-1073
-95
893
1799
2549
3103
3447
3591
3544
3316
2971
2560
2101
1602
1130
788
599
511
475
479
497
456
320
124
-94
-319
-545
-761
-969
-1153
-1267
-1309
-1330
-1356
-1337
-1235
-1100
-1004
-950
-883
-787
-670
-553
-451
-409
-426
-463
-468
-462
-479
-505
-470
-333
-117
127
389
685
1034
1422
1800
2135
2410
2623
2725
2658
2397
1977
1460
898
318
-272
-871
-1453
-1970
-2379
-2687
-2915
-3064
-3103
-2998
-2733
-2305
-1754
-1159
-584
-40
499
1057
1636
2217
2724
3086
3299
3432
3542
3609
3584
3484
3349
3183
2948
2624
2217
1744
1227
706
209
-264
-724
-1186
-1663
-2140
-2562
-2876
-3051
-3084
-2977
-2767
-2497
-2163
-1728
-1198
-657
-212
53
131
66
-83
-292
-563
-871
-1166
-1386
-1484
-1431
-1273
-1109
-998
-901
-765
-602
-461
-344
-212
-25
223
513
809
1085
1349
1600
1787
1818
1673
1400
1070
711
308
-194
-809
-1473
-2063
-2553
-2999
-3411
-3710
-3813
-3708
-3408
-2944
-2385
-1796
-1185
-535
129
769
1375
1938
2434
2832
3127
3324
3444
3520
3578
3578
3440
3137
2720
2260
1787
1300
810
345
-58
-355
-500
-496
-407
-300
-206
-152
-189
-348
-596
-868
-1118
-1321
-1443
-1438
-1315
-1142
-997
-887
-751
-519
-186
176
486
717
917
1111
1276
1362
1396
1428
1486
1535
1555
1574
1617
1680
1737
1777
1779
1737
1651
1512
1257
845
322
-178
-583
-917
-1243
-1593
-1989
-2452
-2958
-3432
-3789
-3993
-4040
-3937
-3697
-3314
-2780
-2142
-1532
-1060
-723
-440
-149
173
540
951
1378
1801
2221
2621
2955
3170
3229
3114
2836
2423
1911
1363
859
436
56
-323
-666
-902
-1007
-1029
-1020
-1004
-977
-964
-992
-1066
-1138
-1144
-1045
-823
-481
-80
299
602
835
1014
1142
1191
1141
964
667
303
-24
-224
-294
-296
-298
-300
-304
-327
-417
-555
-711
-823
-883
-897
-895
-877
-824
-726
-610
-532
-516
-555
-623
-737
-918
-1173
-1448
-1695
-1884
-2019
-2114
-2183
-2211
-2147
-1961
-1678
-1360
-1027
-688
-342
17
407
812
1162
1437
1699
2012
2362
2665
2849
2892
2831
2756
2740
2795
2871
2941
2991
2979
2832
2492
1998
1450
950
523
138
-239
-576
-803
-874
-827
-758
-707
-635
-483
-238
69
390
658
814
866
921
1069
1302
1541
1700
1700
1511
1197
886
632
368
38
-324
-626
-823
-933
-1011
-1095
-1180
-1200
-1135
-1026
-961
-966
-1019
-1095
-1172
-1238
-1298
-1371
-1491
-1676
-1937
-2268
-2632
-2995
-3325
-3625
-3874
-4048
-4111
-4059
-3898
-3644
-3286
-2823
-2282
-1706
-1148
-648
-218
194
696
1351
2113
2851
3456
3887
4172
4372
4501
4533
4424
4185
3847
3439
2950
2395
1825
1298
850
447
67
-261
-454
-478
-396
-292
-179
-17
208
463
707
947
1204
1496
1795
2041
2177
2171
2025
1741
1315
755
116
-499
-1007
-1369
-1618
-1793
-1933
-2060
-2180
-2296
-2403
-2508
-2584
-2583
-2463
-2233
-1908
-1518
-1111
-769
-551
-485
-555
-719
-925
-1152
-1433
-1784
-2163
-2498
-2745
-2902
-2973
-2957
-2844
-2620
-2287
-1863
-1373
-811
-181
480
1091
1601
2020
2397
2771
3147
3482
3735
3910
4047
4158
4200
4118
3906
3606
3246
2818
2306
1740
1183
691
282
-56
-351
-610
-773
-765
-596
-357
-120
126
403
679
893
1025
1117
1243
1427
1623
1766
1833
1848
1802
1660
1407
1080
733
383
4
-446
-979
-1537
-2021
-2361
-2596
-2822
-3079
-3309
-3427
-3405
-3276
-3088
-2862
-2583
-2275
-2029
-1946
-2012
-2118
-2182
-2210
-2250
-2306
-2355
-2373
-2369
-2369
-2374
-2340
-2203
-1968
-1692
-1416
-1097
-681
-184
316
748
1098
1380
1624
1835
2006
2122
2232
2417
2715
3065
3368
3573
3681
3690
3608
3467
3316
3171
3016
2802
2504
2157
1842
1629
1496
1382
1234
1055
875
723
616
529
432
329
266
250
222
106
-105
-349
-566
-729
-841
-921
-979
-990
-929
-826
-753
-744
-779
-845
-970
-1178
-1451
-1753
-2036
-2281
-2484
-2639
-2717
-2694
-2583
-2419
-2243
-2099
-2023
-2017
-2044
-2082
-2121
-2138
-2106
-2017
-1867
-1619
-1243
-744
-169
428
986
1451
1788
1974
1975
1776
1440
1077
753
506
382
426
628
920
1229
1467
1553
1477
1302
1085
819
491
164
-70
-126
12
331
786
1295
1759
2103
2291
2307
2157
1894
1588
1283
982
670
364
128
24
56
140
192
204
224
263
256
153
-25
-180
-225
-134
56
288
526
751
949
1079
1124
1088
1005
889
735
530
303
104
-40
-150
-265
-431
-698
-1067
-1479
-1835
-2124
-2391
-2699
-3038
-3338
-3493
-3408
-3091
-2651
-2232
-1908
-1663
-1442
-1214
-960
-676
-371
-77
150
281
334
359
372
343
246
120
41
36
58
42
5
-12
-6
-5
13
106
292
501
650
701
675
590
493
411
347
287
249
290
426
615
790
941
1091
1239
1335
1339
1289
1237
1218
1233
1283
1333
1360
1434
1635
1934
2180
2265
2181
1993
1755
1540
1392
1299
1203
1080
942
812
678
496
226
-120
-441
-675
-831
-992
-1201
-1475
-1775
-2024
-2104
-1973
-1734
-1519
-1408
-1366
-1375
-1413
-1463
-1482
-1503
-1562
-1634
-1675
-1694
-1717
-1686
-1547
-1336
-1136
-987
-915
-915
-927
-897
-847
-836
-842
-838
-833
-848
-834
-763
-646
-502
-334
-198
-145
-117
-38
90
187
253
304
287
193
103
135
279
472
674
881
1112
1386
1697
1929
2054
2119
2224
2323
2354
2273
2100
1865
1662
1579
1551
1496
1350
1226
1143
1121
1139
1172
1141
966
705
426
173
-51
-179
-191
-171
-189
-215
-216
-261
-366
-424
-417
-455
-601
-695
-690
-760
-974
-1197
-1247
-1199
-1081
-862
-612
-476
-478
-461
-388
-325
-336
-382
-525
-759
-1018
-1149
-1183
-1195
-1218
-1250
-1251
-1204
-1038
-866
-786
-848
-950
-1030
-1054
-965
-744
-516
-436
-491
-555
-580
-566
-422
-146
66
99
105
257
452
583
725
979
1229
1389
1572
1781
1897
1798
1680
1607
1466
1178
937
863
819
726
664
724
742
670
643
737
789
691
562
500
450
359
337
361
332
201
156
201
306
350
383
315
87
-140
-245
-256
-387
-519
-566
-619
-820
-1001
-960
-880
-978
-1114
-1105
-1032
-1106
-1191
-1175
-1132
-1165
-1105
-842
-637
-641
-828
-929
-974
-1020
-1079
-1112
-1126
-1199
-1297
-1359
-1276
-1148
-1031
-974
-937
-887
-884
-811
-600
-269
10
146
285
487
739
919
1077
1324
1614
1872
1953
1950
1894
1874
1933
2082
2212
2203
2076
1945
1858
1801
1810
1859
1849
1660
1372
1058
779
579
545
586
532
428
429
518
518
418
313
181
-28
-214
-248
-239
-280
-370
-446
-528
-611
-625
-577
-556
-601
-745
-987
-1201
-1299
-1268
-1296
-1464
-1716
-1911
-1976
-1905
-1842
-1819
-1868
-1872
-1853
-1824
-1776
-1650
-1465
-1275
-1062
-839
-712
-687
-611
-445
-342
-382
-385
-217
16
232
450
723
907
1035
1195
1434
1566
1576
1541
1498
1430
1351
1310
1248
1202
1209
1301
1408
1531
1570
1527
1380
1290
1164
1050
946
935
837
577
292
113
61
-9
18
82
175
44
-210
-545
-757
-872
-836
-707
-566
-578
-738
-841
-815
-783
-836
-858
-800
-766
-777
-759
-720
-730
-728
-640
-557
-593
-718
-816
-921
-1083
-1263
-1388
-1413
-1357
-1257
-1148
-1065
-914
-731
-512
-272
-13
115
31
-135
-195
-155
-67
77
272
385
321
179
134
251
396
513
588
684
704
637
568
590
741
947
1272
1649
1911
1944
1826
1733
1708
1732
1787
1849
1833
1762
1608
1431
1249
1130
999
840
627
473
273
57
-172
-354
-466
-495
-427
-327
-263
-302
-359
-430
-443
-508
-564
-600
-621
-706
-820
-910
-968
-1044
-1045
-924
-783
-768
-826
-837
-816
-806
-800
-842
-1038
-1309
-1424
-1322
-1180
-1090
-1070
-1050
-1040
-999
-952
-914
-857
-709
-438
-187
-8
31
56
107
222
410
594
655
532
302
146
115
220
443
688
823
821
855
903
976
1047
1249
1406
1436
1294
1103
852
649
561
462
223
-97
-256
-226
-125
-57
-20
-91
-207
-342
-360
-329
-345
-445
-605
-688
-681
-488
-215
71
182
171
106
70
55
110
202
249
215
167
125
-37
-226
-292
-166
-27
59
50
11
-66
-41
64
137
104
7
-18
-8
7
15
14
8
-18
-28
-57
-130
-213
-215
-111
8
80
81
79
46
-32
-91
-125
-170
-315
-429
-469
-449
-421
-321
-193
-173
-231
-274
-239
-224
-167
-98
-13
-7
10
3
-52
-122
-99
89
270
384
301
133
-51
-125
-86
18
159
213
152
76
159
358
512
616
672
697
625
501
387
281
216
192
225
298
347
340
330
373
486
604
736
820
830
695
503
355
318
421
586
737
733
606
478
455
501
512
454
290
106
-97
-201
-273
-373
-538
-641
-522
-285
-93
-94
-187
-332
-453
-543
-532
-448
-380
-386
-441
-512
-612
-765
-934
-1028
-1036
-1053
-1203
-1427
-1682
-1861
-1997
-1960
-1878
-1758
-1684
-1559
-1458
-1413
-1357
-1297
-1181
-1122
-986
-904
-767
-611
-371
-179
-48
87
273
443
578
768
985
1177
1309
1481
1619
1660
1561
1492
1459
1514
1535
1466
1309
1111
1031
981
1044
1077
1204
1283
1364
1400
1488
1596
1568
1382
1081
820
569
418
337
355
280
146
20
89
284
412
413
328
260
189
143
135
109
31
-149
-363
-608
-839
-1027
-1178
-1245
-1305
-1329
-1372
-1416
-1509
-1640
-1792
-1919
-1922
-1802
-1649
-1551
-1515
-1453
-1390
-1274
-1099
-888
-735
-643
-520
-358
-129
92
328
442
456
480
603
768
864
936
942
854
664
553
618
741
923
1052
1199
1249
1193
1050
927
980
1153
1329
1390
1272
1018
737
642
744
943
1107
1138
1066
933
899
949
1035
1002
860
582
292
64
2
43
70
30
-68
-262
-514
-695
-726
-727
-830
-1029
-1155
-1164
-1093
-1040
-1095
-1263
-1492
-1635
-1624
-1507
-1455
-1489
-1614
-1752
-1902
-2066
-2164
-2114
-1922
-1719
-1609
-1537
-1482
-1427
-1336
-1120
-903
-729
-585
-384
-233
-180
-20
277
608
699
722
779
890
991
1097
1206
1179
1064
1054
1197
1372
1431
1459
1459
1414
1318
1240
1202
1114
1045
935
897
829
859
941
1054
1138
1122
1058
990
1038
1150
1245
1190
1087
958
903
907
1031
1105
978
687
426
326
257
235
188
128
-39
-159
-208
-287
-516
-843
-1065
-1180
-1225
-1293
-1418
-1664
-1902
-2008
-1950
-1764
-1567
-1260
-1011
-827
-736
-636
-505
-451
-425
-418
-344
-327
-320
-274
-59
221
362
358
279
220
76
-40
-32
98
176
121
71
42
-9
-59
12
224
387
408
383
381
376
341
356
405
429
400
440
584
749
876
977
975
876
705
639
553
369
124
-48
-83
-64
30
45
20
-90
-89
-141
-217
-369
-454
-510
-603
-718
-892
-1052
-1206
-1218
-1181
-1094
-1074
-1022
-1012
-990
-953
-868
-802
-757
-709
-638
-555
-515
-507
-531
-493
-375
-245
-114
-58
-90
-154
-152
-12
123
280
462
683
844
902
908
863
805
690
648
602
585
540
493
521
580
741
815
881
889
1014
1099
1151
1051
865
588
314
165
194
325
399
414
347
321
233
201
94
55
2
33
-8
-90
-185
-235
-113
38
258
250
242
160
238
289
385
403
295
194
113
226
182
121
-131
-314
-489
-574
-575
-670
-821
-1093
-1259
-1343
-1296
-1264
-1169
-1028
-851
-718
-658
-523
-406
-305
-256
-138
-92
-133
-249
-242
-187
-162
-102
-41
-8
-118
-138
-87
69
164
258
289
199
154
170
285
259
139
-8
-46
-24
62
126
130
159
221
366
475
538
537
461
366
250
139
26
-11
43
63
11
-72
-1
88
151
157
229
286
212
60
-61
-36
-37
-10
-8
56
-72
-258
-362
-211
-114
-224
-431
-597
-693
-850
-823
-671
-428
-418
-422
-450
-388
-442
-416
-315
-186
-59
10
219
372
527
553
613
610
621
629
760
955
985
833
637
576
564
480
403
341
247
153
222
437
525
449
424
641
919
1085
1112
1038
851
629
536
576
648
564
438
313
276
164
-18
-212
-322
-387
-467
-521
-660
-867
-1150
-1194
-1055
-826
-682
-595
-538
-478
-299
17
343
524
572
505
305
36
-128
-105
-62
-160
-352
-558
-775
-995
-1166
-1225
-1275
-1332
-1343
-1199
-1038
-958
-933
-825
-649
-540
-419
-322
-265
-355
-504
-525
-458
-325
-196
-13
154
192
161
174
223
158
70
95
243
304
275
218
201
160
251
430
609
599
498
486
510
584
627
681
586
402
307
405
596
705
715
626
457
279
175
231
280
265
132
52
38
98
223
412
645
761
703
456
192
-51
-65
56
249
226
48
-113
-167
-130
-65
56
69
13
-147
-238
-373
-512
-593
-509
-295
-62
68
25
-79
-114
62
274
396
295
105
-87
-143
-116
-31
56
97
56
-39
-48
-36
-83
-189
-169
-44
67
79
105
192
257
268
222
224
198
157
112
109
77
-23
-142
-234
-310
-368
-350
-283
-285
-379
-450
-461
-422
-407
-273
-132
-86
-235
-480
-685
-786
-723
-481
-211
-70
-119
-252
-294
-236
-73
82
181
129
-88
-334
-495
-457
-368
-240
-164
-141
-202
-318
-312
-187
61
231
317
218
112
48
56
30
-103
-203
-233
-188
-143
-108
-62
-59
13
164
379
442
363
272
238
289
343
448
437
378
282
303
352
383
319
174
-43
-180
-192
-142
-78
-47
66
103
55
-97
-200
-276
-232
-136
29
51
-72
-178
-199
-14
187
435
623
778
860
845
783
655
569
512
516
522
418
322
119
-46
-288
-406
-371
-184
12
119
139
93
57
139
369
600
693
677
609
618
742
985
1170
1087
830
528
406
447
563
619
527
341
207
197
255
214
42
-181
-338
-378
-407
-503
-747
-983
-1042
-951
-829
-887
-981
-1091
-1078
-971
-682
-394
-238
-274
-304
-242
-160
-120
-156
-251
-481
-576
-575
-388
-389
-468
-605
-648
-652
-655
-582
-637
-705
-953
-991
-1062
-1048
-1101
-1106
-1119
-1181
-1095
-871
-534
-432
-490
-658
-752
-712
-471
-156
60
124
75
8
49
303
721
1052
1196
1161
1031
895
932
1058
1152
984
741
598
593
719
787
861
782
715
572
532
575
692
762
676
631
536
434
249
185
155
202
255
357
357
246
186
238
359
458
558
563
441
221
162
162
200
248
366
466
337
124
-66
-126
-217
-260
-309
-439
-675
-917
-951
-1013
-1045
-1067
-936
-824
-874
-970
-1048
-944
-808
-497
-274
-109
-154
-204
-163
-25
255
500
719
760
767
705
723
696
653
544
422
309
140
70
132
371
509
490
300
173
116
230
461
660
693
527
401
297
294
308
433
462
494
471
538
492
369
248
166
163
144
133
-74
-342
-596
-555
-537
-544
-653
-643
-614
-652
-745
-851
-883
-925
-850
-772
-635
-672
-862
-1108
-1258
-1259
-1207
-1111
-1057
-1064
-1107
-1017
-798
-605
-444
-365
-250
-192
-76
143
337
382
257
158
139
248
303
318
102
-86
-162
39
307
463
402
193
31
-36
85
220
323
313
266
185
118
30
13
130
370
662
841
863
730
615
576
693
779
842
834
849
813
639
448
320
415
461
478
314
169
40
5
104
254
357
356
337
353
384
353
214
-30
-351
-580
-630
-509
-325
-237
-287
-437
-498
-408
-220
-56
71
149
175
220
356
532
622
534
358
157
21
-47
0
89
173
186
35
-254
-547
-649
-559
-407
-335
-359
-451
-531
-513
-381
-151
13
8
-104
-189
-154
-73
63
233
379
399
372
412
582
724
735
539
230
10
-30
110
178
121
-141
-395
-458
-253
52
192
199
104
62
57
83
117
129
207
235
145
-90
-351
-548
-694
-765
-860
-979
-1148
-1182
-1061
-854
-702
-629
-595
-650
-728
-756
-576
-342
-130
-99
-50
-41
13
-8
13
17
-70
-170
-215
-72
-57
-63
-161
-112
-181
-291
-451
-522
-510
-422
-169
52
184
106
181
327
583
678
752
713
678
619
570
490
376
308
202
154
134
299
424
547
589
629
613
613
717
789
707
494
382
403
434
453
461
441
298
184
190
266
236
111
-21
-107
-188
-237
-236
-276
-388
-494
-413
-210
-30
28
41
19
-31
-34
35
202
260
318
287
295
254
267
295
227
49
-215
-268
-323
-305
-428
-493
-619
-723
-699
-598
-552
-614
-636
-565
-490
-430
-322
-137
28
172
217
145
-51
-241
-297
-232
-92
26
114
61
-45
-235
-266
-162
143
310
334
139
-4
-39
86
314
477
528
456
442
424
478
457
528
577
662
670
664
590
402
105
-175
-357
-468
-490
-432
-405
-475
-580
-566
-500
-389
-286
-115
-10
30
-30
-107
-144
-37
200
403
414
239
16
-161
-180
-111
21
29
-24
-162
-227
-295
-354
-481
-539
-513
-445
-432
-451
-397
-386
-397
-438
-311
-172
-105
-144
-165
-129
-79
11
68
103
44
-37
-111
-104
-27
137
278
360
315
202
136
149
187
140
47
20
98
187
230
285
328
394
445
468
441
297
170
-29
-180
-382
-506
-602
-552
-380
-198
-16
54
79
-15
-69
-22
122
221
284
340
384
451
542
690
733
620
431
298
206
164
144
203
287
322
287
192
154
173
305
475
589
500
273
154
193
313
378
450
498
457
271
77
6
71
180
187
102
-95
-280
-434
-428
-302
-219
-286
-503
-633
-667
-500
-285
-78
-96
-217
-338
-365
-296
-215
-55
-28
-56
-216
-316
-427
-496
-576
-601
-556
-512
-446
-453
-454
-512
-502
-406
-270
-197
-210
-201
-148
-44
67
166
159
85
16
-17
-110
-267
-370
-382
-356
-273
-148
-58
-149
-285
-268
-91
114
176
151
50
-4
26
219
425
614
682
762
765
766
733
735
676
512
281
75
-57
-180
-220
-234
-152
-147
-82
-35
66
98
105
95
36
-33
-97
-23
54
150
199
298
383
395
327
255
204
181
160
161
122
9
-101
-127
-127
-216
-399
-472
-392
-198
-45
50
49
-47
-93
12
231
322
266
150
36
-71
-129
-46
55
72
-144
-435
-676
-676
-499
-335
-298
-380
-459
-526
-497
-343
-123
30
96
129
193
264
398
536
637
654
611
515
341
112
-98
-213
-231
-160
-122
-111
-195
-223
-231
-169
-93
26
169
231
179
-19
-190
-281
-203
-98
47
136
178
155
95
75
8
-53
-136
-113
-103
-117
-229
-305
-316
-230
-95
47
131
120
109
165
304
354
337
269
280
310
355
386
390
297
145
-17
-128
-231
-289
-295
-215
-148
-59
15
21
-49
-167
-102
84
326
445
483
430
362
289
288
320
309
223
132
113
118
67
-53
-169
-253
-223
-89
81
138
56
-8
-17
49
62
65
27
-65
-188
-294
-289
-245
-211
-272
-318
-341
-251
-212
-201
-317
-494
-724
-826
-791
-690
-588
-433
-164
45
177
211
250
220
225
284
421
425
319
177
121
120
108
79
-23
-166
-316
-405
-441
-398
-306
-170
-52
12
-26
-87
-142
-136
-134
-102
-45
17
91
173
232
224
162
86
39
-34
-127
-278
-363
-357
-326
-377
-485
-516
-427
-274
-149
-116
-170
-206
-144
27
213
351
415
388
345
308
286
236
184
195
218
253
251
245
178
91
-1
-66
-87
-67
8
77
200
344
495
579
640
705
802
900
976
967
849
737
702
752
756
675
522
356
199
88
-14
-77
-70
6
50
17
-19
-3
13
-15
-18
0
62
116
179
166
67
-7
25
83
54
-27
-99
-127
-174
-189
-208
-296
-434
-532
-517
-398
-259
-115
-27
-31
-114
-220
-232
-104
57
172
230
255
207
11
-229
-416
-501
-515
-517
-547
-648
-764
-881
-951
-1010
-1036
-1005
-865
-657
-500
-425
-417
-350
-278
-146
-56
0
-18
-68
-113
-149
-85
77
257
268
143
-34
-162
-305
-417
-440
-383
-311
-292
-297
-289
-216
-37
154
219
87
-88
-141
-40
81
156
173
106
-21
-136
-138
-125
-127
-158
-151
-167
-157
-72
47
93
54
60
148
311
473
568
547
479
499
567
576
479
330
201
126
135
150
125
79
86
109
108
77
53
-23
-105
-163
-176
-171
-77
124
312
354
340
441
646
870
1005
1037
964
818
726
716
753
741
700
639
587
489
317
133
49
98
169
150
76
32
4
-32
-52
-58
-52
-52
-32
16
31
84
159
297
445
543
500
303
67
-146
-254
-323
-321
-375
-461
-529
-509
-441
-347
-229
-113
-102
-137
-143
-98
-84
-85
-64
-91
-173
-287
-352
-426
-538
-666
-816
-923
-923
-805
-675
-625
-622
-650
-667
-656
-573
-477
-389
-305
-196
-75
44
198
303
302
210
127
84
10
-73
-137
-194
-280
-398
-521
-649
-754
-829
-899
-930
-843
-611
-363
-155
26
163
191
167
225
351
437
458
455
407
298
252
308
378
330
221
138
66
2
-22
11
58
93
131
190
287
415
510
539
555
595
614
581
565
638
739
792
795
753
628
436
262
134
30
-72
-100
-87
-52
-52
-54
-81
-123
-166
-117
13
154
217
198
174
158
172
216
323
373
289
123
22
2
-26
-105
-198
-301
-392
-443
-444
-436
-460
-477
-483
-439
-319
-101
86
169
152
131
147
222
319
335
273
159
76
-52
-210
-372
-476
-526
-464
-306
-156
-157
-264
-322
-240
-32
200
302
215
93
96
266
456
644
758
756
594
390
282
266
237
107
-92
-308
-446
-438
-286
-118
-66
-128
-206
-226
-187
-55
154
353
419
383
347
303
204
76
24
48
105
168
233
240
101
-116
-338
-493
-633
-732
-796
-877
-991
-1127
-1168
-1115
-977
-865
-808
-782
-718
-625
-553
-486
-411
-297
-188
-81
-16
3
-28
-32
40
119
103
-60
-266
-420
-461
-406
-280
-153
-26
62
149
271
442
616
713
755
762
795
840
895
891
820
725
659
678
721
703
570
399
303
277
252
