340
337
301
233
162
123
101
64
-6
-104
-201
-265
-274
-254
-254
-280
-289
-257
-215
-195
-192
-194
-198
-195
-175
-130
-81
-43
-30
-51
-78
-80
-54
-42
-80
-148
-207
-238
-261
-291
-329
-370
-415
-466
-505
-519
-510
-489
-463
-429
-406
-404
-421
-430
-433
-446
-460
-440
-371
-286
-226
-193
-157
-110
-62
-31
-26
-65
-154
-257
-299
-237
-107
28
120
179
221
257
276
252
196
163
197
271
320
329
335
377
457
548
600
592
546
508
493
464
392
284
192
149
160
214
297
388
444
430
354
247
148
88
84
125
171
213
257
289
274
202
122
62
26
-3
-28
-27
1
44
70
90
134
210
290
345
352
297
193
89
22
-5
-4
19
60
97
94
59
27
47
110
170
174
113
26
-59
-135
-216
-295
-347
-348
-295
-217
-143
-98
-93
-106
-111
-85
-40
-17
-40
-116
-226
-340
-422
-441
-390
-305
-230
-190
-202
-248
-299
-304
-250
-161
-93
-73
-91
-132
-193
-274
-349
-386
-365
-318
-281
-267
-263
-269
-287
-300
-284
-226
-147
-67
-17
-13
-44
-73
-73
-54
-41
-43
-42
-32
-23
-17
3
50
112
150
130
55
-38
-99
-101
-48
19
48
16
-58
-115
-119
-59
37
136
230
335
444
509
480
359
204
80
15
-5
-9
-11
-12
-9
-5
9
38
77
96
101
118
184
298
422
492
484
426
374
343
290
186
45
-78
-142
-150
-132
-107
-64
-6
37
44
32
35
58
75
60
12
-42
-75
-80
-67
-47
-18
18
75
164
264
315
276
187
110
64
28
-17
-51
-67
-78
-97
-125
-147
-153
-128
-65
17
83
108
104
80
43
-4
-28
-17
6
2
-27
-57
-88
-143
-229
-305
-331
-277
-163
-25
90
165
199
211
215
224
217
165
61
-64
-166
-229
-245
-218
-159
-91
-37
-20
-54
-144
-247
-316
-315
-270
-223
-201
-201
-221
-260
-288
-268
-196
-118
-60
-9
64
150
209
200
128
46
13
47
112
147
120
49
-24
-79
-142
-238
-333
-371
-334
-259
-177
-96
-10
77
147
190
192
166
135
125
154
216
286
337
368
386
377
316
229
175
183
234
290
330
332
284
208
140
97
69
57
61
71
63
28
-33
-110
-181
-220
-218
-196
-181
-185
-181
-134
-51
5
-18
-96
-149
-110
2
110
149
103
-2
-120
-201
-207
-145
-73
-47
-71
-108
-125
-125
-118
-109
-115
-159
-235
-305
-331
-304
-235
-141
-37
51
109
132
130
120
111
99
87
90
130
207
293
364
414
456
478
464
420
385
365
314
195
27
-125
-213
-240
-243
-271
-340
-425
-453
-392
-283
-200
-165
-149
-125
-99
-83
-77
-75
-78
-91
-115
-137
-146
-125
-98
-91
-118
-148
-145
-81
49
212
358
435
426
365
294
236
193
163
148
132
99
41
-32
-113
-178
-209
-204
-184
-152
-107
-64
-55
-87
-136
-174
-185
-164
-115
-63
-26
-2
32
67
71
33
-30
-60
-35
26
73
103
137
174
178
130
53
-16
-61
-83
-94
-112
-138
-160
-155
-138
-140
-171
-197
-184
-134
-69
8
104
191
238
258
273
278
237
172
149
206
306
391
435
440
418
372
297
188
64
-36
-79
-57
26
149
270
325
278
140
-38
-179
-236
-211
-157
-122
-116
-131
-159
-196
-230
-242
-247
-264
-295
-316
-317
-323
-345
-377
-401
-386
-301
-154
3
104
132
120
99
80
34
-49
-154
-238
-276
-268
-250
-249
-259
-254
-221
-175
-135
-101
-59
-5
38
51
43
44
65
87
96
97
103
114
133
151
138
79
1
-43
-33
6
53
96
137
151
121
53
-9
-20
18
74
93
72
38
15
-18
-106
-211
-249
-163
7
184
306
339
292
209
156
151
190
252
307
323
285
244
224
216
201
199
221
232
194
101
-20
-127
-181
-181
-148
-104
-38
38
71
33
-27
-27
52
160
241
273
247
165
58
-14
-17
31
82
98
82
66
71
93
128
163
177
143
77
28
8
-24
-102
-215
-316
-371
-392
-394
-388
-340
-251
-164
-128
-143
-152
-112
-31
23
-15
-145
-279
-303
-174
54
266
368
339
249
188
187
209
197
122
5
-84
-72
38
165
241
264
257
213
127
15
-106
-222
-322
-391
-438
-452
-416
-312
-194
-120
-103
-115
-134
-148
-141
-109
-87
-98
-116
-106
-78
-74
-119
-212
-317
-388
-384
-330
-269
-216
-154
-78
-14
7
-22
-74
-139
-207
-258
-267
-227
-170
-124
-93
-73
-53
-25
23
86
155
215
258
263
224
158
102
73
68
89
124
163
189
214
263
330
382
392
359
309
276
278
282
258
210
180
188
214
232
227
196
152
123
143
205
267
304
330
356
373
369
348
309
238
137
37
-37
-81
-115
-165
-231
-294
-319
-304
-282
-285
-306
-312
-283
-233
-182
-137
-108
-104
-146
-220
-297
-323
-270
-159
-46
40
111
189
261
296
279
220
141
76
31
-12
-79
-143
-161
-138
-104
-69
-4
86
165
217
260
316
362
371
325
240
141
63
15
-28
-78
-109
-94
-80
-114
-188
-240
-236
-195
-145
-103
-75
-64
-75
-109
-149
-186
-226
-285
-361
-419
-433
-413
-377
-331
-264
-193
-145
-143
-167
-210
-260
-293
-278
-210
-134
-83
-86
-137
-218
-287
-312
-284
-212
-116
-24
47
86
95
75
31
-25
-72
-74
-22
65
147
200
203
148
54
-22
-29
37
136
228
263
200
49
-103
-161
-128
-85
-98
-162
-204
-138
60
294
457
540
629
749
827
786
620
382
137
-61
-187
-253
-250
-142
76
311
461
490
404
217
-54
-353
-601
-735
-713
-549
-322
-146
-110
-219
-403
-558
-637
-657
-645
-577
-405
-101
303
728
1085
1344
1544
1715
1798
1712
1465
1165
924
804
824
984
1234
1508
1730
1848
1866
1835
1817
1801
1716
1503
1170
783
420
144
-34
-172
-380
-705
-1089
-1410
-1586
-1647
-1712
-1913
-2278
-2704
-3065
-3315
-3463
-3503
-3401
-3145
-2765
-2297
-1768
-1219
-716
-339
-146
-144
-293
-504
-693
-825
-912
-969
-1016
-1084
-1194
-1329
-1443
-1507
-1512
-1462
-1367
-1203
-923
-500
28
588
1137
1642
2072
2415
2708
3027
3397
3792
4142
4402
4559
4665
4771
4858
4845
4660
4313
3866
3370
2842
2275
1693
1135
636
199
-212
-644
-1163
-1826
-2616
-3438
-4166
-4724
-5066
-5157
-4986
-4594
-4069
-3495
-2937
-2444
-2045
-1761
-1611
-1588
-1658
-1761
-1853
-1935
-2012
-2071
-2076
-2018
-1893
-1701
-1448
-1158
-871
-607
-369
-149
50
229
412
646
963
1338
1714
2031
2278
2507
2796
3177
3595
3972
4266
4492
4695
4916
5154
5332
5346
5159
4827
4423
3986
3496
2927
2269
1567
888
273
-277
-786
-1287
-1834
-2483
-3211
-3919
-4501
-4901
-5098
-5089
-4900
-4579
-4161
-3691
-3231
-2849
-2575
-2421
-2383
-2433
-2504
-2535
-2514
-2469
-2425
-2384
-2313
-2175
-1956
-1681
-1384
-1083
-782
-474
-157
156
448
724
997
1288
1579
1866
2161
2501
2900
3334
3758
4119
4372
4498
4538
4574
4654
4748
4793
4748
4619
4433
4220
3987
3695
3277
2687
1965
1195
459
-217
-857
-1505
-2191
-2883
-3522
-4068
-4511
-4835
-5008
-5018
-4877
-4609
-4245
-3841
-3437
-3065
-2763
-2568
-2471
-2426
-2395
-2379
-2397
-2435
-2471
-2480
-2457
-2383
-2237
-2002
-1681
-1323
-979
-700
-492
-326
-148
82
362
675
984
1277
1549
1814
2099
2426
2780
3135
3468
3776
4050
4308
4562
4799
4976
5074
5094
5027
4863
4618
4310
3919
3401
2768
2091
1445
865
315
-253
-884
-1556
-2234
-2871
-3430
-3877
-4188
-4361
-4387
-4260
-3999
-3645
-3255
-2878
-2566
-2346
-2229
-2180
-2155
-2127
-2093
-2068
-2054
-2059
-2092
-2156
-2201
-2162
-2003
-1759
-1480
-1204
-946
-704
-464
-225
1
195
382
609
917
1293
1685
2036
2324
2562
2770
2978
3223
3506
3788
4036
4261
4495
4709
4833
4807
4622
4323
3983
3657
3325
2919
2408
1840
1293
795
328
-135
-620
-1146
-1723
-2339
-2941
-3443
-3777
-3931
-3933
-3824
-3641
-3421
-3183
-2938
-2704
-2514
-2375
-2270
-2175
-2094
-2049
-2063
-2131
-2237
-2355
-2439
-2437
-2327
-2136
-1914
-1694
-1487
-1289
-1083
-851
-625
-445
-335
-252
-146
18
242
532
900
1337
1817
2298
2757
3175
3550
3881
4173
4404
4557
4610
4584
4492
4335
4104
3791
3409
2955
2444
1899
1347
812
311
-143
-563
-972
-1400
-1877
-2418
-2992
-3501
-3841
-3969
-3928
-3780
-3553
-3249
-2912
-2611
-2404
-2304
-2281
-2268
-2190
-2002
-1748
-1521
-1390
-1346
-1333
-1325
-1336
-1375
-1421
-1433
-1395
-1316
-1234
-1162
-1081
-966
-806
-617
-394
-138
154
486
876
1319
1775
2188
2531
2834
3129
3443
3755
4023
4199
4249
4191
4091
4017
3982
3924
3767
3479
3092
2640
2140
1611
1092
629
221
-148
-506
-877
-1291
-1747
-2211
-2624
-2936
-3123
-3197
-3192
-3143
-3068
-2956
-2794
-2578
-2348
-2138
-1966
-1822
-1694
-1559
-1415
-1296
-1245
-1268
-1322
-1357
-1335
-1231
-1055
-863
-714
-622
-540
-398
-178
64
248
352
426
540
747
1058
1438
1817
2154
2461
2770
3062
3299
3469
3592
3688
3764
3820
3831
3778
3653
3459
3200
2876
2512
2133
1760
1394
1034
671
310
-47
-412
-813
-1259
-1729
-2189
-2603
-2937
-3198
-3418
-3626
-3798
-3884
-3856
-3737
-3562
-3361
-3167
-3016
-2903
-2788
-2659
-2554
-2529
-2594
-2715
-2837
-2899
-2848
-2680
-2450
-2194
-1892
-1524
-1116
-720
-364
-72
124
253
410
677
1026
1366
1666
1968
2315
2704
3118
3532
3892
4127
4218
4212
4191
4190
4180
4119
3996
3857
3728
3587
3391
3102
2734
2338
1971
1642
1330
1001
645
255
-166
-596
-1037
-1488
-1945
-2373
-2749
-3069
-3328
-3522
-3636
-3668
-3609
-3464
-3260
-3025
-2783
-2567
-2435
-2436
-2565
-2757
-2920
-2999
-2983
-2888
-2715
-2439
-2065
-1622
-1152
-689
-266
99
406
651
817
908
993
1151
1394
1677
1952
2212
2470
2733
3012
3314
3617
3868
4025
4103
4136
4132
4053
3878
3629
3359
3106
2870
2648
2431
2198
1918
1604
1306
1048
792
473
60
-420
-903
-1349
-1755
-2158
-2567
-2934
-3202
-3369
-3479
-3531
-3505
-3413
-3293
-3165
-3018
-2867
-2755
-2740
-2849
-3047
-3240
-3353
-3364
-3280
-3096
-2788
-2368
-1874
-1375
-930
-580
-333
-173
-70
9
89
185
308
487
747
1072
1397
1689
1965
2251
2518
2725
2884
3029
3175
3296
3366
3389
3376
3362
3348
3304
3206
3056
2863
2614
2297
1943
1608
1292
955
585
212
-120
-424
-741
-1097
-1471
-1830
-2163
-2465
-2730
-2938
-3080
-3131
-3074
-2920
-2717
-2515
-2354
-2262
-2246
-2274
-2324
-2393
-2472
-2517
-2490
-2394
-2234
-1980
-1621
-1210
-826
-501
-219
23
205
330
429
542
684
843
1021
1253
1570
1933
2277
2567
2808
2995
3127
3218
3299
3386
3472
3531
3544
3525
3492
3433
3309
3103
2845
2547
2198
1804
1384
956
529
132
-218
-535
-845
-1138
-1411
-1677
-1969
-2275
-2565
-2810
-2991
-3094
-3110
-3053
-2941
-2795
-2615
-2400
-2182
-2040
-2041
-2157
-2304
-2427
-2499
-2500
-2407
-2233
-2016
-1789
-1562
-1317
-1029
-702
-388
-147
21
177
376
623
879
1105
1282
1456
1690
2001
2325
2580
2748
2867
2981
3102
3231
3340
3399
3380
3293
3155
2985
2786
2557
2304
2013
1666
1258
819
385
-17
-361
-643
-887
-1141
-1427
-1750
-2108
-2477
-2806
-3037
-3148
-3147
-3044
-2856
-2613
-2346
-2083
-1839
-1627
-1473
-1428
-1493
-1619
-1734
-1822
-1886
-1925
-1924
-1857
-1708
-1472
-1190
-909
-647
-412
-215
-60
90
270
493
742
994
1240
1492
1770
2080
2407
2728
2997
3170
3245
3290
3358
3426
3451
3422
3354
3238
3051
2790
2466
2086
1659
1201
721
240
-227
-650
-1022
-1326
-1570
-1787
-2023
-2278
-2499
-2640
-2704
-2711
-2689
-2631
-2517
-2320
-2056
-1731
-1356
-961
-646
-506
-542
-704
-919
-1156
-1394
-1627
-1839
-1978
-1995
-1897
-1720
-1474
-1154
-783
-397
-29
281
506
664
828
1044
1327
1671
2068
2481
2884
3253
3564
3780
3912
4005
4065
4048
3909
3665
3340
2949
2515
2053
1571
1052
523
23
-431
-842
-1206
-1531
-1850
-2184
-2514
-2802
-3039
-3231
-3386
-3488
-3497
-3372
-3102
-2691
-2168
-1587
-1043
-606
-316
-164
-148
-249
-475
-796
-1147
-1450
-1665
-1799
-1854
-1848
-1824
-1836
-1851
-1748
-1433
-965
-492
-161
33
167
333
601
1024
1648
2414
3217
3954
4573
5011
5252
5381
5508
5605
5481
5025
4317
3540
2805
2109
1430
770
130
-511
-1196
-1928
-2685
-3414
-4044
-4511
-4810
-4968
-5002
-4906
-4694
-4409
-4050
-3551
-2846
-1950
-958
0
843
1562
2158
2574
2708
2479
1894
1060
121
-810
-1661
-2366
-2872
-3200
-3426
-3565
-3562
-3367
-3031
-2645
-2248
-1833
-1370
-833
-174
655
1654
2772
3914
4988
5916
6643
7140
7397
7398
7111
6517
5642
4534
3230
1795
337
-1033
-2267
-3331
-4176
-4765
-5133
-5329
-5375
-5289
-5114
-4916
-4713
-4485
-4141
-3593
-2786
-1751
-540
773
2113
3372
4451
5254
5668
5592
5017
4029
2737
1229
-401
-2002
-3403
-4483
-5217
-5617
-5694
-5480
-5050
-4483
-3831
-3099
-2294
-1424
-497
504
1617
2864
4197
5538
6812
7942
8823
9359
9524
9286
8591
7411
5830
3968
1928
-169
-2202
-4075
-5739
-7090
-8039
-8551
-8671
-8452
-7964
-7317
-6589
-5789
-4903
-3929
-2859
-1649
-291
1208
2812
4441
5930
7104
7856
8129
7887
7104
5800
4049
1978
-244
-2430
-4427
-6113
-7399
-8210
-8524
-8391
-7913
-7166
-6183
-4970
-3553
-1986
-334
1336
2986
4621
6224
7721
9013
10043
10768
11138
11093
10555
9441
7731
5531
3008
302
-2439
-5027
-7316
-9225
-10647
-11440
-11593
-11238
-10495
-9390
-7971
-6381
-4752
-3158
-1617
-120
1392
2951
4522
6034
7416
8568
9344
9608
9287
8350
6811
4742
2270
-431
-3147
-5645
-7746
-9324
-10296
-10612
-10318
-9515
-8285
-6689
-4831
-2855
-848
1150
3131
5065
6920
8615
10059
11213
12088
12656
12831
12543
11746
10372
8370
5804
2827
-395
-3681
-6777
-9445
-11545
-12991
-13674
-13551
-12731
-11384
-9627
-7570
-5380
-3233
-1230
599
2241
3733
5134
6472
7701
8761
9565
9978
9820
8968
7404
5209
2541
-406
-3395
-6172
-8537
-10367
-11582
-12106
-11915
-11094
-9775
-8060
-6030
-3810
-1537
691
2833
4861
6756
8519
10128
11520
12595
13282
13514
13248
12461
11168
9325
6861
3805
370
-3163
-6538
-9483
-11737
-13163
-13798
-13692
-12880
-11463
-9638
-7587
-5449
-3378
-1500
156
1666
3105
4525
5939
7321
8584
9621
10260
10291
9520
7882
5448
2418
-937
-4309
-7400
-9912
-11575
-12261
-12018
-11046
-9566
-7805
-5923
-4015
-2107
-228
1616
3426
5195
6891
8502
9989
11262
12188
12677
12722
12305
11415
10054
8251
6004
3343
398
-2599
-5463
-8051
-10227
-11844
-12793
-13008
-12469
-11247
-9480
-7349
-5040
-2754
-667
1083
2431
3405
4131
4757
5381
6025
6650
7124
7258
6883
5885
4226
1960
-747
-3630
-6362
-8642
-10256
-11089
-11084
-10307
-8959
-7276
-5417
-3483
-1566
270
2016
3670
5254
6776
8208
9438
10381
11013
11346
11379
11097
10461
9426
8046
6397
4469
2190
-356
-2955
-5431
-7658
-9465
-10683
-11244
-11140
-10372
-9058
-7415
-5648
-3885
-2242
-835
284
1111
1695
2159
2657
3275
4019
4798
5441
5703
5414
4501
2960
862
-1609
-4167
-6491
-8288
-9367
-9678
-9290
-8307
-6865
-5157
-3384
-1658
-27
1484
2851
4107
5300
6443
7512
8477
9308
9958
10383
10524
10353
9835
9005
7916
6569
4844
2714
315
-2173
-4684
-7027
-8841
-9877
-10214
-9966
-9110
-7719
-6075
-4404
-2771
-1307
-212
444
809
1030
1251
1620
2259
3096
3952
4584
4793
4406
3337
1559
-825
-3530
-6150
-8325
-9827
-10519
-10352
-9364
-7747
-5760
-3686
-1717
34
1530
2785
3866
4869
5846
6775
7636
8442
9185
9796
10190
10318
10112
9499
8502
7230
5649
3598
1104
-1546
-4069
-6314
-8065
-9091
-9383
-9124
-8363
-7063
-5380
-3651
-2101
-825
81
593
861
1074
1292
1535
1890
2437
3099
3692
3974
3754
2896
1411
-614
-3009
-5515
-7735
-9321
-10126
-10179
-9546
-8315
-6669
-4832
-2981
-1207
437
1921
3223
4363
5372
6261
6970
7461
7787
8021
8176
8211
8077
7726
7170
6493
5706
4591
2917
731
-1681
-4054
-6164
-7740
-8585
-8688
-8125
-6954
-5315
-3493
-1796
-433
454
811
724
417
144
130
506
1273
2271
3249
3918
4066
3562
2364
524
-1778
-4237
-6503
-8226
-9153
-9232
-8576
-7313
-5573
-3601
-1714
-76
1311
2500
3502
4357
5120
5826
6456
6948
7251
7383
7403
7333
7168
6904
6547
6098
5528
4710
3433
1617
-557
-2813
-4928
-6664
-7704
-7881
-7246
-5953
-4153
-2156
-357
955
1720
1962
1774
1329
879
630
691
1053
1599
2169
2584
2639
2141
1039
-561
-2463
-4491
-6420
-7960
-8843
-8989
-8484
-7469
-6051
-4376
-2628
-969
545
1935
3242
4477
5600
6528
7165
7436
7309
6856
6228
5620
5180
4955
4838
4702
4540
4314
3732
2479
591
-1630
-3873
-5825
-7102
-7542
-7277
-6486
-5239
-3732
-2277
-1106
-342
-66
-186
-397
-466
-357
-56
486
1174
1800
2193
2226
1725
612
-986
-2813
-4669
-6355
-7663
-8427
-8599
-8218
-7369
-6165
-4727
-3205
-1705
-265
1149
2540
3860
5028
5969
6602
6868
6784
6462
6038
5640
5394
5388
5567
5765
5892
5923
5690
4856
3268
1120
-1242
-3507
-5336
-6422
-6691
-6273
-5300
-3907
-2378
-1060
-158
302
391
234
10
-75
167
790
1655
2511
3156
3432
3181
2298
827
-1050
-3115
-5136
-6863
-8039
-8508
-8293
-7538
-6394
-4973
-3407
-1845
-399
902
2068
3128
4094
4956
5674
6207
6515
6558
6345
5982
5681
5594
5693
5769
5717
5613
5477
5001
3843
2002
-216
-2481
-4436
-5760
-6368
-6435
-6039
-5159
-3954
-2795
-1921
-1347
-1026
-875
-739
-481
-41
664
1620
2633
3352
3554
3150
2174
710
-1081
-3044
-4979
-6647
-7838
-8462
-8498
-7979
-7013
-5756
-4356
-2917
-1537
-279
852
1888
2817
3604
4208
4628
4864
4938
4888
4776
4715
4882
5356
5959
6378
6514
6461
6143
5220
3535
1310
-1075
-3292
-4959
-5827
-6012
-5825
-5332
-4499
-3522
-2718
-2159
-1752
-1462
-1245
-930
-346
519
1563
2597
3396
3772
3650
3013
1874
273
-1662
-3699
-5540
-6964
-7873
-8271
-8163
-7582
-6600
-5342
-3928
-2464
-1039
250
1341
2258
3067
3743
4169
4284
4162
3943
3788
3855
4250
4982
5917
6766
7266
7388
7195
6530
5113
3014
646
-1586
-3432
-4655
-5185
-5222
-4963
-4445
-3772
-3171
-2704
-2249
-1755
-1238
-589
310
1401
2559
3688
4619
5108
5028
4432
3399
1962
194
-1745
-3641
-5322
-6663
-7594
-8077
-8110
-7708
-6896
-5730
-4310
-2714
-1002
703
2231
3478
4417
4999
5149
4866
4306
3719
3331
3270
3578
4241
5148
6015
6586
6779
6586
5814
4268
2063
-411
-2755
-4650
-5865
-6429
-6547
-6363
-5871
-5156
-4369
-3578
-2738
-1853
-936
23
1044
2092
3127
4073
4807
5216
5221
4769
3829
2452
732
-1204
-3190
-5016
-6514
-7597
-8235
-8397
-8064
-7239
-5997
-4452
-2746
-1034
527
1847
2915
3717
4177
4261
4054
3704
3380
3260
3493
4109
4979
5849
6448
6673
6548
6029
4900
3072
744
-1753
-4111
-6011
-7212
-7756
-7876
-7676
-7124
-6283
-5314
-4317
-3330
-2400
-1497
-472
750
2100
3450
4717
5779
6435
6489
5899
4802
3339
1560
-491
-2650
-4671
-6334
-7480
-8008
-7923
-7320
-6296
-4904
-3232
-1459
203
1643
2861
3856
4547
4900
4991
4921
4743
4563
4577
4909
5535
6326
7069
7480
7419
6932
6013
4476
2315
-140
-2527
-4652
-6300
-7275
-7655
-7694
-7479
-6949
-6200
-5384
-4514
-3501
-2355
-1138
111
1394
2703
3990
5106
5817
5907
5312
4162
2686
1020
-840
-2830
-4705
-6233
-7353
-8059
-8290
-8005
-7230
-5995
-4339
-2394
-394
1465
3065
4347
5256
5744
5840
5632
5235
4750
4346
4241
4548
5213
6063
6845
7218
6995
6273
5172
3554
1363
-1063
-3298
-5187
-6617
-7350
-7400
-7135
-6768
-6164
-5274
-4309
-3387
-2439
-1437
-420
657
1828
2961
3896
4577
4952
4906
4345
3296
1891
281
-1428
-3179
-4859
-6311
-7416
-8131
-8380
-8071
-7204
-5906
-4322
-2582
-849
733
2103
3249
4132
4722
5064
5217
5192
5018
4833
4794
4936
5236
5690
6213
6551
6483
5980
5024
3463
1295
-1117
-3358
-5265
-6760
-7672
-7968
-7847
-7411
-6584
-5413
-4156
-2959
-1780
-632
379
1289
2218
3155
3975
4633
5095
5214
4834
3967
2722
1170
-630
-2535
-4343
-5886
-7030
-7688
-7813
-7406
-6537
-5321
-3858
-2215
-492
1117
2434
3382
4015
4408
4616
4630
4418
4038
3689
3598
3815
4265
4897
5666
6332
6552
6210
5406
4122
2246
-76
-2461
-4606
-6324
-7393
-7750
-7602
-7122
-6272
-5117
-3936
-2915
-1991
-1098
-270
506
1317
2179
3051
3879
4569
4967
4933
4398
3408
2102
601
-1054
-2802
-4432
-5686
-6395
-6511
-6055
-5110
-3836
-2397
-950
389
1521
2363
2882
3121
3205
3244
3260
3198
3050
2942
3022
3318
3717
4171
4740
5388
5814
5752
5215
4299
2899
945
-1307
-3476
-5349
-6786
-7599
-7785
-7572
-7120
-6389
-5404
-4386
-3519
-2801
-2138
-1418
-532
539
1671
2732
3688
4504
5003
4943
4242
3023
1486
-251
-2092
-3823
-5109
-5698
-5601
-5028
-4177
-3130
-1960
-812
177
966
1590
2055
2395
2699
3035
3346
3532
3571
3544
3574
3764
4135
4631
5218
5900
6560
6856
6528
5588
4154
2230
-123
-2601
-4809
-6494
-7566
-8040
-8026
-7671
-7096
-6403
-5693
-4999
-4317
-3615
-2817
-1790
-509
882
2171
3244
4056
4569
4687
4281
3318
1973
530
-870
-2205
-3360
-4098
-4319
-4170
-3824
-3301
-2551
-1630
-681
234
1107
1894
2494
2880
3138
3347
3487
3521
3463
3389
3430
3729
4313
5068
5866
6614
7091
6959
6118
4800
3190
1210
-1091
-3330
-5152
-6538
-7546
-8105
-8207
-8008
-7650
-7161
-6567
-5918
-5175
-4303
-3318
-2217
-943
446
1744
2787
3543
4003
4069
3659
2829
1748
547
-722
-1953
-2923
-3470
-3623
-3518
-3216
-2692
-1928
-998
-69
733
1430
2060
2527
2745
2857
3087
3455
3815
4075
4278
4543
4976
5605
6313
6955
7471
7766
7616
6856
5560
3902
1957
-184
-2321
-4264
-5929
-7211
-7965
-8186
-8049
-7779
-7490
-7143
-6625
-5903
-5054
-4103
-2959
-1619
-242
1005
2083
2991
3663
3976
3799
3110
2044
791
-524
-1767
-2747
-3337
-3603
-3656
-3501
-3090
-2491
-1852
-1260
-674
-33
621
1169
1556
1908
2383
2989
3574
4044
4448
4853
5251
5631
6026
6470
6931
7339
7584
7492
6915
5832
4333
2502
404
-1818
-3975
-5930
-7540
-8628
-9124
-9175
-8967
-8508
-7746
-6726
-5575
-4380
-3157
-1885
-584
628
1615
2360
2920
3290
3387
3152
2584
1721
670
-462
-1573
-2572
-3335
-3800
-4004
-3975
-3714
-3269
-2772
-2280
-1725
-1037
-255
529
1268
1955
2617
3285
3967
4593
5086
5425
5674
5922
6229
6606
7037
7498
7894
7993
7537
6432
4748
2611
153
-2417
-4843
-6886
-8338
-9094
-9222
-8897
-8222
-7222
-6000
-4754
-3616
-2578
-1584
-616
309
1163
1916
2561
3100
3458
3530
3260
2670
1782
641
-623
-1805
-2741
-3377
-3754
-3940
-3961
-3817
-3541
-3223
-2867
-2398
-1730
-914
-103
599
1237
1926
2674
3374
3917
4308
4603
4871
5192
5623
6124
6620
7103
7540
7723
7379
6421
4948
3023
674
-1875
-4226
-6100
-7456
-8312
-8627
-8411
-7763
-6803
-5632
-4387
-3200
-2102
-1057
-89
739
1445
2098
2665
3072
3333
3502
3490
3135
2422
1502
499
-553
-1598
-2503
-3147
-3525
-3721
-3826
-3845
-3709
-3364
-2866
-2310
-1693
-928
-42
785
1433
1983
2531
3007
3306
3475
3659
3933
4345
4917
5564
6078
6349
6438
6368
5953
4954
3347
1309
-918
-3118
-5087
-6663
-7770
-8367
-8428
-8016
-7268
-6300
-5141
-3880
-2698
-1725
-905
-136
613
1326
2007
2654
3261
3817
4253
4432
4248
3711
2865
1764
529
-687
-1805
-2830
-3718
-4332
-4582
-4534
-4339
-4063
-3684
-3153
-2463
-1628
-684
297
1223
2051
2764
3342
3742
3968
4084
4156
4242
4411
4689
5021
5298
5464
5462
5155
4411
3222
1690
-83
-1995
-3860
-5482
-6786
-7757
-8321
-8393
-8014
-7309
-6338
-5133
-3791
-2459
-1197
8
1144
2165
3058
3856
4576
5199
5662
5909
5903
5602
4937
3869
2445
800
-885
-2442
-3745
-4720
-5348
-5613
-5524
-5120
-4478
-3659
-2695
-1627
-503
612
1616
2396
2940
3348
3677
3858
3849
3743
3672
3677
3746
3862
3996
4088
4137
4214
4294
4172
3633
2631
1201
-625
-2734
-4856
-6730
-8180
-9028
-9117
-8495
-7412
-6067
-4506
-2805
-1175
182
1243
2108
2873
3549
4147
4705
5265
5787
6111
6047
5483
4435
2958
1106
-979
-2978
-4554
-5562
-6060
-6127
-5785
-5095
-4227
-3390
-2716
-2194
-1714
-1154
-485
230
907
1493
1978
2352
2583
2675
2686
2683
2690
2731
2886
3224
3706
4173
4480
4555
4347
3730
2577
913
-1063
-3127
-5080
-6692
-7752
-8210
-8146
-7604
-6620
-5328
-3915
-2453
-946
545
1905
3061
3972
4592
4906
4963
4845
4640
4365
3961
3367
2623
1803
898
-135
-1242
-2255
-3010
-3434
-3604
-3673
-3727
-3721
-3624
-3512
-3468
-3435
-3246
-2778
-2029
-1084
-22
1093
2134
2929
3405
3632
3721
3724
3685
3649
3645
3661
3665
3549
3157
2459
1636
870
153
-581
-1241
-1696
-2012
-2359
-2789
-3182
-3422
-3411
-3067
-2376
-1441
-377
743
1784
2513
2778
2589
2062
1327
555
-53
-332
-176
445
1451
2611
3668
4401
4619
4164
3004
1301
-679
-2641
-4314
-5538
-6282
-6574
-6451
-6031
-5487
-4913
-4235
-3338
-2183
-811
705
2276
3726
4814
5352
5328
4854
4009
2878
1609
419
-533
-1161
-1475
-1573
-1518
-1267
-714
123
1089
2023
2892
3716
4357
4554
4176
3364
2288
975
-518
-1935
-3027
-3751
-4132
-4133
-3806
-3386
-3062
-2821
-2577
-2282
-1838
-1084
79
1603
3312
4883
5926
6140
5416
3775
1374
-1422
-4108
-6272
-7689
-8262
-7980
-6987
-5534
-3918
-2426
-1274
-483
81
568
1056
1561
2063
2484
2688
2509
1859
823
-375
-1508
-2384
-2799
-2588
-1756
-473
1025
2506
3770
4719
5432
6083
6778
7460
7988
8258
8147
7416
5820
3381
447
-2553
-5248
-7296
-8451
-8692
-8148
-6949
-5294
-3582
-2213
-1329
-851
-655
-592
-453
-53
681
1706
2880
3949
4654
4817
4371
3341
1894
351
-973
-1931
-2537
-2864
-2996
-3075
-3297
-3802
-4552
-5341
-5905
-6051
-5679
-4747
-3300
-1508
350
1975
3141
3788
4042
4105
4113
4117
4171
4330
4563
4737
4706
4400
3846
3205
2720
2611
2958
3717
4703
5640
6282
6436
5811
4104
1399
-1714
-4607
-6976
-8630
-9355
-9113
-8178
-6860
-5393
-4070
-3189
-2759
-2511
-2179
-1605
-652
768
2569
4530
6332
7614
8069
7595
6205
3970
1082
-2043
-4938
-7274
-8907
-9823
-10090
-9810
-9045
-7898
-6524
-5018
-3331
-1384
758
2895
4824
6405
7513
7995
7704
6630
4979
3141
1482
201
-621
-930
-727
-161
541
1198
1716
2060
2276
2506
2878
3446
4170
4911
5392
5387
4866
3900
2372
114
-2651
-5282
-7213
-8211
-8186
-7161
-5487
-3727
-2178
-872
95
476
300
-123
-493
-717
-707
-417
80
650
1194
1554
1559
1221
719
125
-609
-1371
-1918
-2145
-2206
-2264
-2381
-2550
-2750
-2908
-2953
-2800
-2358
-1588
-630
315
1160
1964
2736
3385
3810
3997
3990
3869
3696
3465
3101
2513
1668
612
-534
-1607
-2436
-2865
-2783
-2182
-1126
296
1984
3771
5461
6898
7927
8461
8546
8208
7195
5214
2429
-577
-3329
-5657
-7433
-8544
-9011
-8928
-8269
-7128
-5849
-4760
-3789
-2719
-1499
-230
1054
2354
3650
4875
5889
6450
6379
5694
4487
2806
736
-1449
-3443
-5051
-6193
-6808
-6922
-6615
-6010
-5208
-4332
-3422
-2422
-1255
49
1366
2552
3495
4118
4297
3901
2911
1523
41
-1274
-2212
-2595
-2387
-1751
-945
-160
501
992
1317
1533
1755
2128
2786
3758
4940
6174
7310
8199
8632
8478
7802
6751
5271
3247
845
-1504
-3478
-5042
-6225
-7120
-7900
-8593
-8931
-8719
-8113
-7318
-6234
-4719
-2927
-1132
556
2104
3415
4415
5103
5477
5508
5219
4591
3514
1943
51
-1904
-3778
-5482
-6827
-7584
-7611
-6930
-5696
-4171
-2626
-1233
-91
701
1082
1119
939
622
203
-220
-543
-732
-832
-905
-948
-896
-651
-171
502
1350
2389
3574
4745
5762
6592
7262
7759
8064
8212
8250
8201
8031
7637
6905
5830
4516
3021
1225
-996
-3526
-5995
-8016
-9359
-9933
-9737
-8932
-7817
-6665
-5577
-4571
-3706
-3077
-2597
-2025
-1165
-19
1294
2696
4113
5390
6329
6822
6857
6470
5640
4359
2670
711
-1328
-3284
-5038
-6487
-7522
-8073
-8167
-7900
-7330
-6462
-5295
-3884
-2336
-791
662
2012
3258
4315
5076
5516
5675
5599
5316
4904
4447
3987
3496
2896
2130
1255
416
-202
-495
-432
-15
736
1788
3031
4251
5210
5750
5804
5335
4379
3141
1898
809
-226
-1406
-2850
-4470
-6057
-7443
-8613
-9531
-10035
-9920
-9128
-7741
-5899
-3803
-1699
199
1777
2958
3757
4262
4621
4912
5226
5637
6112
6418
6291
5566
4193
2212
-205
-2736
-5061
-6914
-8087
-8432
-8017
-7080
-5912
-4729
-3697
-2872
-2200
-1567
-867
30
1204
2567
3880
4893
5444
5416
4775
3600
2121
655
-461
-1009
-976
-523
120
734
1160
1313
1216
985
817
887
1300
2034
2981
3971
4807
5288
5248
4651
3652
2525
1518
802
417
237
-44
-692
-1751
-3049
-4384
-5584
-6443
-6733
-6293
-5114
-3336
-1266
704
2280
3384
4009
4130
3833
3385
3090
3066
3251
3458
3433
2954
1949
443
-1485
-3651
-5720
-7330
-8298
-8620
-8406
-7796
-6937
-5933
-4901
-3962
-3169
-2413
-1535
-485
658
1789
2799
3515
3758
3463
2698
1606
391
-694
-1418
-1664
-1431
-806
61
973
1763
2360
2851
3389
4063
4875
5819
6880
7922
8671
8883
8488
7570
6257
4682
3011
1472
307
-365
-638
-746
-883
-1133
-1595
-2405
-3590
-4877
-5849
-6199
-5919
-5193
-4274
-3358
-2516
-1779
-1254
-1092
-1234
-1427
-1456
-1317
-1042
-586
71
777
1303
1473
1196
427
-792
-2313
-3937
-5446
-6639
-7390
-7695
-7621
-7207
-6479
-5521
-4471
-3410
-2290
-1008
492
2159
3836
5311
6399
7022
7157
6781
5919
4735
3494
2418
1644
1242
1220
1466
1828
2193
2511
2755
2936
3070
3142
3121
3073
3102
3209
3290
3256
3103
2849
2500
2041
1505
972
598
510
739
1172
1601
1779
1468
548
-987
-3001
-5221
-7209
-8597
-9233
-9217
-8662
-7678
-6382
-4972
-3637
-2512
-1604
-815
-72
602
1149
1671
2328
3149
3873
4214
4067
3551
2778
1762
495
-898
-2140
-2975
-3327
-3308
-3031
-2540
-1894
-1261
-839
-731
-889
-1145
-1315
-1284
-1030
-549
132
938
1742
2416
2876
3099
3160
3144
3083
2955
2770
2555
2272
1858
1317
746
235
-138
-299
-197
143
678
1357
2130
2924
3676
4334
4812
5048
5019
4797
4457
4055
3559
2913
2082
1082
-65
-1380
-2918
-4644
-6341
-7662
-8319
-8264
-7658
-6704
-5501
-4052
-2415
-833
409
1188
1628
1841
1844
1627
1316
1060
955
975
1005
838
344
-397
-1237
-2171
-3273
-4431
-5360
-5830
-5816
-5415
-4750
-3937
-3079
-2301
-1773
-1603
-1687
-1755
-1614
-1253
-720
-12
833
1690
2423
2954
3256
3374
3446
3648
4017
4494
5021
5557
6008
6261
6289
6176
6032
5945
5953
6012
6024
5920
5681
5253
4536
3497
2201
751
-764
-2210
-3368
-4014
-4039
-3488
-2569
-1585
-814
-470
-697
-1565
-2947
-4532
-5904
-6752
-6956
-6665
-6137
-5592
-5085
-4655
-4395
-4374
-4482
-4445
-4024
-3154
-1972
-680
522
1530
2281
2696
2658
2172
1433
693
81
-419
-839
-1160
-1352
-1463
-1599
-1871
-2233
-2476
-2401
-1961
-1226
-230
1020
2433
3770
4780
5337
5477
5325
5019
4674
4407
4326
4462
4700
4816
4656
4200
3528
2681
1725
801
116
-193
-135
183
629
1083
1397
1465
1258
859
368
-138
-625
-1098
-1563
-2000
-2369
-2700
-3044
-3403
-3712
-3978
-4274
-4652
-5129
-5681
-6186
-6379
-6050
-5234
-4122
-2838
-1407
111
1576
2809
3664
4084
4153
4031
3780
3361
2750
2085
1552
1266
1175
1131
979
678
292
-119
-596
-1210
-1874
-2345
-2438
-2181
-1749
-1239
-652
-10
559
885
889
648
367
190
119
88
117
250
432
532
472
286
35
-210
-379
-395
-240
69
458
831
1091
1229
1326
1469
1663
1824
1892
1874
1807
1671
1445
1162
886
629
379
142
-67
-281
-506
-690
-732
-569
-180
368
926
1366
1629
1647
1220
240
-1065
-2217
-2888
-3099
-3058
-2941
-2789
-2549
-2205
-1879
-1745
-1801
-1826
-1631
-1244
-790
-299
294
986
1667
2175
2362
2149
1562
750
-127
-970
-1723
-2317
-2686
-2815
-2781
-2712
-2787
-3055
-3376
-3509
-3346
-2920
-2213
-1132
350
2037
3639
4903
5701
6007
5908
5534
4977
4287
3572
2967
2477
1929
1207
395
-302
-766
-975
-946
-727
-388
38
568
1156
1665
2006
2209
2360
2458
2441
2245
1810
1111
190
-815
-1783
-2607
-3193
-3416
-3278
-2927
-2623
-2523
-2687
-3069
-3592
-4073
-4298
-4104
-3522
-2763
-2106
-1713
-1449
-1048
-380
331
904
1404
2088
2902
3611
4014
4217
4314
4317
4151
3772
3159
2351
1462
573
-326
-1263
-2123
-2799
-3282
-3671
-3949
-4035
-3860
-3440
-2763
-1818
-644
619
1881
3076
4081
4697
4773
4314
3446
2392
1424
741
358
138
-35
-193
-339
-529
-865
-1403
-2074
-2647
-2853
-2586
-2027
-1473
-1088
-812
-557
-309
-123
25
231
598
1103
1554
1737
1588
1256
917
670
515
446
426
380
242
-50
-590
-1452
-2449
-3143
-3177
-2625
-1852
-1171
-646
-181
364
1057
1789
2343
2618
2734
2817
2765
2388
1733
1105
768
740
852
916
743
244
-518
-1354
-2147
-2879
-3523
-3944
-4043
-3850
-3504
-3139
-2832
-2569
-2241
-1753
-1116
-417
307
1046
1717
2140
2162
1762
1081
359
-181
-418
-369
-104
273
650
932
1053
986
748
445
227
200
361
617
843
950
946
919
941
1038
1237
1603
2149
2757
3224
3394
3233
2807
2219
1556
907
327
-174
-645
-1144
-1711
-2362
-3024
-3473
-3459
-2945
-2190
-1514
-1041
-681
-256
343
1129
1942
2547
2798
2791
2629
2296
1698
955
376
209
462
898
1227
1184
716
-73
-993
-1940
-2832
-3591
-4119
-4384
-4434
-4379
-4304
-4235
-4130
-3887
-3369
-2485
-1337
-177
749
1415
1901
2278
2529
2669
2749
2837
2908
2881
2663
2210
1496
543
-547
-1583
-2384
-2884
-3107
-3067
-2753
-2200
-1510
-799
-120
533
1204
1903
2580
3149
3531
3699
3684
3562
3388
3169
2868
2478
2045
1627
1232
813
321
-290
-1050
-1921
-2738
-3306
-3537
-3507
-3329
-3048
-2587
-1799
-612
790
2010
2732
2975
2973
2869
2672
2373
2121
2074
2246
2423
2304
1646
435
-1138
-2764
-4173
-5216
-5825
-6009
-5852
-5505
-5082
-4655
-4238
-3868
-3523
-3124
-2529
-1639
-485
764
1894
2751
3277
3512
3534
3395
3057
2478
1681
839
155
-232
-342
-260
-76
150
359
497
565
610
704
898
1185
1486
1697
1774
1742
1629
1436
1207
1059
1077
1225
1372
1437
1411
1375
1397
1551
1825
2146
2342
2231
1669
655
-613
-1760
-2436
-2541
-2311
-2112
-2114
-2204
-2128
-1810
-1339
-904
-548
-189
318
986
1705
2301
2695
2932
3117
3235
3082
2460
1358
47
-1161
-2094
-2814
-3454
-4120
-4815
-5515
-6150
-6640
-6878
-6741
-6138
-5047
-3563
-1843
-119
1362
2393
2945
3192
3395
3698
4020
4146
3932
3416
2759
2114
1523
922
222
-575
-1344
-1930
-2284
-2459
-2506
-2422
-2139
-1614
-890
-120
553
1135
1744
2506
3415
4353
5120
5518
5448
4963
4215
3370
2545
1805
1178
672
240
-242
-900
-1782
-2725
-3410
-3548
-3134
-2454
-1869
-1521
-1324
-1089
-690
-130
474
970
1266
1335
1207
935
633
392
254
192
149
45
-200
-620
-1165
-1716
-2147
-2412
-2579
-2800
-3206
-3819
-4534
-5175
-5572
-5647
-5415
-4943
-4280
-3464
-2541
-1564
-555
478
1501
2412
3091
3434
3438
3215
2972
2881
2965
3083
3067
2855
2498
2056
1525
906
251
-311
-651
-705
-503
-104
445
1100
1795
2451
2984
3338
3483
3420
3177
2845
2574
2472
2516
2558
2483
2250
1877
1377
752
-3
-847
-1640
-2156
-2234
-1928
-1504
-1299
-1496
-1991
-2437
-2488
-2069
-1412
-841
-535
-470
-505
-476
-288
43
388
625
714
679
533
222
-266
-884
-1502
-2035
-2449
-2818
-3234
-3759
-4346
-4836
-4999
-4662
-3871
-2878
-1981
-1328
-886
-486
33
742
1519
2145
2442
2448
2356
2353
2455
2562
2608
2623
2670
2743
2766
2641
2335
1916
1503
1167
924
744
636
602
644
757
948
1181
1343
1318
1081
726
390
192
189
373
683
1047
1401
1671
1787
1721
1490
1114
611
51
-417
-660
-678
-641
-783
-1247
-1945
-2594
-2900
-2804
-2508
-2312
-2395
-2688
-2971
-3009
-2736
-2276
-1851
-1599
-1493
-1424
-1304
-1141
-1009
-985
-1065
-1140
-1106
-969
-854
-901
-1141
-1443
-1609
-1556
-1397
-1370
-1599
-2014
-2378
-2476
-2188
-1567
-800
-123
346
726
1266
2114
3151
4084
4658
4819
4714
4598
4625
4742
4734
4459
3968
3439
3018
2740
2541
2288
1875
1298
660
72
-374
-632
-694
-606
-437
-244
-74
37
91
120
159
230
375
622
945
1202
1202
822
142
-532
-881
-834
-669
-797
-1405
-2303
-3075
-3393
-3233
-2847
-2567
-2585
-2850
-3114
-3095
-2615
-1743
-768
-50
202
50
-245
-408
-358
-213
-144
-170
-191
-143
-95
-169
-393
-697
-1005
-1288
-1490
-1520
-1309
-896
-403
66
473
821
1099
1275
1361
1427
1573
1845
2180
2437
2511
2408
2222
2062
2005
2090
2296
2543
2720
2764
2655
2424
2082
1629
1035
314
-482
-1229
-1784
-2031
-1991
-1811
-1665
-1638
-1698
-1750
-1702
-1516
-1203
-786
-275
257
650
730
433
-154
-807
-1264
-1331
-1025
-582
-334
-477
-956
-1497
-1813
-1798
-1582
-1423
-1485
-1753
-2064
-2213
-2061
-1613
-1033
-564
-342
-339
-401
-375
-196
106
417
631
703
649
500
300
100
-58
-158
-192
-147
-27
139
318
488
623
689
680
611
513
421
392
483
684
921
1109
1235
1322
1413
1536
1724
1974
2229
2414
2469
2380
2173
1903
1612
1304
959
590
231
-106
-435
-734
-938
-1014
-1002
-981
-997
-1053
-1098
-1063
-859
-471
12
438
688
751
716
713
832
1072
1352
1559
1596
1407
1019
545
146
-63
-100
-107
-266
-702
-1410
-2221
-2880
-3152
-2940
-2326
-1544
-869
-462
-289
-195
-25
268
628
903
934
675
221
-252
-606
-779
-796
-749
-745
-843
-1032
-1251
-1402
-1373
-1100
-657
-236
-42
-143
-422
-666
-696
-484
-152
121
213
136
-7
-82
-2
232
533
775
862
763
516
230
56
89
290
481
496
294
-17
-276
-361
-224
85
459
757
916
982
1089
1345
1737
2116
2291
2170
1811
1397
1113
1059
1166
1267
1230
1058
836
614
360
30
-361
-725
-989
-1143
-1216
-1223
-1143
-964
-750
-648
-789
-1166
-1619
-1966
-2127
-2117
-1984
-1776
-1555
-1390
-1314
-1310
-1324
-1314
-1268
-1183
-1060
-894
-709
-549
-470
-493
-586
-685
-747
-746
-678
-532
-335
-129
66
274
539
849
1124
1258
1178
914
593
399
463
801
1304
1774
2016
1929
1575
1139
846
804
969
1185
1322
1360
1368
1428
1572
1774
1975
2127
2193
2155
2000
1735
1411
1111
918
865
907
956
929
788
581
413
385
490
619
630
446
82
-386
-856
-1222
-1428
-1503
-1545
-1663
-1885
-2147
-2332
-2359
-2240
-2050
-1876
-1746
-1624
-1465
-1272
-1125
-1092
-1199
-1426
-1743
-2093
-2393
-2565
-2584
-2481
-2300
-2063
-1770
-1440
-1106
-781
-422
-10
428
801
1039
1118
1088
1011
909
747
485
128
-264
-604
-816
-872
-779
-567
-292
-39
133
269
479
830
1267
1660
1880
1889
1765
1632
1566
1560
1573
1576
1572
1566
1565
1565
1558
1548
1552
1586
1638
1691
1723
1703
1595
1384
1110
840
614
452
352
308
294
280
247
205
180
184
202
204
174
113
6
-184
-500
-930
-1384
-1747
-1981
-2137
-2293
-2474
-2646
-2760
-2795
-2736
-2542
-2214
-1834
-1536
-1372
-1313
-1316
-1360
-1406
-1367
-1200
-955
-740
-633
-638
-723
-844
-963
-1006
-904
-658
-357
-93
129
344
547
687
741
712
628
516
422
376
389
463
581
721
878
1073
1337
1686
2125
2619
3121
3552
3842
3934
3820
3561
3260
2980
2733
2507
2305
2109
1871
1555
1179
805
502
303
199
144
99
59
21
-25
-84
-140
-168
-178
-212
-332
-560
-860
-1170
-1446
-1688
-1886
-2001
-2005
-1958
-1978
-2147
-2431
-2704
-2844
-2806
-2634
-2410
-2218
-2126
-2154
-2252
-2338
-2341
-2227
-1977
-1620
-1263
-1022
-930
-944
-1008
-1070
-1080
-1008
-897
-822
-807
-799
-753
-678
-600
-494
-310
-40
261
540
793
1010
1157
1194
1138
1060
1069
1235
1540
1909
2270
2589
2831
2962
2973
2913
2837
2760
2661
2512
2317
2120
1973
1888
1830
1742
1597
1411
1235
1132
1127
1196
1262
1238
1084
834
587
433
403
436
422
296
80
-159
-382
-588
-778
-955
-1114
-1262
-1410
-1584
-1795
-2002
-2151
-2203
-2174
-2096
-2017
-1992
-2064
-2207
-2349
-2404
-2347
-2190
-1958
-1680
-1400
-1164
-998
-917
-924
-991
-1052
-1056
-1019
-1003
-1050
-1150
-1267
-1362
-1379
-1269
-1024
-700
-382
-136
6
69
112
198
341
527
749
1009
1286
1525
1689
1771
1799
1808
1828
1862
1904
1962
2038
2099
2111
2079
2059
2069
2090
2088
2061
2003
1898
1741
1564
1386
1192
959
686
408
169
14
-53
-85
-158
-292
-461
-625
-777
-906
-997
-1035
-1016
-952
-853
-753
-682
-658
-668
-687
-699
-706
-718
-726
-725
-726
-739
-765
-797
-846
-921
-1023
-1143
-1271
-1370
-1404
-1351
-1229
-1063
-882
-728
-644
-620
-600
-535
-395
-174
109
390
586
639
541
340
110
-67
-127
-75
37
151
231
274
291
324
423
583
734
793
764
722
746
847
986
1112
1188
1193
1119
981
846
782
803
841
816
695
484
215
-63
-284
-400
-395
-308
-189
-90
-64
-120
-206
-236
-178
-66
57
170
246
257
205
144
125
144
139
48
-145
-380
-571
-676
-702
-687
-664
-656
-664
-671
-654
-616
-566
-519
-485
-461
-441
-395
-313
-219
-167
-188
-255
-321
-343
-319
-289
-316
-451
-676
-915
-1096
-1204
-1256
-1246
-1153
-983
-778
-591
-464
-401
-366
-297
-150
65
302
515
676
783
828
814
748
652
552
467
408
362
321
291
283
299
329
385
506
701
910
1054
1091
1069
1053
1064
1071
1028
948
861
801
778
803
858
895
856
746
632
581
603
656
703
733
741
734
731
740
747
734
714
706
690
634
550
484
462
463
438
352
208
32
-148
-315
-453
-560
-633
-687
-734
-779
-835
-917
-1047
-1209
-1367
-1459
-1465
-1420
-1384
-1389
-1424
-1481
-1543
-1607
-1645
-1635
-1577
-1514
-1485
-1474
-1434
-1344
-1240
-1159
-1103
-1045
-974
-915
-886
-885
-872
-790
-621
-398
-195
-37
97
242
410
586
752
890
988
1043
1060
1067
1104
1198
1342
1468
1514
1470
1386
1291
1189
1076
1000
1002
1086
1203
1317
1407
1452
1444
1383
1274
1119
935
765
632
528
424
317
220
144
89
43
-9
-87
-198
-348
-534
-716
-855
-935
-980
-1027
-1071
-1113
-1172
-1274
-1429
-1596
-1712
-1729
-1662
-1593
-1591
-1664
-1757
-1818
-1818
-1744
-1598
-1417
-1247
-1124
-1044
-993
-940
-868
-759
-590
-351
-68
195
394
511
587
677
820
1021
1246
1457
1623
1726
1756
1754
1786
1887
2013
2089
2085
2025
1948
1861
1766
1671
1580
1485
1378
1268
1177
1121
1100
1099
1101
1101
1101
1114
1143
1175
1185
1151
1071
959
837
702
543
350
143
-43
-177
-260
-344
-497
-736
-1003
-1224
-1363
-1425
-1439
-1423
-1371
-1273
-1153
-1078
-1102
-1226
-1401
-1551
-1638
-1658
-1653
-1660
-1694
-1737
-1763
-1759
-1719
-1654
-1593
-1557
-1546
-1534
-1511
-1482
-1457
-1433
-1394
-1327
-1228
-1111
-986
-858
-729
-593
-418
-171
141
457
720
894
960
937
887
873
907
958
1003
1028
1034
1040
1051
1068
1065
1060
1087
1164
1256
1320
1367
1420
1472
1478
1434
1384
1345
1296
1203
1087
989
931
908
916
946
966
941
878
816
781
783
803
797
717
527
249
-57
-322
-534
-716
-900
-1123
-1414
-1760
-2069
-2244
-2262
-2173
-2046
-1920
-1813
-1734
-1676
-1628
-1560
-1444
-1272
-1069
-879
-729
-633
-589
-586
-597
-580
-518
-432
-338
-229
-96
54
199
322
403
431
434
472
613
845
1090
1258
1322
1308
1258
1200
1159
1138
1142
1161
1184
1194
1193
1221
1299
1396
1447
1415
1326
1225
1134
1048
967
913
911
957
1009
1023
975
881
789
733
708
675
619
563
522
473
391
271
124
-53
-268
-518
-783
-1018
-1182
-1258
-1270
-1263
-1287
-1385
-1565
-1771
-1915
-1948
-1888
-1793
-1693
-1590
-1475
-1354
-1261
-1196
-1141
-1064
-965
-881
-834
-816
-808
-800
-799
-807
-832
-859
-887
-919
-977
-1040
-1053
-981
-850
-715
-586
-445
-279
-93
97
267
404
506
606
723
845
930
958
948
931
930
952
985
1003
979
912
819
721
633
569
525
490
465
469
524
627
757
883
965
974
935
911
957
1067
1184
1250
1233
1147
1007
836
669
535
441
365
291
232
194
154
59
-118
-337
-526
-632
-667
-680
-711
-764
-826
-872
-894
-891
-877
-871
-877
-884
-879
-858
-818
-763
-705
-668
-668
-680
-658
-560
-409
-262
-164
-97
-21
76
165
220
250
278
330
408
495
534
505
437
391
381
378
368
373
409
445
444
413
386
394
445
526
596
597
517
403
319
283
281
289
288
267
238
206
151
60
-22
-42
-1
53
84
100
106
105
90
60
1
-89
-189
-279
-339
-372
-391
-419
-467
-512
-542
-553
-557
-535
-466
-369
-295
-277
-299
-329
-328
-285
-200
-78
71
204
268
247
184
138
126
132
134
120
71
-31
-189
-377
-536
-613
-583
-488
-391
-334
-313
-303
-289
-267
-233
-182
-121
-66
-23
2
4
-22
-74
-168
-305
-473
-643
-799
-928
-1007
-1016
-957
-863
-740
-585
-405
-241
-128
-73
-46
-14
43
118
205
298
411
537
647
710
733
764
821
860
837
783
777
853
965
1046
1083
1090
1065
998
884
740
587
453
369
355
391
432
419
337
215
108
59
66
99
122
137
167
211
260
296
331
367
391
388
346
264
143
7
-96
-135
-124
-110
-121
-138
-145
-159
-204
-265
-309
-322
-322
-309
-292
-296
-334
-383
-413
-422
-425
-426
-430
-456
-520
-592
-619
-572
-482
-403
-357
-334
-329
-349
-385
-410
-411
-413
-432
-467
-507
-527
-488
-365
-187
-23
69
93
78
49
11
-18
-4
62
158
230
257
251
239
235
227
206
169
122
70
35
39
92
181
267
307
271
172
58
-35
-94
-118
-97
-21
121
319
534
710
811
854
857
806
688
545
432
361
300
244
214
199
140
4
-169
-296
-355
-374
-382
-378
-369
-375
-405
-444
-468
-470
-459
-446
-450
-495
-595
-733
-868
-980
-1057
-1087
-1064
-1016
-985
-983
-994
-996
-957
-844
-670
-484
-324
-189
-63
73
229
395
543
658
742
794
801
773
734
700
663
600
507
391
302
275
312
375
425
466
490
485
447
407
404
461
586
768
945
1035
1008
909
806
725
663
612
568
519
451
350
202
17
-162
-286
-344
-358
-358
-359
-352
-325
-270
-202
-140
-101
-98
-134
-187
-222
-219
-186
-148
-124
-122
-146
-198
-269
-344
-403
-425
-410
-385
-374
-379
-383
-378
-356
-301
-212
-115
-47
-15
-10
-7
14
75
159
229
253
249
235
204
154
106
89
83
89
136
240
357
416
404
364
331
298
256
209
162
96
22
-42
-84
-117
-151
-180
-212
-278
-378
-463
-465
-367
-209
-57
31
51
27
-2
-22
-44
-99
-211
-354
-466
-496
-472
-448
-463
-502
-548
-595
-644
-677
-665
-604
-511
-421
-361
-329
-311
-304
-326
-370
-383
-323
-195
-64
22
47
35
27
59
129
206
263
291
311
337
366
387
385
358
327
327
366
403
409
388
388
453
591
744
859
960
1096
1255
1355
1338
1238
1127
1041
975
898
770
579
347
126
-60
-205
-317
-397
-452
-471
-439
-365
-300
-291
-341
-408
-454
-453
-402
-329
-273
-260
-275
-307
-362
-433
-516
-609
-720
-823
-881
-880
-837
-757
-656
-569
-527
-524
-544
-600
-686
-754
-770
-742
-705
-667
-606
-506
-358
-166
47
246
416
563
694
798
853
854
817
770
723
666
578
462
348
292
326
433
559
665
756
848
952
1044
1094
1077
1022
972
942
908
857
800
727
619
482
350
237
139
57
-12
-80
-171
-258
-306
-315
-331
-401
-521
-667
-831
-1007
-1171
-1274
-1306
-1289
-1252
-1207
-1163
-1123
-1081
-1025
-940
-811
-634
-430
-244
-126
-88
-111
-145
-151
-128
-102
-108
-144
-194
-252
-309
-346
-324
-240
-134
-64
-53
-73
-105
-140
-171
-187
-175
-134
-76
-19
8
13
40
126
245
343
400
427
445
460
471
461
424
366
314
283
270
265
253
248
269
341
460
586
670
699
709
753
836
923
962
927
828
711
618
555
488
386
245
86
-50
-136
-173
-194
-213
-214
-187
-149
-131
-141
-171
-215
-269
-311
-310
-259
-187
-124
-91
-86
-90
-91
-91
-111
-161
-228
-292
-347
-404
-468
-532
-573
-584
-566
-527
-473
-431
-427
-458
-479
-453
-393
-340
-327
-335
-314
-224
-87
26
77
97
152
263
391
494
552
574
566
527
448
331
206
106
57
51
79
121
173
245
350
477
592
676
732
774
807
835
845
817
740
633
505
356
198
65
-15
-55
-96
-165
-249
-306
-335
-376
-479
-645
-809
-909
-918
-870
-804
-757
-728
-712
-687
-656
-625
-577
-489
-351
-196
-61
36
105
155
170
132
42
-61
-130
-130
-67
26
99
119
80
2
-84
-147
-174
-167
-132
-82
-32
4
12
-21
-102
-206
-291
-319
-290
-224
-145
-71
-34
-28
-33
-15
21
52
79
116
182
272
384
486
540
540
512
490
469
441
398
352
314
304
334
383
410
381
310
242
222
231
226
179
101
26
-12
13
94
160
159
93
22
-25
-69
-125
-175
-191
-203
-265
-399
-534
-583
-522
-405
-281
-160
-55
17
46
45
27
-13
-60
-96
-124
-154
-202
-262
-335
-397
-414
-386
-342
-311
-297
-291
-298
-308
-298
-235
-108
42
172
258
319
354
351
328
313
301
261
199
167
191
252
306
330
351
385
421
430
418
424
455
480
466
412
351
317
295
256
176
77
-30
-130
-204
-239
-254
-276
-300
-290
-235
-170
-143
-163
-194
-197
-177
-149
-110
-61
-20
-5
-8
-13
-11
6
42
86
125
171
225
257
244
196
139
76
4
-48
-55
0
67
84
20
-74
-103
-50
24
29
-45
-152
-226
-240
-230
-252
-326
-415
-495
-584
-699
-803
-838
-790
-700
-622
-575
-527
-458
-379
-333
-310
-273
-199
-123
-92
-101
-109
-97
-78
-69
-50
-14
22
32
33
53
94
143
208
305
416
510
576
616
632
617
561
483
408
362
354
376
420
458
466
443
425
432
459
491
514
517
488
423
346
274
204
116
11
-74
-99
-65
-12
39
101
173
213
190
128
88
79
66
23
-49
-131
-199
-238
-252
-280
-344
-447
-563
-666
-746
-805
-832
-798
-700
-582
-489
-434
-395
-357
-319
-287
-294
-365
-451
-453
-333
-171
-69
-69
-137
-213
-233
-154
-15
104
154
176
213
266
312
359
431
524
601
619
562
454
361
333
364
410
446
474
485
467
411
324
226
140
86
70
74
84
87
94
123
183
278
383
463
494
482
448
417
398
388
383
369
332
255
130
-26
-147
-182
-140
-83
-62
-64
-79
-113
-181
-263
-323
-338
-303
-234
-161
-125
-140
-205
-292
-367
-406
-422
-444
-473
-509
-554
-619
-685
-723
-701
-634
-572
-558
-594
-626
-635
-624
-608
-584
-557
-543
-538
-521
-475
-417
-368
-320
-247
-144
-22
70
105
83
48
29
32
41
70
140
230
281
265
234
268
365
454
473
429
357
298
280
308
348
366
357
353
383
430
467
475
472
470
490
529
582
626
642
632
615
615
636
655
633
560
462
367
262
118
-46
-162
-180
-115
-37
-9
-60
-160
-245
-281
-277
-259
-240
-221
-226
-273
-351
-425
-484
-544
-603
-620
-545
-377
-178
-38
-19
-120
-278
-406
-430
-347
-216
-113
-62
-33
21
121
236
313
319
277
233
205
193
195
216
250
289
344
409
457
465
436
390
315
211
106
32
-18
-64
-117
-159
-163
-127
-52
42
138
209
234
219
188
170
155
123
70
29
30
66
87
57
3
-24
-6
16
12
-14
-40
-68
-107
-154
-192
-222
-265
-320
-377
-428
-487
-545
-565
-535
-506
-549
-658
-771
-827
-818
-767
-706
-665
-663
-680
-678
-634
-556
-466
-367
-259
-161
-97
-61
-36
-12
2
13
41
94
156
216
260
261
211
145
128
186
291
381
425
437
447
459
451
422
381
333
291
285
333
405
447
441
408
366
327
298
273
232
165
105
86
83
53
11
27
138
293
408
435
381
290
216
189
195
196
165
99
10
-85
-177
-241
-254
-212
-129
-40
27
61
65
54
44
42
44
31
-11
-72
-120
-103
-9
109
183
186
162
149
156
165
173
186
215
261
313
345
335
283
213
158
136
128
105
55
-12
-77
-115
-108
-77
-44
-28
-15
-1
26
69
113
125
77
-7
-81
-124
-154
-188
-218
-235
-239
-263
-325
-403
-429
-372
-285
-257
-323
-419
-467
-450
-406
-369
-338
-314
-305
-309
-305
-270
-214
-169
-145
-140
-150
-176
-193
-179
-140
-97
-72
-67
-94
-149
-221
-284
-320
-313
-255
-160
-50
41
97
119
132
159
196
223
234
225
192
135
65
-23
-149
-288
-386
-386
-301
-184
-79
18
112
178
176
109
40
27
75
119
108
40
-26
-51
-46
-42
-60
-94
-131
-154
-162
-159
-150
-111
-21
97
193
219
192
163
196
295
408
469
441
359
276
228
210
195
165
124
97
85
98
131
178
222
247
266
294
353
416
442
406
337
273
234
217
213
222
253
284
290
274
273
325
407
466
462
385
262
134
40
-10
-22
2
66
159
228
226
157
78
40
41
41
9
-46
-105
-137
-129
-97
-78
-90
-113
-107
-71
-46
-64
-106
-140
-176
-245
-343
-429
-463
-461
-470
-496
-508
-472
-412
-388
-428
-511
-581
-591
-532
-438
-360
-321
-297
-267
-263
-333
-465
-570
-582
-513
-418
-331
-262
-211
-159
-99
-32
22
43
