-46
-121
-166
-170
-156
-155
-165
-168
-140
-84
-11
59
125
188
246
304
333
328
294
271
273
286
297
305
307
275
216
152
99
43
-31
-90
-109
-99
-110
-148
-181
-174
-134
-99
-90
-102
-105
-82
-31
32
98
146
167
174
186
202
187
121
29
-33
-42
-29
-33
-56
-73
-83
-98
-112
-108
-97
-95
-101
-100
-96
-98
-77
-23
51
109
143
162
165
151
122
89
66
63
72
89
112
150
182
187
149
60
-65
-193
-274
-293
-252
-182
-109
-72
-86
-134
-193
-253
-298
-306
-280
-250
-232
-213
-190
-163
-158
-192
-272
-362
-417
-417
-398
-381
-357
-305
-252
-234
-241
-234
-202
-190
-227
-312
-389
-413
-359
-258
-158
-64
42
159
245
271
249
213
179
149
113
62
1
-37
-30
14
50
77
140
263
395
458
444
413
410
423
414
373
330
312
319
325
309
285
292
332
359
338
274
215
206
247
283
281
250
229
224
218
221
235
249
239
210
175
132
88
66
79
104
115
126
153
180
180
152
136
148
174
199
228
257
264
233
184
164
187
227
231
195
136
94
60
2
-102
-233
-338
-396
-405
-392
-360
-324
-288
-251
-205
-145
-99
-79
-88
-105
-106
-92
-76
-56
-30
-10
-28
-85
-164
-243
-321
-389
-429
-446
-462
-502
-563
-629
-660
-629
-546
-464
-414
-386
-356
-318
-270
-219
-198
-239
-320
-383
-388
-349
-292
-213
-120
-33
14
18
-6
-28
-22
9
34
17
-52
-144
-210
-210
-157
-100
-72
-62
-33
13
54
65
45
5
-17
3
46
75
62
32
7
-4
-17
-38
-60
-71
-53
-16
22
38
28
20
45
100
152
189
236
292
324
302
260
252
298
367
419
442
448
446
435
418
393
381
380
379
361
342
349
383
400
360
269
166
105
121
199
274
306
316
350
398
418
405
384
370
339
289
231
179
126
79
43
2
-53
-112
-140
-132
-104
-72
-41
-3
35
65
60
16
-57
-133
-190
-229
-259
-288
-303
-273
-217
-185
-208
-256
-272
-238
-174
-118
-102
-116
-116
-51
47
96
36
-114
-288
-424
-483
-463
-387
-304
-238
-187
-134
-69
8
78
119
107
58
-2
-60
-114
-156
-149
-87
-13
9
-41
-128
-197
-227
-214
-177
-134
-105
-84
-76
-93
-128
-138
-97
-44
-32
-78
-146
-199
-208
-177
-125
-81
-56
-54
-78
-136
-219
-311
-386
-410
-366
-266
-167
-123
-120
-112
-77
-63
-96
-149
-140
-43
89
169
161
108
61
28
-3
-22
-13
17
47
51
14
-47
-85
-53
16
75
100
125
168
214
242
245
242
251
287
330
341
292
194
96
42
54
110
175
222
255
278
289
281
266
246
222
187
156
140
135
123
103
104
150
237
323
374
386
376
352
316
268
232
235
272
303
301
262
217
185
189
230
284
329
345
339
309
266
203
127
54
8
-2
-12
-49
-110
-170
-212
-247
-275
-289
-280
-251
-218
-194
-183
-193
-236
-304
-361
-377
-365
-366
-377
-368
-312
-224
-132
-67
-70
-143
-235
-288
-289
-268
-244
-233
-244
-262
-250
-207
-176
-187
-216
-229
-242
-262
-284
-279
-237
-179
-114
-39
41
92
89
43
-12
-60
-86
-75
-12
85
169
202
190
158
128
84
18
-48
-75
-45
32
113
153
127
64
-1
-62
-127
-164
-148
-129
-157
-218
-234
-171
-75
-31
-62
-138
-208
-258
-301
-345
-380
-383
-347
-282
-213
-160
-134
-130
-128
-99
-40
14
42
62
97
124
106
52
7
0
14
12
-10
-26
8
93
199
289
332
338
324
299
252
194
154
152
179
222
269
312
328
325
334
375
430
461
442
368
255
151
104
126
184
233
258
266
282
309
339
366
401
460
535
586
578
515
436
366
283
164
40
-43
-61
-38
-11
1
-4
-26
-82
-180
-298
-397
-444
-430
-365
-273
-173
-84
-19
13
25
47
94
152
182
155
80
7
-21
-15
-6
-20
-60
-111
-163
-217
-271
-295
-250
-141
-17
72
116
125
119
97
44
-39
-119
-159
-168
-178
-210
-240
-254
-242
-222
-200
-183
-170
-157
-143
-135
-160
-216
-279
-320
-348
-392
-461
-546
-600
-582
-471
-318
-223
-242
-334
-401
-415
-432
-489
-528
-484
-365
-233
-117
-13
57
55
-11
-75
-82
-36
21
55
61
62
71
95
134
175
185
136
37
-57
-77
-1
126
208
201
141
84
44
9
-27
-47
-32
6
41
47
35
26
22
17
8
1
-3
0
7
-1
-42
-96
-120
-86
-9
74
140
198
253
297
326
342
357
369
369
370
385
421
436
394
305
228
220
291
397
466
461
410
378
407
467
514
527
526
522
510
494
491
524
580
624
610
530
416
324
274
229
159
80
46
84
156
190
145
33
-69
-111
-89
-49
-36
-57
-84
-89
-91
-126
-199
-249
-250
-224
-226
-262
-298
-300
-268
-243
-277
-379
-488
-534
-515
-496
-513
-549
-571
-575
-552
-503
-470
-492
-545
-564
-526
-466
-429
-421
-429
-437
-445
-461
-504
-557
-570
-513
-421
-351
-313
-268
-202
-125
-60
-14
26
75
119
124
81
39
22
3
-28
-45
-31
-27
-73
-151
-201
-190
-125
-38
34
56
19
-35
-49
-21
8
9
4
29
83
134
163
174
161
123
68
18
-29
-74
-98
-82
-41
14
79
134
133
77
52
119
259
372
420
434
457
498
532
545
552
585
670
771
830
812
728
605
474
357
280
236
214
203
186
159
119
88
66
52
57
101
190
291
371
410
407
363
283
165
9
-149
-246
-247
-181
-113
-96
-138
-202
-226
-185
-130
-118
-141
-141
-102
-51
-23
-28
-48
-72
-100
-124
-129
-97
-39
15
42
43
36
47
89
160
229
255
225
165
104
52
-3
-65
-121
-159
-159
-134
-104
-88
-95
-134
-209
-292
-348
-381
-409
-437
-470
-522
-601
-667
-694
-679
-650
-618
-593
-570
-519
-424
-305
-212
-164
-144
-128
-110
-82
-31
38
96
119
123
114
93
46
-15
-57
-58
-14
45
85
95
80
60
42
36
40
34
4
-41
-69
-74
-70
-69
-75
-89
-103
-99
-73
-47
-55
-112
-177
-217
-223
-213
-178
-108
-35
0
-13
-32
-27
-2
33
75
114
146
186
253
330
376
384
390
412
415
357
264
201
216
283
355
405
431
448
458
483
519
550
569
581
573
505
364
206
103
89
144
233
317
362
357
322
269
191
78
-64
-206
-315
-378
-413
-445
-461
-424
-337
-251
-212
-219
-242
-269
-296
-329
-355
-351
-313
-242
-178
-153
-165
-155
-79
31
89
75
52
97
206
321
385
386
362
364
402
449
482
519
573
627
658
663
648
616
578
545
491
388
252
129
65
39
15
-40
-112
-187
-272
-378
-505
-623
-707
-753
-795
-877
-1019
-1188
-1325
-1397
-1426
-1436
-1428
-1399
-1366
-1330
-1277
-1193
-1094
-980
-828
-650
-485
-379
-326
-268
-148
51
292
512
677
792
899
1012
1125
1205
1251
1278
1308
1355
1425
1508
1582
1627
1647
1648
1624
1559
1450
1314
1149
954
733
532
370
221
46
-154
-346
-510
-656
-836
-1097
-1441
-1790
-2047
-2164
-2155
-2068
-1942
-1789
-1623
-1463
-1334
-1254
-1219
-1207
-1198
-1187
-1173
-1143
-1079
-994
-914
-843
-736
-578
-399
-253
-137
-20
112
250
393
565
778
1016
1272
1529
1774
1989
2176
2344
2499
2642
2774
2886
2964
3011
3028
3003
2915
2770
2597
2402
2166
1894
1611
1314
964
553
133
-233
-529
-809
-1144
-1560
-2000
-2371
-2624
-2783
-2890
-2947
-2910
-2760
-2531
-2302
-2140
-2073
-2068
-2077
-2068
-2057
-2057
-2043
-1980
-1862
-1726
-1585
-1430
-1248
-1059
-884
-720
-554
-379
-200
-7
198
421
640
826
966
1077
1204
1352
1496
1597
1634
1600
1529
1480
1505
1582
1670
1762
1863
1980
2103
2221
2313
2371
2396
2359
2238
2053
1865
1711
1576
1420
1229
1009
784
575
397
206
-55
-403
-775
-1106
-1378
-1629
-1894
-2202
-2561
-2921
-3195
-3315
-3291
-3154
-2957
-2732
-2494
-2228
-1930
-1635
-1367
-1116
-874
-662
-501
-367
-233
-96
33
166
310
458
581
647
633
575
537
565
640
706
742
756
784
840
933
1039
1152
1262
1358
1435
1484
1520
1549
1606
1688
1791
1872
1900
1882
1837
1787
1736
1716
1717
1679
1520
1227
863
504
186
-110
-423
-765
-1123
-1477
-1810
-2104
-2314
-2404
-2350
-2163
-1898
-1657
-1512
-1437
-1368
-1310
-1325
-1434
-1582
-1694
-1751
-1775
-1790
-1800
-1794
-1752
-1653
-1504
-1336
-1159
-958
-732
-514
-314
-103
123
314
433
498
575
709
893
1085
1254
1385
1472
1539
1647
1817
2008
2149
2248
2351
2489
2645
2782
2869
2876
2803
2666
2481
2257
2004
1755
1536
1352
1180
979
739
464
160
-191
-621
-1122
-1630
-2066
-2399
-2638
-2785
-2816
-2725
-2524
-2267
-2021
-1844
-1760
-1747
-1771
-1808
-1867
-1958
-2052
-2093
-2049
-1944
-1800
-1611
-1387
-1167
-1009
-926
-893
-852
-759
-615
-445
-261
-56
170
407
627
825
1002
1158
1288
1403
1542
1735
1957
2160
2318
2454
2610
2822
3070
3289
3407
3399
3298
3133
2928
2689
2436
2156
1828
1443
1047
690
394
155
-77
-375
-785
-1284
-1801
-2266
-2640
-2910
-3083
-3146
-3077
-2870
-2591
-2325
-2118
-1966
-1847
-1767
-1722
-1711
-1730
-1768
-1804
-1813
-1797
-1742
-1641
-1490
-1330
-1181
-1021
-819
-596
-406
-292
-228
-143
19
246
473
643
739
782
801
834
898
992
1112
1266
1464
1693
1922
2131
2325
2517
2701
2873
3010
3095
3096
2995
2806
2568
2314
2049
1762
1452
1124
793
477
190
-103
-464
-907
-1360
-1737
-2003
-2166
-2241
-2230
-2134
-1985
-1836
-1720
-1616
-1500
-1397
-1359
-1400
-1496
-1616
-1728
-1784
-1766
-1693
-1613
-1544
-1465
-1353
-1211
-1074
-950
-840
-728
-617
-505
-387
-244
-71
113
269
370
423
451
488
555
670
846
1079
1340
1590
1830
2075
2315
2500
2603
2647
2674
2699
2728
2758
2762
2694
2530
2270
1943
1583
1223
891
593
334
90
-171
-473
-826
-1222
-1612
-1920
-2084
-2127
-2125
-2126
-2121
-2062
-1924
-1718
-1492
-1299
-1179
-1142
-1173
-1243
-1310
-1355
-1364
-1348
-1327
-1322
-1340
-1362
-1348
-1284
-1189
-1093
-1004
-899
-752
-584
-425
-296
-175
-55
53
145
237
350
495
686
928
1199
1480
1761
2043
2325
2586
2804
2955
3020
2980
2840
2636
2441
2296
2191
2070
1886
1598
1207
766
360
32
-263
-594
-994
-1409
-1773
-2053
-2256
-2408
-2502
-2532
-2489
-2401
-2310
-2223
-2131
-2016
-1881
-1737
-1590
-1454
-1352
-1282
-1228
-1162
-1093
-1032
-993
-964
-927
-848
-704
-520
-356
-253
-176
-64
96
252
345
371
361
360
397
488
612
741
878
1050
1269
1521
1768
1974
2140
2294
2458
2613
2723
2752
2708
2632
2580
2563
2531
2427
2239
1982
1671
1322
970
651
357
60
-273
-648
-1056
-1475
-1871
-2189
-2385
-2475
-2509
-2488
-2391
-2217
-2012
-1809
-1612
-1418
-1230
-1081
-978
-907
-834
-757
-714
-724
-784
-869
-965
-1044
-1067
-1015
-899
-748
-578
-396
-217
-55
78
155
170
150
119
88
71
121
290
565
868
1127
1335
1527
1742
1964
2160
2311
2430
2546
2667
2777
2846
2851
2776
2614
2373
2090
1789
1471
1123
768
446
163
-126
-472
-877
-1303
-1708
-2079
-2408
-2672
-2833
-2874
-2810
-2691
-2558
-2430
-2295
-2151
-2006
-1861
-1716
-1558
-1391
-1230
-1119
-1077
-1079
-1069
-1026
-993
-1020
-1109
-1211
-1273
-1252
-1145
-977
-792
-608
-437
-301
-225
-206
-194
-122
61
341
659
960
1226
1474
1711
1932
2130
2299
2449
2597
2761
2917
3015
3029
2976
2882
2740
2530
2248
1923
1593
1289
1010
732
436
123
-198
-530
-880
-1251
-1625
-1966
-2240
-2433
-2563
-2646
-2686
-2673
-2598
-2452
-2220
-1909
-1558
-1227
-945
-715
-522
-367
-258
-208
-208
-222
-202
-142
-74
-16
56
192
376
540
632
663
669
652
605
531
466
430
461
594
839
1150
1469
1764
2006
2178
2306
2451
2626
2769
2808
2725
2567
2410
2298
2214
2078
1830
1460
1023
589
208
-115
-397
-655
-883
-1079
-1266
-1495
-1789
-2109
-2385
-2574
-2699
-2798
-2871
-2871
-2754
-2541
-2296
-2067
-1851
-1604
-1328
-1074
-904
-821
-782
-765
-771
-802
-848
-889
-900
-864
-786
-693
-605
-531
-490
-493
-527
-551
-548
-523
-466
-364
-196
59
420
878
1353
1766
2063
2234
2308
2344
2419
2554
2709
2781
2719
2558
2415
2357
2324
2163
1807
1334
898
595
384
189
-45
-292
-504
-677
-884
-1204
-1613
-2007
-2303
-2487
-2577
-2580
-2495
-2342
-2144
-1917
-1676
-1447
-1246
-1081
-952
-874
-847
-853
-865
-874
-878
-873
-860
-855
-860
-832
-732
-572
-420
-321
-259
-181
-46
139
334
496
630
794
1039
1381
1756
2071
2299
2518
2813
3129
3346
3395
3317
3187
3052
2926
2771
2537
2195
1767
1291
789
300
-145
-516
-833
-1104
-1310
-1448
-1559
-1704
-1912
-2173
-2433
-2629
-2726
-2732
-2652
-2447
-2106
-1688
-1273
-884
-495
-124
144
241
175
29
-132
-310
-521
-732
-877
-922
-909
-892
-890
-885
-866
-832
-776
-702
-606
-472
-252
36
335
618
990
1602
2486
3453
4225
4650
4783
4793
4804
4820
4735
4403
3740
2840
1896
1052
293
-458
-1244
-2062
-2900
-3702
-4386
-4873
-5121
-5118
-4910
-4582
-4184
-3703
-3143
-2565
-2005
-1404
-681
152
989
1726
2299
2697
2914
2912
2634
2057
1214
188
-921
-2011
-2990
-3789
-4366
-4726
-4878
-4835
-4605
-4218
-3700
-3066
-2317
-1476
-578
375
1407
2513
3641
4733
5766
6719
7509
8023
8194
8061
7711
7198
6496
5534
4251
2685
960
-789
-2517
-4198
-5731
-6968
-7791
-8147
-8019
-7473
-6598
-5491
-4237
-2969
-1799
-763
157
961
1683
2426
3275
4207
5103
5821
6203
6116
5503
4406
2897
1057
-1008
-3122
-5062
-6614
-7651
-8167
-8210
-7844
-7164
-6285
-5291
-4206
-3043
-1841
-607
694
2079
3504
4920
6274
7508
8565
9412
9989
10186
9937
9284
8314
7100
5703
4161
2425
437
-1715
-3832
-5750
-7399
-8689
-9498
-9782
-9544
-8798
-7582
-5990
-4149
-2223
-422
1057
2192
3080
3794
4337
4744
5103
5469
5787
5914
5653
4842
3444
1534
-747
-3226
-5681
-7859
-9530
-10543
-10833
-10410
-9356
-7833
-6071
-4296
-2644
-1135
264
1586
2848
4080
5304
6505
7629
8593
9321
9768
9906
9688
9028
7926
6539
5110
3759
2407
867
-953
-2927
-4816
-6488
-7943
-9112
-9777
-9728
-8912
-7445
-5539
-3396
-1147
1076
3002
4321
4927
4983
4756
4476
4306
4309
4437
4574
4581
4253
3408
1973
-7
-2428
-5080
-7606
-9616
-10848
-11191
-10640
-9319
-7449
-5305
-3140
-1188
421
1667
2604
3338
4026
4819
5743
6702
7584
8294
8733
8829
8548
7862
6737
5285
3750
2407
1355
498
-430
-1674
-3228
-4882
-6438
-7814
-8871
-9402
-9208
-8225
-6520
-4333
-1988
227
2109
3489
4253
4445
4250
3909
3655
3660
3975
4501
5027
5267
4915
3788
1883
-628
-3474
-6254
-8508
-9874
-10212
-9596
-8229
-6401
-4404
-2520
-976
99
755
1198
1657
2290
3178
4357
5760
7196
8378
9044
9066
8530
7618
6480
5187
3879
2772
2053
1694
1404
749
-537
-2348
-4351
-6305
-8099
-9518
-10197
-9858
-8546
-6569
-4322
-2087
-44
1640
2774
3303
3417
3416
3507
3795
4339
5093
5856
6306
6123
5087
3207
702
-2111
-4916
-7338
-8980
-9588
-9194
-8040
-6425
-4645
-2970
-1617
-688
-169
118
421
968
1871
3137
4671
6249
7565
8370
8533
8073
7155
6054
4977
3978
3061
2339
1944
1767
1379
313
-1512
-3734
-5907
-7816
-9374
-10355
-10428
-9460
-7691
-5563
-3449
-1547
46
1221
1910
2202
2365
2686
3291
4159
5177
6141
6749
6668
5671
3732
1066
-1931
-4832
-7245
-8827
-9364
-8882
-7636
-5998
-4302
-2808
-1655
-884
-438
-170
149
770
1822
3261
4896
6494
7799
8568
8663
8134
7245
6342
5667
5212
4846
4521
4295
4107
3568
2174
-230
-3182
-5956
-8110
-9587
-10375
-10289
-9175
-7206
-4883
-2739
-1060
128
878
1246
1395
1623
2211
3235
4571
6000
7247
7977
7871
6712
4495
1509
-1761
-4838
-7347
-8955
-9464
-8953
-7768
-6320
-4932
-3814
-3031
-2533
-2174
-1741
-1006
171
1760
3594
5417
6923
7847
8077
7688
6857
5842
4982
4567
4635
4942
5211
5288
5080
4357
2789
258
-2896
-6026
-8544
-10147
-10750
-10344
-8993
-6956
-4756
-2916
-1670
-910
-458
-189
71
601
1623
3158
5011
6843
8240
8842
8428
6937
4492
1457
-1639
-4355
-6449
-7768
-8195
-7781
-6836
-5784
-4974
-4574
-4526
-4564
-4374
-3721
-2494
-691
1520
3820
5819
7201
7805
7665
6984
6051
5147
4578
4583
5161
5998
6643
6828
6457
5425
3534
742
-2612
-5892
-8495
-10102
-10703
-10383
-9225
-7438
-5483
-3871
-2795
-2093
-1523
-940
-233
747
2119
3880
5826
7609
8852
9264
8689
7119
4727
1852
-1047
-3515
-5279
-6313
-6704
-6570
-6103
-5591
-5267
-5179
-5208
-5172
-4869
-4115
-2822
-998
1223
3548
5561
6941
7587
7572
7047
6243
5466
5022
5100
5662
6397
6886
6894
6418
5432
3733
1172
-2021
-5258
-7934
-9688
-10475
-10450
-9764
-8525
-6929
-5341
-4070
-3156
-2437
-1726
-872
256
1702
3405
5218
6900
8160
8716
8396
7126
5012
2379
-335
-2770
-4693
-5946
-6476
-6403
-5975
-5431
-4934
-4553
-4259
-3961
-3555
-2887
-1797
-231
1676
3662
5462
6840
7616
7723
7266
6503
5734
5218
5142
5548
6235
6789
6893
6479
5535
3866
1335
-1804
-4974
-7648
-9529
-10501
-10587
-9869
-8503
-6801
-5221
-4055
-3271
-2668
-2109
-1457
-521
823
2500
4298
5980
7246
7804
7456
6153
3986
1279
-1483
-3871
-5659
-6758
-7149
-6960
-6427
-5761
-5106
-4555
-4103
-3632
-2980
-2019
-678
1022
2926
4806
6427
7583
8109
7977
7339
6457
5617
5100
5111
5609
6261
6687
6741
6425
5576
3874
1279
-1788
-4717
-7119
-8824
-9752
-9840
-9136
-7842
-6324
-4959
-3919
-3132
-2427
-1725
-952
25
1331
2921
4592
6087
7112
7366
6667
5061
2768
123
-2469
-4662
-6270
-7219
-7453
-7053
-6285
-5432
-4643
-3948
-3348
-2801
-2243
-1579
-678
560
2090
3727
5236
6429
7163
7383
7146
6625
6063
5729
5786
6144
6493
6591
6426
6016
5126
3398
802
-2214
-5025
-7199
-8601
-9268
-9233
-8496
-7205
-5793
-4672
-3925
-3353
-2818
-2260
-1550
-515
918
2660
4505
6133
7197
7441
6744
5096
2657
-188
-2938
-5161
-6631
-7293
-7221
-6570
-5564
-4504
-3688
-3215
-2920
-2569
-2067
-1437
-612
556
2103
3779
5191
6085
6477
6503
6242
5757
5246
5067
5467
6297
7076
7440
7340
6772
5469
3189
187
-2880
-5424
-7210
-8203
-8449
-8008
-7018
-5758
-4631
-3894
-3473
-3142
-2779
-2298
-1515
-289
1321
3106
4847
6262
7027
6856
5686
3715
1330
-1105
-3352
-5145
-6199
-6387
-5930
-5169
-4364
-3665
-3194
-2942
-2753
-2440
-1899
-1122
-93
1200
2684
4066
4981
5295
5224
5035
4792
4484
4292
4556
5388
6443
7143
7225
6764
5787
4061
1530
-1403
-4120
-6219
-7586
-8263
-8323
-7803
-6833
-5757
-4962
-4511
-4219
-3928
-3582
-3014
-2020
-562
1206
3096
4896
6281
6866
6418
4996
2923
582
-1751
-3862
-5435
-6124
-5894
-5086
-4121
-3221
-2496
-2067
-1985
-2096
-2104
-1797
-1147
-226
960
2383
3782
4747
5090
5031
4873
4712
4545
4556
5069
6118
7251
7889
7844
7241
6052
4019
1197
-1860
-4514
-6482
-7732
-8281
-8132
-7405
-6395
-5511
-4973
-4648
-4300
-3870
-3396
-2721
-1603
8
1878
3715
5295
6399
6754
6159
4658
2526
119
-2248
-4252
-5587
-6099
-5884
-5203
-4309
-3398
-2619
-2064
-1734
-1522
-1268
-875
-341
362
1352
2637
3903
4781
5228
5519
5821
6051
6147
6299
6728
7360
7804
7761
7276
6484
5228
3237
617
-2147
-4585
-6479
-7745
-8322
-8150
-7288
-6086
-5056
-4429
-4026
-3663
-3372
-3140
-2705
-1824
-471
1183
2877
4318
5289
5644
5200
3820
1631
-930
-3379
-5333
-6561
-6993
-6728
-5932
-4769
-3493
-2406
-1711
-1369
-1209
-1060
-819
-397
301
1329
2545
3628
4349
4772
5087
5340
5476
5560
5831
6474
7348
7993
8021
7431
6372
4799
2593
-37
-2610
-4729
-6234
-7092
-7284
-6836
-5897
-4822
-3992
-3527
-3262
-3065
-2921
-2758
-2368
-1591
-397
1107
2716
4123
5034
5201
4466
2861
691
-1643
-3843
-5667
-6882
-7376
-7239
-6627
-5708
-4694
-3817
-3151
-2589
-2001
-1349
-663
79
991
2131
3315
4223
4731
5035
5319
5525
5532
5457
5631
6235
7027
7505
7402
6831
5879
4306
1954
-828
-3401
-5327
-6467
-6828
-6479
-5563
-4316
-3080
-2167
-1650
-1435
-1439
-1571
-1598
-1288
-559
549
1966
3495
4752
5335
5035
3893
2125
5
-2200
-4184
-5662
-6494
-6738
-6515
-5922
-5106
-4301
-3698
-3296
-2901
-2322
-1527
-598
437
1622
2868
3882
4398
4456
4335
4240
4173
4124
4268
4860
5899
6999
7630
7595
7017
5966
4253
1839
-891
-3332
-5050
-5885
-5919
-5388
-4543
-3581
-2698
-2114
-1912
-1988
-2146
-2186
-1915
-1240
-203
1091
2512
3861
4865
5291
4991
3861
1928
-477
-2779
-4526
-5592
-6058
-6043
-5693
-5190
-4716
-4405
-4312
-4347
-4287
-3922
-3197
-2143
-810
729
2271
3523
4254
4449
4318
4087
3865
3695
3715
4138
5033
6120
6859
6885
6226
5069
3379
1083
-1516
-3808
-5338
-6060
-6155
-5771
-4976
-3921
-2968
-2476
-2451
-2608
-2687
-2620
-2351
-1733
-653
836
2506
4069
5261
5895
5790
4785
2906
539
-1753
-3569
-4809
-5502
-5659
-5342
-4739
-4131
-3742
-3627
-3637
-3552
-3189
-2487
-1460
-136
1421
3006
4306
5103
5376
5242
4828
4275
3770
3537
3803
4657
5854
6850
7200
6870
6008
4590
2513
-29
-2535
-4489
-5644
-6022
-5806
-5140
-4174
-3166
-2462
-2221
-2332
-2570
-2743
-2698
-2285
-1376
34
1774
3543
5000
5867
5935
5098
3382
1077
-1310
-3337
-4806
-5669
-5900
-5578
-4958
-4361
-3996
-3917
-4012
-4044
-3794
-3162
-2131
-699
1052
2895
4486
5502
5798
5490
4840
4088
3385
2901
2884
3553
4817
6165
6938
6906
6320
5327
3664
1197
-1566
-3828
-5195
-5745
-5707
-5206
-4327
-3280
-2465
-2238
-2539
-3003
-3312
-3332
-2934
-1971
-466
1338
3131
4631
5582
5749
4980
3324
1085
-1248
-3303
-4894
-5924
-6338
-6234
-5876
-5481
-5169
-4982
-4889
-4732
-4322
-3548
-2410
-972
665
2354
3853
4859
5221
5057
4621
4066
3449
2910
2705
3069
4026
5312
6450
7058
7101
6668
5624
3742
1226
-1328
-3399
-4812
-5519
-5539
-5025
-4233
-3428
-2876
-2733
-2929
-3213
-3334
-3086
-2293
-937
805
2667
4432
5835
6538
6285
5062
3044
551
-1983
-4147
-5694
-6585
-6881
-6715
-6284
-5796
-5430
-5275
-5209
-4946
-4255
-3113
-1598
249
2284
4172
5500
6040
5809
4998
3872
2695
1699
1136
1234
2079
3536
5252
6753
7625
7760
7255
6120
4239
1780
-690
-2619
-3830
-4436
-4556
-4302
-3805
-3254
-2845
-2715
-2817
-2913
-2742
-2128
-1023
490
2229
4020
5678
6928
7426
7010
5737
3790
1360
-1249
-3645
-5539
-6841
-7599
-7884
-7809
-7494
-7061
-6579
-6022
-5249
-4164
-2793
-1216
508
2267
3816
4893
5316
5026
4114
2846
1581
598
60
101
816
2170
3909
5636
6915
7462
7253
6387
4846
2610
26
-2302
-3980
-5017
-5513
-5544
-5265
-4880
-4455
-3976
-3481
-3026
-2495
-1661
-373
1302
3118
4804
6201
7223
7712
7401
6200
4332
2075
-428
-3042
-5407
-7174
-8241
-8722
-8717
-8281
-7501
-6523
-5529
-4589
-3549
-2189
-535
1135
2590
3771
4587
4810
4246
3003
1513
251
-584
-1026
-1026
-377
977
2728
4449
5869
6851
7252
7040
6313
5107
3347
1126
-1184
-3217
-4817
-5935
-6591
-6878
-6826
-6298
-5227
-3798
-2294
-823
654
2136
3500
4584
5355
5927
6412
6731
6649
6007
4811
3131
969
-1611
-4320
-6662
-8244
-8950
-8835
-7995
-6629
-5042
-3433
-1864
-435
673
1444
2066
2649
3050
3075
2741
2251
1766
1241
603
-24
-314
-81
558
1378
2300
3379
4647
5938
6920
7271
6951
6151
4972
3248
865
-1909
-4544
-6592
-7811
-8145
-7723
-6722
-5217
-3309
-1345
265
1362
2084
2605
3026
3357
3604
3856
4243
4717
4945
4566
3499
1900
-133
-2593
-5235
-7422
-8558
-8587
-7877
-6684
-5020
-3031
-1212
-67
316
273
186
167
172
280
675
1340
1985
2294
2185
1796
1305
854
560
555
953
1761
2854
4064
5232
6175
6637
6381
5366
3835
2061
91
-2165
-4485
-6306
-7149
-6998
-6165
-4989
-3698
-2378
-1115
-126
371
464
476
607
805
1046
1403
1923
2534
3075
3271
2877
1926
696
-632
-2136
-3776
-5118
-5656
-5356
-4608
-3785
-3033
-2442
-2157
-2268
-2711
-3188
-3255
-2621
-1354
258
1968
3570
4787
5341
5160
4435
3476
2565
1896
1629
1866
2531
3282
3741
3805
3653
3417
3027
2436
1819
1553
1821
2300
2316
1548
311
-896
-1964
-3007
-3967
-4611
-4769
-4423
-3678
-2797
-2106
-1743
-1575
-1433
-1313
-1281
-1191
-686
447
1959
3301
4116
4405
4231
3403
1702
-683
-3124
-5057
-6354
-7156
-7456
-7118
-6225
-5108
-3951
-2666
-1160
453
2022
3498
4843
5908
6489
6499
5977
5015
3735
2371
1227
482
79
-84
2
336
765
1139
1551
2263
3347
4535
5462
6059
6446
6510
5734
3728
813
-2200
-4700
-6573
-7842
-8421
-8217
-7362
-6211
-5191
-4522
-4107
-3692
-3154
-2489
-1621
-371
1340
3298
5086
6271
6627
6064
4581
2255
-580
-3418
-5823
-7551
-8431
-8315
-7241
-5575
-3817
-2256
-861
451
1576
2386
2964
3530
4102
4475
4440
4003
3281
2404
1475
604
-115
-592
-677
-265
570
1543
2389
3034
3534
3916
4164
4330
4521
4759
4916
4859
4600
4156
3300
1657
-809
-3594
-6029
-7769
-8821
-9263
-9034
-8061
-6493
-4802
-3433
-2425
-1507
-555
266
834
1310
1948
2753
3443
3769
3719
3422
2885
1994
709
-760
-2058
-2951
-3458
-3704
-3681
-3287
-2572
-1818
-1307
-1042
-797
-386
196
877
1676
2624
3618
4425
4876
4926
4606
3931
2941
1802
806
169
-160
-377
-549
-554
-297
197
896
1856
3062
4330
5344
5860
5816
5340
4534
3248
1168
-1694
-4753
-7248
-8828
-9608
-9741
-9211
-7972
-6204
-4336
-2813
-1795
-1068
-347
411
1087
1705
2490
3599
4864
5920
6515
6603
6158
5037
3163
727
-1885
-4330
-6379
-7768
-8237
-7743
-6530
-4930
-3167
-1386
293
1787
3005
3857
4335
4567
4641
4484
3974
3064
1821
374
-1057
-2252
-3058
-3369
-3109
-2286
-1057
361
1747
2906
3709
4164
4364
4398
4299
4009
3449
2659
1861
1299
932
402
-716
-2456
-4374
-5883
-6739
-7028
-6847
-6136
-4813
-2987
-1041
526
1479
2000
2379
2626
2629
2502
2553
2934
3520
4075
4381
4275
3689
2634
1142
-667
-2488
-3960
-4928
-5436
-5573
-5339
-4748
-3897
-2970
-2116
-1350
-579
215
890
1335
1636
1976
2389
2701
2750
2534
2139
1569
740
-324
-1395
-2228
-2792
-3164
-3266
-2890
-2018
-914
157
1173
2293
3544
4721
5566
6039
6345
6662
6932
6905
6303
4912
2698
-43
-2756
-4939
-6380
-7064
-7028
-6341
-5140
-3671
-2312
-1416
-1022
-818
-506
-44
497
1178
2113
3244
4295
4915
4883
4190
2964
1294
-761
-3013
-5093
-6663
-7578
-7848
-7488
-6552
-5231
-3828
-2592
-1546
-551
492
1447
2095
2420
2606
2679
2352
1384
-42
-1479
-2602
-3354
-3764
-3776
-3268
-2233
-917
320
1300
2117
2909
3716
4557
5455
6404
7357
8211
8825
9014
8723
8027
7060
5935
4799
3708
2428
602
-1784
-4213
-6146
-7439
-8276
-8746
-8742
-8115
-6981
-5687
-4528
-3446
-2225
-885
284
1129
1821
2620
3541
4346
4761
4614
3911
2749
1209
-707
-2893
-5024
-6705
-7708
-7997
-7597
-6562
-5037
-3307
-1716
-514
309
886
1272
1402
1328
1206
1115
992
794
527
192
-169
-423
-406
-29
728
1761
2885
3943
4896
5699
6241
6513
6658
6790
6865
6832
6728
6586
6316
5782
4896
3703
2376
1085
-98
-1200
-2240
-3301
-4540
-5978
-7379
-8398
-8843
-8714
-8139
-7224
-6011
-4606
-3333
-2558
-2298
-2221
-2044
-1751
-1373
-798
153
1543
3210
4785
5864
6250
5968
5029
3359
1025
-1570
-3900
-5615
-6610
-6888
-6530
-5687
-4560
-3349
-2210
-1198
-289
506
1137
1651
2222
2932
3636
4105
4209
3964
3492
2958
2488
2117
1850
1719
1688
1666
1587
1480
1385
1326
1376
1606
2019
2535
3083
3621
4100
4417
4407
3887
2839
1478
137
-977
-1876
-2716
-3693
-4880
-6146
-7221
-7947
-8320
-8309
-7783
-6679
-5090
-3197
-1213
614
2062
3032
3567
3812
3971
4232
4682
5330
6122
6882
7269
6951
5773
3819
1327
-1371
-3886
-5882
-7168
-7708
-7565
-6889
-5919
-4910
-4051
-3383
-2814
-2179
-1409
-569
289
1237
2330
3388
4067
4136
3623
2733
1680
616
-359
-1078
-1333
-1071
-565
-214
-171
-255
-206
65
527
1143
1892
2691
3422
4009
4428
4645
4567
4189
3655
3177
2814
2498
2169
1756
1056
-165
-1827
-3535
-4859
-5594
-5748
-5402
-4669
-3654
-2480
-1321
-351
386
1023
1686
2383
3035
3597
4061
4413
4619
4566
4072
2971
1269
-874
-3196
-5393
-7154
-8271
-8689
-8479
-7795
-6869
-5961
-5247
-4764
-4421
-4064
-3519
-2655
-1444
17
1502
2707
3381
3434
2930
2024
939
-40
-646
-745
-381
261
971
1596
2073
2409
2704
3101
3697
4508
5502
6609
7656
8399
8669
8440
7751
6610
5074
3357
1798
663
27
-198
-142
42
102
-326
-1450
-3083
-4731
-5966
-6613
-6677
-6224
-5389
-4331
-3256
-2365
-1779
-1444
-1226
-1061
-938
-796
-534
-116
463
1151
1772
2015
1691
861
-310
-1750
-3415
-5128
-6585
-7539
-7897
-7701
-7028
-5977
-4720
-3480
-2409
-1452
-434
769
2109
3462
4704
5751
6517
6912
6889
6485
5812
5011
4235
3592
3085
2620
2132
1683
1407
1364
1505
1776
2196
2804
3507
4101
4377
4267
3847
3286
2718
2195
1708
1259
851
436
-49
-569
-1010
-1253
-1296
-1311
-1609
-2408
-3600
-4866
-5985
-6932
-7675
-8064
-7992
-7450
-6516
-5365
-4237
-3232
-2198
-1027
146
1108
1891
2654
3457
4172
4623
4670
4249
3407
2232
781
-844
-2412
-3690
-4576
-5067
-5132
-4778
-4133
-3393
-2692
-2044
-1374
-625
147
824
1349
1760
2074
2254
2290
2251
2239
2343
2612
3022
3464
3804
3947
3844
3447
2743
1785
706
-327
-1128
-1515
-1425
-946
-225
633
1537
2352
2975
3426
3786
4106
4359
4481
4402
4149
3812
3387
2701
1602
102
-1684
-3598
-5414
-6873
-7831
-8235
-8043
-7282
-6155
-4861
-3440
-1893
-392
842
1737
2323
2651
2779
2817
2837
2870
2941
3032
2978
2566
1693
392
-1258
-3121
-4957
-6463
-7405
-7707
-7456
-6821
-5959
-4960
-3902
-2916
-2081
-1335
-530
389
1371
2353
3291
4093
4624
4778
4532
3964
3263
2700
2442
2446
2534
2608
2665
2714
2732
2727
2746
2835
3025
3359
3900
4676
5626
6571
7289
7599
7410
6671
5376
3635
1715
-68
-1545
-2712
-3619
-4264
-4645
-4811
-4909
-5149
-5672
-6379
-6951
-7123
-6867
-6339
-5700
-5057
-4468
-3920
-3431
-3104
-3050
-3169
-3177
-2866
-2256
-1495
-654
358
1627
2975
3920
4048
3360
2206
883
-526
-2006
-3370
-4327
-4725
-4687
-4472
-4231
-3945
-3489
-2796
-1914
-921
204
1568
3194
4895
6387
7463
8072
8234
7966
7288
6329
5351
4611
4166
3864
3495
2959
2297
1605
925
235
-413
-824
-797
-320
401
1087
1538
1699
1614
1328
857
294
-185
-452
-559
-665
-920
-1356
-1913
-2537
-3290
-4300
-5561
-6863
-7948
-8675
-8967
-8739
-7986
-6891
-5728
-4626
-3496
-2164
-589
1086
2689
4200
5683
7056
8049
8439
8279
7790
7127
6252
5025
3395
1515
-344
-2020
-3523
-4854
-5872
-6393
-6374
-5961
-5344
-4618
-3709
-2492
-982
616
2100
3434
4660
5726
6419
6537
6061
5208
4246
3307
2341
1355
533
100
18
0
-219
-647
-1074
-1317
-1358
-1316
-1239
-1041
-589
91
787
1267
1453
1431
1323
1197
1036
826
570
295
-14
-388
-824
-1236
-1527
-1669
-1781
-2042
-2610
-3451
-4295
-4770
-4661
-4037
-3097
-2000
-815
329
1274
1872
2117
2118
2024
1936
1856
1790
1799
1956
2235
2485
2515
2181
1453
395
-873
-2211
-3411
-4260
-4653
-4710
-4624
-4493
-4301
-4075
-3875
-3660
-3258
-2548
-1595
-543
523
1563
2489
3145
3410
3296
3006
2797
2763
2812
2895
3134
3612
4171
4510
4444
4018
3370
2603
1761
882
65
-597
-1062
-1344
-1450
-1368
-1087
-636
-56
591
1225
1732
2018
2059
1908
1632
1259
806
297
-228
-790
-1494
-2522
-3918
-5433
-6620
-7208
-7226
-6821
-6051
-4902
-3417
-1753
-158
1094
1886
2326
2599
2739
2675
2458
2281
2278
2372
2354
2061
1453
667
-115
-845
-1600
-2368
-2935
-3100
-2861
-2407
-1977
-1699
-1480
-1102
-460
257
793
1085
1348
1805
2450
3064
3441
3607
3759
4023
4297
4401
4320
4214
4159
4032
3625
2880
1938
1007
208
-487
-1166
-1849
-2402
-2630
-2464
-2056
-1633
-1312
-1045
-767
-481
-232
-56
43
40
-103
-420
-897
-1441
-1907
-2177
-2241
-2196
-2245
-2596
-3282
-4031
-4457
-4348
-3804
-3066
-2284
-1434
-455
589
1481
2017
2213
2311
2553
2949
3326
3570
3753
3997
4277
4381
4056
3173
1872
470
-805
-1927
-2973
-3918
-4609
-4917
-4855
-4576
-4247
-3894
-3441
-2837
-2132
-1389
-604
265
1229
2253
3247
4080
4652
4948
4987
4760
4261
3536
2675
1767
854
-76
-1050
-2017
-2853
-3458
-3840
-4035
-4058
-3889
-3503
-2882
-2062
-1133
-169
806
1770
2626
3264
3623
3707
3520
3070
2405
1619
846
202
-307
-793
-1361
-1990
-2626
-3200
-3589
-3599
-3123
-2267
-1290
-471
29
218
242
249
302
439
749
1311
2058
2755
3168
3236
3118
3026
3020
2944
2605
1957
1099
132
-910
-2025
-3156
-4179
-4939
-5288
-5160
-4610
-3858
-3150
-2585
-2057
-1397
-546
449
1543
2730
3955
5038
5738
5884
5476
4683
3729
2775
1908
1167
544
-20
-562
-1036
-1395
-1682
-1963
-2173
-2168
-1893
-1444
-947
-466
14
543
1108
1591
1846
1821
1551
1098
561
58
-322
-525
-545
-438
-342
-355
-494
-774
-1285
-2054
-2875
-3378
-3333
-2811
-2107
-1493
-1063
-740
-364
132
686
1188
1624
2053
2469
2726
2653
2211
1594
1102
929
988
993
719
197
-381
-910
-1443
-2049
-2653
-3064
-3127
-2853
-2449
-2169
-2105
-2115
-1988
-1681
-1316
-994
-616
12
965
2078
3045
3645
3860
3816
3652
3413
3076
2644
2166
1688
1206
664
10
-744
-1482
-2077
-2490
-2785
-3021
-3171
-3171
-3000
-2725
-2421
-2066
-1530
-703
352
1432
2334
2970
3379
3650
3818
3817
3547
2967
2112
1064
-149
-1531
-3002
-4293
-5069
-5186
-4805
-4237
-3695
-3144
-2396
-1343
-134
973
1839
2549
3216
3797
4174
4307
4286
4209
4100
3884
3419
2590
1403
25
-1294
-2344
-3069
-3554
-3926
-4233
-4458
-4577
-4587
-4479
-4215
-3713
-2888
-1697
-227
1292
2585
3469
3943
4087
3976
3677
3315
3041
2920
2876
2786
2535
2034
1254
337
-449
-895
-993
-908
-856
-989
-1278
-1562
-1703
-1669
-1444
-974
-261
539
1215
1617
1716
1543
1172
720
357
244
399
664
840
860
765
532
47
-729
-1586
-2165
-2236
-1882
-1401
-1059
-905
-810
-657
-490
-465
-658
-932
-1043
-840
-359
268
920
1533
2070
2467
2612
2401
1840
1068
292
-332
-754
-1080
-1495
-2124
-2900
-3642
-4216
-4600
-4761
-4593
-4018
-3092
-1982
-882
67
830
1442
1950
2384
2815
3336
3946
4503
4812
4738
4247
3393
2313
1189
197
-557
-1090
-1532
-2048
-2665
-3232
-3548
-3509
-3163
-2631
-2059
-1552
-1149
-825
-544
-273
42
470
1047
1734
2430
3029
3432
3555
3380
2958
2357
1596
699
-195
-854
-1094
-960
-741
-790
-1285
-2094
-2879
-3309
-3238
-2763
-2079
-1316
-459
524
1542
2402
2965
3240
3334
3352
3297
3095
2657
2012
1313
723
254
-214
-818
-1589
-2449
-3265
-3888
-4209
-4180
-3847
-3322
-2751
-2241
-1816
-1457
-1156
-884
-504
172
1180
2321
3257
3748
3813
3643
3449
3310
3192
3018
2738
2328
1736
892
-213
-1435
-2497
-3143
-3287
-3042
-2619
-2201
-1912
-1798
-1796
-1727
-1389
-685
356
1625
2976
4185
4994
5246
4998
4463
3839
3148
2286
1219
110
-760
-1242
-1435
-1629
-2037
-2656
-3261
-3591
-3516
-3116
-2594
-2100
-1639
-1096
-433
238
733
961
978
937
984
1170
1425
1601
1569
1247
614
-271
-1262
-2213
-3027
-3646
-4009
-4081
-3919
-3683
-3532
-3554
-3708
-3832
-3726
-3286
-2565
-1672
-673
395
1462
2440
3263
3916
4408
4770
5008
5095
4989
4639
4003
3095
2011
880
-185
-1071
-1646
-1833
-1698
-1418
-1161
-982
-826
-588
-198
348
996
1677
2319
2854
3213
3344
3263
3042
2776
2493
2183
1817
1363
793
127
-548
-1145
-1629
-1996
-2270
-2495
-2702
-2852
-2874
-2738
-2465
-2085
-1628
-1154
-725
-367
-43
292
610
801
765
513
164
-144
-380
-615
-935
-1346
-1775
-2179
-2562
-2920
-3177
-3248
-3145
-2952
-2720
-2420
-1990
-1420
-754
-57
626
1304
1994
2671
3252
3649
3814
3756
3520
3173
2762
2316
1839
1333
847
476
317
355
495
638
743
796
769
652
488
313
122
-71
-161
-21
380
923
1430
1754
1842
1744
1542
1288
1004
728
512
344
127
-224
-669
-1096
-1450
-1775
-2138
-2541
-2897
-3065
-2959
-2621
-2159
-1662
-1162
-704
-349
-124
15
141
292
434
465
314
18
-324
-673
-1077
-1548
-2005
-2325
-2451
-2404
-2251
-2040
-1790
-1538
-1359
-1308
-1323
-1289
-1111
-750
-206
487
1221
1844
2233
2334
2207
1981
1807
1776
1882
2044
2161
2165
2055
1884
1704
1525
1337
1160
1042
1015
1076
1166
1206
1139
962
737
527
395
390
528
792
1113
1406
1581
1570
1360
999
582
216
-20
-145
-296
-608
-1075
-1552
-1866
-1989
-1998
-1993
-2006
-2022
-2014
-1942
-1758
-1437
-1038
-694
-552
-677
-1020
-1428
-1758
-1946
-1983
-1883
-1663
-1364
-1058
-815
-675
-618
-581
-502
-358
-178
-28
17
-78
-250
-398
-450
-398
-268
-88
149
477
907
1369
1750
1982
2097
2162
2224
2307
2441
2632
2827
2929
2868
2624
2217
1669
1038
439
16
-152
-125
-60
-104
-299
-574
-805
-872
-725
-372
114
627
1047
1289
1321
1140
741
152
-513
-1096
-1506
-1774
-1964
-2086
-2105
-2034
-1960
-1971
-2052
-2099
-2008
-1747
-1372
-952
-536
-174
58
97
-28
-186
-254
-207
-73
126
396
703
980
1145
1145
962
648
309
39
-127
-220
-271
-297
-326
-406
-582
-837
-1069
-1159
-1038
-690
-144
503
1101
1527
1755
1827
1798
1700
1572
1448
1351
1251
1072
742
269
-225
-561
-625
-438
-155
40
40
-118
-313
-444
-469
-392
-250
-91
81
282
506
691
796
826
794
682
458
168
-76
-173
-106
67
266
402
405
238
-20
-247
-365
-365
-275
-103
118
326
441
430
316
177
71
22
24
47
41
-40
-186
-340
-461
-562
-689
-881
-1144
-1420
-1645
-1781
-1855
-1918
-1997
-2095
-2178
-2208
-2162
-2018
-1749
-1333
-806
-273
144
367
413
359
296
264
244
192
90
-27
-113
-141
-129
-88
-2
157
402
719
1075
1386
1568
1593
1516
1400
1269
1140
1015
888
762
680
684
760
839
879
878
868
870
885
915
954
993
997
945
834
684
523
373
249
162
105
59
2
-95
-236
-394
-519
-558
-478
-270
18
287
446
490
482
474
443
321
68
-280
-622
-893
-1088
-1226
-1303
-1315
-1294
-1292
-1318
-1312
-1200
-974
-722
-541
-456
-404
-326
-206
-60
91
249
417
570
662
675
645
604
531
410
272
152
53
-40
-119
-188
-291
-473
-739
-1027
-1254
-1319
-1171
-833
-409
-7
320
538
663
725
769
802
812
790
722
604
433
234
52
-80
-133
-113
-40
50
143
237
317
346
319
284
311
429
607
800
969
1087
1133
1089
940
673
312
-72
-397
-608
-680
-596
-385
-149
3
43
3
-96
-245
-426
-613
-805
-994
-1144
-1243
-1294
-1322
-1353
-1407
-1474
-1515
-1498
-1436
-1354
-1275
-1178
-1031
-834
-647
-543
-510
-482
-402
-296
-215
-190
-208
-239
-269
-303
-359
-428
-481
-470
-351
-113
187
469
710
943
1187
1424
1613
1726
1775
1782
1764
1698
1574
1431
1334
1320
1363
1406
1397
1321
1185
1033
912
851
833
825
811
798
814
889
1021
1159
1247
1273
1271
1270
1251
1169
1007
807
635
515
425
308
153
-32
-222
-414
-616
-799
-928
-1009
-1096
-1228
-1378
-1480
-1503
-1490
-1505
-1559
-1588
-1541
-1434
-1343
-1302
-1285
-1232
-1104
-913
-713
-582
-537
-568
-652
-788
-959
-1125
-1254
-1346
-1412
-1458
-1480
-1467
-1391
-1231
-994
-718
-420
-117
162
371
485
545
599
656
666
573
384
156
-41
-170
-219
-185
-63
121
297
405
454
514
640
814
993
1134
1230
1296
1352
1405
1456
1507
1546
1540
1490
1460
1515
1657
1810
1905
1913
1839
1672
1390
1008
579
169
-188
-490
-744
-972
-1186
-1354
-1425
-1371
-1228
-1070
-951
-877
-800
-683
-535
-402
-317
-272
-268
-329
-471
-669
-892
-1127
-1372
-1616
-1835
-2009
-2119
-2177
-2187
-2148
-2048
-1907
-1746
-1569
-1352
-1085
-776
-426
-45
316
585
727
770
774
786
818
864
906
939
977
1030
1100
1148
1133
1044
917
817
774
804
930
1164
1460
1734
1934
2063
2145
2215
2300
2414
2522
2571
2516
2363
2166
1976
1807
1624
1394
1122
852
621
411
168
-145
-484
-787
-1037
-1265
-1471
-1607
-1619
-1505
-1324
-1159
-1050
-981
-923
-890
-908
-965
-1016
-1045
-1069
-1114
-1165
-1198
-1224
-1297
-1469
-1721
-1979
-2181
-2303
-2331
-2242
-2064
-1857
-1665
-1463
-1215
-932
-673
-503
-435
-425
-391
-314
-225
-165
-119
-50
46
120
115
24
-109
-221
-290
-317
-297
-219
-93
48
186
326
490
688
928
1203
1493
1757
1963
2088
2135
2139
2147
2174
2177
2126
2032
1917
1767
1555
1307
1088
937
824
687
504
316
205
209
288
366
376
311
206
101
4
-76
-124
-137
-160
-251
-420
-627
-830
-1016
-1182
-1319
-1409
-1449
-1433
-1370
-1269
-1158
-1092
-1109
-1193
-1272
-1294
-1243
-1119
-945
-777
-702
-749
-878
-1010
-1072
-1026
-892
-727
-565
-391
-193
-8
102
122
107
136
240
372
477
542
599
680
794
938
1108
1289
1462
1618
1763
1893
1992
2017
1950
1797
1599
1402
1242
1134
1056
978
881
765
628
481
354
295
319
383
416
374
275
149
23
-84
-167
-237
-330
-480
-706
-991
-1265
-1450
-1531
-1549
-1530
-1462
-1336
-1191
-1093
-1062
-1056
-1032
-985
-931
-872
-824
-803
-800
-789
-746
-674
-551
-344
-64
216
407
469
425
332
237
172
139
152
211
291
328
279
145
-29
-184
-267
-253
-171
-71
6
70
141
225
277
268
210
172
202
277
351
401
409
346
196
11
-139
-220
-232
-197
-146
-112
-91
-56
3
64
97
94
62
21
-17
-55
-109
-189
-271
-338
-378
-385
-356
-297
-198
-41
152
300
343
292
204
128
96
130
220
339
454
552
613
627
595
542
504
500
534
594
672
763
833
852
817
753
657
507
310
106
-76
-235
-368
-463
-535
-611
-689
-744
-766
-759
-705
-579
-394
-229
-154
-190
-287
-376
-412
-384
-310
-206
-90
-1
3
-101
-272
-422
-498
-515
-514
-515
-484
-383
-218
-55
45
80
96
146
238
355
453
500
481
423
364
312
253
191
153
149
171
194
229
268
290
272
244
262
338
415
421
348
250
210
276
421
559
596
494
307
150
128
233
382
475
488
454
403
340
247
105
-90
-315
-528
-682
-740
-681
-543
-412
-347
-331
-288
-181
-53
24
17
-59
-175
-319
-487
-659
-799
-867
-858
-795
-714
-634
-578
-580
-622
-667
-651
-565
-429
-291
-198
-142
-74
29
108
97
-28
-219
-411
-553
-627
-653
-683
-771
-915
-1059
-1115
-1044
-860
-621
-388
-196
-39
115
275
419
511
551
560
568
599
652
695
710
734
824
984
1145
1236
1241
1194
1131
1088
1083
1111
1132
1112
1044
955
859
769
676
577
481
410
396
427
470
477
454
420
381
321
223
118
55
67
139
206
190
45
-193
-423
-558
-594
-576
-548
-514
-480
-456
-454
-483
-546
-631
-715
-803
-915
-1040
-1134
-1178
-1202
-1233
-1252
-1217
-1122
-999
-873
-733
-555
-351
-155
3
117
194
256
316
352
327
256
221
282
422
553
611
593
561
587
685
817
935
1009
1036
1038
1047
1046
1002
902
789
709
673
646
588
498
417
389
414
458
498
532
548
529
458
327
157
-11
-132
-190
-211
-231
-252
-250
-218
-192
-211
-281
-389
-516
-630
-708
-751
-798
-850
-886
-870
-825
-803
-838
-933
-1063
-1198
-1304
-1356
-1345
-1296
-1257
-1250
-1254
-1231
-1177
-1127
-1116
-1152
-1193
-1196
-1144
-1048
-937
-827
-711
-584
-459
-355
-257
-155
-63
-29
-61
-102
-83
24
176
316
422
502
555
579
595
647
752
907
1076
1228
1339
1418
1498
1603
1715
1794
1816
1778
1705
1621
1541
1466
1395
1328
1274
1222
1165
1086
977
846
696
553
446
426
499
606
668
658
606
545
473
366
239
138
89
60
-9
-149
-348
-590
-845
-1080
-1252
-1349
-1412
-1472
-1522
-1545
-1560
-1604
-1673
-1719
-1683
-1565
-1407
-1262
-1153
-1065
-985
-890
-772
-653
-575
-561
-574
-552
-465
-328
-175
-38
78
176
269
363
459
545
610
665
743
850
966
1059
1109
1114
1090
1049
992
941
921
940
960
949
906
839
765
708
677
651
613
583
578
572
532
459
396
355
303
226
142
75
13
-64
-163
-271
-386
-516
-655
-771
-830
-821
-778
-743
-727
-732
-755
-777
-781
-775
-791
-835
-881
-902
-891
-873
-880
-934
-1020
-1093
-1128
-1133
-1118
-1084
-1016
-914
-788
-662
-544
-418
-272
-120
3
86
158
238
312
337
291
199
119
86
97
119
136
151
176
221
275
328
391
479
597
719
819
887
914
922
941
995
1076
1161
1231
1269
1271
1244
1210
1175
1137
1090
1021
928
822
721
623
518
404
289
195
136
113
104
82
39
-19
-74
-114
-130
-136
-131
-118
-98
-87
-97
-122
-154
-203
-286
-410
-574
-773
-994
-1186
-1292
-1295
-1237
-1168
-1120
-1102
-1097
-1076
-1016
-933
-852
-794
-754
-708
-621
-477
-313
-194
-148
-154
-174
-188
-201
-211
-219
-217
-191
-128
-28
76
129
117
88
100
168
269
385
518
654
768
843
887
921
966
1032
1113
1181
1206
1159
1045
914
826
808
803
745
621
476
347
247
178
143
121
94
76
84
110
94
15
-104
-206
-280
-347
-426
-505
-561
-583
-596
-630
-692
-765
-832
-909
-1010
-1138
-1241
-1252
-1116
-858
-564
-325
-178
-77
17
100
145
148
138
118
74
-15
-132
-243
-334
-401
-429
-372
-229
-45
112
228
318
405
498
611
732
813
808
725
623
543
493
467
466
478
487
471
423
349
269
189
129
126
181
257
281
229
123
9
-78
-154
-257
-396
-543
-646
-678
-638
-550
-468
-418
-403
-398
-383
-357
-320
-276
-242
-240
-291
-379
-457
-492
-502
-530
-597
-677
-724
-695
-599
-486
-410
-384
-387
-381
-327
-194
-1
197
347
427
440
393
306
200
96
20
0
59
170
291
396
494
590
682
763
825
846
820
784
768
762
718
640
570
547
558
564
525
428
312
245
270
347
412
434
424
393
330
217
77
-59
-168
-250
-294
-293
-251
-178
-92
-16
31
44
47
52
51
26
-19
-71
-140
-241
-349
-418
-425
-393
-365
-360
-374
-373
-341
-295
-246
-178
-74
29
88
103
107
120
123
91
21
-51
-79
-61
-43
-72
-143
-200
-197
-157
-135
-164
-209
-208
-125
24
174
264
269
213
142
85
46
13
-19
-56
-94
-130
-160
-177
-186
-201
-233
-270
-275
-231
-168
-130
-139
-178
-230
-282
-320
-333
-329
-339
-370
-384
-351
-275
-205
-169
-167
-198
-255
-307
-319
-290
-243
-197
-156
-130
-155
-237
-338
-411
-441
-449
-436
-380
-259
-104
37
136
210
297
412
554
694
791
785
647
435
254
185
209
254
273
285
307
327
307
248
201
209
264
306
308
293
291
301
295
255
203
187
225
296
364
405
423
430
453
485
492
443
365
318
321
329
300
241
197
170
133
52
-63
-181
-279
-333
-342
-324
-301
-288
-282
-281
-278
-265
-232
-179
-116
-72
-53
-60
-83
-104
-98
-56
-12
-7
-61
-163
-277
-356
-378
-352
-312
-263
-194
-107
-18
45
65
51
24
8
14
29
32
20
4
-8
-20
-30
-13
44
108
121
50
-78
-212
-308
-343
-321
-278
-240
-199
-146
-97
-97
-148
-204
-214
-161
-74
18
74
72
8
-85
-147
-145
-75
14
84
120
132
120
81
16
-69
-147
-185
-159
-89
-25
-17
-61
-141
-215
-271
-299
-312
-312
-297
-265
-230
-215
-243
-318
-413
-470
-436
-329
-213
-162
-178
-195
-147
-12
158
290
340
322
271
209
154
132
138
154
177
206
226
224
217
244
313
409
511
603
670
710
734
761
