-177
-134
-67
15
88
135
170
209
255
290
311
307
255
147
20
-84
-157
-202
-216
-198
-160
-118
-78
-45
-29
-39
-71
-109
-139
-171
-217
-269
-287
-251
-187
-117
-36
53
126
151
154
155
140
90
12
-58
-112
-144
-146
-127
-116
-115
-86
-2
102
189
248
261
227
191
219
312
394
410
365
296
234
201
202
210
181
123
81
103
161
195
176
116
57
28
47
103
165
215
244
244
192
83
-42
-105
-62
57
160
193
169
146
159
191
198
156
107
100
143
174
137
50
-14
-14
17
24
-7
-31
-18
18
40
34
16
-1
-16
-24
-4
41
92
118
122
116
100
71
30
-9
-49
-91
-122
-142
-160
-185
-218
-244
-254
-240
-223
-232
-264
-286
-269
-215
-147
-81
-30
-11
-23
-41
-24
42
120
159
136
79
42
44
58
26
-70
-181
-247
-252
-244
-272
-331
-378
-368
-298
-221
-185
-186
-173
-112
-38
2
-5
-40
-87
-139
-191
-233
-246
-214
-143
-78
-56
-71
-73
-42
-8
-8
-33
-27
23
110
190
236
218
137
32
-35
-44
-37
-51
-89
-134
-188
-255
-307
-293
-200
-66
42
79
24
-97
-229
-303
-283
-183
-61
18
37
30
44
83
114
109
70
27
-2
-9
17
59
93
99
84
60
29
0
-8
38
142
256
331
362
388
429
474
499
496
470
424
381
348
319
270
174
48
-59
-96
-76
-29
14
50
85
112
128
117
86
49
39
65
109
128
88
6
-55
-46
9
38
6
-47
-58
-7
84
182
250
286
311
355
393
393
320
170
-29
-185
-209
-110
1
34
-11
-72
-84
-25
75
153
181
180
172
162
130
62
-57
-212
-341
-370
-287
-174
-127
-162
-231
-259
-237
-189
-142
-111
-87
-82
-103
-149
-198
-231
-256
-300
-349
-376
-371
-351
-324
-283
-233
-185
-128
-42
47
66
-12
-140
-256
-342
-398
-401
-356
-303
-283
-289
-280
-245
-207
-178
-154
-119
-86
-65
-61
-82
-129
-184
-227
-259
-268
-232
-149
-67
-21
0
25
62
106
151
195
237
270
300
336
373
400
404
379
331
276
243
217
158
63
-8
-5
44
66
44
27
59
117
140
104
35
-16
-22
20
93
159
196
211
252
319
362
334
244
139
53
17
21
30
-11
-90
-149
-152
-113
-77
-57
-47
-28
15
67
112
140
166
205
241
263
274
313
387
442
425
324
191
64
-27
-68
-76
-83
-111
-139
-128
-61
44
143
202
212
198
186
197
231
275
305
284
204
91
8
-14
10
46
78
116
153
168
140
82
28
16
44
79
81
41
-4
-25
-37
-67
-116
-146
-139
-109
-92
-91
-105
-138
-170
-171
-121
-59
-30
-74
-175
-290
-360
-361
-328
-317
-346
-374
-357
-297
-244
-235
-265
-285
-274
-233
-184
-124
-52
9
29
-6
-84
-180
-271
-330
-365
-400
-466
-532
-548
-501
-438
-390
-323
-211
-91
-29
-61
-153
-235
-259
-217
-131
-41
3
-27
-101
-162
-176
-156
-122
-90
-74
-77
-81
-71
-44
-10
38
106
178
220
218
187
159
159
177
191
189
182
173
147
113
96
114
151
173
174
164
163
163
150
110
45
-21
-50
-7
103
220
281
267
214
191
234
321
397
417
392
352
313
273
241
244
265
255
182
88
28
17
30
39
48
76
142
247
356
410
386
330
296
297
297
266
225
200
198
206
189
142
77
59
122
225
272
226
131
50
4
-21
-40
-67
-95
-109
-106
-103
-138
-226
-335
-408
-391
-294
-174
-83
-35
-22
-34
-62
-98
-140
-181
-208
-225
-269
-375
-513
-600
-582
-491
-383
-289
-203
-119
-42
28
87
122
124
99
63
9
-69
-167
-254
-297
-278
-222
-160
-116
-102
-117
-141
-142
-103
-39
23
57
45
-21
-138
-273
-370
-388
-343
-269
-180
-89
-27
-10
-2
45
151
279
370
372
291
179
91
31
-30
-101
-152
-147
-102
-60
-58
-89
-127
-132
-90
-22
29
56
82
108
114
95
82
76
68
34
-22
-84
-118
-89
3
110
198
258
310
357
393
420
432
426
393
342
299
272
254
216
139
26
-90
-174
-202
-172
-96
11
112
180
204
195
166
128
111
119
132
125
97
60
16
-24
-56
-78
-101
-121
-134
-118
-62
45
162
232
220
142
54
-3
-29
-51
-106
-194
-272
-282
-207
-109
-43
-9
19
38
40
47
85
136
157
118
15
-130
-270
-348
-350
-300
-249
-207
-155
-77
21
107
151
135
83
40
40
69
78
49
2
-32
-50
-60
-74
-100
-126
-113
-43
56
148
218
277
320
342
342
305
220
99
-10
-71
-103
-139
-189
-226
-227
-198
-166
-156
-169
-175
-148
-103
-77
-76
-55
19
94
94
-8
-160
-291
-369
-402
-413
-411
-385
-325
-230
-111
12
111
151
134
98
96
131
156
111
0
-120
-197
-232
-254
-263
-231
-142
-22
89
158
178
180
204
247
265
208
79
-54
-139
-165
-168
-176
-192
-202
-187
-160
-135
-114
-75
-15
23
11
-17
-8
50
133
229
318
355
318
234
161
113
72
31
18
52
122
170
176
160
167
188
191
161
120
103
99
86
32
-47
-134
-187
-189
-142
-69
-4
58
126
183
189
144
88
41
-1
-35
-50
-63
-108
-182
-238
-244
-217
-204
-214
-214
-168
-103
-66
-80
-99
-71
22
142
226
238
189
123
80
64
33
-33
-108
-149
-161
-167
-167
-143
-103
-65
-24
32
97
146
174
178
157
97
16
-45
-55
-34
-25
-28
-23
-4
13
33
87
175
259
316
335
345
345
333
276
171
54
-39
-95
-125
-135
-128
-102
-52
28
120
203
251
271
282
302
323
336
334
308
247
148
25
-112
-228
-280
-244
-150
-51
26
81
124
164
198
223
237
234
199
111
-25
-148
-207
-202
-210
-274
-358
-372
-289
-158
-50
5
18
3
-28
-72
-116
-160
-203
-248
-303
-370
-437
-478
-485
-484
-496
-515
-497
-415
-295
-187
-142
-143
-139
-100
-82
-141
-263
-371
-423
-429
-393
-304
-153
42
243
407
502
535
554
598
659
681
623
507
393
309
231
143
73
46
37
16
-10
4
77
183
278
344
381
392
371
326
272
210
121
3
-112
-182
-207
-214
-239
-267
-282
-278
-273
-268
-239
-193
-159
-165
-202
-252
-297
-322
-325
-325
-356
-417
-466
-473
-435
-374
-288
-167
-34
65
106
112
123
148
172
177
164
133
98
101
167
269
367
450
522
576
614
629
614
582
587
663
767
831
828
785
733
659
547
390
215
66
-32
-102
-179
-278
-383
-457
-472
-439
-389
-350
-317
-284
-261
-265
-311
-402
-511
-589
-627
-663
-733
-818
-892
-924
-891
-781
-627
-496
-411
-371
-362
-389
-448
-496
-514
-503
-463
-363
-213
-70
21
82
174
312
463
577
639
673
728
824
929
987
983
953
914
850
743
616
523
499
532
592
636
661
665
637
566
456
329
213
104
-35
-233
-472
-701
-905
-1101
-1280
-1405
-1468
-1499
-1516
-1504
-1460
-1403
-1355
-1308
-1231
-1119
-1002
-914
-875
-868
-870
-840
-738
-569
-368
-170
18
182
304
394
499
664
886
1119
1307
1429
1504
1594
1718
1842
1936
2003
2066
2121
2139
2092
1983
1861
1764
1706
1672
1659
1639
1571
1438
1264
1082
899
695
453
193
-49
-281
-556
-897
-1262
-1576
-1810
-1993
-2146
-2244
-2264
-2221
-2155
-2086
-2019
-1964
-1943
-1961
-2009
-2040
-2020
-1962
-1916
-1897
-1868
-1793
-1666
-1506
-1311
-1091
-836
-550
-240
60
325
548
739
906
1070
1260
1491
1741
1957
2116
2226
2316
2391
2448
2486
2511
2541
2606
2698
2755
2707
2544
2313
2069
1833
1591
1309
986
667
393
165
-65
-334
-649
-981
-1279
-1524
-1726
-1932
-2149
-2356
-2505
-2580
-2601
-2586
-2515
-2384
-2246
-2178
-2189
-2207
-2166
-2055
-1918
-1778
-1652
-1518
-1353
-1149
-934
-766
-651
-563
-436
-258
-57
110
216
296
413
604
850
1104
1318
1456
1515
1552
1626
1749
1884
2011
2123
2191
2178
2089
1984
1912
1878
1845
1768
1631
1460
1303
1192
1119
1067
1020
959
851
699
560
473
423
359
259
119
-86
-354
-626
-817
-934
-1055
-1259
-1536
-1825
-2063
-2220
-2298
-2340
-2363
-2342
-2242
-2064
-1851
-1631
-1417
-1213
-1023
-842
-675
-537
-437
-370
-330
-321
-323
-300
-243
-188
-156
-157
-177
-207
-226
-205
-149
-84
-30
20
101
256
506
824
1123
1304
1329
1245
1154
1127
1172
1250
1345
1463
1591
1709
1796
1865
1915
1941
1942
1913
1825
1653
1450
1286
1177
1065
906
708
485
237
-36
-329
-632
-936
-1227
-1482
-1690
-1861
-1999
-2086
-2101
-2046
-1950
-1827
-1690
-1575
-1526
-1536
-1554
-1547
-1532
-1531
-1537
-1531
-1497
-1420
-1303
-1184
-1103
-1055
-989
-875
-735
-615
-533
-459
-349
-180
21
227
430
620
781
923
1074
1246
1406
1535
1664
1833
2041
2257
2453
2617
2731
2801
2857
2927
3010
3066
3059
2965
2792
2565
2324
2108
1923
1747
1545
1293
992
645
270
-134
-566
-1021
-1478
-1895
-2247
-2525
-2734
-2857
-2872
-2788
-2663
-2566
-2522
-2494
-2438
-2357
-2304
-2305
-2321
-2313
-2274
-2238
-2221
-2213
-2186
-2107
-1955
-1756
-1576
-1438
-1312
-1168
-1027
-921
-846
-751
-601
-395
-168
61
288
532
804
1083
1336
1558
1768
1982
2195
2397
2597
2786
2948
3064
3137
3179
3204
3215
3199
3134
3016
2877
2762
2686
2600
2433
2128
1710
1246
798
378
-28
-444
-868
-1295
-1704
-2076
-2377
-2587
-2699
-2724
-2695
-2631
-2539
-2394
-2182
-1923
-1670
-1484
-1392
-1373
-1383
-1392
-1419
-1486
-1579
-1639
-1647
-1608
-1532
-1423
-1279
-1097
-861
-588
-342
-182
-108
-61
16
145
312
487
643
769
880
1001
1147
1319
1522
1751
1996
2240
2481
2730
2974
3164
3261
3269
3219
3129
3001
2845
2678
2511
2330
2109
1837
1533
1215
899
597
312
35
-249
-536
-823
-1133
-1485
-1860
-2207
-2495
-2729
-2916
-3052
-3129
-3126
-3018
-2807
-2545
-2311
-2160
-2088
-2049
-2013
-1975
-1972
-2035
-2148
-2246
-2254
-2170
-2049
-1937
-1851
-1799
-1763
-1699
-1562
-1355
-1093
-791
-482
-204
41
282
546
834
1143
1455
1728
1956
2173
2409
2651
2848
2980
3056
3094
3107
3124
3187
3293
3392
3398
3289
3087
2827
2516
2161
1793
1433
1073
667
204
-273
-693
-1037
-1342
-1655
-1960
-2222
-2435
-2588
-2648
-2587
-2440
-2285
-2171
-2062
-1923
-1771
-1654
-1585
-1539
-1504
-1495
-1524
-1552
-1539
-1469
-1351
-1196
-1007
-803
-616
-486
-419
-390
-371
-356
-365
-385
-359
-246
-84
61
180
343
595
914
1238
1536
1809
2070
2326
2557
2740
2885
3023
3184
3350
3461
3454
3307
3075
2842
2654
2496
2326
2113
1851
1558
1269
997
726
429
87
-293
-678
-1024
-1319
-1600
-1907
-2221
-2478
-2643
-2725
-2753
-2726
-2608
-2382
-2085
-1814
-1663
-1654
-1714
-1742
-1687
-1587
-1516
-1526
-1594
-1641
-1583
-1414
-1222
-1122
-1148
-1244
-1326
-1350
-1336
-1298
-1248
-1170
-1068
-954
-827
-650
-393
-72
239
483
668
866
1135
1465
1794
2061
2244
2354
2414
2448
2487
2569
2701
2833
2882
2818
2674
2489
2267
1996
1713
1465
1267
1072
809
446
13
-422
-813
-1167
-1506
-1817
-2066
-2233
-2316
-2327
-2295
-2236
-2134
-1944
-1672
-1405
-1250
-1244
-1334
-1451
-1541
-1583
-1584
-1576
-1572
-1540
-1441
-1291
-1154
-1063
-1007
-966
-948
-947
-928
-836
-658
-400
-70
279
571
776
980
1265
1614
1942
2202
2402
2552
2678
2830
3042
3296
3517
3647
3672
3627
3574
3556
3569
3573
3513
3338
3030
2612
2154
1714
1328
991
647
226
-293
-854
-1365
-1784
-2118
-2404
-2657
-2853
-2953
-2934
-2818
-2634
-2406
-2163
-1978
-1918
-1976
-2065
-2115
-2125
-2113
-2106
-2120
-2154
-2149
-2028
-1787
-1498
-1262
-1136
-1126
-1195
-1293
-1383
-1409
-1339
-1181
-1002
-838
-655
-394
-48
343
735
1095
1405
1672
1926
2161
2339
2437
2479
2501
2503
2475
2422
2366
2322
2266
2150
1944
1645
1315
1011
769
562
345
91
-185
-453
-726
-1041
-1413
-1822
-2248
-2677
-3061
-3320
-3402
-3331
-3149
-2891
-2563
-2193
-1826
-1530
-1347
-1261
-1210
-1153
-1100
-1092
-1152
-1250
-1290
-1165
-871
-521
-245
-67
54
153
212
228
208
161
96
48
77
238
549
972
1423
1823
2143
2396
2596
2759
2915
3078
3230
3343
3430
3495
3527
3515
3476
3429
3345
3173
2913
2625
2353
2077
1775
1464
1166
878
583
281
-39
-394
-784
-1188
-1589
-1986
-2349
-2624
-2766
-2767
-2645
-2435
-2172
-1874
-1548
-1231
-993
-915
-997
-1174
-1369
-1550
-1714
-1832
-1859
-1771
-1573
-1278
-912
-532
-237
-95
-114
-260
-468
-683
-830
-847
-702
-418
-57
330
716
1094
1450
1778
2082
2356
2541
2586
2519
2435
2396
2391
2369
2282
2096
1812
1507
1260
1092
948
775
542
260
-25
-257
-431
-616
-893
-1290
-1767
-2270
-2765
-3225
-3604
-3861
-3975
-3971
-3853
-3614
-3246
-2783
-2291
-1847
-1513
-1316
-1238
-1234
-1285
-1371
-1473
-1553
-1580
-1524
-1367
-1112
-768
-364
39
339
476
455
349
229
147
152
267
500
823
1210
1634
2065
2467
2834
3188
3529
3837
4048
4131
4089
4001
3919
3811
3624
3363
3070
2746
2369
1956
1537
1104
640
191
-167
-424
-625
-810
-999
-1226
-1528
-1897
-2307
-2727
-3114
-3405
-3551
-3536
-3364
-3044
-2623
-2159
-1673
-1199
-815
-599
-540
-575
-669
-823
-1031
-1256
-1429
-1471
-1352
-1098
-760
-372
22
366
604
714
698
582
435
358
426
665
1052
1546
2102
2670
3205
3680
4073
4348
4494
4512
4435
4290
4068
3745
3336
2886
2412
1870
1261
649
95
-414
-916
-1407
-1844
-2172
-2371
-2487
-2640
-2917
-3308
-3736
-4155
-4522
-4776
-4844
-4682
-4288
-3710
-3040
-2340
-1644
-982
-446
-116
-1
-69
-286
-643
-1107
-1600
-1990
-2172
-2113
-1868
-1513
-1109
-699
-316
19
273
406
435
446
549
785
1169
1710
2386
3127
3857
4546
5157
5631
5899
5929
5742
5376
4852
4172
3373
2549
1793
1110
436
-283
-1033
-1741
-2349
-2853
-3306
-3734
-4093
-4344
-4517
-4675
-4845
-4982
-5022
-4915
-4607
-4060
-3281
-2355
-1393
-486
305
937
1375
1591
1576
1345
927
338
-388
-1156
-1837
-2334
-2630
-2731
-2669
-2482
-2195
-1793
-1273
-674
-68
504
1053
1625
2264
2980
3736
4488
5229
5956
6653
7268
7749
8056
8150
7981
7464
6520
5158
3494
1710
-46
-1636
-2957
-3994
-4793
-5358
-5660
-5742
-5670
-5497
-5266
-5101
-5086
-5146
-5124
-4949
-4597
-4001
-3079
-1809
-251
1451
3021
4193
4855
5039
4740
3930
2666
1072
-727
-2558
-4151
-5286
-5938
-6210
-6160
-5806
-5179
-4338
-3349
-2329
-1395
-585
175
988
1918
3018
4295
5690
7057
8281
9310
10132
10679
10839
10494
9549
7910
5564
2697
-370
-3357
-6080
-8336
-9959
-10905
-11200
-10827
-9841
-8461
-6944
-5399
-3877
-2521
-1439
-590
181
979
1906
3045
4396
5817
7125
8120
8571
8239
7002
4940
2253
-797
-3947
-6934
-9498
-11379
-12393
-12507
-11816
-10443
-8525
-6262
-3873
-1509
732
2771
4567
6125
7461
8588
9560
10411
11081
11465
11525
11307
10820
10020
8864
7275
5103
2234
-1153
-4661
-7919
-10726
-12868
-14094
-14230
-13281
-11361
-8694
-5645
-2585
228
2615
4363
5367
5720
5665
5427
5238
5306
5723
6381
7042
7413
7168
6070
4060
1276
-2039
-5562
-8908
-11692
-13610
-14444
-14100
-12660
-10371
-7541
-4473
-1439
1340
3741
5738
7349
8607
9558
10255
10746
11059
11205
11116
10718
9974
8941
7687
6244
4609
2699
341
-2571
-5809
-8891
-11395
-13130
-13973
-13831
-12690
-10660
-7866
-4561
-1185
1818
4209
5898
6776
6846
6320
5554
4842
4414
4398
4772
5291
5644
5503
4605
2799
153
-3066
-6467
-9573
-11945
-13290
-13540
-12731
-10994
-8585
-5870
-3163
-677
1449
3174
4561
5748
6812
7800
8718
9549
10204
10610
10714
10430
9676
8479
7024
5490
3995
2552
1025
-886
-3318
-5986
-8426
-10401
-11871
-12665
-12537
-11418
-9447
-6822
-3873
-1030
1377
3219
4382
4774
4527
3992
3490
3221
3359
3960
4850
5677
6103
5806
4546
2288
-729
-4093
-7352
-10023
-11741
-12335
-11818
-10284
-7986
-5339
-2791
-618
1086
2345
3279
4054
4830
5714
6746
7869
8957
9858
10463
10677
10450
9780
8742
7491
6216
5045
3899
2490
496
-2103
-4967
-7645
-9861
-11461
-12251
-12043
-10780
-8589
-5775
-2832
-259
1661
2849
3281
3021
2331
1600
1166
1260
2006
3305
4800
6005
6485
5919
4164
1336
-2179
-5816
-9006
-11307
-12493
-12457
-11216
-8990
-6282
-3613
-1264
687
2183
3200
3881
4448
5084
5860
6785
7735
8558
9172
9558
9614
9208
8335
7204
6100
5220
4544
3812
2584
542
-2180
-5085
-7685
-9767
-11159
-11614
-10896
-9017
-6271
-3226
-508
1484
2681
3145
2940
2244
1394
762
626
1146
2251
3640
4834
5413
5048
3584
1066
-2208
-5717
-8837
-11001
-11931
-11635
-10300
-8151
-5567
-3059
-1039
400
1364
2001
2513
3132
4003
5133
6471
7840
8953
9559
9656
9314
8536
7334
5953
4784
4087
3853
3801
3450
2267
116
-2617
-5352
-7776
-9700
-10774
-10625
-9198
-6790
-3872
-1056
1118
2447
3032
2943
2265
1336
687
672
1352
2617
4198
5630
6361
6008
4417
1724
-1684
-5216
-8262
-10315
-11085
-10610
-9172
-7122
-4790
-2600
-952
29
531
798
1029
1463
2303
3564
5060
6529
7659
8185
8078
7553
6825
5945
5005
4286
4101
4492
5104
5304
4461
2331
-701
-3930
-6824
-9150
-10628
-10894
-9792
-7574
-4815
-2220
-378
538
725
424
-236
-989
-1378
-1006
199
2049
4134
5914
6846
6601
5095
2451
-962
-4513
-7464
-9280
-9776
-9096
-7558
-5532
-3387
-1514
-261
265
301
245
391
864
1709
2918
4359
5747
6714
7028
6758
6211
5703
5370
5219
5266
5586
6185
6855
7089
6257
3989
592
-3119
-6379
-8854
-10340
-10620
-9643
-7727
-5359
-3097
-1518
-920
-1100
-1604
-2145
-2513
-2383
-1461
209
2336
4513
6274
7127
6786
5248
2703
-507
-3827
-6565
-8213
-8640
-8044
-6708
-4923
-3011
-1390
-411
-91
-91
-10
332
962
1864
2995
4236
5404
6259
6603
6498
6267
6224
6440
6838
7331
7867
8374
8750
8675
7594
5063
1318
-2728
-6126
-8494
-9837
-10134
-9345
-7668
-5585
-3702
-2565
-2401
-2895
-3447
-3692
-3570
-2987
-1735
186
2416
4461
5916
6489
6000
4458
2050
-929
-4046
-6720
-8389
-8880
-8461
-7542
-6314
-4844
-3339
-2157
-1471
-1075
-609
110
1022
1992
2907
3706
4354
4782
4881
4691
4524
4788
5640
6925
8295
9389
9995
10082
9572
8110
5321
1372
-2869
-6410
-8729
-9802
-9716
-8576
-6658
-4471
-2608
-1576
-1573
-2276
-3050
-3432
-3326
-2675
-1384
438
2387
4059
5175
5521
4974
3605
1633
-732
-3200
-5386
-6922
-7672
-7759
-7436
-6884
-6135
-5228
-4292
-3449
-2582
-1467
-49
1473
2810
3755
4240
4292
3961
3298
2518
2023
2204
3244
5060
7241
9127
10184
10386
9955
8804
6496
2908
-1295
-4984
-7347
-8321
-8252
-7452
-6070
-4370
-2767
-1753
-1621
-2293
-3183
-3600
-3196
-2070
-475
1349
3135
4650
5678
5980
5335
3871
1985
5
-2037
-4011
-5521
-6199
-6151
-5856
-5691
-5624
-5324
-4625
-3710
-2817
-1805
-373
1413
3040
4083
4496
4408
3901
3108
2322
1900
2146
3198
4980
7121
9036
10165
10340
9753
8575
6565
3400
-629
-4499
-7191
-8495
-8824
-8529
-7633
-6231
-4690
-3480
-2873
-2834
-3026
-2985
-2427
-1348
146
1902
3598
4874
5555
5638
5054
3809
2153
420
-1317
-3096
-4770
-6063
-6898
-7461
-7885
-8006
-7514
-6362
-4905
-3501
-2115
-523
1199
2614
3414
3688
3723
3645
3409
3046
2821
3098
4063
5609
7419
9032
9918
9733
8644
7120
5353
3028
-84
-3504
-6293
-7886
-8485
-8548
-8227
-7464
-6381
-5269
-4352
-3671
-3165
-2634
-1835
-683
676
2023
3173
3979
4383
4415
4049
3182
1889
455
-950
-2434
-4072
-5611
-6677
-7214
-7481
-7633
-7401
-6419
-4769
-2983
-1403
144
1856
3469
4527
4916
4877
4646
4331
4019
3828
3873
4273
5099
6336
7786
9013
9485
9038
8074
7007
5628
3337
94
-3282
-5821
-7235
-7837
-7944
-7560
-6648
-5345
-3977
-2822
-2001
-1434
-933
-356
360
1160
1912
2447
2787
3010
3051
2622
1651
380
-925
-2297
-3843
-5399
-6567
-7113
-7214
-7154
-6923
-6184
-4836
-3273
-1997
-974
199
1638
2965
3817
4241
4448
4507
4345
3984
3565
3348
3569
4372
5689
7212
8408
8820
8452
7676
6631
4910
2163
-1183
-4153
-6100
-7091
-7419
-7162
-6305
-5040
-3705
-2584
-1822
-1409
-1160
-800
-206
593
1422
2070
2345
2276
1988
1488
634
-512
-1670
-2691
-3725
-4876
-5878
-6408
-6430
-6217
-5957
-5608
-4944
-3949
-2929
-2193
-1549
-559
748
1870
2521
2873
3042
2945
2634
2439
2576
3036
3768
4797
6126
7584
8755
9160
8707
7746
6502
4671
2007
-1009
-3510
-5132
-6069
-6406
-6019
-5078
-4084
-3254
-2453
-1670
-1158
-932
-648
-10
922
1879
2602
2966
3063
3021
2755
2060
1027
-71
-1194
-2569
-4130
-5392
-6012
-6150
-6151
-6063
-5678
-4898
-3974
-3272
-2822
-2267
-1370
-350
436
936
1312
1592
1719
1733
1841
2221
2940
3944
5162
6516
7795
8613
8728
8294
7567
6432
4507
1788
-1141
-3601
-5339
-6377
-6687
-6272
-5392
-4384
-3376
-2341
-1374
-653
-210
144
652
1395
2220
2872
3276
3557
3784
3808
3484
2836
1922
705
-805
-2332
-3539
-4310
-4827
-5238
-5448
-5239
-4627
-3962
-3579
-3392
-3035
-2367
-1612
-998
-510
-111
167
349
604
1063
1762
2678
3778
5039
6440
7809
8715
8807
8174
7183
5898
4017
1405
-1532
-4230
-6360
-7768
-8251
-7829
-6959
-6076
-5106
-3803
-2410
-1400
-828
-249
601
1566
2338
2827
3156
3504
3903
4189
4190
3862
3200
2082
485
-1333
-2942
-4142
-4996
-5580
-5795
-5527
-4885
-4170
-3601
-3094
-2450
-1672
-978
-476
-93
299
742
1294
2012
2881
3815
4719
5530
6214
6828
7338
7565
7295
6527
5436
4090
2352
109
-2419
-4834
-6801
-8142
-8689
-8430
-7610
-6480
-5024
-3237
-1484
-232
449
886
1336
1800
2135
2317
2504
2928
3570
4146
4347
4077
3309
1973
110
-1950
-3753
-5037
-5783
-6049
-5829
-5132
-4095
-3042
-2272
-1836
-1505
-1128
-741
-365
155
902
1749
2572
3391
4195
4842
5250
5547
5930
6497
7174
7710
7818
7370
6473
5196
3444
1128
-1589
-4329
-6635
-8079
-8456
-7975
-7130
-6176
-4944
-3292
-1588
-458
-57
64
369
848
1285
1667
2184
2897
3653
4206
4363
3983
3025
1560
-230
-2094
-3742
-4958
-5662
-5921
-5856
-5553
-5084
-4533
-4008
-3603
-3299
-2906
-2225
-1243
-160
860
1804
2739
3683
4585
5325
5790
6009
6177
6494
6982
7461
7636
7262
6353
5128
3740
1989
-334
-3071
-5666
-7569
-8465
-8400
-7749
-6886
-5747
-4096
-2212
-824
-245
-60
174
518
871
1298
1894
2726
3746
4697
5167
4920
3984
2439
383
-1863
-3802
-5133
-5877
-6155
-6066
-5792
-5572
-5486
-5403
-5229
-4965
-4542
-3756
-2503
-918
778
2365
3653
4540
5108
5437
5495
5313
5130
5226
5726
6569
7475
7944
7583
6490
5026
3247
843
-2187
-5250
-7549
-8641
-8516
-7477
-5990
-4400
-2787
-1268
-243
-12
-293
-448
-158
481
1308
2359
3667
5079
6197
6617
6172
5029
3455
1612
-380
-2247
-3643
-4454
-4873
-5207
-5618
-6121
-6592
-6861
-6798
-6375
-5593
-4396
-2747
-744
1318
3052
4185
4703
4762
4517
4057
3535
3182
3220
3774
4849
6180
7187
7288
6448
5124
3635
1729
-884
-3871
-6393
-7784
-7968
-7268
-6153
-4940
-3690
-2388
-1284
-725
-705
-751
-474
171
1073
2218
3594
5066
6348
7099
7118
6488
5418
3970
2150
175
-1555
-2866
-3905
-4924
-5959
-6844
-7339
-7334
-6904
-6205
-5311
-4179
-2788
-1208
367
1741
2783
3481
3842
3875
3605
3179
2806
2633
2691
3039
3758
4668
5268
5161
4498
3630
2512
706
-1852
-4557
-6617
-7649
-7703
-7080
-6173
-5268
-4344
-3377
-2599
-2277
-2201
-1867
-1043
130
1545
3256
5151
6882
8056
8488
8150
7167
5702
3903
1899
-60
-1733
-3057
-4126
-4981
-5603
-6054
-6400
-6554
-6335
-5752
-4938
-3900
-2496
-739
1123
2845
4272
5191
5392
4931
4152
3390
2802
2446
2393
2800
3753
4984
5814
5706
4821
3693
2449
695
-1717
-4280
-6294
-7446
-7789
-7525
-6970
-6448
-6002
-5438
-4743
-4101
-3491
-2557
-1087
785
2803
4815
6628
8015
8815
8972
8464
7353
5812
4008
2038
-16
-1986
-3732
-5189
-6382
-7272
-7780
-7839
-7483
-6766
-5738
-4425
-2847
-1055
809
2522
3904
4847
5266
5085
4405
3556
2910
2584
2450
2428
2685
3436
4552
5506
5760
5238
4316
3272
1890
-168
-2716
-5157
-7035
-8206
-8641
-8539
-8267
-7930
-7202
-5960
-4586
-3387
-2132
-470
1555
3626
5505
7095
8326
9111
9308
8799
7614
5953
3943
1617
-922
-3350
-5333
-6739
-7592
-7922
-7763
-7220
-6427
-5479
-4402
-3171
-1724
-62
1656
3197
4454
5414
5969
5880
5052
3751
2483
1623
1248
1265
1675
2621
4145
5872
7072
7178
6281
4896
3297
1297
-1211
-3888
-6235
-7962
-8977
-9325
-9252
-8981
-8377
-7154
-5412
-3572
-1805
133
2342
4507
6213
7352
8023
8249
7948
7076
5728
4087
2315
440
-1574
-3655
-5552
-7061
-8150
-8807
-8937
-8504
-7659
-6524
-5057
-3196
-1121
857
2511
3748
4508
4758
4525
3877
2947
2007
1408
1313
1631
2155
2805
3629
4714
5985
7078
7492
6989
5832
4437
2867
839
-1724
-4448
-6838
-8635
-9693
-9905
-9405
-8474
-7141
-5199
-2790
-441
1533
3296
4928
6179
6810
6959
6846
6468
5690
4526
3164
1745
241
-1444
-3284
-5083
-6596
-7704
-8360
-8512
-8110
-7219
-5939
-4378
-2691
-1124
188
1285
2221
2902
3167
2996
2569
2152
1907
1838
1928
2264
2876
3641
4401
5148
5942
6715
7260
7349
6863
5864
4493
2739
421
-2409
-5293
-7689
-9310
-10021
-9720
-8559
-6851
-4693
-2007
874
3240
4747
5655
6197
6249
5778
5088
4464
3906
3328
2714
2040
1205
98
-1362
-3133
-4964
-6506
-7568
-8088
-7988
-7199
-5896
-4422
-3012
-1733
-691
-55
130
18
-186
-299
-151
316
1016
1767
2436
2949
3331
3645
3926
4191
4524
5037
5728
6409
6775
6502
5456
3798
1757
-680
-3545
-6445
-8704
-9879
-9882
-8731
-6647
-4106
-1484
1106
3365
4711
4949
4571
4077
3490
2798
2279
2107
2108
2075
1963
1632
817
-540
-2206
-3894
-5401
-6514
-7035
-6887
-6167
-5108
-3996
-3029
-2281
-1877
-1967
-2421
-2748
-2561
-1956
-1231
-412
707
2134
3514
4419
4710
4582
4328
4131
4061
4198
4588
5169
5773
6211
6201
5414
3806
1763
-298
-2356
-4445
-6214
-7117
-6875
-5582
-3624
-1616
38
1472
2851
3753
3708
3033
2446
2081
1650
1199
1045
1147
1192
1036
698
136
-644
-1480
-2238
-2898
-3462
-3882
-4113
-4105
-3881
-3622
-3533
-3598
-3676
-3764
-3914
-3942
-3507
-2523
-1218
191
1640
3022
4120
4781
5020
4957
4731
4478
4269
4128
4078
4071
4027
3960
3959
3885
3396
2480
1562
877
71
-1136
-2417
-3255
-3537
-3324
-2633
-1698
-963
-515
-92
259
176
-308
-700
-740
-589
-417
-196
80
413
782
1044
993
664
247
-285
-1145
-2301
-3395
-4160
-4652
-5048
-5372
-5498
-5343
-5073
-4967
-5028
-4847
-4034
-2618
-880
1018
2949
4633
5798
6380
6388
5780
4677
3471
2534
1981
1745
1802
2236
3137
4384
5500
5942
5598
4863
4031
2925
1267
-724
-2513
-3754
-4434
-4626
-4472
-4250
-4082
-3745
-3065
-2273
-1692
-1289
-831
-336
45
313
668
1140
1517
1601
1500
1479
1547
1296
363
-1107
-2594
-3786
-4789
-5750
-6564
-6971
-6888
-6430
-5760
-4931
-3897
-2532
-798
1109
2841
4231
5330
6115
6372
5965
5076
3991
2899
1936
1337
1321
1885
2815
3911
5112
6291
7062
6977
6042
4782
3615
2360
569
-1679
-3768
-5178
-5859
-5999
-5776
-5308
-4576
-3498
-2201
-1101
-398
130
710
1169
1282
1137
969
828
660
494
368
239
40
-269
-765
-1553
-2661
-3953
-5236
-6309
-6988
-7107
-6644
-5672
-4329
-2755
-1149
327
1597
2630
3382
3846
4099
4210
4212
4085
3802
3326
2737
2283
2222
2571
3119
3660
4210
4913
5776
6514
6706
6135
4969
3535
1975
169
-1942
-4060
-5725
-6652
-6833
-6337
-5365
-4216
-3087
-1954
-905
-234
-99
-283
-509
-739
-956
-1020
-822
-488
-129
256
680
982
970
568
-194
-1290
-2654
-4075
-5240
-5935
-6145
-5900
-5173
-3979
-2588
-1387
-539
171
1017
1983
2807
3368
3788
4191
4476
4448
4068
3519
3066
2865
2927
3152
3427
3695
3928
4085
4127
4043
3763
3141
2150
1100
361
-108
-741
-1788
-2986
-3901
-4299
-4232
-3876
-3492
-3131
-2601
-1840
-1283
-1401
-2056
-2698
-3086
-3376
-3587
-3426
-2652
-1374
130
1558
2702
3420
3614
3105
1792
-75
-1946
-3415
-4395
-4858
-4674
-3810
-2514
-1165
-113
480
725
908
1200
1561
1940
2405
2979
3597
4152
4486
4416
3952
3385
2963
2651
2328
2081
2052
2198
2345
2447
2551
2617
2522
2198
1789
1585
1776
2134
2100
1347
71
-1315
-2654
-4019
-5449
-6812
-7825
-8206
-7954
-7390
-6722
-5798
-4447
-2887
-1448
-173
1057
2204
3169
3989
4674
5026
4857
4219
3275
2095
739
-601
-1714
-2529
-3073
-3336
-3308
-3068
-2740
-2399
-2050
-1652
-1153
-522
227
1092
2057
3024
3800
4215
4228
3904
3349
2646
1862
1090
513
285
377
599
871
1297
1953
2744
3468
3969
4175
4129
3956
3598
2696
879
-1726
-4528
-6939
-8687
-9700
-9989
-9586
-8456
-6609
-4395
-2468
-1177
-299
486
1128
1540
1908
2533
3449
4517
5576
6406
6758
6511
5680
4240
2225
-88
-2257
-3987
-5178
-5799
-5860
-5493
-4873
-4132
-3385
-2751
-2251
-1718
-969
53
1219
2318
3166
3687
3912
3870
3473
2632
1475
379
-338
-641
-654
-408
137
894
1673
2392
3082
3697
4017
3812
3097
2178
1454
1004
464
-676
-2489
-4497
-6099
-7055
-7471
-7444
-6893
-5675
-3832
-1677
324
1872
2996
3901
4655
5171
5427
5507
5496
5411
5308
5199
4947
4302
3171
1688
19
-1777
-3646
-5410
-6804
-7614
-7789
-7429
-6693
-5688
-4481
-3191
-1980
-920
60
1068
2133
3176
4041
4539
4518
3931
2875
1524
57
-1295
-2206
-2438
-2066
-1381
-619
132
770
1210
1529
1924
2478
3051
3441
3580
3537
3431
3372
3353
3142
2377
988
-623
-1914
-2653
-2939
-2926
-2721
-2317
-1695
-971
-505
-492
-676
-589
-115
503
1095
1689
2327
2892
3218
3128
2567
1607
342
-1271
-3213
-5135
-6554
-7285
-7499
-7309
-6653
-5524
-4197
-3014
-2138
-1501
-1025
-736
-662
-680
-515
-13
737
1505
2116
2479
2500
2111
1388
564
-103
-479
-576
-458
-146
414
1249
2234
3192
4121
5182
6337
7206
7437
7128
6740
6604
6635
6488
5812
4410
2317
-142
-2552
-4607
-6097
-6813
-6684
-5962
-4984
-3938
-2968
-2340
-2183
-2318
-2465
-2500
-2351
-1939
-1247
-322
792
1956
2816
3071
2672
1732
252
-1690
-3791
-5647
-7029
-7811
-7858
-7146
-5897
-4448
-3011
-1687
-502
530
1393
2022
2486
3032
3813
4613
5011
4792
4028
2930
1723
614
-287
-881
-969
-385
735
1979
3039
3868
4489
4865
5056
5255
5612
6083
6517
6777
6776
6506
6022
5371
4528
3442
2028
175
-2121
-4567
-6758
-8444
-9575
-10117
-10072
-9564
-8732
-7641
-6413
-5230
-4101
-2849
-1434
-74
1070
2014
2768
3240
3434
3457
3294
2828
2024
953
-370
-1911
-3449
-4648
-5296
-5329
-4726
-3533
-1894
-38
1761
3176
3984
4175
3847
3062
1971
925
281
84
107
114
22
-134
-266
-334
-349
-270
73
811
1832
2866
3737
4445
5049
5536
5792
5715
5353
4900
4504
4095
3529
2800
2026
1226
312
-736
-1833
-2984
-4374
-6068
-7792
-9067
-9628
-9528
-9001
-8193
-7104
-5666
-3983
-2402
-1236
-420
396
1371
2286
2888
3285
3819
4704
5838
6910
7634
7900
7694
6877
5196
2627
-328
-2967
-4901
-6197
-6973
-7152
-6649
-5621
-4425
-3400
-2684
-2164
-1651
-1117
-679
-277
391
1482
2611
3155
2852
1984
1011
149
-621
-1306
-1701
-1542
-801
194
1053
1654
2078
2370
2482
2482
2584
3014
3814
4774
5501
5673
5253
4389
3184
1694
141
-1117
-1836
-2106
-2283
-2720
-3515
-4456
-5205
-5572
-5567
-5226
-4403
-2841
-508
2194
4641
6373
7256
7337
6700
5494
4000
2635
1778
1586
1870
2213
2249
1820
883
-606
-2623
-4907
-6995
-8449
-9074
-8918
-8175
-7075
-5877
-4855
-4200
-3888
-3691
-3350
-2744
-1885
-819
405
1693
2823
3509
3519
2830
1638
314
-742
-1208
-984
-209
870
2042
3129
3900
4173
4005
3706
3621
3903
4506
5304
6202
7095
7755
7849
7199
5991
4648
3465
2495
1717
1221
1010
756
-124
-1945
-4381
-6683
-8249
-8951
-8900
-8157
-6657
-4435
-1806
606
2202
2832
2808
2411
1580
274
-1100
-1912
-1949
-1529
-1092
-870
-993
-1578
-2664
-4155
-5820
-7274
-8105
-8170
-7698
-6954
-5977
-4759
-3522
-2569
-1955
-1455
-787
184
1357
2482
3444
4336
5168
5590
5227
4192
3041
2248
1931
2007
2376
3009
3934
5092
6113
6512
6198
5594
5155
4941
4819
4812
5070
5539
5867
5631
4641
3054
1263
-339
-1530
-2243
-2453
-2167
-1529
-799
-286
-303
-1179
-2954
-5160
-7049
-8198
-8657
-8561
-7844
-6429
-4499
-2477
-862
-36
-23
-421
-790
-1014
-1166
-1099
-487
757
2288
3586
4224
4016
3034
1488
-449
-2645
-4732
-6132
-6447
-5841
-4776
-3607
-2439
-1346
-489
29
353
829
1707
2873
3955
4680
5067
5226
5054
4311
2999
1509
321
-395
-711
-690
-276
571
1716
2861
3641
3854
3612
3189
2754
2285
1795
1451
1393
1531
1631
1509
1158
685
243
-55
-162
-30
404
1127
1885
2343
2298
1728
556
-1325
-3767
-6202
-7930
-8592
-8282
-7338
-6029
-4444
-2591
-706
698
1233
1115
955
1057
1217
1208
1167
1367
1858
2423
2742
2577
1942
1062
63
-1173
-2683
-4151
-5156
-5612
-5732
-5668
-5395
-4892
-4237
-3550
-2931
-2431
-1974
-1430
-797
-207
324
950
1741
2516
3035
3224
3161
2960
2696
2405
2094
1796
1629
1707
1996
2320
2578
2827
3158
3514
3779
3938
4156
4627
5407
6315
7005
7200
6869
6138
5059
3580
1819
132
-1149
-1988
-2527
-2812
-2819
-2696
-2863
-3673
-5096
-6640
-7738
-8116
-7889
-7277
-6278
-4757
-2763
-761
667
1264
1296
1204
1190
1082
735
341
330
867
1589
1863
1296
11
-1553
-3044
-4441
-5791
-6861
-7179
-6525
-5183
-3710
-2515
-1671
-1037
-500
-95
141
403
1067
2301
3813
5090
5851
6162
6184
5892
5154
4025
2905
2292
2397
2984
3662
4254
4801
5291
5503
5232
4562
3835
3366
3190
3131
3014
2803
2458
1805
656
-937
-2631
-4000
-4792
-4955
-4511
-3479
-1994
-411
793
1285
1041
217
-1090
-2918
-5191
-7477
-9097
-9613
-9142
-8166
-7079
-5975
-4780
-3460
-2127
-969
-61
779
1796
2963
3932
4414
4495
4469
4472
4329
3804
2881
1823
884
36
-986
-2290
-3560
-4322
-4406
-4102
-3756
-3363
-2637
-1476
-176
876
1597
2201
2879
3527
3839
3690
3361
3338
3736
4215
4386
4224
3921
3553
3053
2362
1542
768
256
64
36
-9
-78
-66
9
12
-131
-360
-576
-714
-777
-836
-1005
-1293
-1526
-1525
-1302
-1029
-804
-574
-290
-44
14
-202
-632
-1116
-1566
-2084
-2812
-3636
-4162
-4078
-3442
-2532
-1547
-512
586
1677
2571
3056
3050
2733
2364
2011
1554
977
509
356
483
682
786
685
358
-118
-621
-1146
-1741
-2289
-2547
-2436
-2163
-1954
-1868
-1836
-1859
-1964
-2152
-2308
-2224
-1679
-662
542
1585
2342
2894
3245
3275
2937
2412
1974
1772
1819
2023
2255
2384
2363
2225
1973
1500
720
-239
-1091
-1582
-1666
-1472
-1180
-856
-451
86
623
931
957
935
1160
1672
2278
2754
3015
3043
2778
2124
1099
-138
-1429
-2799
-4289
-5691
-6528
-6442
-5545
-4354
-3364
-2654
-1941
-1032
-157
250
99
-133
100
843
1639
2090
2254
2491
2976
3449
3421
2646
1364
60
-1005
-1967
-3007
-3968
-4456
-4331
-3894
-3554
-3387
-3184
-2758
-2122
-1399
-664
157
1200
2476
3772
4774
5324
5445
5271
4883
4301
3518
2627
1836
1307
1000
734
406
51
-254
-538
-875
-1297
-1728
-1972
-1820
-1190
-239
748
1547
2063
2209
1894
1136
150
-737
-1299
-1496
-1451
-1281
-1015
-614
-122
245
271
-56
-553
-1167
-2054
-3280
-4501
-5153
-4922
-4029
-3022
-2275
-1653
-711
691
2147
3117
3515
3706
3974
4200
4066
3511
2826
2387
2309
2346
2102
1404
465
-399
-1117
-1874
-2754
-3594
-4166
-4373
-4277
-4011
-3715
-3415
-2992
-2288
-1316
-273
639
1403
2127
2822
3350
3579
3520
3283
2958
2575
2124
1584
972
363
-167
-629
-1089
-1559
-1993
-2373
-2697
-2883
-2785
-2364
-1721
-994
-241
511
1165
1596
1776
1842
1944
2108
2223
2252
2260
2311
2342
2216
1853
1305
759
369
123
-211
-818
-1658
-2457
-2903
-2826
-2284
-1527
-814
-224
342
930
1411
1546
1279
823
559
689
1069
1389
1527
1645
1894
2177
2168
1659
753
-199
-933
-1470
-2030
-2721
-3401
-3826
-3946
-3942
-3975
-3969
-3741
-3280
-2748
-2295
-1929
-1580
-1189
-741
-238
330
988
1691
2307
2696
2838
2791
2610
2327
2003
1689
1373
964
412
-246
-899
-1418
-1702
-1702
-1403
-829
-90
622
1147
1478
1718
1963
2196
2378
2520
2659
2739
2574
2016
1106
145
-529
-745
-634
-455
-377
-423
-624
-1077
-1792
-2497
-2793
-2477
-1756
-1030
-522
-127
390
995
1367
1208
693
325
445
828
1021
850
622
730
1255
1843
1988
1463
482
-538
-1481
-2534
-3859
-5204
-6122
-6308
-5845
-5064
-4285
-3582
-2802
-1832
-765
157
829
1383
2070
2980
3916
4533
4620
4230
3575
2866
2223
1661
1105
501
-114
-657
-1112
-1529
-1926
-2237
-2327
-2061
-1404
-500
382
1040
1479
1847
2224
2547
2726
2810
2948
3192
3423
3443
3148
2589
1900
1216
599
77
-354
-676
-877
-1035
-1353
-2014
-2916
-3646
-3794
-3284
-2363
-1323
-260
853
1976
2866
3246
3008
2386
1770
1428
1289
1125
875
672
625
621
420
-184
-1175
-2324
-3269
-3822
-4048
-4148
-4187
-4092
-3831
-3532
-3365
-3344
-3354
-3273
-3048
-2597
-1870
-893
181
1219
2120
2801
3155
3092
2598
1783
954
479
557
991
1377
1436
1240
1004
789
437
-169
-859
-1264
-1133
-606
-80
141
116
111
334
741
1163
1491
1804
2285
3002
3750
4153
4005
3423
2711
2054
1454
865
352
50
-51
-259
-966
-2201
-3446
-4048
-3799
-3039
-2244
-1564
-828
119
1083
1684
1739
1490
1358
1533
1805
1830
1505
1042
686
475
217
-339
-1291
-2469
-3545
-4313
-4785
-5074
-5229
-5262
-5168
-4932
-4544
-4044
-3496
-2892
-2139
-1127
154
1548
2808
3777
4479
4946
5056
4611
3617
2397
1393
847
648
480
93
-491
-1083
-1511
-1772
-1945
-2023
-1854
-1289
-382
601
1352
1760
1959
2226
2751
3508
4283
4861
5146
5148
4862
4243
3270
2073
903
-1
-537
-759
-780
-719
-634
-590
-723
-1204
-1986
-2688
-2872
-2398
-1508
-567
178
639
829
786
567
271
51
31
226
520
779
954
1081
1163
1136
964
685
303
-273
-1090
-2050
-2977
-3803
-4544
-5222
-5773
-6124
-6207
-6020
-5584
-4958
-4143
-3102
-1810
-347
1080
2249
2998
3285
3152
2738
2229
1834
1665
1703
1796
1779
1554
1110
519
-102
-660
-1068
-1238
-1089
-655
-101
372
680
913
1241
1777
2478
3188
3712
3930
3846
3566
3201
2783
2296
1771
1351
1176
1253
1376
1304
958
476
-12
-562
-1339
-2294
-3041
-3134
-2503
-1549
-805
-510
-514
-531
-454
-395
-473
-622
-683
-609
-520
-538
-670
-859
-1033
-1160
-1221
-1272
-1427
-1815
-2431
-3155
-3801
-4242
-4447
-4446
-4255
-3880
-3354
-2769
-2245
-1838
-1519
-1179
-708
-49
743
1539
2183
2599
2784
2836
2894
3091
3456
3887
4199
4228
3926
3383
2780
2266
1887
1575
1301
1080
956
867
720
511
409
600
1112
1753
2255
2414
2205
1790
1423
1259
1267
1320
1321
1259
1125
911
590
199
-162
-381
-475
-616
-941
-1401
-1760
-1831
-1648
-1449
-1480
-1811
-2290
-2647
-2679
-2377
-1906
-1482
-1242
-1192
-1226
-1224
-1134
-954
-671
-236
331
898
1245
1185
693
-102
-971
-1702
-2176
-2399
-2480
-2527
-2589
-2667
-2786
-2994
-3261
-3444
-3329
-2756
-1693
-310
1085
2181
2864
3234
3477
3696
3856
3851
3610
3172
2672
2245
1952
1766
1599
1374
1068
719
381
88
-165
-398
-559
-513
-190
260
488
268
-257
-680
-720
-431
-65
218
440
688
978
1229
1376
1456
1571
1745
1851
1706
1227
487
-355
-1169
-1860
-2364
-2658
-2824
-2980
-3160
-3233
-3036
-2519
-1842
-1265
-963
-907
-916
-804
-515
-132
220
492
698
834
834
616
169
-432
-1041
-1505
-1728
-1704
-1508
-1268
-1120
-1161
-1366
-1587
-1614
-1320
-745
-70
505
894
1146
1351
1537
1699
1865
2116
2487
2914
3293
3580
3782
3892
3869
3678
3349
2964
2583
2212
1818
1386
940
505
88
-327
-755
-1160
-1467
-1610
-1606
-1527
-1446
-1390
-1331
-1213
-983
-630
-179
321
797
1161
1324
1267
1053
733
288
-309
-944
-1361
-1351
-990
-619
-580
-924
-1404
-1743
-1857
-1868
-1913
-2030
-2145
-2180
-2095
-1876
-1495
-967
-405
44
309
443
536
629
696
704
688
752
969
1287
1497
1384
893
180
-491
-892
-944
-749
-522
-413
-446
-581
-783
-988
-1086
-988
-706
-335
32
338
586
801
1011
1222
1434
1634
1772
1757
1530
1139
698
304
-37
-363
-713
-1087
-1439
-1726
-1904
-1963
-1927
-1878
-1886
-1944
-1949
-1805
-1461
-972
-430
74
524
956
1386
1799
2150
2381
2435
2339
2218
2185
2203
2114
1795
1301
829
544
433
327
75
-337
-809
-1218
-1458
-1437
-1095
-466
259
799
952
759
439
217
141
112
14
-198
-476
-727
-898
-996
-1086
-1209
-1353
-1477
-1535
-1507
-1370
-1150
-915
-767
-725
-716
-637
-474
-307
-238
-290
-409
-469
-366
-64
386
897
1378
1721
1852
1780
1624
1515
1495
1499
1459
1394
1388
1475
1550
1458
1149
721
316
-3
-227
-327
-242
53
487
922
1220
1331
1295
1185
1023
793
514
300
276
442
636
652
424
76
-223
-413
-570
-797
-1103
-1392
-1575
-1666
-1745
-1832
-1856
-1743
-1525
-1337
-1278
-1324
-1366
-1330
-1235
-1146
-1066
-976
-895
-897
-1016
-1156
-1198
-1108
-975
-907
-951
-1088
-1240
-1285
-1095
-666
-190
67
-5
-259
-413
-299
63
529
947
1197
1233
1141
1117
1314
1687
1997
2025
1737
1307
981
898
1023
1196
1289
1249
1062
733
304
-98
-320
-297
-104
81
122
52
16
109
280
410
485
580
739
903
979
931
785
605
453
372
379
459
567
621
540
286
-89
-460
-720
-871
-1026
-1284
-1633
-1922
-1997
-1801
-1408
-925
-483
-194
-116
-202
-314
-343
-260
-142
-92
-169
-330
-498
-662
-889
-1225
-1601
-1832
-1763
-1373
-806
-237
218
520
649
584
380
191
187
406
707
894
874
682
424
191
29
-45
-48
9
117
256
398
562
827
1207
1575
1769
1741
1594
1448
1361
1315
1258
1136
929
649
353
115
25
136
426
789
1087
1246
1253
1129
919
682
483
353
308
351
457
574
633
594
446
203
-121
-485
-842
-1133
-1307
-1371
-1375
-1390
-1449
-1542
-1636
-1707
-1771
-1900
-2155
-2478
-2701
-2677
-2409
-2016
-1644
-1395
-1328
-1444
-1654
-1786
-1682
-1326
-832
-340
78
383
552
579
500
392
341
391
508
613
650
631
587
545
492
412
292
138
-24
-165
-259
-300
-302
-269
-181
-31
148
286
352
395
483
625
753
829
889
1011
1224
1492
1763
1995
2174
2293
2344
2315
2184
1944
1609
1226
876
647
603
741
966
1130
1116
924
654
426
280
186
118
89
120
166
168
106
38
10
8
-59
-279
-660
-1101
-1485
-1748
-1892
-1951
-1944
-1907
-1905
-2005
-2173
-2281
-2195
-1913
-1536
-1185
-936
-829
-863
-1002
-1179
-1307
-1293
-1102
-818
-613
-595
-741
-916
-979
-867
-615
-352
-173
-94
-63
-34
31
167
387
648
885
1056
1159
1184
1111
935
706
524
477
625
968
1450
1974
2454
2837
3088
3197
3160
2980
2644
2174
1649
1193
898
795
845
968
1078
1090
974
758
527
367
306
321
333
269
110
-94
-290
-471
-664
-866
-1042
-1170
-1271
-1383
-1535
-1730
-1946
-2136
-2237
-2212
-2083
-1931
-1844
-1863
-1970
-2096
-2163
-2139
-2065
-1995
-1938
-1840
-1653
-1397
-1145
-928
-672
-311
69
284
245
59
-96
-135
-105
-100
-147
-200
-202
-159
-119
-78
29
251
552
855
1106
1287
1393
1422
1394
1344
1300
1265
1232
1206
1209
1265
1367
1468
1505
1461
1377
1301
1257
1235
1253
1335
1489
1679
1855
1960
1917
1666
1205
647
156
-164
-338
-440
-503
-506
-447
-388
-403
-501
-604
-636
-595
-555
-584
-657
-691
-642
-547
-469
-430
-410
-407
-437
-502
-599
-744
-948
-1170
-1328
-1375
-1336
-1257
-1170
-1093
-1066
-1131
-1281
-1445
-1545
-1542
-1446
-1292
-1127
-993
-906
-836
-759
-665
-562
-443
-296
-109
121
359
540
603
571
519
505
515
510
462
384
323
322
384
481
601
760
939
1073
1115
1100
1129
1294
1618
2013
2341
2487
2436
2242
1974
1678
1348
981
599
271
60
-21
6
94
197
260
214
25
-252
-484
-568
-513
-419
-381
-421
-486
-526
-531
-550
-613
-696
-743
-728
-666
-599
-571
-623
-774
-985
-1166
-1211
-1075
-798
-489
-289
-291
-491
-804
-1101
-1267
-1232
-1010
-692
-387
-146
31
151
207
205
169
120
66
25
17
39
47
3
-77
-150
-191
-214
-233
-234
-186
-74
65
171
210
223
280
410
568
673
674
586
489
459
503
559
565
482
301
53
-168
-246
-128
156
522
863
1074
1105
998
829
647
487
360
265
176
97
79
167
336
496
559
511
399
307
286
355
475
607
711
745
669
488
263
81
-4
15
94
155
130
-12
-240
-506
-760
-956
-1033
-970
-807
-631
-518
-518
-647
-885
-1148
-1327
-1391
-1383
-1378
-1418
-1496
-1572
-1583
-1496
-1338
-1174
-1075
-1063
-1129
-1231
-1301
-1285
-1171
-996
-804
-616
-429
-255
-98
37
163
276
350
386
394
412
464
568
708
835
937
1040
1188
1396
1627
1808
1873
1801
1656
1530
1489
1517
1572
1629
1693
1763
1831
1897
1943
1936
1834
1628
1346
1046
802
651
585
553
501
395
230
43
-128
-258
-359
-445
-505
-527
-530
-541
-564
-559
-499
-391
-257
-126
-27
7
-60
-233
-484
-742
-970
-1167
-1343
-1465
-1503
-1472
-1420
-1376
-1337
-1324
-1379
-1501
-1620
-1654
-1606
-1533
-1476
-1433
-1389
-1328
-1229
-1087
-921
-770
-645
-534
-422
-309
-193
-72
49
153
223
248
246
252
308
433
578
680
688
610
480
350
262
246
313
456
639
793
877
878
835
788
756
731
692
663
699
805
915
949
915
902
977
1116
1248
1324
1329
1282
1205
1116
1022
915
798
673
533
354
132
-97
-284
-414
-519
-626
-716
-743
-678
-548
-402
-281
-210
-201
-266
-424
-669
-951
-1189
-1337
-1401
-1419
-1426
-1425
-1415
-1411
-1441
-1500
-1563
-1597
-1591
-1552
-1485
-1400
-1311
-1239
-1162
-1033
-815
-521
-199
108
381
602
765
884
969
1047
1127
1200
1230
1209
1181
1208
1304
1437
1566
1652
1673
1635
1569
1508
1458
1432
1443
1492
1534
1515
1421
1302
1225
1208
1212
1180
1074
903
716
574
504
488
475
437
371
293
210
132
57
-1
-45
-108
-214
-350
-451
-487
-503
-587
-773
-1016
-1248
-1429
-1565
-1676
-1799
-1952
-2119
-2238
-2243
-2146
-2041
-2017
-2059
-2079
-2006
-1833
-1606
-1376
-1166
-970
-807
-733
-757
-798
-739
-555
-331
-167
-94
-80
-79
-76
-64
-38
31
161
321
447
498
492
461
440
467
563
721
906
1070
1182
1222
1197
1138
1100
1126
1214
1315
1360
1324
1219
1111
1038
1007
970
881
758
668
667
742
852
965
1055
1093
1067
986
867
723
568
426
300
180
66
-34
-112
-177
-232
-300
-417
-579
-742
-864
-957
-1027
-1046
-1002
-935
-907
-928
-998
-1117
-1262
-1373
-1396
-1323
-1173
-987
-844
-805
-874
-981
-1066
-1095
-1067
-996
-906
-804
-679
-550
-452
-420
-434
-453
-443
-402
-312
-159
51
281
500
726
992
1293
1577
1777
1852
1810
1697
1579
1488
1431
1401
1398
1395
1373
1335
1294
1234
1133
1002
885
815
798
836
900
948
956
960
991
1012
961
840
718
635
561
434
234
-8
-235
-389
-464
-491
-522
-579
-659
-752
-861
-995
-1140
-1283
-1421
-1559
-1709
-1868
-2031
-2179
-2304
-2389
-2395
-2288
-2087
-1854
-1643
-1471
-1335
-1203
-1051
-890
-768
-732
-766
-819
-827
-747
-578
-378
-237
-196
-214
-218
-183
-152
-144
-127
-42
111
272
385
458
550
701
899
1087
1195
1196
1096
931
750
620
598
713
944
1214
1399
1408
1269
1101
998
965
940
883
780
663
572
519
494
491
529
613
706
754
735
671
598
538
520
566
683
831
945
952
823
584
291
3
-231
-385
-474
-539
-604
-662
-704
-720
-703
-659
-597
-524
-434
-331
-245
-211
-252
-353
-478
-581
-663
-746
-840
-921
-944
-902
-824
-770
-758
-765
-757
-743
-740
-736
-683
-553
-367
-180
-53
10
38
70
125
207
314
438
550
647
715
748
747
736
751
778
784
728
612
447
263
88
-56
-149
-172
-109
22
184
340
480
596
676
699
663
607
586
630
706
755
740
673
602
567
566
554
478
340
178
26
-113
-247
-356
-410
-407
-402
-447
-549
-674
-796
-908
-1007
-1091
-1151
-1185
-1199
-1201
-1174
-1098
-993
-885
-773
-616
-413
-205
-37
81
151
171
131
41
-69
-163
-230
-273
-300
-324
-370
-464
-581
-660
-647
-550
-408
-259
-132
-59
-46
-47
-4
93
193
255
300
372
456
496
448
330
211
152
147
150
119
55
-21
-82
-106
-93
-57
-17
15
22
-11
-69
-115
-122
-98
-65
-32
20
132
327
568
766
855
851
828
843
884
927
976
1037
1078
1047
927
737
504
252
18
-160
-258
-282
-240
-162
-103
-98
-122
-108
-13
157
352
519
628
695
742
764
734
648
535
424
320
205
91
-6
-86
-172
-298
-476
-661
-760
-731
-629
-556
-544
-551
-534
-491
-452
-438
-449
-481
-524
-577
-631
-660
-647
-610
-591
-580
-520
-380
-222
-154
-223
-386
-549
-637
-630
-565
-507
-459
-368
-194
18
186
290
383
521
678
787
802
753
695
653
618
567
493
419
383
409
480
543
562
536
478
396
293
171
43
-61
-88
-24
76
149
167
141
89
31
-20
-72
-147
-251
-359
-443
-467
-406
-277
-126
7
119
197
191
73
-129
-350
-540
-674
-744
-777
-809
-851
-892
-934
-982
-1023
-1026
-968
-862
-741
-650
-588
-536
-482
-441
-422
-413
-393
-356
-311
-266
-236
-213
-165
-72
47
156
235
300
363
434
518
606
679
726
750
750
711
641
573
569
665
840
1028
1165
1238
1257
1253
1255
1290
1337
1340
1255
1080
837
555
297
133
88
115
142
127
73
-14
-119
-207
-235
-186
-80
42
136
168
137
84
51
43
31
-2
-65
-159
-277
-396
-498
-585
-662
-713
-712
-667
-596
-532
-510
-559
-674
-786
-840
-834
-801
-768
-728
-659
-545
-393
-241
-133
-88
-97
-126
-138
-125
-112
-134
-170
-169
-98
17
111
148
156
176
219
264
302
344
395
454
509
543
560
576
604
624
623
600
567
529
473
394
299
217
181
186
177
104
-29
-154
-227
-253
-275
-327
-391
-427
-393
-308
-219
-175
-156
-129
-94
-97
-157
-226
-242
-205
-166
-174
-231
-324
-435
-537
-605
-612
-568
-489
-417
-392
-439
-541
-639
-703
-736
-757
-770
-759
-708
-609
-475
-341
-239
-177
-138
-113
-93
-46
59
206
344
447
528
590
620
602
551
480
402
345
345
416
525
621
680
715
749
777
786
767
751
779
860
957
1012
1014
986
973
992
1024
1042
1008
911
770
621
517
464
413
303
138
-30
-178
-333
-511
-678
-796
-860
-897
-924
-939
-928
-890
-825
-745
-656
-570
-508
-462
-417
-366
-331
-334
-362
-379
-354
-298
-241
-199
-167
-138
-109
-100
-125
-202
-310
-418
-499
-558
-596
-599
-535
-404
-236
-78
29
77
86
117
192
292
377
441
508
589
641
610
482
303
140
27
-40
-67
-41
50
178
298
376
403
410
433
480
508
475
392
322
299
293
247
135
-10
-136
-219
-279
-352
-439
-509
-526
-498
-462
-466
-504
-538
-519
-453
-394
-398
-466
-544
-565
-500
-393
-298
-235
-173
-97
-30
-2
-10
-41
-88
-135
-168
-171
-129
-41
68
144
155
81
-67
-239
-362
-396
-371
-337
-294
-219
-92
79
270
422
498
506
500
507
500
461
402
374
388
402
365
273
169
108
115
176
242
276
287
291
294
285
293
369
506
640
687
626
507
401
360
388
458
530
558
519
442
375
354
375
403
374
254
58
-167
-389
-587
-732
-819
-872
-920
-940
-884
-738
-531
-313
-126
2
58
56
24
-6
-30
-70
-133
-204
-240
-217
-149
-75
-40
-68
-146
-248
-333
-372
-354
-295
-239
-215
-200
-139
-29
77
132
148
131
74
-25
-124
-175
-160
-100
-27
24
36
26
39
100
189
265
324
397
486
517
418
241
119
133
229
320
346
305
229
167
142
144
149
135
89
14
-35
-8
104
249
362
399
354
249
84
-155
-460
-772
-1022
-1161
-1165
-1043
-852
-675
-563
-504
-447
-353
-233
-156
-166
-245
-295
-247
-119
27
136
192
192
142
78
43
59
96
119
115
79
23
-20
-12
40
89
103
93
86
79
56
6
-64
-140
-209
-262
-285
-268
-217
-135
-20
103
190
202
154
75
-27
-150
-253
-283
-237
-150
-64
24
126
245
350
416
437
420
381
358
395
499
631
741
805
827
827
838
861
859
782
639
487
378
306
242
171
103
43
-5
-49
-89
-119
-137
-153
-177
-210
-235
-240
-227
-192
-139
-100
-107
-161
-216
-244
-246
-224
-180
-112
-50
-18
-26
-53
-72
-56
-17
0
-43
-124
-183
-207
-240
-320
-434
-528
-567
-545
-480
-405
-334
-263
-191
-136
-116
-132
-157
-153
-87
28
144
224
270
311
352
369
330
241
147
84
40
-19
-109
-200
-246
-216
-136
-68
-42
-48
-56
-62
-77
-100
-112
-96
-57
-38
-63
-115
-133
-88
1
76
105
96
87
97
111
103
62
1
-53
-70
-62
-58
-89
-148
-210
-253
-264
-248
-227
-218
-208
-190
-181
-192
-193
-159
-94
-26
43
108
146
140
105
79
96
157
220
235
192
131
85
63
60
84
123
147
138
97
41
-16
-54
-59
-25
41
110
154
147
88
6
-61
-90
-105
-117
-127
-119
-89
-40
24
93
152
186
193
193
200
210
197
159
108
57
13
-17
-33
-47
-71
-105
-136
-161
-175
-183
-192
-202
-199
-176
-150
-119
-71
0
81
156
228
304
371
408
424
451
513
576
586
529
447
397
386
394
395
395
382
338
260
164
58
-62
-178
-256
-293
-294
-257
-164
-57
-4
-37
-124
-212
-299
-389
-467
-509
-522
-535
-563
-599
-642
-686
-718
-707
-646
-547
-451
-401
-402
-421
-430
-429
-430
-423
-382
-289
-150
21
182
296
362
433
532
622
647
602
538
494
486
501
527
543
528
465
357
231
139
119
154
200
213
181
121
78
74
95
106
117
176
291
404
444
395
291
211
203
251
285
263
213
202
257
343
397
389
339
274
211
143
57
-44
-143
-209
-240
-256
-274
-282
-275
-272
-297
-347
-392
-424
-444
-464
-478
-484
-490
-508
-535
-552
-552
-548
-565
-622
-707
-789
-837
-839
-805
-745
-660
-574
-497
-442
-383
-302
-200
-96
-12
49
92
134
178
228
279
331
367
369
319
216
91
-4
-23
25
105
180
247
297
323
317
292
272
274
305
354
386
368
294
213
194
259
379
463
432
261
29
-129
-161
-116
-79
-75
-87
-69
14
171
365
535
639
652
579
471
382
322
252
136
-11
-140
-216
-237
-240
-260
-324
-420
-498
-529
-515
-480
-441
-408
-382
-334
-197
35
281
432
472
467
488
547
612
631
562
406
218
78
39
99
209
322
399
443
456
433
372
275
165
60
-31
-94
-121
-93
-20
79
164
219
247
249
218
160
95
42
19
35
79
114
85
-38
-224
-401
-507
-549
-547
-518
-482
-459
-460
-470
-462
-414
-322
-222
-173
-211
-302
-384
-410
-400
-413
-488
-600
-690
-712
-653
-551
-455
-390
-351
-326
-313
-311
-288
-239
-195
-202
-276
-394
-524
-633
-690
-682
-612
-497
-357
-209
-72
36
103
125
118
107
99
101
116
156
228
332
456
569
626
613
535
424
315
249
233
239
234
208
181
169
198
268
349
403
420
414
404
397
395
407
431
459
486
513
532
