-178
-93
-10
47
83
104
114
117
122
146
201
273
315
299
251
237
293
377
418
391
340
305
280
222
133
64
55
84
92
75
61
57
39
4
-25
-25
-7
1
-10
-32
-49
-51
-53
-92
-177
-263
-289
-244
-166
-112
-101
-132
-181
-215
-195
-112
-24
7
-22
-36
29
161
267
268
184
123
164
283
383
405
368
339
345
356
320
236
152
96
74
68
78
100
134
167
179
176
187
228
274
288
265
225
178
139
128
138
152
162
166
162
153
137
117
88
56
26
-11
-67
-138
-208
-271
-326
-356
-341
-275
-190
-133
-154
-243
-347
-409
-400
-338
-240
-160
-136
-182
-258
-308
-318
-303
-288
-276
-252
-217
-181
-163
-150
-118
-64
-13
29
72
109
97
38
-1
33
120
202
241
233
194
159
166
213
255
251
208
154
146
194
273
302
247
141
56
30
33
30
2
-35
-69
-71
-19
66
137
167
177
168
122
40
-27
-52
-63
-103
-174
-243
-288
-325
-380
-451
-520
-563
-565
-528
-494
-490
-490
-457
-415
-418
-442
-384
-221
-49
24
-11
-98
-187
-238
-237
-192
-147
-122
-113
-88
-10
112
226
273
261
232
223
221
218
202
192
203
251
333
404
422
363
271
206
211
262
313
345
381
430
483
525
554
562
536
482
414
368
355
371
380
340
236
103
0
-32
1
30
-12
-145
-292
-360
-296
-143
-5
31
-37
-125
-167
-161
-144
-138
-127
-90
-40
-37
-130
-296
-444
-515
-492
-397
-261
-134
-64
-45
-35
-3
43
69
68
38
-30
-142
-264
-338
-341
-309
-268
-220
-165
-123
-116
-132
-147
-129
-70
-1
44
66
99
161
226
266
276
258
218
150
70
9
-12
1
29
58
75
72
71
110
204
303
334
277
166
67
20
30
58
74
68
46
11
-27
-62
-89
-94
-62
8
75
100
58
-36
-124
-132
-52
44
70
9
-69
-96
-61
-14
5
-17
-77
-147
-181
-159
-119
-127
-190
-253
-261
-209
-147
-107
-108
-126
-138
-134
-125
-128
-137
-127
-70
30
135
197
198
156
111
86
88
99
104
110
130
162
158
100
21
-7
39
100
123
111
101
105
110
126
142
118
21
-104
-163
-143
-115
-159
-267
-379
-425
-376
-255
-127
-46
-15
-7
-23
-66
-102
-74
22
106
109
53
4
-36
-102
-199
-280
-304
-275
-224
-193
-177
-122
-2
132
197
177
133
113
124
154
203
248
251
190
81
-10
-32
27
112
160
142
120
159
262
356
351
233
61
-53
-40
67
182
245
261
253
247
257
275
256
179
78
24
66
156
213
184
100
16
-38
-65
-80
-80
-50
4
44
41
14
-1
-13
-49
-92
-69
67
269
426
450
354
209
98
61
82
104
66
-31
-136
-192
-201
-203
-236
-281
-305
-281
-235
-205
-211
-248
-285
-277
-212
-128
-97
-141
-224
-298
-345
-347
-283
-181
-108
-97
-100
-75
-16
36
48
6
-66
-117
-140
-177
-256
-334
-365
-365
-380
-412
-428
-414
-394
-401
-437
-477
-481
-434
-360
-280
-215
-166
-132
-92
-16
94
208
302
378
448
495
491
436
369
330
330
343
352
343
304
231
137
53
-18
-60
-48
18
91
95
16
-96
-172
-178
-148
-113
-99
-90
-69
-21
56
149
237
298
332
340
316
262
194
157
185
282
403
481
489
452
427
433
445
427
356
255
177
169
215
253
242
206
175
165
167
167
158
133
115
112
113
96
64
33
11
0
-8
-23
-55
-88
-98
-65
13
122
213
249
231
192
146
98
55
6
-87
-247
-416
-496
-468
-390
-344
-355
-402
-450
-463
-431
-387
-370
-382
-386
-369
-348
-339
-348
-375
-418
-443
-408
-312
-189
-81
-8
37
58
82
119
158
170
120
23
-84
-133
-109
-66
-78
-146
-173
-112
2
75
59
-16
-102
-152
-150
-108
-54
-32
-54
-104
-154
-182
-181
-144
-73
16
106
191
263
310
343
372
410
440
425
334
179
14
-107
-166
-174
-141
-89
-69
-107
-181
-230
-223
-182
-148
-132
-112
-77
-49
-47
-37
10
88
136
118
44
-39
-79
-58
-3
40
49
25
-7
-17
18
87
152
185
174
129
90
101
150
167
100
-12
-99
-113
-88
-79
-111
-158
-160
-107
-40
-33
-112
-238
-340
-367
-321
-228
-118
-19
60
116
149
160
172
211
255
258
208
147
116
116
158
246
349
398
359
280
238
270
349
417
436
404
361
358
411
479
509
478
407
341
306
289
251
192
155
171
212
240
255
272
277
243
185
142
128
115
69
-20
-144
-266
-354
-394
-406
-397
-355
-269
-169
-101
-79
-82
-104
-159
-256
-367
-437
-440
-395
-372
-424
-545
-657
-676
-575
-418
-299
-264
-296
-351
-391
-403
-396
-384
-360
-284
-162
-62
-50
-116
-207
-284
-333
-322
-250
-201
-255
-370
-407
-284
-72
104
176
178
185
232
310
379
399
368
324
300
297
297
276
216
113
17
-33
-49
-74
-105
-105
-76
-61
-101
-186
-289
-368
-387
-313
-175
-57
-28
-60
-64
12
141
250
297
272
202
121
69
58
79
105
135
181
230
239
178
80
9
5
52
115
166
184
176
159
150
137
117
110
144
229
332
416
452
414
297
140
26
18
94
173
189
165
150
182
259
361
452
472
412
326
289
318
357
359
328
301
299
304
296
261
219
173
125
73
10
-69
-162
-255
-317
-335
-302
-217
-96
33
111
94
-9
-137
-226
-264
-266
-269
-300
-341
-342
-291
-236
-235
-301
-409
-518
-585
-581
-515
-429
-359
-333
-346
-354
-292
-134
59
199
232
170
73
25
67
173
256
240
123
-45
-188
-258
-254
-237
-247
-286
-309
-285
-233
-202
-216
-237
-217
-158
-100
-60
-39
-48
-97
-138
-107
1
114
164
131
38
-53
-73
-4
106
170
167
133
104
75
25
-48
-118
-152
-152
-160
-205
-239
-198
-98
-21
-21
-77
-145
-196
-230
-269
-328
-395
-419
-381
-306
-239
-200
-184
-165
-111
1
144
254
291
271
234
212
215
235
238
186
100
59
117
236
314
277
142
-10
-110
-133
-84
14
118
185
183
125
65
74
168
278
332
332
335
380
453
523
583
642
692
689
620
529
476
486
535
584
594
542
425
278
145
62
22
-15
-51
-36
65
205
282
256
182
146
177
239
250
156
-7
-143
-179
-134
-69
-27
-33
-82
-147
-168
-119
-38
15
27
36
75
142
185
166
64
-79
-203
-269
-289
-303
-309
-286
-233
-201
-220
-269
-291
-282
-284
-337
-434
-512
-526
-472
-400
-359
-360
-386
-404
-417
-422
-422
-430
-458
-492
-489
-435
-349
-279
-265
-329
-441
-508
-457
-305
-161
-110
-155
-207
-181
-63
51
62
-35
-164
-229
-219
-166
-148
-200
-295
-351
-296
-147
6
95
105
65
2
-42
-25
42
104
112
82
35
-9
-38
-33
21
112
224
317
356
329
263
197
139
67
-15
-71
-62
2
61
65
19
-20
-10
42
97
159
248
355
425
415
365
341
379
456
528
555
525
470
441
448
449
420
388
389
425
481
543
594
607
567
500
442
407
393
388
378
337
267
208
192
208
211
201
185
191
208
226
236
245
257
255
225
164
98
31
-44
-131
-205
-242
-269
-327
-428
-522
-564
-527
-424
-303
-235
-285
-430
-589
-655
-588
-436
-292
-232
-266
-339
-365
-327
-269
-257
-279
-300
-307
-303
-285
-256
-249
-261
-258
-210
-141
-101
-106
-136
-158
-167
-177
-208
-249
-262
-222
-138
-43
39
99
132
132
83
-13
-110
-144
-95
-2
76
105
71
-13
-117
-208
-253
-225
-117
5
47
-8
-78
-91
-68
-73
-110
-142
-133
-86
-29
-16
-70
-152
-194
-178
-132
-83
-38
-16
-31
-64
-119
-216
-361
-505
-578
-554
-460
-341
-228
-116
-14
54
67
45
41
79
155
241
316
368
408
446
482
498
487
455
412
382
385
414
424
385
319
293
370
526
671
728
696
618
510
384
279
238
247
253
230
205
216
252
300
341
379
402
402
390
398
431
447
403
293
138
-30
-192
-333
-445
-514
-532
-516
-480
-435
-376
-329
-329
-379
-436
-459
-447
-410
-361
-319
-312
-329
-314
-235
-117
-7
72
131
164
163
140
139
176
229
254
233
178
114
46
-27
-102
-155
-165
-144
-103
-47
20
81
106
73
-25
-140
-191
-131
11
139
192
168
127
117
121
115
89
91
140
208
223
131
-53
-271
-448
-529
-521
-497
-527
-608
-660
-639
-564
-476
-386
-298
-223
-192
-203
-233
-264
-294
-309
-275
-190
-116
-109
-143
-150
-111
-72
-61
-68
-67
-65
-68
-71
-80
-91
-74
-3
95
163
188
212
276
384
513
627
698
720
721
724
699
628
531
468
454
457
427
352
244
141
86
80
85
52
-16
-93
-161
-218
-266
-309
-358
-405
-444
-462
-471
-483
-515
-565
-598
-575
-503
-430
-393
-406
-450
-491
-489
-426
-341
-279
-267
-273
-238
-140
-1
123
217
305
423
576
715
794
797
781
791
844
904
928
918
894
886
888
891
895
891
879
841
783
720
686
683
670
603
501
426
416
440
424
309
110
-91
-225
-293
-360
-480
-656
-846
-1025
-1168
-1300
-1423
-1523
-1567
-1554
-1506
-1449
-1414
-1418
-1455
-1473
-1419
-1289
-1138
-1019
-941
-867
-766
-670
-625
-615
-563
-415
-194
36
220
341
406
453
532
666
835
987
1105
1212
1351
1508
1646
1733
1770
1786
1812
1871
1930
1945
1880
1752
1603
1457
1304
1118
888
633
397
198
35
-106
-244
-410
-629
-894
-1164
-1405
-1625
-1840
-2045
-2196
-2262
-2255
-2211
-2149
-2051
-1901
-1716
-1527
-1365
-1237
-1149
-1092
-1051
-1010
-971
-952
-959
-949
-854
-665
-444
-288
-204
-144
-46
105
294
492
678
882
1127
1399
1650
1861
2044
2216
2378
2504
2559
2548
2529
2566
2667
2808
2962
3084
3095
2946
2672
2336
1965
1558
1146
777
449
125
-208
-531
-837
-1135
-1412
-1664
-1900
-2141
-2386
-2624
-2849
-3033
-3099
-2999
-2774
-2529
-2315
-2123
-1941
-1783
-1679
-1648
-1692
-1781
-1846
-1829
-1715
-1530
-1319
-1106
-896
-674
-432
-170
81
266
355
362
344
360
445
592
754
912
1078
1262
1422
1522
1590
1693
1850
2002
2092
2143
2213
2339
2507
2690
2845
2951
2991
2963
2860
2680
2434
2125
1771
1413
1089
772
413
16
-358
-686
-997
-1328
-1659
-1959
-2224
-2481
-2748
-2995
-3174
-3233
-3162
-2978
-2727
-2454
-2195
-1965
-1759
-1580
-1435
-1333
-1252
-1173
-1104
-1061
-1062
-1083
-1086
-1022
-874
-672
-478
-325
-195
-80
-6
24
42
94
155
194
240
356
565
806
1007
1148
1252
1361
1493
1646
1797
1925
2039
2169
2344
2546
2745
2924
3088
3212
3237
3132
2909
2618
2314
2047
1833
1620
1343
967
536
100
-301
-670
-1030
-1393
-1749
-2086
-2386
-2622
-2759
-2802
-2807
-2812
-2789
-2683
-2489
-2255
-2015
-1762
-1490
-1248
-1119
-1138
-1264
-1406
-1499
-1534
-1538
-1544
-1547
-1515
-1398
-1210
-1021
-919
-916
-954
-960
-898
-781
-622
-420
-145
185
509
784
1019
1232
1423
1617
1852
2121
2366
2563
2749
2963
3185
3379
3537
3640
3635
3464
3143
2770
2447
2207
1997
1762
1471
1115
716
334
46
-145
-329
-612
-1013
-1449
-1831
-2125
-2357
-2541
-2670
-2718
-2662
-2507
-2303
-2128
-2023
-1957
-1857
-1696
-1522
-1409
-1387
-1438
-1527
-1623
-1680
-1652
-1542
-1400
-1270
-1137
-968
-763
-530
-293
-84
64
154
223
293
367
457
593
801
1060
1306
1470
1566
1660
1797
1956
2092
2226
2411
2677
2990
3284
3484
3537
3436
3234
2997
2756
2497
2176
1783
1342
919
545
206
-120
-461
-839
-1268
-1728
-2179
-2603
-2978
-3261
-3403
-3424
-3358
-3222
-3044
-2886
-2785
-2683
-2512
-2281
-2073
-1919
-1788
-1640
-1482
-1361
-1311
-1326
-1330
-1245
-1052
-820
-620
-470
-352
-264
-224
-232
-264
-301
-316
-302
-239
-130
17
183
386
660
995
1325
1581
1770
1944
2145
2386
2672
2991
3282
3505
3651
3739
3767
3735
3626
3418
3092
2678
2233
1804
1411
1036
667
299
-45
-351
-632
-934
-1292
-1695
-2093
-2417
-2609
-2657
-2614
-2541
-2464
-2372
-2262
-2138
-2020
-1938
-1909
-1908
-1878
-1815
-1746
-1690
-1621
-1524
-1415
-1280
-1082
-809
-508
-255
-86
-4
25
26
-9
-99
-219
-314
-337
-270
-125
78
326
611
918
1206
1444
1634
1795
1950
2122
2333
2577
2837
3064
3218
3283
3292
3276
3219
3067
2794
2433
2039
1671
1357
1071
744
354
-48
-407
-762
-1167
-1608
-2019
-2355
-2607
-2775
-2878
-2926
-2927
-2886
-2830
-2755
-2622
-2416
-2184
-1976
-1794
-1622
-1469
-1351
-1257
-1182
-1113
-1033
-909
-736
-535
-347
-200
-102
-48
-33
-59
-124
-208
-302
-380
-417
-363
-215
-6
244
531
848
1139
1379
1590
1820
2088
2373
2634
2839
2985
3082
3121
3080
2956
2780
2570
2314
1998
1633
1253
896
591
334
94
-165
-458
-801
-1196
-1642
-2095
-2481
-2738
-2855
-2898
-2919
-2907
-2822
-2688
-2542
-2373
-2137
-1846
-1576
-1370
-1196
-1002
-781
-576
-423
-312
-202
-61
106
273
401
469
479
450
390
308
200
63
-102
-273
-400
-397
-224
85
445
774
1073
1386
1747
2120
2428
2617
2718
2785
2844
2873
2847
2757
2616
2448
2262
2023
1677
1238
796
436
149
-111
-357
-580
-803
-1068
-1384
-1726
-2076
-2402
-2671
-2847
-2901
-2837
-2695
-2535
-2375
-2164
-1853
-1471
-1115
-842
-618
-379
-136
32
71
4
-110
-219
-292
-331
-358
-381
-364
-277
-132
-3
32
-66
-238
-386
-452
-444
-393
-274
-40
320
767
1244
1717
2164
2550
2844
3008
3050
3018
2959
2896
2828
2776
2728
2616
2365
1961
1472
974
505
75
-301
-567
-715
-798
-934
-1189
-1541
-1935
-2318
-2652
-2889
-3019
-3060
-3039
-2953
-2774
-2492
-2132
-1747
-1399
-1124
-922
-740
-578
-484
-499
-582
-659
-682
-644
-575
-494
-429
-379
-338
-291
-229
-160
-117
-135
-204
-259
-246
-141
49
336
732
1210
1714
2182
2577
2899
3173
3395
3520
3517
3423
3304
3172
2990
2719
2364
1961
1516
1003
433
-113
-557
-890
-1168
-1431
-1672
-1858
-1999
-2143
-2344
-2600
-2860
-3051
-3134
-3091
-2925
-2636
-2236
-1756
-1263
-839
-519
-272
-67
67
85
-9
-180
-394
-598
-719
-715
-624
-519
-458
-445
-448
-433
-391
-371
-392
-432
-430
-338
-118
256
768
1373
2020
2657
3215
3637
3918
4086
4162
4168
4090
3892
3563
3158
2764
2393
1996
1493
875
181
-498
-1095
-1600
-2018
-2366
-2637
-2856
-3034
-3190
-3342
-3492
-3597
-3591
-3458
-3201
-2822
-2335
-1788
-1235
-687
-172
251
545
722
788
719
512
204
-152
-506
-805
-1020
-1166
-1269
-1319
-1312
-1259
-1152
-969
-729
-516
-373
-242
-22
349
906
1649
2522
3409
4181
4771
5181
5447
5583
5558
5344
4937
4353
3617
2789
1932
1084
251
-563
-1338
-2083
-2804
-3462
-3988
-4339
-4533
-4617
-4659
-4695
-4687
-4552
-4267
-3861
-3352
-2719
-1943
-1034
-21
990
1856
2434
2667
2544
2096
1413
609
-246
-1099
-1875
-2494
-2963
-3336
-3625
-3800
-3852
-3816
-3705
-3500
-3156
-2635
-1910
-1000
52
1207
2441
3727
4987
6108
6969
7531
7848
8016
8070
7939
7480
6593
5333
3861
2317
738
-856
-2419
-3869
-5102
-5998
-6502
-6666
-6538
-6112
-5439
-4677
-3974
-3369
-2815
-2239
-1545
-673
362
1501
2703
3883
4883
5535
5751
5518
4830
3713
2240
545
-1194
-2787
-4103
-5109
-5804
-6164
-6179
-5904
-5450
-4925
-4376
-3781
-3082
-2260
-1304
-188
1149
2699
4377
6050
7556
8747
9549
9993
10101
9838
9144
7968
6296
4217
1930
-376
-2609
-4704
-6551
-8020
-9016
-9490
-9461
-8997
-8168
-7018
-5628
-4167
-2794
-1554
-399
735
1886
3082
4304
5500
6592
7463
7945
7882
7197
5903
4064
1779
-794
-3430
-5855
-7803
-9123
-9787
-9834
-9312
-8316
-7018
-5605
-4203
-2856
-1545
-215
1157
2547
3953
5422
6976
8528
9880
10822
11233
11108
10497
9436
7901
5862
3357
563
-2284
-4993
-7450
-9546
-11120
-12023
-12188
-11674
-10624
-9173
-7398
-5351
-3170
-1056
830
2435
3818
5065
6222
7256
8107
8748
9153
9201
8695
7492
5604
3186
439
-2458
-5334
-7963
-10073
-11420
-11929
-11665
-10735
-9221
-7250
-5046
-2859
-833
1032
2793
4485
6082
7557
8914
10176
11290
12099
12399
12084
11186
9824
8076
5950
3422
523
-2552
-5498
-8046
-10113
-11701
-12764
-13177
-12875
-11873
-10250
-8128
-5685
-3100
-526
1878
3953
5619
6907
7879
8578
9040
9305
9312
8945
8101
6740
4834
2411
-397
-3369
-6266
-8857
-10894
-12152
-12478
-11868
-10458
-8492
-6196
-3762
-1356
856
2790
4451
5905
7216
8405
9468
10387
11156
11687
11793
11287
10172
8616
6797
4803
2612
142
-2605
-5376
-7830
-9810
-11383
-12514
-13008
-12698
-11623
-9964
-7922
-5621
-3098
-460
1990
3879
5078
5732
6084
6285
6399
6452
6469
6447
6275
5680
4376
2298
-360
-3315
-6315
-9077
-11261
-12527
-12664
-11664
-9731
-7174
-4276
-1294
1454
3645
5121
5998
6536
6981
7464
8014
8626
9309
10049
10648
10754
10093
8694
6831
4806
2766
662
-1619
-4001
-6187
-7914
-9203
-10201
-10913
-11142
-10703
-9559
-7847
-5802
-3615
-1348
929
2967
4438
5226
5499
5487
5304
4998
4639
4313
4031
3663
2943
1630
-313
-2719
-5332
-7880
-10032
-11440
-11827
-11092
-9336
-6830
-3934
-980
1731
3915
5390
6196
6569
6776
7006
7353
7824
8365
8933
9442
9656
9242
8080
6406
4638
3035
1542
-94
-1998
-3941
-5567
-6753
-7698
-8549
-9212
-9423
-8963
-7804
-6148
-4234
-2136
107
2236
3835
4691
4919
4795
4528
4226
3905
3585
3308
3038
2532
1486
-187
-2323
-4704
-7134
-9293
-10771
-11250
-10640
-9016
-6610
-3794
-968
1568
3604
4975
5665
5840
5764
5674
5772
6179
6848
7624
8367
8900
8923
8183
6766
5056
3432
1981
510
-1201
-3087
-4795
-6043
-6922
-7706
-8470
-8978
-8876
-7980
-6422
-4518
-2477
-331
1784
3495
4480
4755
4605
4286
3936
3608
3352
3186
3013
2573
1559
-126
-2324
-4778
-7262
-9490
-11053
-11562
-10855
-9070
-6515
-3534
-463
2339
4512
5848
6416
6517
6443
6333
6265
6350
6671
7152
7597
7762
7427
6509
5156
3701
2418
1375
383
-790
-2170
-3550
-4778
-5926
-7054
-8049
-8675
-8698
-7933
-6403
-4338
-1983
493
2772
4413
5182
5216
4797
4151
3461
2869
2448
2193
1996
1569
595
-1018
-3108
-5454
-7847
-9952
-11306
-11531
-10522
-8436
-5609
-2446
671
3429
5533
6789
7265
7266
7116
6988
6956
7063
7295
7540
7620
7362
6630
5392
3817
2284
1147
486
11
-655
-1654
-2813
-3928
-5026
-6263
-7582
-8582
-8791
-8005
-6368
-4166
-1644
1002
3469
5273
6024
5747
4873
3841
2862
2011
1383
1061
935
663
-153
-1673
-3736
-6038
-8325
-10341
-11690
-11929
-10846
-8602
-5610
-2329
869
3691
5892
7277
7823
7772
7472
7142
6857
6694
6723
6878
6931
6615
5751
4383
2849
1639
1040
915
857
496
-249
-1243
-2343
-3601
-5105
-6687
-7846
-8080
-7244
-5571
-3402
-973
1527
3785
5340
5863
5421
4455
3431
2589
1962
1531
1249
945
293
-1015
-3030
-5489
-7985
-10162
-11711
-12286
-11604
-9642
-6749
-3472
-299
2465
4634
6069
6732
6794
6598
6465
6530
6746
7007
7216
7225
6843
5898
4358
2403
465
-848
-1121
-464
504
1134
1118
491
-591
-2046
-3832
-5744
-7249
-7722
-6901
-5064
-2711
-217
2198
4248
5546
5821
5186
4109
3087
2353
1900
1674
1605
1479
905
-447
-2600
-5248
-7988
-10451
-12260
-12970
-12252
-10108
-6963
-3446
-89
2803
5037
6403
6829
6544
6014
5633
5538
5687
5986
6325
6506
6243
5304
3718
1819
136
-855
-971
-433
295
786
770
148
-1047
-2655
-4498
-6310
-7643
-7998
-7153
-5274
-2732
79
2742
4826
6010
6182
5572
4637
3807
3259
2982
2901
2873
2601
1707
-35
-2546
-5473
-8371
-10801
-12369
-12707
-11616
-9221
-5982
-2464
860
3674
5754
6950
7274
6990
6556
6314
6320
6430
6523
6505
6210
5457
4139
2348
407
-1110
-1681
-1218
-154
902
1502
1432
651
-760
-2636
-4718
-6569
-7676
-7709
-6689
-4873
-2580
-112
2184
3913
4762
4719
4126
3438
2939
2676
2610
2703
2810
2576
1585
-335
-2979
-5934
-8782
-11137
-12578
-12699
-11316
-8670
-5349
-1985
1018
3461
5193
6085
6208
5953
5810
6008
6414
6756
6885
6723
6139
4988
3248
1170
-768
-1970
-2054
-1072
473
1899
2675
2571
1636
-14
-2205
-4644
-6798
-8044
-7962
-6571
-4288
-1654
942
3177
4664
5083
4510
3477
2580
2118
2069
2327
2780
3202
3168
2225
178
-2726
-5949
-8933
-11267
-12588
-12505
-10824
-7838
-4255
-790
2104
4210
5424
5759
5419
4833
4496
4628
5062
5485
5744
5778
5415
4478
2998
1265
-320
-1294
-1283
-259
1350
2898
3861
3937
3033
1254
-1152
-3849
-6339
-7953
-8167
-6996
-4922
-2476
-27
2087
3487
3956
3631
2986
2545
2571
2970
3512
4039
4389
4220
3114
936
-2041
-5315
-8393
-10819
-12159
-12079
-10506
-7755
-4453
-1280
1309
3113
4072
4226
3837
3346
3148
3380
3915
4514
4977
5146
4840
3953
2604
1130
-125
-871
-778
362
2288
4191
5241
5070
3763
1629
-1025
-3913
-6639
-8569
-9060
-8023
-6050
-3824
-1633
427
2040
2837
2835
2530
2500
2992
3824
4678
5406
5944
5973
4952
2611
-708
-4320
-7620
-10184
-11635
-11624
-10037
-7209
-3877
-846
1423
2829
3412
3300
2814
2391
2342
2712
3365
4088
4665
4899
4570
3535
1998
510
-446
-776
-488
576
2418
4460
5753
5642
4089
1546
-1442
-4481
-7266
-9320
-10022
-9135
-7128
-4795
-2622
-717
796
1674
1860
1710
1769
2379
3462
4693
5823
6713
7081
6405
4330
1084
-2654
-6195
-9066
-10874
-11254
-10046
-7516
-4351
-1301
1164
2867
3718
3683
3032
2328
2072
2370
3017
3763
4445
4894
4861
4127
2773
1329
444
392
955
1893
3233
4873
6183
6302
4881
2244
-973
-4219
-7130
-9427
-10763
-10729
-9281
-6965
-4539
-2420
-712
484
1063
1189
1290
1791
2833
4249
5722
6938
7605
7341
5803
2984
-620
-4306
-7499
-9810
-10890
-10511
-8759
-6115
-3221
-619
1380
2661
3175
3013
2527
2246
2477
3098
3785
4327
4619
4548
4022
3087
2036
1320
1329
2088
3307
4661
6015
7178
7688
6967
4796
1513
-2221
-5737
-8550
-10361
-11040
-10546
-9027
-6894
-4724
-2953
-1697
-853
-267
235
863
1812
3161
4784
6363
7466
7661
6666
4502
1493
-1880
-5123
-7767
-9417
-9843
-9063
-7330
-5086
-2825
-918
451
1245
1518
1476
1452
1739
2399
3260
4098
4710
4922
4584
3736
2664
1774
1390
1692
2711
4293
6047
7454
8149
8003
6972
4942
1914
-1760
-5387
-8252
-9963
-10556
-10268
-9237
-7581
-5648
-3947
-2746
-1912
-1149
-297
616
1521
2462
3584
4841
5826
6015
5224
3668
1621
-775
-3347
-5702
-7356
-8025
-7768
-6844
-5524
-3986
-2400
-987
39
648
1039
1421
1821
2148
2420
2765
3212
3538
3515
3165
2783
2636
2788
3180
3851
4925
6346
7671
8312
8072
7201
5907
3994
1279
-1941
-4965
-7225
-8568
-9182
-9246
-8698
-7429
-5707
-4111
-2947
-2005
-975
108
1011
1682
2311
3074
3864
4356
4330
3866
3145
2153
742
-1023
-2789
-4204
-5159
-5704
-5864
-5571
-4752
-3524
-2211
-1088
-143
741
1481
1845
1793
1606
1597
1831
2140
2389
2636
3007
3494
3958
4340
4707
5150
5677
6195
6514
6402
5865
5090
4096
2549
228
-2561
-5218
-7315
-8732
-9437
-9435
-8740
-7421
-5709
-4003
-2609
-1518
-608
80
446
614
901
1525
2422
3368
4162
4700
4861
4417
3174
1230
-1004
-3080
-4746
-5895
-6405
-6150
-5165
-3745
-2309
-1155
-357
123
303
241
132
283
897
1926
3121
4201
5008
5496
5661
5477
4961
4258
3624
3317
3414
3747
3995
3963
3700
3223
2254
436
-2157
-4956
-7304
-8837
-9520
-9480
-8846
-7639
-5983
-4275
-2988
-2275
-1931
-1687
-1387
-928
-202
898
2406
4168
5792
6841
7054
6395
4948
2870
417
-2069
-4208
-5619
-6071
-5660
-4740
-3686
-2723
-1973
-1489
-1202
-930
-463
338
1481
2825
4189
5455
6498
7128
7169
6599
5525
4148
2792
1845
1530
1833
2580
3500
4213
4420
4125
3463
2367
597
-1783
-4292
-6430
-7957
-8820
-9042
-8754
-8102
-7178
-6139
-5209
-4457
-3704
-2808
-1800
-678
668
2250
3854
5239
6276
6864
6890
6245
4916
3029
896
-1123
-2837
-4241
-5280
-5764
-5586
-4893
-3971
-2996
-1945
-752
499
1614
2515
3347
4283
5292
6131
6562
6493
5976
5095
3932
2639
1487
777
640
1008
1788
2917
4163
5040
5152
4558
3563
2245
364
-2166
-4973
-7422
-9081
-9947
-10240
-10091
-9397
-8118
-6552
-5171
-4114
-3103
-1924
-738
237
1119
2201
3536
4838
5788
6277
6352
5982
4970
3144
657
-1985
-4271
-5978
-7067
-7429
-6922
-5653
-4006
-2363
-869
502
1764
2822
3555
3964
4178
4337
4488
4596
4578
4310
3736
2957
2192
1632
1357
1346
1575
2088
2933
3976
4821
5046
4529
3540
2388
1043
-811
-3252
-5830
-7899
-9145
-9692
-9765
-9435
-8593
-7193
-5479
-3849
-2470
-1195
55
1139
1959
2668
3445
4298
5096
5693
5976
5864
5269
4079
2300
209
-1794
-3529
-5050
-6250
-6691
-6034
-4531
-2819
-1317
-37
1060
1832
2124
2030
1891
2017
2447
3001
3553
4141
4727
5031
4760
3968
3006
2140
1390
755
417
605
1335
2335
3190
3533
3234
2450
1442
239
-1336
-3280
-5194
-6570
-7148
-6981
-6319
-5461
-4590
-3677
-2703
-1819
-1187
-735
-248
374
1093
1838
2522
3050
3439
3797
4114
4162
3753
2969
2014
944
-304
-1676
-2936
-3857
-4418
-4763
-4997
-5009
-4628
-3858
-2902
-1889
-745
596
2002
3181
3953
4312
4335
4019
3331
2363
1388
664
216
-80
-252
-186
160
589
826
801
712
758
888
915
932
1299
2113
2858
2831
1872
407
-1108
-2570
-4016
-5282
-5968
-5758
-4779
-3527
-2407
-1443
-564
76
287
231
322
811
1674
2807
4152
5563
6702
7082
6325
4439
1832
-1020
-3859
-6473
-8407
-9119
-8499
-6992
-5180
-3355
-1618
-134
832
1162
1052
892
959
1252
1613
1965
2307
2570
2535
2017
1036
-182
-1369
-2312
-2834
-2772
-2078
-883
595
2172
3704
5040
6027
6576
6756
6741
6568
5921
4421
2134
-377
-2619
-4518
-6179
-7510
-8220
-8069
-7121
-5746
-4310
-2884
-1374
116
1313
2162
2932
3891
5022
6073
6756
6910
6505
5533
3883
1545
-1178
-3758
-5821
-7237
-7957
-7918
-7191
-6002
-4579
-3112
-1799
-837
-290
-30
170
485
936
1417
1823
2125
2292
2239
1868
1204
440
-146
-369
-209
247
947
1859
2888
3876
4745
5531
6242
6788
7045
6980
6667
6214
5536
4258
2006
-1022
-4092
-6557
-8251
-9226
-9389
-8589
-6843
-4499
-2182
-448
599
1208
1474
1239
575
6
76
869
2070
3292
4298
4951
5048
4264
2422
-161
-2853
-5194
-7088
-8472
-9143
-9011
-8274
-7265
-6218
-5207
-4179
-3067
-1910
-791
359
1707
3210
4501
5210
5237
4715
3818
2692
1477
367
-357
-446
106
1024
2009
2878
3534
3877
3888
3685
3461
3397
3567
3924
4365
4831
5243
5323
4614
2827
172
-2733
-5309
-7244
-8419
-8756
-8257
-7043
-5381
-3655
-2215
-1155
-307
467
1137
1651
2145
2823
3713
4599
5136
5103
4429
3100
1059
-1592
-4413
-6788
-8326
-8954
-8727
-7712
-6092
-4232
-2554
-1317
-463
256
1003
1727
2366
3005
3761
4546
5057
5007
4359
3328
2168
981
-172
-1058
-1329
-861
85
1098
1907
2451
2718
2659
2253
1680
1301
1414
2004
2820
3645
4438
5172
5695
5758
5155
3792
1773
-548
-2706
-4359
-5390
-5823
-5761
-5387
-4891
-4464
-4321
-4609
-5176
-5577
-5446
-4761
-3635
-2071
-23
2367
4691
6453
7310
7236
6391
4865
2704
161
-2271
-4185
-5485
-6265
-6567
-6352
-5640
-4655
-3724
-2946
-2030
-653
1112
2877
4386
5632
6542
6805
6109
4465
2222
-214
-2564
-4602
-6004
-6464
-5945
-4750
-3270
-1741
-233
1161
2331
3250
4067
4969
6056
7264
8398
9209
9496
9178
8227
6726
4852
2761
366
-2457
-5452
-7986
-9570
-10240
-10309
-9975
-9218
-7991
-6430
-4846
-3461
-2187
-816
598
1749
2499
3075
3746
4479
5069
5424
5602
5607
5319
4562
3241
1470
-474
-2351
-4063
-5488
-6379
-6547
-6070
-5227
-4288
-3388
-2549
-1805
-1260
-991
-878
-698
-313
247
864
1365
1575
1474
1182
834
479
194
97
256
609
1045
1466
1823
2152
2492
2831
3142
3501
4077
4978
6121
7237
7980
8116
7626
6610
5145
3292
1177
-1112
-3550
-5971
-7934
-9019
-9191
-8750
-7955
-6879
-5513
-3965
-2515
-1447
-772
-182
544
1255
1703
2007
2524
3357
4251
4962
5470
5771
5714
5019
3501
1301
-1064
-3094
-4671
-5909
-6735
-6922
-6487
-5767
-5115
-4665
-4373
-4120
-3843
-3570
-3290
-2801
-1873
-559
827
1995
2853
3406
3698
3792
3724
3509
3257
3125
3104
2994
2659
2219
1854
1624
1491
1458
1596
2023
2814
3883
4997
5904
6429
6407
5734
4523
3075
1654
371
-820
-2100
-3670
-5445
-7059
-8258
-9093
-9623
-9643
-8900
-7287
-4916
-2103
655
2972
4766
6020
6570
6310
5491
4552
3801
3334
3114
2947
2605
1948
884
-731
-2903
-5288
-7388
-8846
-9468
-9128
-7891
-6070
-4071
-2261
-965
-369
-355
-570
-680
-501
48
970
2170
3434
4452
4891
4574
3610
2324
1050
19
-596
-682
-260
444
1139
1608
1771
1637
1256
761
369
339
809
1766
3047
4463
5786
6733
7014
6496
5363
4023
2835
1901
1151
427
-501
-1879
-3723
-5730
-7508
-8836
-9605
-9672
-8866
-7094
-4469
-1390
1534
3820
5329
6068
5968
5046
3667
2432
1768
1721
2027
2340
2396
2043
1108
-586
-2963
-5502
-7536
-8699
-8994
-8510
-7300
-5524
-3591
-2051
-1289
-1230
-1404
-1398
-1165
-794
-154
938
2337
3533
4106
3992
3404
2581
1664
777
158
121
743
1734
2695
3443
3956
4179
4024
3542
2946
2527
2482
2807
3299
3755
4138
4464
4640
4482
3940
3169
2401
1804
1423
1270
1324
1418
1156
133
-1667
-3783
-5706
-7243
-8370
-8940
-8705
-7588
-5816
-3850
-2187
-1104
-522
-247
-234
-488
-752
-592
206
1441
2666
3456
3595
3085
1959
164
-2239
-4800
-6834
-7936
-8154
-7703
-6716
-5341
-3882
-2701
-2001
-1722
-1603
-1381
-929
-180
965
2537
4326
5917
6956
7291
6930
5973
4632
3236
2129
1549
1512
1889
2497
3156
3659
3825
3577
2964
2115
1197
442
105
331
1030
1934
2756
3329
3575
3449
2947
2216
1564
1241
1255
1419
1542
1467
948
-352
-2541
-5237
-7738
-9511
-10437
-10581
-9927
-8404
-6150
-3598
-1348
132
733
662
227
-342
-776
-716
104
1623
3528
5423
6915
7625
7281
5851
3521
674
-2153
-4415
-5789
-6222
-5849
-4894
-3723
-2747
-2253
-2289
-2697
-3175
-3350
-2925
-1766
91
2442
4853
6749
7682
7554
6556
4959
3048
1165
-360
-1329
-1723
-1625
-1206
-691
-255
15
121
125
180
486
1172
2258
3632
5045
6171
6726
6580
5730
4240
2303
288
-1383
-2426
-2809
-2684
-2270
-1719
-1162
-873
-1286
-2577
-4287
-5615
-6081
-5821
-5163
-4258
-3068
-1652
-317
534
709
457
254
389
784
1268
1865
2708
3751
4649
4956
4409
3081
1271
-722
-2758
-4738
-6397
-7348
-7409
-6806
-5995
-5295
-4728
-4140
-3449
-2783
-2292
-1870
-1164
27
1453
2691
3567
4177
4544
4462
3785
2699
1682
1187
1349
1905
2491
3038
3738
4579
5152
5126
4681
4301
4233
4334
4321
4065
3673
3307
2900
2155
947
-402
-1397
-1851
-1916
-1715
-1171
-237
859
1678
1915
1569
859
-79
-1339
-3107
-5313
-7462
-9001
-9742
-9893
-9650
-8989
-7817
-6194
-4300
-2358
-550
1048
2437
3551
4201
4316
4082
3806
3615
3461
3212
2714
1846
642
-714
-2127
-3618
-5103
-6241
-6682
-6375
-5583
-4567
-3400
-2000
-381
1241
2583
3583
4439
5312
6078
6498
6598
6638
6748
6696
6170
5143
3889
2707
1711
865
113
-474
-781
-794
-687
-628
-624
-569
-434
-277
-136
12
210
484
797
999
902
424
-338
-1206
-2019
-2650
-3050
-3261
-3374
-3457
-3568
-3742
-3924
-3933
-3624
-3115
-2738
-2700
-2784
-2543
-1754
-598
623
1741
2719
3517
4053
4232
3957
3280
2482
1899
1603
1446
1335
1361
1608
2051
2560
2914
2865
2375
1629
772
-267
-1519
-2734
-3545
-3791
-3605
-3219
-2830
-2519
-2268
-2061
-1934
-1849
-1594
-960
21
1101
2040
2714
3053
2988
2484
1612
580
-298
-760
-769
-537
-304
-168
-129
-270
-728
-1503
-2359
-3001
-3259
-3101
-2560
-1710
-659
480
1564
2405
2844
2921
2837
2798
2884
3076
3304
3497
3606
3596
3407
2972
2302
1502
656
-320
-1595
-3159
-4669
-5661
-5933
-5640
-5082
-4415
-3579
-2454
-1086
280
1375
2124
2653
3042
3223
3106
2812
2584
2579
2716
2762
2455
1651
381
-1200
-2920
-4630
-6157
-7288
-7862
-7851
-7339
-6479
-5459
-4431
-3380
-2176
-757
751
2212
3623
5022
6298
7196
7504
7163
6251
4967
3587
2350
1368
650
217
96
243
497
634
493
62
-515
-1032
-1332
-1338
-1007
-307
658
1605
2197
2273
1915
1342
764
270
-122
-370
-345
-2
478
786
768
521
190
-168
-559
-979
-1483
-2210
-3191
-4224
-4973
-5248
-5066
-4538
-3722
-2633
-1297
179
1609
2780
3572
3991
4100
3971
3712
3493
3432
3516
3645
3705
3507
2811
1533
-109
-1786
-3314
-4670
-5798
-6531
-6693
-6262
-5433
-4485
-3591
-2716
-1740
-657
419
1410
2338
3230
4039
4663
4952
4743
3983
2839
1607
493
-451
-1240
-1855
-2254
-2439
-2522
-2691
-3061
-3574
-4007
-4141
-3859
-3165
-2134
-903
360
1498
2396
2968
3163
3038
2831
2810
3057
3420
3705
3851
3899
3831
3561
3028
2301
1552
957
554
187
-389
-1276
-2279
-3032
-3288
-3124
-2797
-2469
-2067
-1424
-502
502
1281
1654
1741
1815
1968
2027
1837
1510
1293
1291
1396
1395
1089
389
-592
-1694
-2856
-4103
-5350
-6351
-6880
-6861
-6399
-5710
-5025
-4410
-3764
-2977
-2128
-1399
-819
-185
733
1929
3109
3914
4218
4209
4187
4230
4190
3931
3517
3086
2631
2030
1205
227
-729
-1452
-1808
-1792
-1521
-1108
-593
24
750
1536
2274
2848
3247
3581
3940
4254
4313
3972
3291
2462
1593
662
-343
-1255
-1784
-1760
-1325
-916
-990
-1687
-2720
-3640
-4201
-4420
-4326
-3830
-2857
-1569
-282
724
1291
1381
1089
622
178
-109
-137
228
1032
2108
3109
3664
3503
2541
938
-976
-2865
-4477
-5607
-6058
-5757
-4843
-3660
-2573
-1848
-1569
-1616
-1704
-1530
-947
1
1223
2684
4309
5854
6890
7042
6277
4982
3629
2358
984
-593
-2116
-3198
-3705
-3838
-3881
-3934
-3860
-3478
-2796
-2006
-1248
-469
451
1498
2514
3311
3771
3904
3862
3809
3788
3691
3370
2771
1964
1076
202
-576
-1135
-1329
-1128
-695
-321
-277
-687
-1447
-2248
-2765
-2808
-2358
-1518
-497
399
981
1270
1415
1482
1421
1192
872
643
612
712
777
734
615
456
222
-169
-800
-1674
-2659
-3568
-4329
-4996
-5597
-6043
-6208
-6024
-5527
-4834
-4075
-3273
-2326
-1158
152
1404
2440
3188
3631
3750
3556
3118
2610
2214
2005
1945
1953
1954
1889
1719
1422
998
493
15
-363
-664
-939
-1147
-1175
-965
-535
71
805
1604
2414
3198
3896
4421
4716
4794
4680
4385
3924
3338
2691
2080
1598
1238
829
215
-625
-1610
-2701
-3834
-4769
-5141
-4704
-3538
-2008
-554
516
1156
1491
1649
1654
1503
1280
1132
1169
1342
1484
1413
1040
403
-357
-1107
-1824
-2587
-3433
-4269
-4915
-5227
-5187
-4889
-4428
-3834
-3109
-2302
-1515
-831
-284
176
656
1277
2065
2850
3369
3443
3135
2627
2037
1348
532
-300
-966
-1345
-1470
-1483
-1536
-1699
-1903
-1983
-1832
-1492
-1056
-538
115
933
1851
2744
3456
3871
3984
3905
3760
3557
3172
2491
1566
619
-108
-535
-723
-744
-596
-248
213
583
652
335
-291
-1084
-1872
-2472
-2665
-2303
-1429
-365
414
574
172
-423
-830
-927
-844
-738
-606
-330
141
686
1113
1296
1225
966
550
-79
-1016
-2271
-3682
-4949
-5783
-6070
-5901
-5447
-4804
-3985
-3013
-2000
-1121
-495
-78
347
968
1770
2501
2914
2986
2897
2832
2805
2685
2325
1731
1106
723
680
831
946
934
909
1056
1457
2016
2530
2831
2878
2747
2532
2276
1998
1757
1654
1725
1904
2034
2007
1818
1554
1303
1093
919
833
930
1229
1574
1697
1429
806
12
-784
-1488
-2028
-2311
-2272
-1948
-1539
-1286
-1329
-1605
-1912
-2062
-1960
-1653
-1280
-986
-817
-716
-628
-564
-574
-668
-778
-831
-861
-1002
-1351
-1850
-2305
-2529
-2439
-2085
-1628
-1236
-1024
-1002
-1129
-1384
-1772
-2237
-2582
-2514
-1844
-667
630
1612
2058
2056
1876
1762
1792
1877
1880
1744
1532
1337
1195
1057
842
535
232
74
100
174
107
-166
-546
-837
-860
-541
53
725
1220
1368
1194
910
758
810
961
1103
1259
1541
1977
2461
2815
2883
2590
1982
1252
602
118
-289
-727
-1185
-1532
-1652
-1644
-1774
-2230
-2864
-3295
-3257
-2827
-2288
-1838
-1482
-1130
-729
-282
193
700
1209
1622
1809
1703
1344
816
175
-562
-1329
-1988
-2438
-2709
-2950
-3265
-3607
-3786
-3607
-2974
-1944
-715
474
1459
2178
2603
2703
2492
2075
1625
1330
1330
1671
2255
2872
3296
3402
3213
2854
2454
2074
1706
1336
980
671
428
254
136
43
-50
-144
-207
-235
-252
-271
-223
-29
327
783
1237
1617
1888
2052
2105
2020
1772
1385
880
253
-481
-1249
-1941
-2473
-2809
-2939
-2897
-2768
-2651
-2595
-2591
-2609
-2611
-2556
-2414
-2189
-1912
-1633
-1364
-1068
-670
-171
316
623
640
418
129
-35
-1
193
455
699
821
734
405
-153
-882
-1640
-2181
-2302
-1963
-1313
-577
27
334
283
-47
-442
-645
-484
22
737
1519
2299
2983
3410
3399
2905
2075
1185
497
153
136
300
449
430
188
-211
-641
-993
-1230
-1364
-1418
-1384
-1218
-915
-549
-246
-49
101
322
662
1064
1422
1699
1932
2151
2325
2405
2373
2240
2035
1804
1568
1283
891
430
24
-287
-591
-988
-1462
-1926
-2285
-2465
-2436
-2234
-1931
-1576
-1199
-842
-535
-244
98
520
946
1270
1476
1658
1883
2049
1939
1424
613
-232
-896
-1321
-1567
-1708
-1794
-1858
-1942
-2071
-2256
-2470
-2634
-2635
-2361
-1782
-998
-233
283
460
399
304
308
445
696
1019
1316
1469
1420
1222
965
718
499
268
-36
-426
-821
-1101
-1186
-1084
-855
-579
-290
30
447
1000
1631
2190
2506
2505
2266
1947
1695
1565
1545
1596
1685
1781
1831
1775
1559
1165
621
-8
-606
-1039
-1185
-1021
-652
-271
-31
38
-15
-155
-411
-796
-1262
-1706
-2046
-2219
-2155
-1820
-1285
-721
-304
-105
-87
-201
-419
-690
-907
-972
-884
-727
-597
-559
-643
-859
-1198
-1628
-2050
-2299
-2234
-1863
-1325
-798
-405
-209
-208
-340
-503
-605
-600
-467
-185
262
814
1335
1687
1827
1838
1835
1868
1909
1928
1939
1968
2013
2054
2064
2029
1950
1838
1687
1499
1310
1193
1184
1242
1287
1280
1260
1272
1323
1368
1381
1350
1266
1132
983
848
690
448
99
-320
-733
-1062
-1252
-1329
-1376
-1470
-1619
-1785
-1949
-2133
-2364
-2610
-2770
-2760
-2584
-2346
-2165
-2090
-2084
-2077
-2059
-2058
-2080
-2063
-1949
-1733
-1458
-1160
-856
-560
-311
-157
-142
-267
-462
-628
-684
-598
-387
-120
80
125
41
-38
17
230
541
874
1184
1447
1627
1700
1667
1596
1569
1610
1665
1678
1674
1720
1836
1954
1974
1874
1741
1692
1759
1880
1982
2061
2147
2216
2181
1964
1573
1116
711
420
235
118
24
-74
-190
-323
-468
-618
-746
-787
-709
-529
-312
-99
93
245
330
319
194
-62
-439
-882
-1319
-1704
-2028
-2282
-2476
-2630
-2756
-2824
-2803
-2685
-2485
-2196
-1810
-1366
-961
-685
-561
-527
-496
-419
-313
-223
-183
-184
-203
-239
-314
-435
-564
-669
-786
-965
-1170
-1269
-1132
-755
-250
238
623
896
1073
1171
1214
1242
1271
1289
1268
1216
1155
1094
1080
1166
1377
1647
1879
2019
2077
2080
2049
1976
1844
1665
1506
1439
1481
1585
1699
1792
1834
1777
1582
1257
850
449
103
-150
-304
-359
-330
-260
-212
-246
-369
-533
-680
-815
-983
-1197
-1405
-1540
-1616
-1718
-1923
-2204
-2469
-2651
-2771
-2860
-2872
-2731
-2440
-2099
-1800
-1564
-1385
-1247
-1142
-1040
-926
-814
-745
-767
-867
-963
-978
-938
-900
-898
-902
-897
-895
-903
-886
-795
-612
-356
-64
248
580
914
1208
1419
1537
1610
1693
1823
1985
2163
2351
2548
2745
2941
3131
3295
3378
3333
3136
2822
2468
2157
1919
1738
1579
1412
1232
1078
981
912
813
695
633
658
708
704
638
574
578
632
650
553
354
137
-73
-316
-645
-1030
-1369
-1545
-1532
-1416
-1327
-1329
-1384
-1429
-1431
-1394
-1366
-1396
-1509
-1683
-1879
-2091
-2348
-2654
-2944
-3110
-3111
-3003
-2869
-2737
-2542
-2233
-1847
-1484
-1215
-1036
-917
-842
-788
-714
-598
-458
-335
-262
-242
-257
-275
-276
-265
-263
-263
-213
-45
270
712
1218
1702
2064
2226
2182
2000
1778
1609
1541
1559
1610
1658
1722
1829
1961
2070
2128
2165
2213
2288
2350
2339
2222
2024
1812
1615
1391
1074
669
258
-46
-202
-257
-292
-329
-343
-339
-366
-468
-596
-680
-688
-644
-573
-476
-366
-291
-344
-577
-950
-1346
-1651
-1824
-1868
-1791
-1627
-1443
-1320
-1308
-1400
-1550
-1699
-1804
-1833
-1782
-1671
-1539
-1419
-1312
-1203
-1082
-957
-831
-684
-480
-209
93
368
578
726
830
872
810
629
398
230
195
285
415
513
552
585
659
788
965
1183
1444
1721
2010
2303
2585
2788
2836
2701
2430
2094
1738
1377
1015
666
342
60
-153
-267
-280
-240
-220
-266
-374
-486
-531
-456
-275
-59
118
227
284
302
267
151
-35
-247
-414
-495
-493
-459
-442
-463
-514
-578
-655
-752
-875
-1002
-1134
-1301
-1515
-1728
-1842
-1802
-1624
-1377
-1132
-926
-749
-579
-419
-299
-216
-134
-34
59
121
149
149
77
-114
-438
-828
-1170
-1372
-1422
-1402
-1362
-1281
-1110
-866
-633
-453
-297
-97
164
457
747
1014
1241
1388
1421
1324
1123
873
628
415
248
163
203
356
563
766
953
1123
1258
1342
1377
1384
1374
1358
1344
1330
1306
1261
1208
1174
1171
1174
1123
983
791
631
562
567
587
570
516
428
296
100
-128
-319
-432
-487
-528
-584
-635
-640
-576
-474
-412
-435
-523
-612
-677
-761
-917
-1150
-1409
-1639
-1812
-1927
-1993
-2024
-2021
-1973
-1880
-1770
-1649
-1488
-1267
-1024
-839
-757
-753
-780
-800
-815
-829
-826
-789
-732
-687
-661
-639
-608
-546
-408
-177
114
410
685
929
1137
1303
1424
1487
1482
1430
1364
1309
1260
1211
1157
1127
1148
1238
1354
1447
1521
1623
1769
1915
1999
1985
1881
1739
1606
1485
1355
1214
1101
1031
974
896
815
774
791
830
851
835
782
692
569
425
262
70
-138
-337
-510
-664
-834
-1064
-1368
-1696
-1945
-2038
-1978
-1830
-1650
-1465
-1313
-1250
-1303
-1430
-1570
-1668
-1698
-1665
-1597
-1556
-1589
-1697
-1828
-1912
-1928
-1880
-1780
-1630
-1444
-1245
-1055
-894
-783
-707
-633
-537
-422
-300
-174
-32
146
367
608
820
1001
1185
1387
1571
1692
1767
1830
1905
1993
2094
2190
2231
2172
1997
1734
1423
1119
857
667
554
527
583
703
847
952
987
953
898
873
903
953
967
891
713
467
211
2
-127
-192
-241
-308
-386
-450
-500
-564
-676
-835
-1001
-1134
-1219
-1282
-1357
-1464
-1606
-1795
-2024
-2247
-2378
-2361
-2208
-1980
-1737
-1520
-1356
-1250
-1188
-1171
-1204
-1272
-1303
-1246
-1100
-911
-717
-531
-370
-247
-189
-215
-309
-385
-338
-135
158
446
697
924
1140
1329
1471
1551
1571
1550
1520
1504
1504
1494
1442
1362
1306
1327
1418
1525
1602
1652
1717
1827
1961
2071
2138
2168
2162
2105
1995
1868
1761
1705
1707
1734
1711
1562
1280
919
560
272
85
6
10
54
91
86
17
-119
-307
-528
-779
-1047
-1286
-1434
-1478
-1472
-1502
-1605
-1757
-1908
-2030
-2123
-2185
-2198
-2156
-2077
-2001
-1951
-1937
-1960
-2016
-2091
-2145
-2153
-2116
-2048
-1953
-1830
-1704
-1608
-1545
-1473
-1345
-1155
-940
-752
-610
-506
-434
-396
-373
-311
-175
21
231
423
581
697
768
812
867
952
1054
1140
1186
1185
1153
1123
1119
1144
1179
1234
1308
1394
1478
1564
1665
1770
1878
1982
2065
2100
2077
2028
1973
1902
1790
1645
1508
1402
1328
1262
1161
986
722
409
98
-187
-443
-672
-857
-1006
-1129
-1240
-1328
-1400
-1477
-1564
-1626
-1626
-1560
-1464
-1366
-1280
-1225
-1223
-1274
-1327
-1329
-1280
-1219
-1157
-1078
-967
-833
-706
-618
-594
-637
-704
-728
-670
-521
-298
-41
188
340
402
403
401
442
537
663
790
910
1023
1140
1258
1369
1461
1529
1582
1618
1637
1633
1601
1526
1398
1241
1105
1017
964
907
829
732
637
560
506
489
512
566
629
679
708
697
620
457
239
28
-142
-286
-440
-624
-837
-1047
-1209
-1303
-1339
-1362
-1396
-1430
-1433
-1390
-1326
-1261
-1217
-1220
-1280
-1356
-1379
-1344
-1296
-1277
-1269
-1226
-1150
-1085
-1079
-1130
-1195
-1222
-1188
-1098
-990
-889
-796
-699
-607
-530
-448
-329
-180
-39
57
104
114
116
126
153
206
311
483
684
846
921
918
879
852
854
881
899
883
848
811
763
687
607
582
633
725
809
884
960
1035
1107
1178
1261
1349
1426
1473
1484
1462
1415
1327
1193
1019
830
643
459
290
142
13
-97
-173
-207
-219
-247
-296
-340
-349
-339
-358
-456
-637
-868
-1088
-1240
-1284
-1226
-1118
-1022
-972
-957
-950
-932
-888
-816
-723
-616
-485
-322
-155
-50
-44
-127
-244
-352
-426
-466
-474
-450
-401
-325
-224
-111
-1
96
168
218
263
312
339
320
267
231
233
252
271
310
388
485
546
541
470
373
294
260
274
306
332
350
360
362
334
269
188
124
96
122
209
363
547
706
790
804
779
730
647
528
386
243
113
11
-69
-129
-159
-161
-178
-271
-437
-595
-662
-637
-555
-446
-318
-187
-79
-29
-60
-160
-295
-423
-530
-615
-685
-733
-748
-718
-649
-570
-521
-515
-545
-579
-573
-506
-407
-329
-304
-334
-389
-434
-453
-464
-477
-476
-441
-402
-414
-499
-611
-686
-695
-655
-592
-514
-403
-252
-77
69
159
200
219
232
250
287
343
404
469
547
641
740
819
862
864
840
826
846
899
957
1005
1030
1026
1002
986
994
1009
1005
993
998
1001
956
847
699
533
359
205
102
59
62
100
150
164
126
45
-49
-146
-225
-243
-184
-81
-4
7
-38
-103
-155
-208
-296
-410
-506
-546
-558
-597
-681
-774
-828
-821
-763
-678
-600
-529
-466
-411
-369
-352
-351
-369
-395
-435
-494
-554
-584
-558
-476
-363
-247
-143
-69
-33
-31
-35
-16
18
45
53
37
-20
-132
-262
-354
-378
-367
-344
-291
-176
-6
172
339
497
662
832
1001
1145
1240
1289
1297
1261
1165
993
775
542
316
86
-164
-414
-624
-759
-811
-769
-653
-510
-407
-362
-349
-333
-274
-154
42
288
543
768
941
1037
1016
866
627
376
181
52
-39
-108
-155
-160
-137
-125
-168
-275
-399
-481
-507
-516
-565
-671
-826
-982
-1099
-1176
-1233
-1271
-1250
-1151
-1012
-889
-797
-723
-669
-663
-710
-773
-790
-733
-606
-447
-288
-137
16
166
290
379
448
524
604
657
665
641
630
646
664
655
631
636
676
728
768
805
861
956
1086
1217
1313
1352
1351
1321
1262
1152
1005
869
769
675
529
337
147
-1
-105
-166
-182
-147
-63
56
169
235
247
225
152
5
-204
-407
-540
-596
-619
-671
-780
-914
-1004
-992
-896
-777
-681
-620
-593
-588
-591
-604
-644
-701
-727
-693
-630
-594
-605
-636
-644
-614
-568
-535
-506
-444
-329
-180
-34
84
171
237
304
367
387
346
268
223
250
324
407
479
542
598
644
681
722
786
899
1057
1226
1350
1386
1307
1136
921
721
553
398
216
-1
-214
-373
-463
-509
-540
-569
-589
-581
-521
-424
-333
-278
-244
-213
-196
-222
-280
-327
-329
-295
-257
-235
-222
-198
-176
-184
-233
-298
-356
-408
-469
-537
-585
-602
-599
-611
-661
-750
-848
-893
-853
-751
-631
-501
-359
-234
-169
-155
-140
-97
-42
3
20
7
-36
-85
-101
-59
39
140
205
228
251
317
442
621
823
1000
1099
1135
1142
1139
1115
1076
1050
1053
1071
1084
1081
1049
966
826
661
511
423
402
427
455
447
379
249
103
1
-28
-15
-10
-37
-87
-140
-188
-245
-319
-404
-483
-551
-620
-694
-750
-773
-766
-746
-726
-708
-692
-678
-682
-706
-744
-774
-778
-746
-685
-607
-537
-504
-524
-575
-602
-552
-425
-276
-161
-98
-68
-56
-70
-127
-207
-275
-290
-254
-190
-115
-31
58
150
249
363
488
599
666
681
666
662
687
732
766
774
771
786
826
874
914
951
990
1020
1023
994
937
849
747
664
616
567
462
290
80
-148
-379
-579
-711
-773
-801
-834
-876
-913
-923
-912
-901
-906
-920
-915
-870
-787
-678
-563
-444
-312
-178
-79
-35
-39
-59
-71
-62
-29
12
28
-2
-82
-192
-306
-414
-502
-576
-635
-660
-626
-540
-445
-368
-288
-172
-37
84
186
281
357
383
350
285
227
193
172
149
118
98
107
144
181
201
201
211
266
370
476
521
506
480
478
482
470
454
466
504
547
559
525
444
353
283
232
185
143
121
112
101
80
60
32
-9
-51
-78
-72
-47
-28
-55
-127
-205
-230
-185
-101
-23
10
-16
-82
-159
-237
-306
-338
-320
-286
-287
-340
-421
-494
-539
-564
-590
-626
-643
-611
-532
-432
-320
-197
-82
4
61
117
178
228
257
298
369
451
498
492
448
389
344
316
301
266
202
117
51
48
108
196
275
328
370
415
464
507
539
584
656
722
739
698
635
584
547
513
466
392
285
157
31
-78
-171
-260
-356
-459
-562
-666
-751
-785
-757
-682
-586
-499
-445
-438
-451
-446
-421
-416
-471
-578
-703
-800
-849
-835
-750
-599
-422
-267
-149
-51
52
153
216
216
170
120
83
38
-30
-107
-185
-270
-362
-430
-438
-389
-333
-299
-268
-206
-124
-70
-60
-72
-49
24
132
234
313
364
390
380
335
287
276
290
284
235
185
189
268
372
433
420
361
303
258
224
204
229
293
367
405
391
343
278
221
188
207
273
361
429
443
391
280
149
57
31
38
13
-58
-142
-195
-199
-148
-47
73
180
257
309
345
363
348
271
128
-28
-148
-205
-237
-279
-319
-329
-286
-206
-101
11
92
112
71
15
-26
-49
-57
-59
-72
-133
-245
-382
-510
-606
-654
-655
-622
-593
-588
-571
-483
-327
-173
-94
-84
-90
-62
3
70
97
75
20
-49
-97
-103
-57
18
97
172
241
315
385
451
504
532
509
433
328
221
113
-2
-105
-155
-142
-110
-111
-145
-161
-123
-47
8
21
11
22
75
151
218
257
270
257
219
164
112
86
101
152
220
278
321
351
359
322
238
140
63
15
-10
-30
-62
-106
-150
-185
-223
-270
-316
-361
-413
-463
-493
-491
-486
-503
-536
-549
-512
-428
-329
-260
-243
-259
-280
-303
-351
-427
-511
-573
-588
-565
-523
-481
-444
-417
-403
-379
-322
-232
-148
-84
-30
31
80
101
101
110
149
226
327
428
518
591
653
679
659
606
559
547
564
589
597
576
538
506
499
516
540
563
572
574
580
590
583
545
490
449
432
428
419
388
334
284
257
231
174
77
-28
-116
-177
-229
-292
-368
-430
-442
-396
-305
-202
-106
-21
38
41
-42
-207
-403
-572
-663
-657
-583
-506
-483
-514
-558
-573
-543
-484
-433
-420
-425
-406
-333
-242
-182
-183
-225
-253
-219
-117
3
78
87
75
96
184
310
411
454
450
417
340
230
130
76
55
40
40
69
98
85
26
-35
-47
14
143
304
445
521
514
439
328
209
109
41
3
-17
-16
25
104
195
247
253
240
242
248
225
165
94
53
41
17
-44
-140
-242
-338
-401
-393
-319
-212
-129
-106
-155
-263
-388
-474
-480
-401
-284
-192
-170
-226
-324
-413
-452
-440
-400
-348
-302
-289
-312
-321
-257
-125
1
61
62
50
57
89
135
163
147
97
61
73
108
98
23
-71
-104
-33
120
274
357
342
264
179
134
147
207
293
381
446
454
365
175
-62
-246
-307
-255
-158
-76
-10
81
215
347
411
371
246
80
-64
-126
-87
11
78
67
-17
-121
-189
-191
-151
-131
-154
-187
-186
-150
-111
-81
-56
