-361
-256
-137
-31
53
109
128
87
1
-80
-108
-70
19
141
256
321
323
299
269
220
142
53
-20
-48
-29
29
90
123
119
102
104
127
171
236
337
469
587
631
563
435
326
277
263
233
196
158
147
161
185
190
167
137
112
80
32
-18
-42
-16
60
139
165
112
20
-54
-92
-104
-119
-153
-190
-195
-167
-144
-157
-178
-182
-175
-193
-237
-289
-338
-371
-375
-351
-346
-369
-383
-346
-285
-229
-177
-123
-67
-43
-70
-136
-201
-230
-239
-254
-273
-253
-176
-68
18
39
-24
-137
-248
-301
-297
-276
-268
-267
-249
-232
-227
-233
-203
-140
-88
-80
-112
-142
-152
-137
-116
-103
-88
-51
0
37
54
78
125
180
222
243
241
210
164
141
176
241
270
209
79
-53
-123
-104
-29
43
66
58
46
39
20
-16
-55
-80
-88
-80
-54
-20
10
11
-19
-74
-129
-146
-91
25
129
177
183
208
271
354
427
483
512
517
505
491
480
464
428
377
338
349
409
456
443
377
296
222
147
103
109
155
197
230
264
294
296
254
206
180
178
160
110
49
0
-40
-82
-117
-136
-140
-156
-206
-270
-304
-293
-267
-249
-232
-187
-115
-47
-9
-19
-68
-133
-178
-175
-119
-32
31
47
13
-42
-97
-127
-117
-82
-67
-97
-176
-268
-350
-401
-403
-343
-230
-117
-60
-87
-167
-255
-307
-303
-243
-158
-79
-31
-17
-40
-92
-163
-247
-348
-437
-465
-400
-287
-187
-119
-76
-47
-26
37
128
184
143
38
-39
-43
-9
1
-35
-98
-165
-219
-244
-241
-233
-232
-233
-229
-227
-234
-241
-251
-260
-252
-210
-147
-114
-121
-149
-160
-145
-118
-91
-69
-54
-45
-45
-48
-73
-127
-175
-170
-96
3
90
157
204
231
251
295
355
390
374
334
300
278
267
268
295
354
441
512
536
524
504
485
450
406
366
352
360
393
455
536
591
586
534
475
428
397
397
429
450
425
360
296
256
231
221
230
266
309
319
276
197
116
50
6
-4
2
-9
-33
-52
-59
-83
-121
-153
-168
-183
-193
-185
-167
-160
-181
-211
-240
-273
-340
-437
-528
-570
-551
-486
-406
-342
-309
-299
-306
-335
-360
-347
-274
-173
-99
-68
-77
-127
-212
-280
-273
-193
-110
-95
-149
-233
-305
-336
-323
-282
-242
-210
-184
-166
-189
-254
-318
-323
-264
-177
-121
-136
-216
-309
-336
-287
-211
-162
-148
-147
-144
-136
-133
-142
-173
-215
-263
-306
-336
-344
-323
-281
-235
-188
-132
-54
40
118
163
171
161
161
182
230
277
302
286
221
125
45
39
109
210
270
272
232
175
115
70
72
134
227
309
371
414
436
426
380
295
176
75
46
92
164
202
189
158
165
232
305
336
350
390
454
495
493
452
394
333
293
281
268
218
129
52
32
59
105
153
223
321
421
469
413
297
217
219
248
226
167
128
129
127
94
47
10
-9
-15
-10
-8
-40
-117
-180
-189
-163
-159
-197
-240
-246
-213
-167
-139
-135
-145
-141
-125
-120
-146
-189
-206
-171
-102
-44
-38
-103
-215
-325
-375
-360
-317
-287
-268
-237
-204
-186
-181
-151
-88
-24
3
-14
-41
-54
-45
-42
-65
-122
-189
-230
-208
-127
-40
-3
-18
-47
-53
-50
-87
-167
-228
-202
-115
-55
-78
-153
-221
-240
-215
-189
-203
-271
-376
-492
-575
-607
-607
-613
-634
-632
-574
-474
-370
-286
-222
-174
-144
-149
-197
-270
-339
-348
-296
-202
-116
-55
-18
11
38
70
105
129
134
120
119
125
128
120
113
118
126
144
192
272
365
432
450
401
307
208
155
184
293
429
527
556
528
485
443
411
389
407
468
540
575
542
470
396
356
363
421
500
569
603
597
568
516
457
399
365
344
303
226
148
119
136
150
137
120
118
117
94
33
-49
-122
-143
-111
-65
-41
-56
-97
-151
-184
-190
-175
-172
-176
-158
-112
-59
-30
-10
0
-10
-61
-135
-191
-199
-149
-58
45
122
154
138
76
-9
-93
-152
-188
-194
-167
-110
-48
-17
-34
-77
-90
-58
-10
7
-17
-71
-141
-215
-281
-315
-307
-263
-221
-222
-264
-304
-306
-281
-270
-309
-396
-497
-569
-590
-577
-550
-519
-469
-391
-303
-230
-195
-207
-256
-328
-386
-397
-344
-272
-240
-267
-302
-296
-266
-266
-318
-378
-395
-349
-248
-125
-39
-48
-138
-238
-264
-207
-124
-66
-43
-37
-40
-45
-33
-2
36
43
22
7
39
129
242
331
380
412
448
471
453
382
304
284
358
469
522
478
391
335
336
378
434
492
555
631
690
679
568
398
246
158
138
152
158
134
91
73
102
167
237
293
327
340
339
331
327
326
329
306
243
155
89
70
90
116
131
148
177
217
256
297
320
286
192
95
60
74
74
40
2
-15
-28
-64
-115
-147
-126
-56
16
47
22
-41
-105
-123
-73
0
30
-8
-74
-106
-77
-37
-31
-61
-84
-102
-153
-240
-318
-354
-344
-308
-270
-261
-294
-345
-393
-441
-492
-518
-475
-360
-218
-117
-79
-83
-110
-168
-270
-394
-504
-569
-574
-523
-449
-405
-408
-428
-428
-411
-393
-380
-380
-395
-407
-383
-328
-270
-224
-188
-171
-154
-121
-80
-77
-114
-164
-213
-259
-293
-274
-198
-106
-39
-1
36
86
137
178
191
171
123
96
124
189
226
206
164
149
183
243
296
313
303
284
256
197
115
61
78
158
247
291
269
211
178
200
273
355
420
461
471
447
398
361
359
378
380
335
266
221
225
263
317
381
433
455
441
409
378
347
317
282
264
268
294
320
322
295
241
180
136
129
161
212
241
212
131
54
27
39
41
-15
-124
-241
-306
-310
-288
-287
-315
-337
-318
-268
-213
-159
-94
-46
-46
-93
-119
-98
-75
-92
-139
-168
-171
-171
-175
-165
-123
-60
-5
3
-30
-63
-68
-56
-63
-95
-139
-177
-217
-266
-314
-322
-271
-211
-217
-307
-407
-434
-364
-235
-107
-29
-25
-77
-133
-157
-155
-171
-212
-242
-240
-235
-271
-347
-426
-472
-475
-427
-329
-206
-92
-16
5
-29
-95
-142
-136
-74
-6
31
44
62
88
81
38
-1
-1
23
29
2
-57
-125
-171
-162
-117
-87
-108
-155
-174
-126
-16
107
202
253
270
258
233
210
210
228
243
230
189
138
99
84
93
122
153
198
263
337
384
383
346
307
299
349
451
553
596
550
442
310
182
64
-20
-51
-27
12
29
21
9
14
40
90
158
227
280
319
352
380
369
301
195
98
28
-28
-83
-120
-108
-54
-5
1
-27
-37
12
89
133
99
3
-101
-166
-186
-186
-210
-279
-365
-421
-414
-361
-288
-211
-132
-66
-22
3
18
25
9
-37
-91
-115
-91
-37
18
64
109
154
190
198
163
89
0
-71
-111
-141
-188
-262
-323
-325
-257
-155
-74
-39
-60
-112
-157
-161
-125
-86
-75
-97
-139
-189
-234
-259
-264
-253
-237
-214
-175
-123
-70
-25
20
69
111
125
100
32
-51
-124
-151
-124
-77
-46
-47
-56
-43
-20
-5
-10
-12
0
22
42
54
55
29
-21
-81
-138
-166
-154
-97
-18
59
102
99
41
-65
-186
-259
-240
-153
-57
8
30
21
-7
-10
41
127
183
157
63
-51
-133
-166
-133
-41
78
158
159
107
44
0
-26
-40
-47
-51
-32
7
44
44
29
47
131
269
416
523
549
509
449
405
361
312
303
387
528
624
596
455
248
36
-123
-204
-206
-155
-73
4
56
88
131
196
256
257
146
-68
-306
-463
-512
-483
-413
-305
-167
-54
-12
-34
-44
9
111
198
230
228
219
222
223
221
213
215
222
229
214
174
117
54
-10
-79
-129
-155
-168
-207
-275
-335
-356
-332
-261
-154
-59
-26
-62
-103
-100
-53
-12
-6
-33
-56
-53
-31
-26
-68
-151
-244
-310
-320
-279
-223
-190
-185
-177
-158
-147
-146
-137
-96
-52
-20
-11
8
62
159
250
257
152
-10
-148
-226
-250
-241
-212
-190
-197
-230
-236
-162
-24
110
185
211
214
210
204
209
224
240
228
167
68
-27
-74
-81
-76
-70
-58
-55
-74
-110
-136
-146
-150
-157
-170
-190
-200
-171
-91
12
88
118
110
92
93
124
171
206
207
155
58
-22
-24
63
157
194
161
87
25
16
76
161
232
269
265
208
93
-45
-185
-300
-371
-372
-290
-148
-1
89
86
15
-70
-101
-40
106
273
371
361
282
219
219
257
268
230
165
108
62
13
-43
-96
-147
-194
-223
-227
-216
-195
-167
-135
-117
-111
-98
-63
7
105
200
225
143
-23
-194
-295
-295
-214
-123
-72
-48
-11
57
129
185
221
247
270
297
325
327
261
118
-52
-161
-161
-70
35
80
35
-77
-209
-314
-348
-300
-197
-104
-49
-10
31
66
44
-31
-107
-112
-44
21
13
-55
-124
-177
-238
-326
-417
-466
-456
-410
-348
-270
-177
-90
-24
32
98
182
278
374
441
451
406
333
268
244
260
269
223
123
18
-58
-95
-87
-22
74
154
185
178
168
171
191
229
267
279
241
160
55
-32
-76
-86
-101
-151
-240
-341
-415
-421
-329
-164
5
129
204
247
241
180
87
8
-43
-78
-99
-105
-97
-85
-72
-60
-51
-33
0
31
19
-41
-116
-173
-186
-129
-12
114
176
147
56
-26
-27
60
181
257
272
244
204
156
96
22
-80
-202
-304
-337
-305
-264
-266
-314
-387
-436
-433
-378
-303
-235
-146
-17
107
145
72
-57
-167
-235
-268
-282
-283
-281
-275
-259
-237
-212
-178
-144
-140
-172
-182
-115
8
109
138
117
108
138
181
206
227
263
297
288
247
219
222
243
274
325
383
416
425
441
485
544
600
641
666
674
660
609
508
377
252
185
185
213
211
165
101
47
9
-17
-30
-22
18
59
52
-37
-168
-280
-321
-299
-260
-243
-270
-311
-341
-349
-354
-359
-347
-314
-277
-261
-252
-233
-198
-165
-150
-166
-195
-210
-188
-132
-58
32
119
187
236
298
388
481
523
509
479
466
445
375
268
183
183
260
365
417
390
316
259
248
263
274
243
157
23
-119
-241
-341
-432
-512
-582
-652
-734
-817
-885
-938
-986
-1039
-1099
-1150
-1157
-1102
-1005
-924
-904
-956
-1046
-1122
-1152
-1126
-1043
-922
-814
-762
-751
-700
-556
-345
-139
11
107
167
206
229
263
342
494
690
863
963
1001
1033
1089
1165
1237
1295
1340
1371
1372
1344
1304
1296
1338
1384
1385
1335
1277
1211
1089
880
615
355
137
-31
-158
-271
-415
-603
-808
-976
-1088
-1164
-1243
-1341
-1453
-1554
-1607
-1592
-1518
-1418
-1329
-1261
-1198
-1113
-1005
-876
-715
-508
-274
-56
136
327
545
750
888
951
992
1059
1152
1250
1340
1439
1565
1712
1860
2007
2165
2319
2420
2427
2349
2237
2124
2036
1989
1985
1992
1931
1755
1470
1131
786
478
237
45
-162
-437
-760
-1084
-1392
-1723
-2110
-2520
-2891
-3171
-3326
-3331
-3209
-3024
-2845
-2660
-2440
-2192
-1972
-1834
-1802
-1890
-2096
-2337
-2474
-2401
-2158
-1873
-1645
-1486
-1345
-1170
-936
-678
-462
-320
-201
-39
200
517
954
1511
2105
2592
2914
3104
3204
3246
3239
3216
3177
3135
3141
3240
3408
3535
3534
3386
3104
2711
2223
1671
1095
540
49
-357
-691
-954
-1138
-1261
-1397
-1637
-2012
-2485
-2962
-3349
-3600
-3726
-3738
-3639
-3420
-3120
-2781
-2432
-2107
-1847
-1672
-1572
-1533
-1543
-1570
-1554
-1445
-1230
-957
-689
-465
-288
-140
-14
115
278
461
617
726
827
950
1077
1191
1321
1488
1667
1794
1849
1873
1930
2082
2336
2648
2933
3147
3289
3380
3440
3483
3524
3531
3443
3238
2969
2703
2455
2203
1940
1657
1317
901
441
-15
-454
-863
-1205
-1477
-1735
-2027
-2356
-2698
-3040
-3365
-3628
-3798
-3874
-3848
-3691
-3390
-2991
-2551
-2110
-1683
-1301
-987
-766
-636
-576
-545
-498
-413
-287
-150
-36
29
36
3
-27
-20
10
27
14
-19
-69
-134
-174
-144
-35
95
190
245
301
388
519
693
930
1225
1546
1845
2107
2340
2522
2611
2596
2543
2545
2627
2727
2751
2649
2447
2196
1930
1641
1327
978
582
130
-341
-756
-1087
-1385
-1736
-2154
-2585
-2953
-3216
-3367
-3428
-3439
-3426
-3376
-3250
-3018
-2671
-2227
-1757
-1383
-1211
-1244
-1355
-1393
-1306
-1164
-1072
-1041
-1015
-937
-815
-688
-571
-473
-414
-428
-512
-613
-641
-535
-307
-23
251
480
660
821
1010
1249
1512
1758
2007
2307
2654
2989
3250
3425
3541
3628
3704
3743
3712
3613
3509
3447
3407
3326
3155
2891
2566
2200
1796
1352
887
446
63
-283
-672
-1174
-1763
-2333
-2780
-3092
-3322
-3504
-3626
-3665
-3618
-3477
-3251
-2977
-2694
-2414
-2128
-1869
-1689
-1605
-1580
-1570
-1559
-1520
-1433
-1313
-1194
-1092
-981
-820
-578
-267
22
184
186
106
45
83
237
469
703
880
1015
1157
1334
1536
1746
1977
2239
2526
2814
3087
3339
3544
3663
3680
3617
3504
3359
3186
2986
2756
2512
2269
2034
1789
1509
1147
680
144
-371
-796
-1147
-1485
-1864
-2282
-2710
-3100
-3424
-3673
-3860
-3988
-4044
-4009
-3888
-3706
-3490
-3252
-2969
-2647
-2314
-2036
-1859
-1785
-1769
-1742
-1663
-1539
-1417
-1321
-1219
-1068
-864
-652
-493
-413
-409
-456
-507
-512
-454
-377
-316
-267
-174
10
289
621
960
1289
1632
2010
2387
2721
2985
3221
3464
3705
3887
3969
3982
4007
4081
4133
4044
3786
3426
3057
2723
2399
2051
1633
1163
692
269
-110
-504
-951
-1433
-1900
-2328
-2717
-3051
-3290
-3422
-3468
-3449
-3356
-3172
-2892
-2522
-2073
-1589
-1168
-905
-833
-896
-982
-1009
-975
-955
-1011
-1131
-1228
-1214
-1056
-799
-537
-389
-409
-559
-744
-888
-973
-990
-926
-780
-562
-288
29
379
749
1128
1492
1817
2116
2431
2776
3107
3373
3550
3668
3760
3827
3836
3776
3680
3574
3449
3292
3072
2770
2370
1900
1415
962
586
305
97
-124
-437
-855
-1346
-1870
-2382
-2825
-3157
-3389
-3541
-3577
-3465
-3229
-2939
-2644
-2350
-2061
-1801
-1590
-1428
-1299
-1197
-1149
-1175
-1256
-1323
-1319
-1261
-1207
-1214
-1295
-1427
-1579
-1718
-1838
-1925
-1951
-1888
-1721
-1483
-1244
-1080
-1007
-970
-878
-676
-370
19
447
853
1197
1493
1795
2116
2412
2634
2785
2917
3071
3249
3405
3487
3462
3339
3138
2876
2593
2345
2154
1966
1710
1375
1028
721
446
155
-181
-573
-1013
-1468
-1895
-2261
-2550
-2708
-2669
-2432
-2101
-1799
-1548
-1291
-983
-670
-420
-274
-232
-287
-432
-618
-786
-924
-1082
-1300
-1523
-1662
-1695
-1689
-1694
-1712
-1717
-1689
-1625
-1525
-1395
-1241
-1082
-941
-813
-654
-417
-95
283
675
1050
1398
1738
2079
2392
2640
2830
3019
3235
3462
3669
3825
3921
3930
3834
3649
3448
3294
3143
2908
2559
2178
1857
1611
1379
1105
772
382
-66
-563
-1079
-1569
-1986
-2305
-2509
-2609
-2630
-2589
-2484
-2305
-2070
-1831
-1648
-1546
-1506
-1506
-1543
-1617
-1715
-1803
-1870
-1925
-1987
-2072
-2185
-2325
-2471
-2584
-2633
-2624
-2588
-2498
-2291
-1959
-1597
-1315
-1140
-1044
-967
-848
-627
-313
59
463
864
1201
1425
1607
1860
2221
2623
2979
3223
3357
3421
3491
3587
3645
3598
3448
3238
2958
2581
2135
1713
1364
1068
781
477
188
-64
-286
-535
-853
-1214
-1571
-1880
-2138
-2328
-2433
-2444
-2352
-2164
-1888
-1568
-1274
-1069
-986
-1014
-1122
-1273
-1444
-1600
-1702
-1716
-1648
-1542
-1449
-1386
-1344
-1312
-1291
-1274
-1243
-1181
-1107
-1046
-1015
-996
-963
-887
-762
-594
-392
-160
103
390
688
978
1278
1629
2060
2524
2926
3201
3379
3517
3640
3704
3680
3593
3481
3338
3132
2857
2531
2181
1853
1585
1364
1155
950
778
641
462
166
-277
-809
-1346
-1801
-2131
-2328
-2406
-2401
-2335
-2199
-1965
-1660
-1358
-1144
-1031
-992
-997
-1042
-1137
-1265
-1411
-1569
-1724
-1842
-1873
-1809
-1676
-1536
-1440
-1418
-1448
-1546
-1749
-2051
-2273
-2156
-1629
-905
-319
-40
19
90
329
728
1138
1424
1545
1596
1679
1854
2147
2558
3016
3375
3518
3436
3181
2791
2318
1843
1464
1217
1090
1051
1050
1013
886
677
420
144
-131
-375
-590
-818
-1089
-1368
-1618
-1829
-2012
-2149
-2183
-2086
-1871
-1606
-1364
-1183
-1057
-982
-970
-1017
-1071
-1098
-1102
-1098
-1097
-1099
-1118
-1135
-1120
-1071
-1010
-975
-987
-1061
-1154
-1182
-1082
-902
-772
-781
-863
-853
-637
-260
160
534
859
999
788
250
-80
448
1884
3470
4251
3951
3152
2686
2939
3548
3828
3396
2442
1528
1036
1031
1254
1438
1378
984
270
-603
-1401
-1982
-2355
-2556
-2523
-2189
-1598
-910
-321
24
114
81
86
177
309
439
543
614
644
629
530
276
-174
-755
-1333
-1779
-2033
-2131
-2187
-2317
-2584
-2962
-3286
-3321
-2894
-2079
-1141
-395
7
133
179
288
464
660
864
1083
1288
1433
1562
1787
2149
2519
2678
2500
2029
1422
801
241
-181
-373
-312
-90
137
236
159
-60
-326
-565
-754
-889
-931
-864
-778
-793
-930
-1096
-1203
-1239
-1226
-1160
-1004
-683
-172
444
984
1280
1269
975
509
35
-311
-492
-590
-687
-828
-1002
-1105
-1034
-763
-444
-279
-361
-589
-736
-658
-391
-69
229
481
685
881
1169
1592
2034
2309
2328
2170
1987
1893
1874
1850
1785
1765
1861
2013
2030
1794
1367
918
521
85
-493
-1171
-1765
-2129
-2257
-2246
-2151
-1980
-1765
-1632
-1688
-1880
-2039
-2038
-1874
-1581
-1116
-433
404
1218
1870
2350
2716
2942
2916
2527
1815
964
176
-461
-991
-1465
-1844
-2033
-2014
-1881
-1751
-1656
-1551
-1372
-1131
-900
-716
-555
-353
-70
338
919
1625
2311
2820
3141
3357
3517
3577
3450
3154
2758
2332
1855
1325
772
226
-366
-1102
-2016
-3022
-3936
-4636
-5098
-5331
-5289
-4966
-4444
-3824
-3127
-2404
-1793
-1452
-1372
-1410
-1381
-1139
-602
238
1307
2466
3514
4249
4562
4494
4105
3379
2270
857
-636
-1948
-2925
-3499
-3656
-3412
-2874
-2215
-1614
-1157
-816
-501
-160
189
533
943
1544
2368
3326
4303
5260
6121
6711
6844
6504
5837
5032
4195
3383
2645
2026
1471
802
-115
-1229
-2356
-3419
-4472
-5561
-6586
-7308
-7475
-7023
-6114
-4974
-3702
-2389
-1235
-475
-122
3
107
299
620
1106
1826
2811
3905
4769
5087
4790
3938
2582
747
-1364
-3394
-4996
-6039
-6549
-6566
-6076
-5159
-4056
-3014
-2129
-1328
-549
210
928
1640
2443
3419
4553
5762
6944
7990
8723
8941
8570
7754
6734
5678
4643
3672
2826
2090
1266
99
-1496
-3325
-5084
-6593
-7824
-8739
-9145
-8844
-7853
-6450
-4897
-3305
-1725
-369
515
882
960
1025
1226
1566
2047
2751
3737
4850
5653
5704
4821
3121
800
-1917
-4690
-7081
-8759
-9598
-9630
-8943
-7691
-6129
-4573
-3246
-2150
-1147
-145
826
1755
2744
3931
5305
6712
7975
9023
9819
10244
10070
9194
7810
6299
4901
3651
2553
1671
945
120
-1056
-2644
-4513
-6437
-8140
-9402
-10033
-9871
-8793
-6961
-4779
-2636
-674
997
2155
2586
2382
1891
1475
1355
1605
2244
3220
4382
5362
5735
5214
3814
1677
-1030
-4043
-6914
-9111
-10284
-10392
-9647
-8271
-6450
-4431
-2632
-1380
-661
-134
482
1243
2089
3068
4335
5948
7718
9261
10278
10700
10548
9750
8301
6459
4676
3282
2380
1856
1497
998
142
-1180
-2948
-5022
-7070
-8730
-9759
-10032
-9376
-7681
-5163
-2301
431
2702
4212
4728
4271
3206
2059
1311
1208
1765
2839
4212
5516
6245
5925
4409
1895
-1256
-4673
-7908
-10385
-11580
-11313
-9874
-7782
-5471
-3220
-1338
-178
132
-103
-348
-207
431
1559
3160
5151
7230
8900
9721
9578
8632
7081
5080
2936
1154
161
43
538
1176
1424
916
-405
-2427
-4954
-7577
-9664
-10686
-10445
-8963
-6383
-3087
306
3183
5112
5863
5448
4146
2416
787
-162
-23
1213
3133
5166
6764
7431
6795
4739
1497
-2371
-6116
-9061
-10769
-11074
-10011
-7883
-5226
-2661
-658
526
829
379
-456
-1105
-1019
61
1992
4353
6676
8545
9601
9570
8416
6448
4168
2062
462
-403
-433
331
1576
2688
2912
1841
-332
-3097
-6051
-8850
-10917
-11606
-10616
-8203
-4948
-1507
1620
4072
5540
5715
4665
2962
1369
366
172
940
2660
4926
6974
8053
7729
6024
3228
-278
-4048
-7427
-9708
-10481
-9823
-8083
-5688
-3113
-890
535
985
634
-71
-628
-610
242
1978
4323
6743
8674
9762
9857
8945
7152
4829
2476
573
-569
-849
-363
672
1905
2750
2498
828
-1897
-4933
-7716
-9892
-11146
-11159
-9829
-7345
-4212
-1076
1533
3369
4309
4250
3324
2027
1015
666
1063
2095
3565
5092
6192
6365
5326
3121
118
-3206
-6366
-8808
-10006
-9723
-8224
-6087
-3890
-2028
-737
-125
-155
-599
-1074
-1103
-329
1324
3613
6108
8332
9837
10338
9788
8352
6336
4153
2218
804
17
-109
372
1247
2062
2226
1237
-949
-3836
-6740
-9148
-10705
-11124
-10294
-8370
-5714
-2824
-256
1615
2726
3164
3006
2436
1844
1640
2017
2909
4053
5091
5683
5570
4550
2561
-197
-3279
-6183
-8473
-9813
-10024
-9158
-7478
-5369
-3276
-1606
-584
-167
-88
-27
284
1051
2384
4227
6311
8248
9660
10288
10089
9212
7926
6468
5006
3623
2413
1528
1128
1210
1460
1354
456
-1256
-3464
-5762
-7845
-9380
-10021
-9561
-8115
-6014
-3648
-1351
612
2080
2988
3381
3407
3283
3247
3438
3917
4598
5251
5520
5129
3956
2036
-518
-3450
-6352
-8739
-10216
-10593
-9921
-8451
-6525
-4474
-2586
-1098
-125
371
590
782
1193
2003
3288
4936
6657
8098
8985
9184
8720
7789
6679
5592
4547
3487
2444
1594
1107
953
757
19
-1457
-3401
-5390
-7200
-8669
-9516
-9433
-8391
-6631
-4478
-2208
-73
1703
2928
3524
3610
3497
3458
3594
3918
4427
5013
5374
5180
4251
2584
253
-2528
-5397
-7900
-9669
-10497
-10352
-9338
-7675
-5715
-3832
-2247
-979
30
772
1266
1652
2173
3029
4188
5404
6382
6986
7203
7011
6467
5811
5278
4795
4071
3008
1909
1137
684
87
-1133
-2928
-4794
-6317
-7523
-8493
-9020
-8796
-7795
-6267
-4493
-2594
-588
1407
3107
4279
4989
5431
5662
5635
5478
5444
5630
5810
5604
4777
3340
1403
-957
-3555
-6014
-7909
-9038
-9403
-9021
-7900
-6156
-4091
-2056
-284
1136
2180
2821
3125
3319
3691
4369
5249
6117
6802
7230
7367
7223
6849
6308
5555
4461
3031
1556
433
-249
-836
-1796
-3258
-4894
-6325
-7454
-8387
-9065
-9248
-8756
-7634
-6065
-4207
-2166
-84
1830
3394
4551
5308
5680
5726
5600
5455
5340
5186
4849
4153
2947
1172
-1091
-3562
-5827
-7496
-8389
-8501
-7883
-6662
-5089
-3436
-1809
-219
1241
2348
2963
3206
3373
3703
4234
4880
5568
6224
6691
6808
6596
6306
6096
5772
4950
3560
1981
684
-266
-1243
-2650
-4429
-6127
-7396
-8287
-8956
-9328
-9205
-8564
-7562
-6334
-4908
-3288
-1562
97
1546
2754
3743
4457
4835
4958
4973
4896
4627
4098
3285
2134
558
-1395
-3501
-5425
-6898
-7784
-8051
-7682
-6694
-5228
-3528
-1765
28
1812
3400
4536
5108
5254
5221
5172
5145
5186
5392
5767
6175
6518
6885
7342
7630
7276
6064
4312
2541
989
-549
-2336
-4277
-5999
-7236
-8048
-8549
-8717
-8448
-7802
-6931
-5975
-4902
-3650
-2202
-668
852
2291
3564
4516
5009
5046
4733
4190
3494
2697
1787
705
-640
-2216
-3867
-5379
-6594
-7418
-7782
-7622
-6928
-5789
-4342
-2663
-724
1405
3438
5004
5944
6326
6296
5995
5623
5401
5446
5702
6041
6417
6908
7498
7892
7625
6533
4925
3294
1826
313
-1488
-3482
-5275
-6595
-7507
-8170
-8563
-8559
-8120
-7331
-6294
-5080
-3708
-2157
-485
1132
2528
3604
4351
4776
4905
4748
4305
3625
2803
1860
685
-834
-2641
-4512
-6175
-7449
-8248
-8478
-8093
-7186
-6020
-4797
-3516
-2067
-430
1237
2732
3936
4819
5370
5593
5593
5575
5667
5801
5828
5774
5853
6192
6560
6540
5931
4952
3940
2921
1580
-340
-2658
-4905
-6688
-7912
-8562
-8645
-8205
-7371
-6233
-4879
-3474
-2208
-1088
13
1179
2346
3384
4235
4951
5591
6030
6033
5474
4448
3061
1328
-743
-2967
-5028
-6637
-7671
-8124
-8008
-7346
-6302
-5155
-4117
-3192
-2242
-1146
142
1567
2977
4156
4921
5241
5261
5186
5093
4916
4646
4448
4548
5002
5593
5934
5756
5089
4184
3149
1787
-151
-2562
-4973
-6895
-8100
-8585
-8445
-7839
-6901
-5723
-4431
-3206
-2120
-1069
61
1230
2357
3403
4386
5304
6105
6622
6664
6141
5108
3617
1680
-567
-2832
-4802
-6297
-7219
-7489
-7108
-6226
-5124
-4084
-3226
-2490
-1748
-900
132
1380
2765
4052
4952
5318
5256
5002
4685
4277
3799
3456
3498
3989
4711
5264
5289
4691
3685
2531
1223
-488
-2681
-5025
-6975
-8162
-8566
-8392
-7834
-6959
-5812
-4552
-3409
-2455
-1573
-617
428
1498
2547
3625
4750
5817
6570
6798
6461
5645
4394
2673
527
-1804
-3892
-5414
-6299
-6613
-6348
-5515
-4355
-3239
-2341
-1573
-805
0
819
1686
2658
3690
4551
5014
5088
4978
4791
4444
3897
3343
3082
3266
3774
4274
4426
4080
3316
2282
1018
-596
-2652
-4961
-7075
-8559
-9282
-9351
-8941
-8151
-7012
-5602
-4160
-2965
-2086
-1341
-558
265
1092
2011
3128
4363
5466
6179
6375
6027
5118
3606
1535
-852
-3155
-5031
-6287
-6813
-6566
-5662
-4402
-3094
-1883
-753
339
1366
2274
3083
3882
4683
5317
5639
5682
5580
5378
5028
4559
4150
4013
4224
4677
5174
5475
5315
4538
3260
1754
118
-1787
-3994
-6191
-7960
-9081
-9575
-9505
-8944
-7954
-6662
-5299
-4124
-3201
-2387
-1579
-835
-183
515
1430
2567
3745
4726
5333
5464
5046
3991
2286
107
-2174
-4169
-5609
-6375
-6427
-5820
-4720
-3368
-1962
-611
625
1661
2482
3223
4068
5006
5804
6248
6357
6310
6203
5983
5601
5188
4943
4972
5229
5634
6049
6197
5775
4722
3305
1788
111
-1981
-4437
-6754
-8404
-9266
-9511
-9298
-8652
-7605
-6322
-5070
-4051
-3247
-2527
-1878
-1366
-905
-244
740
1883
2911
3664
4091
4093
3495
2206
369
-1674
-3593
-5184
-6326
-6868
-6738
-6062
-5096
-3988
-2734
-1372
-67
1029
1970
2944
4014
5014
5732
6130
6320
6364
6206
5805
5303
4944
4889
5114
5521
6007
6411
6433
5790
4513
2967
1444
-189
-2225
-4541
-6577
-7899
-8503
-8541
-8071
-7185
-6101
-5033
-4094
-3320
-2703
-2176
-1693
-1184
-531
334
1312
2233
3001
3547
3725
3388
2518
1181
-514
-2368
-4091
-5408
-6155
-6288
-5889
-5159
-4277
-3311
-2275
-1236
-268
668
1689
2806
3849
4637
5148
5496
5709
5691
5366
4852
4399
4192
4258
4538
4962
5415
5724
5678
5105
4025
2675
1295
-128
-1772
-3637
-5480
-6976
-7880
-8034
-7503
-6547
-5436
-4251
-3052
-2054
-1466
-1207
-973
-545
59
765
1567
2482
3418
4137
4392
4079
3235
1906
143
-1852
-3685
-4997
-5676
-5795
-5466
-4770
-3824
-2761
-1705
-752
67
828
1646
2518
3348
4090
4750
5252
5465
5337
4931
4356
3742
3238
2990
3052
3320
3581
3680
3602
3329
2687
1612
374
-694
-1664
-2892
-4478
-6008
-6920
-7021
-6606
-6089
-5519
-4643
-3468
-2459
-1977
-1800
-1475
-926
-403
-1
516
1355
2376
3187
3551
3526
3188
2384
955
-895
-2655
-3946
-4725
-5056
-4907
-4249
-3246
-2198
-1300
-548
132
734
1206
1614
2147
2951
3932
4811
5354
5522
5359
4882
4131
3316
2737
2525
2525
2494
2393
2390
2518
2445
1793
677
-344
-985
-1629
-2746
-4206
-5413
-6017
-6150
-6068
-5824
-5339
-4636
-3915
-3346
-2852
-2186
-1271
-328
411
974
1540
2159
2715
3072
3199
3059
2597
1790
729
-451
-1635
-2689
-3410
-3648
-3443
-2959
-2296
-1482
-615
132
687
1163
1733
2466
3321
4244
5179
5974
6390
6264
5657
4791
3884
3053
2352
1825
1472
1246
1110
1093
1162
1137
824
296
-187
-557
-1109
-2157
-3622
-5089
-6172
-6742
-6857
-6633
-6135
-5365
-4407
-3498
-2814
-2277
-1686
-1035
-485
-130
178
660
1354
2014
2347
2305
2082
1762
1156
105
-1137
-2076
-2508
-2648
-2696
-2503
-1855
-900
-62
481
931
1513
2184
2850
3613
4605
5671
6413
6547
6114
5351
4424
3366
2244
1275
697
537
619
773
969
1209
1359
1209
745
269
51
-111
-757
-2116
-3798
-5221
-6155
-6697
-6945
-6799
-6124
-5003
-3833
-2999
-2488
-2006
-1470
-1099
-976
-824
-348
384
1067
1562
2018
2523
2815
2506
1583
478
-399
-1049
-1657
-2140
-2134
-1500
-595
105
523
931
1486
2069
2609
3217
4003
4861
5545
5846
5691
5141
4260
3067
1666
361
-507
-825
-715
-332
233
924
1662
2257
2455
2113
1405
712
220
-321
-1301
-2744
-4242
-5375
-6052
-6338
-6266
-5844
-5213
-4570
-4038
-3619
-3269
-2992
-2825
-2712
-2465
-1909
-1062
-66
966
1990
2898
3486
3584
3180
2433
1550
671
-130
-764
-1105
-1123
-961
-796
-613
-262
294
909
1499
2176
3052
3967
4599
4784
4592
4095
3224
1970
612
-416
-855
-784
-404
203
1027
1923
2563
2733
2516
2127
1627
1016
485
270
225
-185
-1291
-2799
-4108
-4925
-5410
-5766
-5910
-5604
-4869
-4093
-3664
-3536
-3343
-2898
-2357
-1864
-1255
-257
1138
2633
3911
4840
5445
5699
5445
4541
3104
1503
79
-1086
-2017
-2591
-2581
-1995
-1188
-510
46
674
1371
1908
2186
2362
2595
2773
2645
2111
1322
521
-120
-517
-600
-318
260
920
1399
1561
1443
1186
935
775
721
784
1025
1508
2090
2305
1649
61
-1963
-3806
-5171
-6051
-6512
-6569
-6232
-5589
-4877
-4298
-3812
-3187
-2359
-1470
-587
456
1810
3363
4847
6087
7015
7477
7192
5994
4112
2048
175
-1430
-2742
-3560
-3701
-3294
-2717
-2296
-2076
-1933
-1758
-1557
-1355
-1082
-626
47
808
1457
1832
1894
1724
1423
1037
578
97
-307
-570
-677
-598
-300
164
690
1211
1688
2027
2189
2268
2412
2636
2720
2268
1013
-861
-2834
-4479
-5673
-6416
-6686
-6445
-5688
-4519
-3210
-2014
-935
201
1428
2620
3697
4694
5613
6366
6841
6953
6678
6020
4983
3596
1973
258
-1427
-2976
-4229
-5034
-5354
-5295
-5049
-4750
-4389
-3874
-3184
-2373
-1441
-336
857
1872
2479
2650
2478
2002
1244
341
-440
-853
-836
-502
-51
331
546
593
568
618
914
1558
2531
3648
4685
5459
5865
5768
4919
3061
338
-2564
-4804
-6006
-6311
-5956
-5026
-3581
-1876
-312
803
1466
1895
2255
2535
2714
2882
3195
3679
4224
4667
4869
4699
4033
2784
971
-1202
-3385
-5242
-6595
-7399
-7627
-7322
-6665
-5915
-5254
-4714
-4202
-3584
-2801
-1890
-894
172
1247
2177
2802
3000
2666
1780
530
-720
-1666
-2210
-2372
-2131
-1422
-292
1028
2211
3065
3636
4075
4401
4486
4269
3966
3870
4080
4363
4333
3663
2312
564
-1144
-2489
-3298
-3529
-3298
-2808
-2174
-1430
-676
-105
168
200
140
168
368
712
1129
1642
2242
2740
2839
2388
1428
9
-1841
-3965
-5984
-7444
-8111
-8059
-7513
-6628
-5476
-4178
-2962
-1990
-1197
-420
364
1028
1505
1852
2084
2065
1705
1143
693
562
690
900
1127
1435
1794
2034
2064
2006
2093
2450
3059
3842
4760
5745
6606
7092
7055
6623
6074
5679
5515
5362
4715
3223
1061
-1198
-3124
-4602
-5608
-6058
-5893
-5170
-4100
-3011
-2191
-1763
-1719
-1990
-2371
-2577
-2412
-1879
-1020
97
1276
2103
2241
1643
529
-870
-2401
-3912
-5186
-6012
-6295
-6106
-5632
-5058
-4464
-3813
-3059
-2187
-1198
-37
1331
2821
4167
5079
5407
5191
4524
3504
2334
1325
728
551
684
1055
1589
2088
2316
2208
1955
1831
2002
2466
3194
4189
5395
6528
7152
6992
6172
5081
4054
3166
2206
873
-913
-2891
-4742
-6364
-7745
-8755
-9277
-9358
-9082
-8456
-7501
-6318
-4994
-3587
-2214
-1016
-12
915
1866
2819
3667
4255
4410
4009
3025
1516
-361
-2307
-3965
-5096
-5610
-5507
-4848
-3790
-2535
-1251
-58
998
1966
2912
3775
4411
4731
4700
4269
3434
2315
1098
-62
-1017
-1638
-1857
-1683
-1157
-399
414
1151
1775
2264
2586
2779
2976
3302
3766
4243
4582
4736
4760
4634
4199
3362
2261
1160
208
-613
-1459
-2528
-3925
-5500
-6943
-7992
-8567
-8637
-8189
-7200
-5742
-4027
-2418
-1197
-365
272
814
1254
1673
2294
3279
4576
5954
7098
7747
7800
7274
6141
4382
2234
195
-1324
-2272
-2816
-3090
-3174
-3185
-3244
-3370
-3455
-3349
-2978
-2389
-1653
-785
184
1054
1541
1548
1211
730
188
-358
-779
-847
-452
203
725
879
771
587
376
143
56
339
1005
1787
2378
2669
2787
2886
2949
2812
2412
1911
1505
1206
936
692
416
-180
-1375
-3040
-4654
-5710
-6047
-5831
-5275
-4403
-3110
-1472
129
1358
2235
2990
3642
4052
4236
4437
4811
5279
5621
5640
5179
4149
2541
430
-1976
-4319
-6243
-7569
-8304
-8498
-8218
-7625
-6956
-6376
-5891
-5399
-4842
-4204
-3446
-2471
-1239
117
1317
2133
2483
2385
1899
1156
371
-219
-439
-219
355
1056
1660
2093
2385
2580
2721
2873
3115
3476
3943
4423
4804
5030
5185
5330
5439
5466
5441
5373
5171
4761
4250
3831
3584
3274
2491
967
-1100
-3221
-4989
-6266
-6982
-7067
-6553
-5608
-4441
-3206
-2050
-1053
-277
236
463
570
768
1137
1548
1883
2039
1889
1255
101
-1501
-3329
-5099
-6537
-7527
-8050
-8087
-7658
-6865
-5846
-4676
-3448
-2303
-1336
-485
371
1314
2311
3240
3940
4315
4334
4004
3396
2734
2265
2074
2089
2277
2677
3239
3738
3969
3923
3808
3831
4030
4318
4656
5062
5440
5511
5058
4138
3032
1988
1150
600
398
458
577
560
384
134
-99
-306
-622
-1237
-2285
-3658
-5146
-6519
-7633
-8331
-8551
-8300
-7634
-6632
-5469
-4379
-3442
-2561
-1642
-707
244
1257
2357
3437
4319
4759
4571
3753
2498
1005
-611
-2219
-3585
-4478
-4819
-4683
-4234
-3615
-2902
-2132
-1394
-766
-224
331
928
1525
2138
2832
3594
4264
4638
4585
4130
3404
2576
1814
1280
1081
1186
1445
1669
1742
1584
1178
604
44
-342
-479
-382
-92
329
796
1192
1432
1520
1526
1523
1519
1515
1554
1694
1883
1996
1920
1622
1115
381
-688
-2258
-4291
-6403
-8004
-8714
-8484
-7457
-5847
-3853
-1697
352
1911
2701
2758
2440
2090
1876
1856
2102
2672
3532
4494
5208
5315
4671
3419
1794
-65
-2017
-3768
-4940
-5325
-5072
-4570
-4197
-4070
-4129
-4297
-4536
-4688
-4417
-3445
-1772
332
2501
4335
5496
5815
5379
4428
3225
2021
1082
614
622
864
1015
909
611
265
-54
-263
-172
437
1595
3074
4555
5813
6741
7245
7188
6474
5224
3778
2478
1455
669
110
-235
-490
-865
-1395
-1908
-2195
-2280
-2420
-2949
-3923
-5035
-5879
-6276
-6304
-6063
-5657
-5157
-4571
-3788
-2803
-1790
-971
-395
2
298
522
747
1056
1512
2045
2413
2328
1655
502
-963
-2610
-4314
-5777
-6657
-6776
-6277
-5474
-4609
-3790
-3077
-2562
-2270
-2027
-1483
-356
1342
3295
5113
6512
7359
7580
7195
6365
5390
4524
3894
3533
3462
3648
3936
4131
4072
3759
3320
2914
2588
2290
1986
1695
1384
961
374
-304
-948
-1465
-1815
-1970
-1863
-1461
-808
-107
408
575
369
-174
-980
-1888
-2674
-3192
-3522
-3949
-4757
-5938
-7113
-7816
-7840
-7280
-6260
-4803
-2894
-683
1428
2933
3571
3560
3310
3077
2893
2822
3002
3515
4267
5025
5422
5119
3995
2244
194
-1846
-3584
-4750
-5189
-4932
-4131
-3031
-1916
-1006
-316
267
802
1263
1713
2353
3278
4270
4929
5010
4558
3774
2802
1725
694
-15
-203
31
320
374
192
-85
-425
-897
-1476
-1946
-2067
-1770
-1221
-687
-361
-298
-454
-769
-1193
-1657
-2045
-2208
-2049
-1638
-1169
-814
-573
-358
-99
205
557
989
1576
2327
3018
3187
2466
975
-730
-2060
-2784
-2989
-2839
-2406
-1726
-899
-101
492
782
771
531
187
-73
-43
423
1293
2396
3453
4135
4136
3349
1958
320
-1262
-2634
-3700
-4371
-4621
-4591
-4526
-4634
-4918
-5173
-5130
-4658
-3787
-2553
-973
846
2609
3969
4716
4855
4530
3963
3349
2776
2245
1773
1428
1204
975
612
111
-455
-1012
-1526
-1945
-2162
-2038
-1508
-693
185
946
1589
2182
2751
3236
3618
3933
4205
4351
4254
3870
3228
2362
1345
326
-500
-1029
-1295
-1377
-1361
-1402
-1788
-2714
-4006
-5106
-5502
-5083
-4144
-3003
-1794
-497
775
1704
1989
1687
1221
1019
1165
1492
1863
2280
2719
3038
3031
2533
1496
59
-1481
-2866
-4002
-4902
-5536
-5797
-5592
-4948
-4051
-3180
-2468
-1811
-1054
-227
524
1157
1761
2427
3095
3578
3686
3410
2959
2575
2301
2001
1579
1127
833
780
800
599
47
-661
-1193
-1404
-1396
-1350
-1331
-1274
-1096
-812
-517
-273
-23
329
791
1263
1643
1945
2229
2507
2675
2618
2302
1822
1349
1009
796
605
331
-135
-926
-2097
-3418
-4432
-4714
-4150
-2933
-1465
-125
904
1656
2159
2303
2029
1510
1092
1003
1254
1664
2040
2297
2509
2704
2706
2225
1171
-258
-1788
-3264
-4601
-5656
-6297
-6476
-6224
-5597
-4753
-3936
-3305
-2782
-2141
-1267
-273
636
1386
2065
2764
3372
3639
3415
2821
2134
1515
924
305
-245
-583
-712
-794
-939
-1143
-1340
-1470
-1478
-1295
-903
-327
370
1099
1766
2338
2823
3199
3421
3541
3682
3849
3899
3712
3378
3025
2647
2119
1473
962
847
1111
1458
1513
1014
-80
-1547
-2993
-4046
-4460
-4171
-3327
-2279
-1353
-659
-157
105
4
-455
-1007
-1297
-1118
-471
489
1548
2470
3047
3113
2584
1485
-25
-1691
-3239
-4470
-5317
-5833
-6127
-6252
-6188
-5968
-5742
-5637
-5528
-5060
-3968
-2270
-244
1811
3672
5193
6205
6522
6127
5301
4484
3891
3397
2777
1996
1203
523
-87
-758
-1497
-2062
-2122
-1580
-653
316
1115
1701
2115
2359
2398
2242
2003
1862
1907
2079
2224
2209
1987
1613
1193
814
520
389
515
907
1416
1770
1691
978
-352
-2008
-3498
-4401
-4523
-3904
-2770
-1485
-448
125
284
218
93
-9
7
264
833
1618
2339
2699
2563
2050
1358
588
-289
-1238
-2109
-2762
-3218
-3589
-3977
-4395
-4773
-4969
-4875
-4520
-4007
-3375
-2525
-1381
-38
1258
2301
3043
3514
3690
3471
2836
1943
1078
442
6
-393
-812
-1109
-1126
-930
-758
-763
-859
-847
-640
-310
53
448
907
1415
1908
2326
2642
2862
2999
3065
3035
2885
2564
2067
1489
1008
703
461
156
-142
-207
72
554
940
1035
833
440
-99
-741
-1304
-1483
-1117
-364
369
714
567
121
-334
-627
-767
-861
-961
-979
-770
-333
124
348
314
184
99
-33
-416
-1162
-2154
-3146
-3951
-4543
-4971
-5187
-5082
-4617
-3935
-3258
-2722
-2275
-1764
-1069
-181
815
1760
2502
3001
3350
3622
3738
3568
3093
2446
1763
1102
464
-136
-663
-1112
-1515
-1870
-2099
-2078
-1746
-1134
-335
571
1537
2472
3244
3738
3972
4044
4018
3866
3552
3099
2590
2102
1660
1220
728
206
-216
-393
-291
-15
251
391
404
403
457
471
265
-181
-599
-651
-277
193
359
94
-389
-835
-1143
-1400
-1683
-1951
-2097
-2068
-1973
-1933
-1912
-1748
-1357
-845
-426
-283
-469
-865
-1316
-1740
-2127
-2392
-2417
-2197
-1867
-1566
-1339
-1211
-1219
-1333
-1417
-1331
-1043
-635
-230
60
214
272
306
319
279
223
294
633
1203
1792
2156
2194
1999
1766
1672
1733
1836
1867
1848
1883
1940
1841
1413
753
162
-77
64
399
731
989
1215
1415
1543
1572
1575
1640
1801
2005
2154
2135
1898
1473
959
457
48
-198
-254
-169
-93
-226
-685
-1358
-1935
-2160
-2028
-1765
-1585
-1556
-1581
-1574
-1575
-1733
-2139
-2715
-3262
-3607
-3665
-3426
-2936
-2289
-1576
-857
-235
133
112
-272
-858
-1422
-1788
-1891
-1804
-1645
-1468
-1243
-950
-651
-452
-413
-450
-424
-243
68
432
801
1190
1656
2203
2718
3058
3162
3082
2916
2737
2615
2558
2502
2321
1982
1576
1210
884
532
151
-176
-340
-314
-140
110
392
678
959
1220
1488
1827
2287
2828
3304
3564
3522
3174
2573
1835
1102
477
-4
-351
-621
-909
-1286
-1801
-2477
-3252
-3931
-4252
-4076
-3468
-2663
-1955
-1548
-1432
-1416
-1302
-1032
-688
-391
-177
31
296
565
694
610
357
26
-346
-773
-1260
-1733
-2058
-2117
-1889
-1485
-1057
-727
-538
-473
-482
-554
-714
-940
-1084
-958
-495
173
824
1303
1588
1736
1815
1876
1930
1961
1940
1870
1759
1596
1333
934
404
-194
-755
-1162
-1354
-1346
-1209
-991
-706
-358
-8
276
495
739
1110
1601
2084
2402
2469
2296
1943
1460
918
411
32
-187
-263
-256
-265
-369
-583
-856
-1133
-1393
-1616
-1780
-1849
-1768
-1494
-1075
-668
-443
-454
-617
-800
-909
-925
-903
-921
-986
-997
-833
-474
-21
375
623
693
599
392
164
-25
-191
-372
-562
-719
-842
-971
-1137
-1317
-1450
-1487
-1392
-1129
-664
-32
626
1136
1411
1477
1429
1356
1339
1427
1615
1857
2093
2263
2280
2059
1604
1037
532
196
40
29
130
272
340
229
-32
-277
-347
-198
132
583
1087
1538
1818
1884
1771
1560
1316
1111
1017
1067
1215
1325
1243
898
355
-251
-830
-1343
-1754
-2008
-2085
-2029
-1927
-1823
-1688
-1495
-1299
-1189
-1157
-1068
-812
-432
-85
114
205
326
550
795
925
892
753
551
265
-116
-573
-1043
-1470
-1779
-1900
-1810
-1581
-1358
-1261
-1331
-1520
-1728
-1824
-1727
-1443
-1085
-785
-599
-510
-433
-298
-75
224
572
927
1191
1235
1001
572
121
-225
-433
-546
-627
-693
-704
-618
-474
-354
-281
-175
65
472
973
1444
1786
1954
1955
1858
1771
1781
1903
2083
2255
2359
2349
2200
1915
1530
1077
565
13
-492
-802
-812
-559
-220
15
80
48
22
10
-59
-217
-379
-401
-227
62
329
494
557
549
456
237
-104
-479
-798
-1025
-1186
-1315
-1444
-1618
-1861
-2130
-2328
-2379
-2302
-2178
-2072
-1984
-1872
-1713
-1515
-1305
-1112
-959
-856
-761
-608
-348
6
390
735
1003
1194
1307
1340
1302
1233
1194
1198
1232
1289
1398
1558
1699
1742
1651
1507
1428
1497
1700
1976
2274
2542
2692
2642
2393
2025
1662
1395
1266
1256
1315
1376
1384
1309
1115
784
323
-207
-714
-1119
-1375
-1486
-1508
-1531
-1629
-1826
-2092
-2363
-2569
-2632
-2508
-2213
-1821
-1417
-1059
-794
-678
-744
-974
-1292
-1585
-1743
-1692
-1482
-1260
-1186
-1299
-1538
-1817
-2103
-2365
-2528
-2502
-2269
-1923
-1586
-1318
-1078
-802
-482
-158
141
444
800
1213
1619
1940
2146
2248
2265
2215
2134
2059
2014
1963
1877
1744
1577
1362
1063
712
421
298
336
455
600
783
996
1167
1229
1188
1129
1113
1134
1105
972
765
567
404
222
0
-207
-343
-435
-545
-664
-727
-681
-535
-351
-197
-131
-154
-228
-310
-389
-473
-585
-732
-889
-1004
-1038
-1016
-996
-1016
-1075
-1159
-1231
-1204
-995
-621
-236
-11
0
-103
-170
-130
-30
42
40
-5
-32
19
172
404
656
883
1051
1110
1014
774
493
293
255
377
597
825
978
998
839
510
92
-280
-519
-586
-512
-361
-225
-136
-70
17
166
389
662
897
1031
1043
957
789
573
343
107
-150
-414
-640
-791
-869
-906
-922
-912
-869
-799
-710
-586
-409
-178
93
368
589
699
710
671
566
323
-94
-584
-1010
-1304
-1461
-1486
-1378
-1162
-899
-649
-471
-384
-351
-299
-169
31
243
401
482
521
566
618
649
651
649
663
673
655
630
635
689
750
763
715
626
515
383
221
40
-125
-246
-326
-410
-570
-853
-1231
-1597
-1813
-1796
-1558
-1173
-744
-376
-154
-91
-124
-157
-104
54
280
504
685
810
867
819
654
428
246
178
185
147
-21
-285
-527
-654
-646
-566
-492
-448
-374
-204
76
399
680
864
941
926
847
749
664
590
517
438
368
320
303
308
305
261
192
167
229
336
393
360
284
244
279
365
441
462
447
437
452
458
414
305
145
-47
-256
-470
-668
-842
-979
-1043
-1001
-873
-750
-692
-687
-687
-690
-738
-822
-883
-854
-700
-422
-30
412
792
989
947
682
310
-22
-200
-212
-123
-3
108
199
252
242
153
1
-162
-236
-147
66
281
398
415
364
257
83
-119
-286
-364
-322
-186
-40
3
-99
-305
-527
-682
-709
-595
-371
-83
211
447
583
615
563
451
317
192
95
33
16
41
89
129
144
147
139
119
98
116
192
287
348
347
293
199
78
-51
-181
-298
-376
-400
-394
-379
-341
-286
-267
-343
-483
-605
-654
-616
-493
-296
-68
120
210
186
103
24
-36
-122
-256
-392
-458
-417
-287
-102
102
286
407
446
409
317
180
17
-148
-291
-395
-445
-424
-352
-271
-241
-286
-377
-435
-394
-252
-70
92
225
336
427
489
538
581
620
665
737
828
895
908
887
863
849
849
883
961
1029
1003
847
622
423
321
306
328
327
278
200
108
15
-103
-266
-451
-572
-543
-403
-271
-236
-256
-253
-226
-231
-311
-431
-545
-626
-690
-744
-793
-835
-871
-890
-867
-781
-624
-409
-150
129
388
572
648
625
533
381
157
-123
-391
-589
-716
-803
-861
-892
-906
-919
-925
-875
-733
-510
-262
-35
154
300
401
471
546
643
762
899
1039
1135
1119
974
748
504
282
110
12
-14
11
56
94
91
25
-99
-235
-332
-369
-357
-316
-246
-151
-51
23
63
79
78
57
16
-44
-117
-179
-185
-115
-9
60
38
-87
-278
-453
-525
-472
-345
-199
-50
91
190
227
226
220
227
254
310
413
551
681
741
695
557
355
106
-175
-444
-642
-727
-696
-582
-442
-336
-261
-183
-75
38
107
112
90
96
145
201
219
180
105
50
30
1
-105
-279
-431
-477
-415
-314
-241
-222
-214
-144
8
186
310
366
407
471
525
512
418
284
193
192
266
369
458
527
579
616
609
528
375
200
58
-40
-106
-137
-110
-18
112
220
257
208
91
-57
-189
-257
-240
-162
-78
-37
-63
-148
-264
-391
-538
-685
-785
-780
-689
-584
-544
-612
-785
-1015
-1215
-1300
-1254
-1100
-861
-568
-281
-80
-2
-23
-76
-101
-70
8
103
196
260
276
255
249
311
429
553
640
682
682
622
504
374
293
286
319
354
382
421
494
591
684
756
802
828
835
808
725
584
423
300
242
237
252
267
267
237
143
-13
-191
-352
-494
-611
-660
-587
-423
-268
-221
-305
-461
-609
-671
-632
-517
-378
-238
-91
63
171
184
102
-20
-132
-220
-278
-302
-285
-231
-145
-40
35
20
-99
-252
-315
-244
-93
39
107
142
183
247
296
320
343
409
515
613
649
604
496
346
176
11
-107
-177
-231
-295
-357
-403
-456
-543
-659
-754
-783
-721
-588
-428
-285
-166
-51
79
213
323
409
481
541
562
545
511
502
521
534
487
350
160
-13
-124
-205
-297
-389
-432
-419
-388
-369
-342
-285
-211
-161
-153
-163
-142
-78
0
52
77
97
124
141
112
17
-114
-208
-204
-121
-28
17
0
-76
-198
-336
-454
-521
-507
-409
-264
-148
-103
-114
-155
-222
-300
-349
-325
-218
-38
189
418
602
711
746
731
699
676
663
621
521
376
233
128
57
-3
-65
-96
-63
33
165
294
390
439
440
419
379
327
305
359
501
692
868
971
959
822
589
313
39
-208
-394
-485
-487
-452
-429
-446
-512
-640
-803
-919
-920
-822
-690
-567
-451
-343
-253
-192
-173
-210
-285
-351
-358
-299
-203
-80
58
183
259
268
218
122
-4
-146
-275
-373
-437
-465
-441
-362
-250
-143
-60
14
104
230
386
536
631
647
589
484
365
266
196
129
32
-111
-275
-415
-504
-540
-528
-488
-452
-443
-444
-419
-344
-203
10
261
474
588
614
608
602
593
568
516
433
330
210
53
-151
-364
-532
-626
-659
-643
-586
-535
-526
-576
-654
-718
-730
-662
-515
-332
-182
-83
0
109
231
318
361
405
501
635
756
809
774
666
524
381
254
133
7
-124
-245
-324
-337
-280
-187
-97
-19
54
123
177
218
240
243
256
322
437
550
589
517
364
213
153
206
319
413
452
449
420
349
229
111
53
61
87
102
108
110
78
-1
-97
-153
-150
-103
-36
45
147
243
300
293
258
251
313
415
476
437
316
179
79
15
-35
-80
-133
-217
-353
-522
-658
-712
-701
-682
-695
-730
-772
-822
-881
-950
-1010
-1042
-1019
-922
-768
-600
-461
-359
-289
-232
-190
-163
-148
-122
-70
3
78
124
140
144
173
224
271
289
307
345
395
416
384
321
245
183
136
105
82
87
148
263
388
463
466
412
357
338
354
351
299
225
173
159
145
91
-15
-143
-258
-338
-378
-370
-310
-214
-122
-86
-131
-239
-361
-446
-459
-399
-294
-183
-110
-107
-188
-333
-508
-684
-821
-863
-784
-621
-451
-324
-262
-260
-273
-254
-178
-70
39
131
207
299
431
592
738
850
954
1062
1156
1203
1184
1108
1007
919
865
832
791
714
601
483
406
379
387
394
385
350
297
232
168
119
90
80
76
81
96
116
111
55
-62
-226
-403
-555
-648
-688
-686
-644
-559
-458
-376
-326
-275
-194
-85
25
107
144
138
89
3
-110
-229
-304
-302
-250
-197
-157
-89
36
174
265
288
278
262
232
159
33
-120
-274
-414
-530
-610
-639
-616
-568
-542
-548
-548
-498
-423
-362
-315
-258
-191
-147
-132
-114
-77
-25
49
158
261
291
225
126
68
54
41
6
-36
-72
-112
-181
-279
-384
-462
-496
-495
-488
-474
-445
-380
-299
-232
-188
-154
-100
-36
24
64
88
105
124
153
201
255
290
290
270
254
249
259
286
316
325
273
171
60
-6
-19
-5
35
116
220
283
260
165
37
-91
-183
-220
-218
-222
-260
-309
-320
-251
-127
-29
-9
-35
-25
60
179
273
326
369
432
506
560
574
544
496
445
388
319
261
243
271
310
334
346
364
390
424
463
509
560
610
637
617
548
446
321
177
39
-46
-37
52
149
173
110
18
-38
-47
-34
-39
-85
-166
-251
-317
-365
-401
-405
-361
-299
-266
-268
-258
-203
-105
6
112
189
221
204
165
123
105
116
138
132
89
40
1
-46
-134
-249
-346
-396
-421
-458
-514
-567
-604
-633
-665
-670
-619
-525
-430
-360
-309
-257
-208
-188
-212
-265
-319
-353
-367
-354
-307
-241
-195
-203
-246
-278
-263
-221
-184
-163
-163
-175
-186
-181
-163
-142
-123
-107
-109
-147
-216
-291
-351
-391
-418
-420
-380
-289
-171
-71
-8
31
76
128
176
203
207
187
159
161
212
282
295
213
96
32
57
134
220
305
382
439
468
479
488
513
560
630
724
837
940
996
989
941
887
834
778
720
660
588
486
357
209
31
-176
-366
-462
-440
-365
-307
-265
-189
-67
48
105
105
86
96
154
247
327
350
314
261
214
157
78
-7
-63
-81
-79
-77
-88
-101
-109
-118
-157
-227
-288
-306
-284
-260
-273
-318
-350
-316
-220
-125
-106
-165
-236
-249
-195
-145
-165
-248
-341
-404
-430
-417
-375
-329
-312
-324
-336
-327
-290
-213
-104
-11
6
-40
-73
-36
52
135
209
304
433
550
590
540
448
388
384
392
352
248
116
-19
-143
-260
-372
-477
-553
-570
-507
-386
-253
-166
-159
-210
-248
-212
-120
-36
7
17
-1
-41
-83
-98
-101
-129
-193
-277
-349
-379
-351
-281
-217
-183
-194
-248
-353
-492
-619
-675
-624
-490
-332
-204
-131
-119
-160
-220
-255
-232
-157
-60
24
84
127
185
271
360
425
447
461
482
512
519
483
402
314
271
295
359
422
489
591
736
882
983
1009
972
906
866
879
919
941
929
881
790
649
488
362
272
184
68
-44
-117
-158
-211
-292
-370
-438
-527
-638
-718
-735
-711
-664
-583
-466
-370
-358
-419
-498
-526
-487
-408
-340
-310
-302
-291
-264
-225
-176
-120
-76
-71
-105
-138
-154
-159
-173
-187
-180
-150
-112
-85
-65
-28
48
168
297
394
436
440
440
445
431
365
248
143
90
64
22
-24
-27
22
77
96
72
26
-16
-27
-1
43
68
55
13
-20
-18
14
46
57
52
32
-12
-96
-214
-322
-368
-337
-278
-236
-219
-212
-230
-306
-422
-525
-579
-607
-638
-669
-683
-661
-613
-544
-460
-364
-259
-150
-41
58
140
199
251
312
367
379
319
214
120
71
50
30
13
7
19
51
105
161
213
267
327
359
339
295
248
183
84
-15
-49
1
75
106
85
76
136
250
349
379
365
360
398
475
553
606
629
634
628
602
566
531
502
464
406
322
214
106
28
-6
-18
-27
-34
-32
-25
-15
-1
4
-24
-81
-130
-142
-128
-129
-164
-222
-280
-333
-396
-458
-502
-516
-517
-515
-514
-519
-511
-469
-384
-285
-198
-140
-118
-138
-187
-252
-325
-399
-451
-462
-440
-393
-306
-179
-43
55
102
116
139
208
313
410
439
397
326
270
241
217
187
155
132
116
93
58
30
27
55
98
140
175
209
244
275
283
258
201
133
74
36
28
54
116
215
308
354
350
325
299
240
120
-50
-233
-406
-548
-640
-682
-696
-701
-698
-693
-698
-709
-697
-654
-593
-537
-487
-441
-398
-347
-282
-225
-207
-208
-177
-94
4
67
84
69
35
9
9
41
83
115
136
160
185
220
275
342
384
372
324
277
257
264
296
332
351
347
345
379
438
497
538
574
613
647
654
627
577
517
458
396
337
280
221
159
115
104
101
74
21
-14
6
65
118
134
113
71
32
20
39
66
65
13
-74
-155
-208
-239
-273
-314
-356
-375
-366
-327
-285
-282
-352
-482
-617
-696
-695
-633
-560
-508
-468
-430
-406
-426
-468
-471
-389
-254
-134
-72
-73
-104
-130
-103
-29
67
141
179
183
193
238
309
356
354
332
327
338
321
264
178
98
31
-24
-52
-36
5
40
43
38
79
183
309
395
426
434
430
401
327
207
75
-36
-96
-105
-71
-12
34
43
29
33
68
101
118
134
173
214
227
197
137
57
-43
-148
-233
-277
-284
-269
-245
-220
-222
-267
-340
-405
-432
-426
-411
-398
-387
-372
-350
-329
-329
-354
-387
-399
-380
-336
-279
-209
-127
-27
82
181
237
229
158
63
-8
-31
-4
55
123
187
238
285
332
382
444
514
576
592
564
532
532
572
621
628
555
412
256
148
104
105
120
128
124
111
90
46
-26
-104
-146
-132
-88
-45
-14
10
18
-12
-93
-211
-336
-420
-443
-414
-361
-310
-266
-233
-206
-189
-175
-164
-171
-203
-248
-272
-245
-189
-151
-167
-224
-278
-299
-282
-253
-219
-183
-152
-122
-92
-77
-102
-160
-215
-224
-172
-55
102
230
278
271
273
316
377
420
437
417
361
285
215
181
185
209
214
174
104
49
40
82
142
177
151
60
-65
-174
-218
-193
-133
-96
-109
-159
-204
-225
-226
-216
-201
-186
-169
-117
-10
106
134
56
-55
-114
-134
-156
-177
-159
-101
-45
-8
24
70
109
125
133
152
174
187
184
159
106
54
46
83
120
113
59
3
-14
20
90
148
158
103
16
-47
-65
-71
-116
-195
-234
-174
-36
82
97
14
-85
-114
-49
88
235
318
295
199
125
130
196
255
262
224
173
149
165
220
284
326
314
260
210
191
179
125
5
-162
-303
-348
-301
-235
-228
-284
-351
-366
-295
-160
-29
26
-10
-97
-180
-233
-243
-222
-191
-173
-150
-111
-81
-96
-140
-164
-168
-189
-236
-258
-237
-192
-152
-126
-121
-146
-193
-246
-293
-319
-302
-224
-120
-28
24
39
40
50
91
150
197
203
173
137
115
99
82
79
111
164
194
185
146
106
92
114
150
170
172
173
195
222
236
218
156
78
40
76
137
158
117
52
-13
-76
-123
-135
-117
-101
-112
-145
-170
-171
-160
-141
-123
-104
-96
-91
-70
-14
49
90
87
48
8
-10
5
23
5
-66
-154
-196
-180
-156
-170
-207
-207
-142
-29
100
213
294
336
372
437
543
653
716
702
620
527
474
465
469
458
439
430
429
420
379
310
221
