209
225
253
305
376
434
449
422
380
321
219
97
11
-14
-8
7
38
75
102
127
165
207
226
222
214
193
153
115
110
125
118
58
-34
-102
-107
-66
-29
-24
-26
-2
49
105
126
84
-24
-165
-284
-349
-342
-290
-235
-236
-307
-399
-439
-403
-344
-309
-304
-296
-264
-205
-142
-97
-97
-130
-180
-219
-244
-246
-218
-163
-103
-55
-2
67
121
115
64
19
12
28
58
115
198
275
300
267
211
178
169
146
81
-2
-64
-65
-14
53
74
29
-43
-93
-107
-107
-107
-123
-155
-172
-141
-78
-38
-46
-77
-92
-81
-50
-14
2
1
8
49
99
107
57
-21
-79
-75
-13
59
89
78
77
105
127
106
55
7
-33
-68
-96
-99
-78
-58
-77
-129
-176
-196
-208
-228
-239
-213
-152
-98
-86
-119
-166
-195
-189
-149
-82
-22
-5
-25
-53
-56
-45
-23
-1
11
9
12
54
123
178
192
196
216
243
244
228
210
216
238
271
286
263
201
127
65
23
20
70
159
235
248
186
86
7
-4
49
124
184
221
254
290
321
341
349
341
305
265
259
300
363
394
368
298
233
197
163
96
1
-79
-131
-152
-157
-151
-144
-160
-191
-218
-214
-177
-154
-160
-198
-243
-277
-291
-280
-248
-208
-181
-184
-212
-250
-278
-278
-255
-215
-186
-181
-218
-297
-401
-502
-544
-496
-378
-246
-149
-91
-43
12
66
104
118
118
115
117
110
79
35
31
95
181
237
246
231
203
172
160
179
213
244
281
325
370
383
353
270
154
60
26
58
107
125
78
-18
-113
-168
-185
-185
-200
-249
-319
-364
-336
-245
-138
-55
-14
-22
-62
-109
-154
-203
-255
-280
-251
-182
-121
-103
-133
-190
-239
-234
-156
-44
33
27
-36
-108
-148
-152
-127
-95
-71
-50
-9
67
147
199
207
199
193
185
172
163
169
162
125
76
52
70
97
95
59
24
27
68
136
215
273
275
224
172
144
119
75
12
-61
-122
-125
-52
63
154
185
148
49
-58
-115
-114
-113
-154
-209
-251
-286
-330
-368
-373
-338
-277
-212
-158
-116
-72
-26
23
66
89
82
53
42
59
65
31
-15
-1
88
207
289
313
290
265
276
331
389
391
330
240
171
141
132
130
112
71
6
-51
-66
-44
-24
-38
-66
-64
-15
35
56
58
74
104
129
139
120
65
-8
-63
-90
-112
-138
-137
-106
-82
-99
-145
-198
-248
-265
-214
-118
-56
-68
-113
-133
-128
-130
-151
-177
-194
-192
-162
-108
-52
-10
24
53
66
52
26
5
3
0
-1
8
38
67
66
31
-30
-81
-90
-41
19
44
30
28
62
118
167
191
192
187
189
186
162
117
76
49
20
-45
-159
-273
-309
-223
-65
75
131
126
122
141
151
113
28
-56
-112
-134
-145
-164
-179
-171
-105
-8
72
94
53
-26
-127
-220
-276
-271
-224
-175
-153
-155
-155
-133
-91
-45
-27
-39
-46
-2
82
139
118
36
-27
-26
25
76
108
114
96
72
74
95
94
64
35
26
21
19
49
100
139
139
129
130
125
102
76
79
120
179
223
221
181
139
122
113
91
60
59
108
207
329
432
465
414
316
223
154
75
-24
-128
-214
-267
-276
-228
-150
-77
-30
2
43
95
135
123
70
21
15
25
23
21
37
64
65
38
2
-31
-70
-117
-150
-151
-128
-121
-140
-168
-174
-148
-109
-77
-90
-154
-233
-258
-197
-105
-41
-12
32
117
205
240
204
138
93
65
9
-113
-267
-385
-435
-429
-404
-356
-280
-184
-103
-69
-73
-75
-47
-9
-11
-64
-125
-155
-164
-199
-259
-315
-340
-344
-322
-257
-170
-117
-130
-177
-216
-234
-242
-235
-215
-179
-132
-83
-60
-78
-118
-141
-123
-73
-6
42
46
7
-33
-28
20
73
104
103
76
33
-1
-1
15
23
11
-3
0
45
145
288
419
474
453
393
345
313
302
304
306
275
203
133
101
111
119
116
116
145
193
233
253
262
278
304
336
357
358
355
367
378
351
284
209
155
119
104
106
108
96
78
78
92
89
54
16
20
65
105
86
12
-58
-80
-56
-14
38
106
189
262
301
284
197
68
-46
-83
-35
50
111
112
63
-9
-93
-192
-289
-341
-329
-276
-224
-198
-203
-229
-265
-310
-354
-371
-336
-266
-218
-208
-227
-248
-261
-266
-249
-202
-125
-40
15
14
-32
-90
-131
-149
-137
-112
-83
-71
-66
-50
-18
6
-6
-56
-120
-171
-192
-185
-167
-160
-175
-194
-194
-174
-160
-160
-159
-132
-83
-35
-34
-69
-101
-112
-106
-95
-80
-92
-149
-215
-237
-234
-253
-285
-273
-208
-136
-85
-34
45
133
195
208
178
132
99
102
140
200
259
297
311
316
323
315
279
231
184
136
73
17
5
35
80
122
175
229
255
244
238
275
347
394
359
245
103
-14
-74
-52
55
209
322
356
336
299
258
204
147
107
99
113
122
87
11
-66
-105
-112
-126
-163
-206
-222
-203
-167
-143
-142
-147
-131
-81
0
76
116
121
106
68
-17
-116
-168
-141
-67
5
45
34
-9
-37
-29
-8
2
17
51
89
113
105
80
60
69
100
102
47
-28
-57
-20
46
95
118
120
103
69
21
-26
-57
-60
-31
28
109
186
241
261
247
207
171
162
161
129
53
-52
-172
-295
-379
-382
-316
-241
-212
-226
-244
-242
-227
-222
-226
-221
-196
-183
-220
-322
-453
-555
-610
-612
-564
-462
-321
-179
-82
-60
-107
-160
-172
-151
-143
-163
-207
-266
-350
-435
-469
-410
-284
-167
-102
-77
-56
-38
-27
-16
23
76
104
72
16
-3
31
73
77
50
56
119
215
290
324
319
276
207
140
115
131
163
191
209
227
241
245
235
214
180
135
96
63
34
7
-12
-22
-46
-71
-70
-11
105
240
344
386
399
424
478
519
526
498
446
374
295
227
181
144
108
72
44
22
10
20
48
72
71
56
50
70
100
124
137
140
133
113
96
104
137
168
172
152
129
129
162
221
270
289
287
301
317
294
212
106
15
-29
-16
37
80
62
-13
-109
-172
-175
-122
-61
-36
-52
-87
-115
-122
-123
-144
-200
-274
-340
-389
-403
-378
-336
-314
-322
-312
-264
-202
-156
-139
-138
-170
-241
-328
-384
-399
-402
-418
-434
-419
-381
-345
-308
-248
-170
-117
-107
-124
-131
-123
-117
-139
-207
-304
-398
-445
-444
-394
-329
-278
-257
-254
-245
-246
-265
-299
-331
-357
-391
-424
-431
-394
-320
-234
-172
-153
-163
-165
-151
-157
-200
-243
-205
-81
66
164
201
230
291
393
497
570
603
612
596
554
489
439
427
456
497
517
520
520
520
528
557
624
696
713
651
539
429
358
337
347
348
314
257
196
158
152
167
187
196
186
145
92
61
81
141
209
238
200
121
64
67
100
104
55
-2
-27
3
66
136
177
176
137
80
19
-42
-82
-91
-77
-82
-112
-129
-88
2
80
100
62
11
-20
-33
-47
-86
-142
-191
-193
-142
-59
20
67
70
31
-24
-79
-135
-204
-276
-321
-336
-337
-342
-348
-350
-346
-342
-339
-334
-322
-308
-305
-317
-322
-298
-254
-215
-208
-228
-241
-213
-146
-105
-135
-211
-239
-201
-142
-128
-161
-200
-221
-225
-226
-220
-217
-233
-273
-300
-286
-237
-193
-186
-215
-258
-274
-249
-212
-214
-264
-292
-249
-143
-46
-10
-42
-128
-203
-211
-143
-51
16
61
107
165
209
214
184
136
96
74
76
96
122
136
135
144
178
235
285
322
358
386
383
341
283
220
158
105
94
147
254
370
444
454
423
390
387
400
405
381
327
279
257
263
258
207
115
34
22
74
129
129
84
44
43
69
95
111
132
154
161
158
165
203
244
258
241
219
208
205
191
159
112
70
63
114
209
312
379
397
358
276
181
87
-16
-154
-295
-373
-365
-314
-283
-295
-345
-413
-478
-507
-484
-439
-397
-355
-298
-242
-234
-298
-415
-526
-572
-530
-432
-342
-279
-220
-148
-87
-78
-125
-185
-200
-165
-130
-153
-236
-319
-332
-259
-140
-29
56
135
205
248
257
254
263
284
319
369
419
422
349
248
167
115
68
48
84
163
228
242
223
198
186
176
138
43
-94
-219
-306
-388
-493
-575
-566
-482
-392
-344
-332
-343
-348
-322
-265
-231
-256
-306
-321
-272
-192
-121
-100
-130
-176
-194
-159
-85
-2
72
136
188
208
184
120
46
-9
-17
58
209
378
489
523
529
553
601
651
700
763
858
964
1027
1006
918
824
749
686
608
515
410
284
152
33
-45
-88
-130
-194
-261
-309
-346
-407
-509
-626
-732
-827
-937
-1064
-1182
-1268
-1311
-1320
-1292
-1230
-1128
-1006
-894
-808
-727
-615
-475
-334
-220
-128
-55
2
54
114
182
258
358
498
650
754
778
756
757
826
955
1094
1201
1272
1333
1424
1545
1670
1754
1769
1706
1577
1412
1238
1076
918
742
533
299
72
-119
-271
-425
-599
-774
-910
-1012
-1111
-1231
-1368
-1496
-1605
-1698
-1769
-1793
-1754
-1667
-1533
-1345
-1113
-895
-749
-701
-746
-852
-955
-992
-953
-884
-817
-733
-607
-436
-243
-35
179
361
475
521
563
669
862
1111
1375
1635
1890
2136
2332
2451
2486
2462
2387
2266
2127
1989
1843
1646
1383
1095
831
611
402
172
-85
-326
-517
-678
-860
-1122
-1465
-1872
-2288
-2634
-2830
-2846
-2723
-2522
-2294
-2046
-1786
-1555
-1402
-1345
-1346
-1371
-1408
-1466
-1547
-1638
-1704
-1701
-1593
-1380
-1102
-813
-570
-394
-296
-243
-185
-84
58
238
454
718
1038
1391
1741
2048
2305
2533
2745
2921
3019
3033
2995
2949
2904
2843
2766
2701
2662
2620
2506
2281
1963
1603
1226
832
420
12
-370
-700
-952
-1117
-1226
-1335
-1490
-1697
-1934
-2150
-2311
-2401
-2396
-2277
-2050
-1781
-1545
-1383
-1279
-1193
-1108
-1044
-1027
-1055
-1100
-1151
-1195
-1206
-1129
-952
-705
-424
-134
145
359
468
483
476
524
646
800
930
1023
1099
1193
1326
1488
1634
1723
1767
1792
1811
1825
1843
1856
1830
1741
1613
1481
1363
1251
1127
959
739
492
260
40
-207
-511
-836
-1113
-1312
-1453
-1588
-1742
-1910
-2080
-2243
-2387
-2471
-2445
-2289
-2023
-1704
-1399
-1151
-973
-841
-726
-627
-545
-481
-419
-364
-334
-345
-386
-417
-413
-365
-286
-200
-155
-180
-235
-254
-191
-63
106
295
486
660
805
907
950
954
955
978
1024
1103
1232
1396
1565
1698
1785
1818
1798
1746
1686
1626
1554
1458
1328
1147
911
649
416
239
102
-28
-161
-276
-362
-442
-558
-739
-983
-1265
-1537
-1738
-1830
-1813
-1697
-1495
-1229
-960
-766
-695
-732
-805
-847
-847
-847
-868
-872
-809
-675
-534
-454
-447
-467
-468
-436
-416
-447
-529
-615
-663
-644
-555
-411
-225
1
268
535
750
886
974
1078
1234
1451
1706
1940
2096
2165
2209
2273
2346
2387
2376
2302
2155
1946
1718
1501
1299
1108
917
716
500
278
47
-205
-491
-796
-1098
-1380
-1643
-1885
-2068
-2127
-2032
-1838
-1621
-1423
-1238
-1067
-941
-892
-908
-949
-986
-1008
-1017
-1002
-975
-968
-989
-1017
-1003
-937
-846
-780
-756
-766
-782
-779
-732
-630
-485
-321
-165
-23
109
250
415
609
809
974
1093
1202
1342
1517
1693
1824
1884
1892
1894
1930
1986
2016
1987
1904
1784
1629
1435
1210
970
724
491
300
139
-37
-256
-496
-730
-964
-1212
-1470
-1707
-1881
-1938
-1885
-1773
-1659
-1535
-1387
-1232
-1105
-1019
-972
-965
-996
-1075
-1183
-1278
-1301
-1230
-1104
-984
-930
-927
-936
-893
-770
-588
-414
-314
-278
-235
-112
99
335
524
654
761
891
1046
1203
1327
1423
1517
1641
1780
1902
1994
2053
2088
2098
2105
2108
2081
1998
1869
1708
1488
1191
844
528
305
185
138
91
-34
-258
-543
-848
-1186
-1539
-1844
-2019
-2060
-2004
-1864
-1635
-1343
-1069
-877
-795
-807
-876
-952
-1013
-1087
-1203
-1319
-1371
-1342
-1270
-1191
-1102
-982
-829
-678
-563
-501
-475
-446
-392
-278
-82
191
488
745
929
1045
1120
1166
1200
1251
1360
1539
1749
1945
2102
2212
2270
2308
2365
2432
2452
2393
2278
2147
2004
1838
1620
1349
1070
842
667
483
233
-69
-386
-688
-991
-1297
-1602
-1876
-2087
-2221
-2273
-2255
-2168
-2030
-1854
-1674
-1533
-1481
-1524
-1619
-1729
-1818
-1862
-1824
-1694
-1495
-1276
-1081
-946
-888
-890
-900
-871
-783
-642
-464
-262
-44
181
398
584
734
863
977
1081
1182
1286
1380
1451
1487
1500
1509
1546
1612
1683
1723
1755
1810
1865
1858
1749
1572
1358
1111
817
497
189
-87
-337
-558
-734
-845
-912
-994
-1169
-1436
-1714
-1919
-2031
-2087
-2108
-2082
-1986
-1827
-1627
-1419
-1228
-1060
-909
-775
-682
-642
-626
-591
-524
-458
-412
-375
-314
-219
-105
-2
84
159
246
363
509
664
801
921
1030
1136
1252
1403
1584
1754
1874
1941
1978
1987
1968
1941
1940
1957
1966
1949
1903
1827
1707
1551
1377
1203
1034
857
651
407
138
-121
-349
-543
-711
-879
-1064
-1267
-1482
-1710
-1940
-2131
-2229
-2230
-2152
-2000
-1782
-1534
-1322
-1174
-1091
-1032
-972
-903
-849
-824
-817
-806
-782
-745
-698
-663
-643
-616
-554
-460
-375
-322
-291
-259
-203
-101
46
235
450
677
861
967
1007
1050
1148
1298
1459
1564
1590
1572
1588
1688
1832
1953
2004
1992
1935
1837
1705
1528
1320
1100
886
663
390
82
-202
-409
-558
-706
-901
-1137
-1384
-1619
-1842
-2032
-2158
-2187
-2120
-1972
-1761
-1511
-1252
-1010
-819
-705
-690
-778
-928
-1073
-1138
-1110
-1030
-952
-885
-807
-699
-562
-422
-299
-215
-171
-154
-138
-77
54
266
529
788
975
1074
1129
1207
1323
1448
1563
1679
1804
1901
1946
1937
1904
1859
1816
1788
1771
1740
1645
1451
1160
836
548
321
133
-37
-180
-300
-433
-633
-904
-1203
-1473
-1718
-1974
-2240
-2429
-2451
-2287
-1995
-1653
-1329
-1073
-891
-748
-639
-591
-630
-716
-797
-830
-808
-751
-683
-624
-550
-457
-344
-224
-80
81
241
355
419
464
513
551
557
546
570
658
808
1010
1262
1542
1797
1987
2104
2167
2175
2127
2035
1940
1878
1840
1780
1677
1551
1430
1290
1105
863
579
276
-6
-231
-390
-514
-644
-829
-1084
-1377
-1646
-1853
-1982
-2024
-1972
-1832
-1620
-1352
-1061
-782
-567
-459
-472
-573
-697
-814
-926
-1046
-1149
-1205
-1205
-1181
-1154
-1116
-1038
-911
-773
-688
-677
-699
-670
-517
-253
57
347
624
901
1168
1356
1409
1323
1209
1208
1404
1762
2126
2341
2341
2193
2031
1902
1774
1592
1340
1062
783
546
361
217
72
-106
-327
-590
-879
-1181
-1484
-1781
-2052
-2257
-2350
-2323
-2197
-1981
-1673
-1298
-932
-645
-463
-357
-288
-246
-242
-305
-435
-617
-823
-1045
-1264
-1442
-1526
-1494
-1382
-1256
-1158
-1072
-982
-893
-812
-700
-504
-215
126
492
876
1270
1661
2035
2378
2654
2829
2919
2973
3016
3019
2956
2819
2612
2346
2065
1809
1554
1240
857
463
108
-212
-511
-762
-917
-962
-961
-993
-1112
-1302
-1510
-1690
-1815
-1868
-1841
-1712
-1470
-1098
-629
-158
199
374
375
239
2
-297
-616
-915
-1182
-1429
-1627
-1739
-1747
-1678
-1550
-1355
-1114
-882
-708
-587
-486
-343
-99
248
639
1003
1342
1698
2092
2496
2869
3178
3409
3549
3589
3500
3288
2998
2660
2267
1817
1359
930
503
41
-427
-842
-1173
-1439
-1668
-1845
-1921
-1877
-1787
-1746
-1791
-1868
-1915
-1905
-1853
-1765
-1617
-1342
-898
-336
202
570
719
657
417
14
-524
-1130
-1723
-2235
-2635
-2911
-3039
-3008
-2828
-2543
-2209
-1895
-1630
-1394
-1145
-861
-556
-231
132
572
1113
1746
2348
2768
2944
3077
3453
4146
4872
5213
5004
4402
3698
3053
2430
1714
827
-165
-1103
-1836
-2304
-2524
-2557
-2478
-2344
-2208
-2163
-2300
-2606
-2927
-3100
-3042
-2726
-2131
-1258
-183
964
2037
2901
3436
3553
3215
2473
1458
360
-683
-1626
-2476
-3191
-3695
-3934
-3928
-3755
-3507
-3239
-2947
-2593
-2181
-1753
-1315
-793
-83
836
1902
3020
4134
5201
6157
6880
7279
7365
7206
6832
6213
5297
4059
2560
954
-629
-2147
-3551
-4710
-5462
-5748
-5616
-5191
-4603
-3919
-3158
-2392
-1759
-1317
-984
-630
-177
422
1216
2197
3248
4212
4931
5254
5049
4244
2880
1095
-908
-2938
-4825
-6393
-7470
-7948
-7819
-7165
-6152
-4991
-3857
-2833
-1943
-1197
-567
18
658
1430
2383
3481
4632
5745
6764
7604
8131
8249
7978
7397
6535
5344
3732
1711
-507
-2603
-4403
-5912
-7125
-7895
-8056
-7602
-6704
-5563
-4299
-2946
-1574
-350
567
1189
1682
2191
2777
3464
4255
5083
5830
6352
6469
5991
4800
2933
595
-1914
-4300
-6350
-7923
-8887
-9131
-8627
-7524
-6108
-4649
-3268
-1972
-764
289
1164
1952
2796
3774
4843
5918
6929
7828
8551
8974
8960
8452
7521
6292
4835
3122
1093
-1172
-3427
-5416
-7079
-8431
-9364
-9668
-9248
-8234
-6857
-5294
-3618
-1865
-165
1266
2289
2975
3520
4056
4633
5269
5932
6491
6769
6588
5796
4306
2143
-500
-3318
-5939
-8047
-9468
-10173
-10169
-9445
-8074
-6308
-4492
-2864
-1470
-245
865
1872
2823
3803
4903
6128
7373
8455
9225
9625
9622
9157
8187
6811
5255
3701
2122
341
-1722
-3898
-5904
-7585
-8921
-9838
-10167
-9779
-8719
-7181
-5374
-3457
-1540
218
1645
2659
3340
3834
4266
4754
5394
6167
6886
7296
7173
6342
4694
2276
-651
-3693
-6453
-8607
-9938
-10341
-9829
-8515
-6640
-4551
-2581
-929
349
1286
1984
2584
3221
3973
4871
5894
6974
7992
8804
9263
9258
8740
7758
6449
4989
3476
1854
-2
-2088
-4208
-6135
-7774
-9086
-9938
-10128
-9564
-8345
-6705
-4900
-3084
-1333
219
1352
1964
2234
2456
2829
3433
4272
5246
6133
6686
6675
5894
4216
1716
-1298
-4382
-7115
-9160
-10277
-10355
-9468
-7877
-5929
-3939
-2127
-600
605
1499
2158
2741
3447
4350
5372
6377
7263
7952
8353
8406
8106
7470
6537
5426
4343
3416
2492
1233
-538
-2634
-4743
-6701
-8456
-9817
-10431
-10042
-8721
-6811
-4669
-2534
-603
871
1698
1915
1791
1670
1807
2350
3316
4562
5777
6616
6805
6118
4393
1691
-1567
-4772
-7413
-9227
-10094
-9923
-8700
-6639
-4220
-1994
-320
745
1328
1591
1736
2035
2735
3869
5230
6567
7717
8542
8870
8600
7839
6791
5642
4541
3664
3044
2423
1410
-136
-2028
-4011
-5972
-7811
-9281
-10019
-9747
-8484
-6560
-4405
-2303
-439
950
1650
1690
1382
1125
1241
1911
3104
4562
5887
6699
6699
5669
3518
426
-3073
-6263
-8565
-9722
-9722
-8676
-6790
-4432
-2096
-239
923
1461
1592
1520
1451
1651
2323
3457
4817
6122
7143
7707
7733
7284
6538
5665
4797
4086
3673
3486
3118
2109
345
-1893
-4245
-6448
-8253
-9353
-9476
-8550
-6790
-4636
-2553
-853
290
755
564
-33
-609
-770
-256
1006
2809
4675
6035
6505
5926
4260
1560
-1866
-5341
-8094
-9649
-9954
-9169
-7495
-5235
-2828
-739
691
1356
1417
1208
1097
1345
2074
3241
4644
5946
6800
7007
6582
5760
4866
4183
3833
3810
4104
4652
5175
5116
3987
1742
-1198
-4267
-7003
-9028
-9983
-9592
-7894
-5318
-2564
-267
1202
1720
1345
356
-795
-1610
-1701
-839
942
3255
5437
6789
6889
5660
3285
63
-3561
-6920
-9271
-10130
-9498
-7753
-5403
-2928
-778
673
1237
1045
516
131
232
943
2231
3890
5539
6714
7110
6706
5702
4413
3252
2632
2766
3535
4654
5806
6594
6471
4996
2215
-1293
-4748
-7517
-9203
-9576
-8567
-6373
-3561
-911
946
1755
1553
522
-962
-2294
-2871
-2342
-717
1680
4270
6356
7324
6839
4937
1962
-1573
-5079
-7903
-9458
-9487
-8212
-6163
-3880
-1782
-193
660
740
282
-244
-369
121
1143
2492
3916
5078
5611
5332
4410
3260
2346
2020
2435
3483
4897
6340
7420
7628
6488
3900
322
-3468
-6736
-8945
-9770
-9141
-7314
-4782
-2182
-122
974
1017
213
-1028
-2175
-2731
-2379
-1096
920
3265
5331
6438
6144
4484
1839
-1292
-4421
-7000
-8481
-8601
-7563
-5888
-4046
-2351
-1051
-382
-362
-675
-829
-459
505
1893
3414
4740
5570
5690
5059
3853
2428
1214
643
1043
2435
4420
6392
7920
8746
8526
6836
3686
-195
-3801
-6467
-7988
-8305
-7404
-5515
-3228
-1291
-210
-44
-543
-1420
-2377
-2992
-2817
-1701
142
2318
4409
5891
6220
5138
2889
51
-2836
-5411
-7343
-8251
-7914
-6556
-4772
-3116
-1852
-1052
-724
-763
-887
-750
-112
1014
2391
3718
4750
5283
5135
4281
2989
1745
995
1015
1908
3554
5543
7334
8513
8849
8098
6035
2777
-1042
-4538
-7057
-8325
-8365
-7319
-5481
-3349
-1551
-550
-425
-951
-1793
-2579
-2884
-2382
-1030
899
2979
4784
5909
5996
4847
2644
-127
-2922
-5346
-7099
-7904
-7651
-6548
-5046
-3591
-2449
-1722
-1391
-1339
-1328
-1037
-254
958
2321
3560
4491
4947
4751
3881
2646
1556
1043
1306
2364
4072
6042
7741
8756
8873
7916
5726
2479
-1160
-4348
-6555
-7653
-7710
-6861
-5358
-3645
-2253
-1542
-1509
-1896
-2387
-2712
-2571
-1741
-232
1673
3561
5038
5767
5500
4144
1897
-773
-3336
-5452
-6939
-7618
-7384
-6423
-5189
-4081
-3216
-2527
-1964
-1537
-1149
-559
413
1629
2706
3368
3618
3534
3091
2301
1429
913
1051
1891
3347
5232
7150
8533
8986
8501
7211
5095
2167
-1117
-3957
-5797
-6620
-6675
-6105
-5009
-3674
-2577
-2071
-2101
-2304
-2348
-2120
-1567
-572
876
2526
4007
5052
5496
5151
3905
1910
-419
-2675
-4645
-6221
-7188
-7308
-6623
-5565
-4569
-3707
-2818
-1892
-1117
-540
71
923
1872
2578
2888
2942
2884
2628
2085
1463
1210
1605
2591
3997
5646
7246
8324
8555
7979
6785
4930
2300
-806
-3626
-5529
-6444
-6624
-6245
-5369
-4135
-2869
-1938
-1492
-1347
-1207
-912
-391
471
1682
3028
4222
5110
5582
5395
4337
2495
280
-1917
-3962
-5811
-7225
-7827
-7528
-6675
-5680
-4657
-3513
-2300
-1263
-512
134
893
1664
2133
2196
2085
2001
1846
1471
1031
907
1314
2171
3354
4823
6381
7531
7818
7265
6191
4665
2441
-451
-3387
-5603
-6825
-7274
-7157
-6443
-5132
-3542
-2183
-1347
-943
-717
-525
-272
231
1131
2296
3402
4254
4820
4951
4361
2975
1097
-888
-2854
-4782
-6415
-7291
-7223
-6524
-5617
-4588
-3313
-1928
-840
-240
133
634
1257
1714
1865
1888
1960
1964
1697
1269
1058
1276
1829
2628
3802
5350
6838
7642
7576
6950
5951
4276
1681
-1375
-4014
-5757
-6731
-7110
-6808
-5732
-4148
-2598
-1513
-942
-672
-525
-408
-157
404
1257
2212
3153
4052
4697
4688
3822
2371
737
-980
-2869
-4705
-5900
-6084
-5490
-4628
-3674
-2498
-1184
-179
195
170
239
575
950
1200
1477
1922
2329
2376
2073
1765
1697
1846
2186
2906
4136
5585
6669
7030
6793
6173
5034
3018
180
-2821
-5250
-6815
-7579
-7584
-6809
-5404
-3784
-2461
-1736
-1561
-1652
-1727
-1615
-1210
-474
549
1776
3097
4231
4717
4290
3113
1549
-256
-2286
-4273
-5667
-6071
-5602
-4709
-3696
-2563
-1351
-418
-122
-321
-518
-405
-92
273
754
1424
2099
2449
2361
2038
1749
1601
1647
2072
3081
4544
5989
6962
7305
7069
6244
4686
2302
-622
-3427
-5512
-6712
-7124
-6789
-5748
-4295
-2932
-2070
-1788
-1816
-1798
-1559
-1126
-508
330
1359
2468
3486
4169
4248
3687
2676
1370
-236
-2041
-3663
-4666
-4905
-4561
-3897
-3051
-2095
-1257
-827
-868
-1075
-1099
-862
-493
-76
431
1038
1615
1969
2038
1942
1846
1855
2077
2679
3711
4965
6115
6906
7159
6786
5849
4432
2496
64
-2503
-4645
-6024
-6573
-6385
-5648
-4648
-3668
-2910
-2441
-2122
-1723
-1179
-602
-25
681
1581
2525
3277
3695
3778
3565
2977
1909
462
-1023
-2254
-3166
-3759
-3957
-3702
-3118
-2455
-1962
-1775
-1881
-2114
-2256
-2153
-1769
-1150
-367
500
1299
1856
2100
2144
2181
2350
2696
3200
3843
4631
5502
6212
6406
5953
5053
3936
2514
575
-1752
-3932
-5468
-6255
-6449
-6172
-5455
-4420
-3341
-2441
-1701
-1019
-453
-119
114
518
1161
1841
2422
2982
3581
4005
3899
3163
2044
836
-389
-1596
-2571
-3047
-3024
-2763
-2484
-2249
-2085
-2122
-2449
-2901
-3142
-2979
-2486
-1765
-798
356
1390
2025
2328
2591
2924
3161
3188
3201
3522
4203
4919
5280
5157
4730
4178
3348
1864
-362
-2858
-4957
-6328
-7002
-7077
-6589
-5576
-4216
-2809
-1681
-966
-598
-404
-238
12
416
993
1761
2717
3708
4412
4564
4137
3283
2121
741
-673
-1827
-2510
-2721
-2619
-2409
-2233
-2167
-2270
-2606
-3136
-3642
-3844
-3566
-2783
-1581
-146
1231
2321
3056
3462
3525
3237
2761
2408
2421
2834
3524
4286
4846
4972
4642
3972
2926
1271
-1018
-3495
-5550
-6854
-7400
-7224
-6355
-4930
-3280
-1821
-860
-426
-334
-399
-510
-500
-136
703
1903
3230
4478
5463
5966
5801
4976
3689
2176
609
-825
-1868
-2370
-2457
-2421
-2446
-2533
-2676
-2970
-3437
-3852
-3852
-3235
-2096
-658
877
2355
3572
4298
4396
3976
3344
2785
2437
2346
2554
3053
3671
4164
4322
4122
3637
2806
1372
-794
-3331
-5578
-7056
-7659
-7445
-6536
-5186
-3791
-2681
-1986
-1677
-1686
-1917
-2133
-1978
-1209
87
1642
3269
4846
6109
6734
6575
5743
4431
2776
956
-733
-2005
-2809
-3304
-3609
-3719
-3669
-3684
-3970
-4418
-4599
-4148
-3084
-1639
37
1874
3629
4874
5328
5036
4275
3308
2308
1477
1102
1374
2150
3031
3688
4025
4028
3649
2822
1481
-416
-2667
-4744
-6099
-6572
-6352
-5703
-4836
-3937
-3213
-2851
-2905
-3180
-3304
-3020
-2299
-1210
185
1755
3290
4607
5617
6247
6405
6038
5188
3934
2364
579
-1216
-2794
-4007
-4849
-5374
-5614
-5597
-5360
-4924
-4233
-3224
-1885
-300
1383
2975
4288
5134
5359
4948
4104
3126
2216
1487
1103
1239
1867
2712
3447
3873
3922
3603
3021
2335
1563
509
-958
-2645
-4150
-5211
-5785
-5940
-5785
-5439
-4961
-4350
-3655
-2963
-2266
-1457
-486
571
1611
2643
3754
4970
6132
6955
7246
6917
5911
4183
1878
-635
-2984
-4922
-6281
-6916
-6846
-6311
-5541
-4592
-3449
-2212
-1040
33
1116
2230
3191
3760
3898
3775
3542
3193
2653
1983
1400
1122
1177
1424
1752
2159
2656
3131
3434
3517
3457
3228
2543
1065
-1158
-3621
-5751
-7256
-8054
-8126
-7520
-6395
-4968
-3442
-1995
-756
225
969
1565
2142
2789
3522
4345
5264
6117
6535
6166
4938
2985
500
-2260
-4863
-6811
-7778
-7783
-7091
-5945
-4477
-2875
-1493
-593
-106
218
499
721
955
1407
2168
2996
3490
3456
3021
2403
1720
1066
645
660
1124
1887
2798
3766
4602
5016
4823
4133
3156
1817
-164
-2745
-5343
-7268
-8248
-8313
-7507
-5913
-3849
-1812
-187
897
1526
1838
1933
1949
2114
2615
3399
4227
4871
5152
4868
3841
2127
39
-2057
-3925
-5411
-6302
-6395
-5748
-4719
-3653
-2659
-1782
-1227
-1166
-1453
-1679
-1528
-945
-16
1131
2344
3369
3915
3825
3203
2318
1429
799
711
1303
2376
3513
4401
4952
5132
4822
3926
2614
1298
272
-634
-1815
-3279
-4530
-5117
-5056
-4540
-3583
-2157
-514
926
1881
2297
2271
1958
1539
1167
937
846
837
871
943
995
929
702
347
-143
-837
-1721
-2603
-3247
-3564
-3630
-3543
-3358
-3152
-3039
-3060
-3120
-3061
-2783
-2231
-1396
-299
942
2122
3028
3539
3653
3418
2930
2344
1842
1524
1398
1450
1627
1778
1730
1458
1086
736
461
305
390
864
1679
2443
2633
2096
1155
199
-624
-1277
-1663
-1749
-1646
-1514
-1467
-1550
-1757
-2039
-2361
-2642
-2717
-2433
-1780
-838
337
1633
2804
3558
3729
3259
2174
634
-1073
-2696
-4136
-5342
-6205
-6541
-6227
-5337
-4136
-2875
-1630
-384
818
1882
2779
3517
4084
4405
4329
3729
2653
1390
274
-536
-1006
-1119
-860
-310
365
1025
1675
2438
3378
4381
5298
6086
6758
7171
6986
5878
3818
1216
-1350
-3489
-4981
-5631
-5423
-4736
-4044
-3509
-3115
-2957
-3104
-3314
-3188
-2547
-1543
-406
789
2092
3410
4398
4691
4176
2929
1068
-1198
-3468
-5273
-6321
-6560
-6070
-4995
-3578
-2162
-1060
-402
-96
41
119
146
147
219
410
587
548
243
-143
-384
-400
-213
230
1056
2225
3441
4381
4926
5124
5040
4755
4390
4067
3795
3531
3289
3172
3223
3230
2769
1538
-340
-2433
-4346
-5869
-6850
-7161
-6792
-5909
-4787
-3717
-2886
-2306
-1859
-1415
-868
-161
680
1528
2244
2757
3080
3235
3184
2887
2337
1549
507
-707
-1900
-2876
-3557
-3911
-3929
-3735
-3575
-3595
-3668
-3547
-3116
-2431
-1539
-362
1161
2905
4555
5798
6412
6280
5444
4153
2768
1584
738
235
23
10
108
247
439
811
1533
2639
3892
4916
5454
5464
4987
4059
2765
1213
-623
-2790
-5012
-6708
-7479
-7423
-6861
-5974
-4809
-3515
-2368
-1605
-1219
-987
-702
-339
54
547
1251
2137
3048
3853
4426
4562
4056
2874
1184
-782
-2817
-4729
-6241
-7027
-6878
-5862
-4286
-2484
-710
815
1888
2429
2501
2227
1801
1505
1561
1890
2158
2070
1548
699
-275
-1142
-1673
-1682
-1079
28
1325
2438
3091
3174
2744
2002
1218
662
528
850
1422
1946
2295
2597
2975
3327
3349
2726
1337
-621
-2709
-4493
-5710
-6243
-6077
-5360
-4325
-3211
-2236
-1589
-1335
-1373
-1477
-1387
-903
45
1360
2911
4525
5920
6737
6742
5918
4365
2242
-179
-2484
-4305
-5486
-6059
-6077
-5575
-4654
-3499
-2325
-1305
-539
-25
341
703
1151
1709
2353
2996
3408
3266
2393
936
-696
-2114
-3089
-3483
-3184
-2202
-812
549
1566
2179
2508
2681
2775
2896
3229
3909
4834
5660
6039
5858
5245
4404
3515
2605
1532
108
-1593
-3190
-4318
-4914
-5154
-5154
-4920
-4439
-3779
-3085
-2496
-2039
-1647
-1281
-951
-616
-160
532
1502
2680
3859
4727
4969
4411
3060
1087
-1238
-3565
-5484
-6638
-6910
-6456
-5546
-4413
-3246
-2211
-1422
-890
-532
-215
155
543
817
893
818
653
369
-115
-808
-1557
-2082
-2138
-1697
-931
-1
1028
2112
3114
3862
4310
4587
4886
5274
5696
6079
6397
6597
6619
6415
5938
5178
4214
3213
2259
1305
193
-1263
-3158
-5302
-7254
-8598
-9129
-8837
-7850
-6381
-4637
-2867
-1455
-742
-676
-834
-866
-710
-366
299
1406
2867
4321
5304
5502
4892
3640
1884
-215
-2311
-3957
-4859
-5060
-4844
-4553
-4416
-4480
-4675
-4888
-4959
-4661
-3835
-2518
-941
638
2045
3164
3892
4154
3967
3489
2971
2648
2650
2986
3554
4134
4490
4514
4250
3783
3212
2676
2339
2285
2451
2671
2773
2674
2427
2175
2004
1847
1577
1185
806
568
449
330
3
-767
-2097
-3772
-5362
-6542
-7233
-7477
-7290
-6689
-5736
-4566
-3357
-2226
-1138
-3
1183
2333
3372
4256
4900
5245
5297
5071
4507
3558
2295
909
-450
-1728
-2907
-3926
-4705
-5201
-5427
-5412
-5174
-4710
-4013
-3111
-2097
-1045
10
1083
2105
2914
3329
3258
2734
1863
850
-42
-571
-642
-329
196
729
1093
1214
1138
972
857
941
1275
1745
2178
2494
2664
2604
2272
1785
1349
1089
987
945
867
735
627
637
820
1123
1304
950
-171
-1787
-3315
-4382
-4960
-5096
-4726
-3823
-2514
-1048
258
1138
1525
1592
1537
1447
1371
1414
1702
2282
3031
3661
3819
3339
2283
796
-1017
-2998
-4893
-6429
-7450
-7913
-7811
-7126
-5927
-4446
-3018
-1837
-868
16
824
1467
1919
2222
2365
2226
1732
948
55
-762
-1372
-1659
-1530
-963
-76
917
1815
2490
2912
3136
3289
3486
3818
4353
5113
5952
6563
6669
6234
5430
4496
3639
3024
2710
2562
2346
1920
1370
892
661
693
790
562
-277
-1624
-3081
-4326
-5276
-5950
-6346
-6450
-6255
-5787
-5174
-4595
-4081
-3436
-2453
-1166
203
1459
2546
3440
4000
3958
3139
1667
-103
-1869
-3535
-5078
-6384
-7267
-7588
-7342
-6653
-5693
-4587
-3417
-2286
-1297
-474
271
1011
1738
2433
3147
3930
4684
5190
5286
5037
4650
4300
4037
3884
3865
3979
4121
4121
3823
3184
2342
1544
979
693
669
928
1451
2095
2643
2906
2806
2390
1789
1105
426
-73
-159
203
746
1102
1082
683
8
-849
-1892
-3232
-4922
-6739
-8263
-9111
-9171
-8542
-7426
-5997
-4376
-2738
-1373
-539
-184
14
343
803
1235
1591
2026
2727
3692
4646
5229
5211
4588
3488
2033
338
-1383
-2764
-3483
-3532
-3271
-3123
-3276
-3611
-3885
-3987
-3906
-3548
-2643
-1024
1083
3167
4819
5899
6398
6240
5376
3975
2452
1235
490
112
-46
-30
97
159
-50
-550
-1114
-1405
-1189
-416
810
2310
3847
5144
5911
5893
5004
3453
1689
127
-1001
-1600
-1620
-1129
-398
210
447
329
84
-54
-10
64
-101
-725
-1777
-2945
-3838
-4270
-4298
-4037
-3506
-2632
-1428
-129
838
1217
1149
1003
948
883
762
779
1199
2030
2939
3414
3134
2140
686
-1057
-3016
-4972
-6514
-7300
-7346
-6934
-6382
-5879
-5469
-5090
-4645
-4026
-3071
-1605
375
2530
4386
5630
6177
6031
5259
4053
2784
1886
1705
2312
3442
4636
5479
5785
5567
4957
4109
3172
2296
1621
1208
978
812
681
654
758
893
916
763
502
279
189
179
126
-15
-188
-400
-754
-1294
-1852
-2197
-2263
-2278
-2607
-3515
-4905
-6329
-7260
-7442
-6952
-6012
-4772
-3333
-1887
-751
-190
-173
-361
-380
-131
197
450
734
1290
2146
3000
3415
3147
2272
1104
-77
-1157
-2104
-2806
-3099
-2940
-2449
-1814
-1199
-682
-232
237
719
1166
1617
2237
3116
4120
4976
5437
5408
4935
4148
3177
2168
1337
892
883
1148
1459
1627
1548
1184
605
-57
-669
-1138
-1412
-1476
-1384
-1231
-1125
-1141
-1331
-1703
-2238
-2833
-3306
-3463
-3211
-2594
-1740
-793
95
773
1153
1302
1402
1607
1899
2106
2020
1523
655
-370
-1248
-1767
-1917
-1807
-1514
-1020
-312
515
1224
1563
1501
1298
1260
1452
1749
2131
2768
3768
4877
5576
5479
4617
3317
1840
221
-1536
-3250
-4589
-5347
-5572
-5505
-5355
-5188
-4932
-4498
-3878
-3120
-2228
-1141
173
1604
2912
3813
4092
3709
2830
1763
783
24
-497
-802
-925
-946
-972
-1116
-1457
-1989
-2594
-3085
-3307
-3129
-2442
-1217
369
1997
3369
4321
4784
4749
4313
3650
2963
2399
2019
1785
1552
1174
584
-116
-707
-975
-859
-494
-143
-87
-514
-1406
-2480
-3334
-3701
-3603
-3247
-2794
-2240
-1521
-697
-11
291
227
98
193
509
848
1107
1383
1787
2261
2528
2252
1307
-83
-1551
-2920
-4217
-5423
-6310
-6558
-6045
-4979
-3785
-2770
-1934
-1120
-284
477
1105
1698
2415
3314
4240
4906
5054
4605
3737
2796
2076
1623
1317
1118
1099
1270
1477
1528
1353
999
578
177
-185
-514
-746
-774
-570
-200
248
671
951
1051
1058
1063
1073
1070
1088
1158
1229
1189
958
557
147
-119
-182
-144
-172
-455
-1098
-1981
-2756
-3098
-2930
-2412
-1726
-947
-87
775
1463
1844
1949
1970
2079
2281
2443
2442
2311
2205
2228
2291
2165
1683
874
-110
-1151
-2262
-3478
-4669
-5537
-5822
-5468
-4619
-3532
-2483
-1684
-1196
-989
-981
-1053
-1025
-743
-124
790
1779
2460
2519
1991
1218
522
-4
-424
-762
-946
-900
-680
-485
-532
-862
-1301
-1611
-1666
-1497
-1205
-837
-391
174
856
1566
2125
2410
2508
2617
2821
2981
2957
2766
2555
2392
2215
1944
1607
1340
1268
1344
1313
869
-129
-1479
-2766
-3558
-3657
-3138
-2246
-1246
-296
521
1123
1353
1083
370
-498
-1150
-1347
-1052
-387
486
1395
2168
2619
2577
1951
826
-573
-2013
-3371
-4581
-5600
-6341
-6703
-6604
-6112
-5484
-4979
-4633
-4203
-3410
-2147
-542
1193
2890
4455
5719
6405
6269
5403
4255
3344
2874
2672
2436
2009
1438
834
260
-291
-801
-1150
-1176
-801
-159
499
1005
1408
1854
2383
2849
3060
2974
2748
2590
2555
2487
2179
1561
771
26
-512
-769
-705
-308
339
1007
1395
1261
502
-754
-2125
-3114
-3401
-3000
-2191
-1331
-709
-404
-312
-265
-190
-90
63
339
779
1287
1661
1713
1408
894
391
14
-300
-689
-1210
-1789
-2319
-2796
-3321
-3939
-4485
-4679
-4413
-3886
-3418
-3149
-2888
-2270
-1125
341
1711
2765
3549
4109
4236
3673
2451
987
-215
-871
-1001
-825
-596
-481
-478
-513
-550
-637
-768
-822
-688
-401
-111
84
219
427
805
1313
1791
2081
2163
2158
2164
2127
1878
1357
706
153
-182
-322
-314
-150
190
639
1048
1234
1029
338
-723
-1768
-2312
-2097
-1248
-197
579
823
629
275
-14
-181
-270
-297
-223
15
391
805
1125
1272
1250
1124
931
576
-123
-1239
-2591
-3845
-4759
-5290
-5487
-5376
-4941
-4243
-3459
-2815
-2410
-2126
-1710
-957
142
1408
2558
3366
3754
3798
3636
3409
3222
3108
3001
2775
2319
1586
638
-364
-1252
-1921
-2289
-2282
-1896
-1265
-549
181
936
1735
2554
3317
3921
4286
4421
4393
4239
3910
3331
2524
1621
780
101
-367
-587
-533
-239
186
576
758
600
75
-731
-1589
-2155
-2142
-1502
-522
340
730
599
187
-181
-334
-328
-353
-506
-704
-796
-761
-727
-797
-937
-981
-808
-501
-346
-610
-1324
-2280
-3182
-3802
-4067
-4039
-3815
-3440
-2970
-2518
-2194
-1986
-1783
-1461
-957
-294
422
1039
1422
1496
1252
789
320
103
272
706
1102
1200
1006
728
588
655
869
1134
1380
1600
1766
1814
1702
1490
1308
1247
1303
1383
1367
1186
875
527
216
-19
-119
-2
333
780
1210
1562
1846
2029
2041
1858
1538
1164
698
27
-872
-1776
-2317
-2272
-1808
-1389
-1394
-1816
-2295
-2435
-2095
-1439
-794
-414
-306
-300
-247
-182
-223
-421
-707
-970
-1177
-1386
-1683
-2063
-2395
-2497
-2252
-1709
-1068
-586
-438
-658
-1131
-1660
-2027
-2073
-1731
-1036
-121
811
1534
1882
1817
1444
1020
844
1108
1769
2555
3158
3419
3400
3279
3190
3141
3038
2780
2357
1849
1346
897
529
277
138
42
-83
-234
-345
-399
-417
-427
-395
-260
7
334
598
720
760
902
1321
1998
2671
2999
2831
2295
1640
986
282
-541
-1358
-1861
-1846
-1479
-1234
-1498
-2234
-3039
-3474
-3391
-2958
-2473
-2155
-2040
-2007
-1863
-1443
-707
202
1016
1492
1540
1242
768
298
-66
-334
-572
-813
-1037
-1234
-1474
-1855
-2374
-2831
-2927
-2474
-1573
-543
272
674
650
332
-101
-502
-796
-929
-804
-307
542
1470
2065
2094
1700
1307
1280
1643
2095
2276
2042
1517
948
550
413
497
629
597
287
-248
-823
-1237
-1365
-1199
-853
-480
-171
103
395
710
994
1194
1296
1335
1364
1372
1256
943
512
141
-62
-144
-224
-387
-636
-902
-1114
-1283
-1493
-1795
-2100
-2221
-2047
-1654
-1249
-1015
-985
-1065
-1131
-1130
-1077
-995
-888
-756
-587
-313
133
718
1280
1634
1700
1542
1294
1075
919
823
788
823
885
888
747
417
-101
-734
-1294
-1583
-1508
-1150
-632
-28
633
1247
1611
1579
1238
903
873
1223
1780
2282
2513
2411
2062
1625
1227
924
732
617
479
215
-164
-483
-571
-437
-267
-263
-430
-611
-644
-529
-382
-268
-116
163
546
907
1133
1221
1241
1216
1094
819
429
34
-268
-442
-502
-515
-599
-866
-1341
-1891
-2301
-2384
-2127
-1715
-1427
-1464
-1840
-2355
-2717
-2684
-2220
-1476
-682
-44
298
296
16
-357
-617
-632
-434
-169
21
92
81
31
-54
-203
-437
-724
-968
-1064
-976
-746
-488
-310
-283
-383
-538
-690
-792
-802
-676
-410
-35
389
802
1134
1328
1378
1313
1199
1094
1036
1032
1074
1166
1311
1492
1629
1628
1478
1284
1173
1208
1361
1538
1634
1595
1487
1432
1505
1653
1747
1677
1448
1160
922
773
687
613
495
285
-6
-269
-378
-290
-70
165
301
267
55
-299
-753
-1241
-1643
-1852
-1882
-1857
-1856
-1846
-1766
-1638
-1550
-1570
-1686
-1817
-1830
-1612
-1141
-511
121
589
755
594
200
-251
-626
-875
-976
-899
-664
-406
-311
-499
-921
-1401
-1753
-1862
-1701
-1330
-878
-500
-266
-145
-67
-17
-7
-21
4
136
390
712
992
1165
1271
1404
1589
1740
1782
1724
1636
1578
1585
1692
1867
2002
1958
1690
1271
875
666
701
921
1203
1454
1626
1713
1705
1609
1427
1202
1011
941
986
1040
965
684
238
-279
-776
-1219
-1619
-1979
-2278
-2477
-2519
-2376
-2111
-1854
-1707
-1681
-1783
-2037
-2407
-2715
-2749
-2439
-1904
-1354
-977
-864
-998
-1277
-1578
-1783
-1786
-1570
-1243
-970
-855
-901
-1073
-1285
-1429
-1420
-1263
-1010
-685
-269
227
724
1095
1259
1261
1266
1407
1659
1867
1918
1844
1764
1790
1951
2208
2491
2729
2901
3006
3042
2988
2860
2716
2600
2484
2305
2039
1731
1450
1225
1054
936
885
901
927
874
693
422
158
-45
-195
-300
-311
-182
11
128
94
-71
-328
-652
-1006
-1327
-1579
-1760
-1916
-2107
-2377
-2716
-3055
-3313
-3431
-3377
-3142
-2766
-2343
-1990
-1780
-1713
-1706
-1655
-1493
-1228
-923
-632
-399
-232
-116
-12
119
268
372
334
89
-333
-824
-1242
-1477
-1459
-1196
-770
-305
82
349
512
638
791
985
1165
1260
1245
1153
1028
911
870
965
1208
1512
1775
1942
2038
2098
2097
1972
1695
1336
1019
830
743
675
565
425
276
137
34
28
163
410
682
873
936
916
922
1047
1280
1538
1716
1746
1580
1198
655
100
-296
-441
-366
-211
-151
-261
-472
-643
-694
-636
-517
-387
-311
-362
-560
-852
-1142
-1369
-1513
-1584
-1612
-1651
-1745
-1903
-2074
-2191
-2200
-2090
-1902
-1707
-1557
-1460
-1398
-1358
-1351
-1375
-1385
-1325
-1188
-1013
-858
-752
-734
-831
-990
-1047
-833
-333
290
827
1165
1331
1422
1527
1699
1968
2312
2650
2875
2903
2729
2435
2148
1959
1874
1829
1760
1608
1354
1016
664
399
319
437
676
904
1032
1058
1037
1022
1016
1005
983
951
863
617
146
-475
-1057
-1416
-1484
-1304
-997
-706
-524
-477
-545
-699
-872
-977
-950
-825
-737
-808
-1059
-1382
-1652
-1804
-1835
-1779
-1679
-1584
-1526
-1520
-1574
-1673
-1759
-1786
-1742
-1664
-1588
-1511
-1401
-1230
-1018
-784
-534
-293
-110
-24
-12
-22
-16
49
223
520
871
1156
1271
1179
949
707
570
577
691
828
923
963
982
1021
1071
1093
1070
1030
1039
1159
1373
1608
1775
1856
1872
1843
1760
1623
1468
1348
1309
1360
1457
1506
1410
1165
850
567
374
299
353
506
668
732
659
495
323
162
-34
-308
-615
-869
-1026
-1111
-1158
-1160
-1125
-1097
-1121
-1181
-1244
-1295
-1353
-1444
-1567
-1686
-1748
-1743
-1716
-1727
-1796
-1888
-1941
-1887
-1706
-1435
-1147
-900
-728
-657
-703
-822
-925
-932
-830
-645
-420
-206
-45
27
24
-4
-6
41
133
276
479
737
1029
1326
1604
1824
1948
1959
1875
1739
1612
1535
1512
1486
1403
1236
1005
769
609
563
595
623
597
528
439
362
314
285
244
169
64
-44
-125
-153
-122
-45
66
196
313
368
347
263
140
-21
-195
-337
-434
-539
-709
-927
-1117
-1242
-1308
-1322
-1284
-1210
-1132
-1069
-1028
-1018
-1042
-1079
-1074
-973
-766
-528
-382
-396
-539
-712
-849
-932
-969
-968
-927
-858
-793
-774
-796
-811
-750
-572
-312
-42
156
248
259
252
282
369
478
553
558
504
435
394
394
438
525
666
862
1075
1227
1263
1208
1143
1135
1186
1285
1423
1605
1803
1963
2037
2015
1913
1761
1612
1504
1461
1450
1420
1342
1241
1160
1103
1053
988
921
862
805
739
667
593
496
353
186
48
-31
-76
-129
-185
-218
-239
-312
-474
-689
-907
-1123
-1350
-1566
-1715
-1783
-1812
-1840
-1867
-1886
-1903
-1913
-1890
-1835
-1794
-1810
-1862
-1868
-1790
-1662
-1582
-1584
-1612
-1564
-1406
-1203
-1034
-946
-928
-975
-1082
-1219
-1336
-1370
-1294
-1118
-897
-678
-484
-296
-107
84
285
515
770
993
1119
1131
1070
1004
1020
1161
1404
1653
1798
1794
1660
1457
1250
1096
1030
1039
1088
1130
1150
1147
1128
1103
1094
1141
1269
1451
1607
1636
1498
1216
871
555
330
217
196
232
280
284
187
-23
-313
-608
-846
-997
-1074
-1092
-1065
-1010
-963
-973
-1054
-1169
-1255
-1265
-1181
-1020
-844
-724
-685
-704
-750
-810
-888
-981
-1053
-1046
-932
-738
-542
-419
-418
-513
-635
-732
-804
-852
-844
-747
-565
-338
-107
82
194
232
231
251
351
564
872
1187
1405
1485
1463
1417
1385
1395
1460
1570
1686
1754
1753
1696
1618
1556
1519
1491
1463
1443
1449
1487
1546
1619
1697
1775
1813
1763
1601
1364
1110
888
719
605
523
447
367
262
74
-240
-627
-971
-1171
-1219
-1167
-1104
-1113
-1255
-1530
-1871
-2205
-2464
-2595
-2575
-2434
-2275
-2198
-2228
-2324
-2436
-2548
-2649
-2696
-2639
-2466
-2238
-2038
-1927
-1893
-1870
-1792
-1642
-1476
-1353
-1289
-1228
-1099
-884
-626
-388
-192
-25
139
318
508
695
860
998
1116
1230
1348
1451
1518
1522
1485
1435
1403
1403
1444
1524
1612
1669
1671
1631
1588
1570
1573
1586
1612
1667
1753
1842
1884
1854
1770
1658
1517
1322
1085
884
796
811
849
841
768
645
480
313
184
120
93
52
-40
-176
-316
-444
-570
-722
-908
-1108
-1271
-1353
-1359
-1333
-1296
-1236
-1160
-1116
-1159
-1269
-1369
-1375
-1272
-1104
-923
-756
-610
-504
-446
-433
-468
-555
-663
-717
-651
-472
-254
-78
13
43
49
64
82
106
150
216
276
278
217
139
116
192
350
532
681
779
827
827
786
745
756
820
876
857
750
595
462
420
480
577
625
588
497
412
371
391
460
556
660
761
830
826
725
562
382
212
55
-92
-214
-305
-380
-455
-557
-703
-907
-1139
-1336
-1426
-1398
-1305
-1200
-1106
-1011
-920
-850
-838
-902
-1026
-1162
-1265
-1325
-1347
-1320
-1227
-1055
-845
-658
-570
-611
-734
-855
-917
-923
-907
-883
-840
-771
-691
-617
-532
-400
-197
38
231
335
371
404
474
573
651
693
734
817
926
1014
1061
1075
1072
1068
1090
1163
1292
1460
1626
1728
1740
1695
1639
1588
1542
1521
1533
1527
1435
1242
1028
872
793
732
634
497
351
223
104
-28
-192
-372
-520
-582
-543
-435
-315
-221
-172
-173
-228
-332
-448
-510
-472
-357
-268
-281
-385
-503
-576
-600
-595
-582
-560
-523
-486
-488
-551
-665
-790
-895
-954
-958
-914
-836
-745
-652
-578
-520
-469
-419
-385
-369
-362
-351
-313
-236
-123
-13
74
136
194
259
338
425
499
524
468
343
206
106
38
-56
-194
-335
-410
-402
-351
-294
-216
-78
132
370
583
749
853
888
848
765
689
647
614
551
450
336
247
208
221
239
226
188
164
168
169
140
72
-27
-136
-218
-243
-203
-124
-58
-52
-124
-254
-389
-487
-518
-490
-437
-378
-304
-192
-78
-20
-55
-159
-295
-420
-511
-569
-602
-614
-609
-606
-602
-580
-525
-454
-389
-329
-259
-179
-101
-37
16
57
62
30
-18
-64
-106
-141
-157
-157
-157
-161
-149
-101
-18
86
191
279
341
385
423
470
528
580
612
637
684
761
834
866
848
805
766
742
731
714
689
660
644
633
613
577
512
403
244
57
-109
-228
-290
-304
-289
-283
-300
-313
-279
-185
-79
-18
-21
-44
-16
91
263
430
514
488
379
236
61
-147
-372
-559
-663
-673
-609
-510
-426
-386
-380
-376
-359
-338
-320
-280
-198
-107
-74
-122
-199
-254
-284
-319
-351
-370
-381
-414
-462
-500
-513
-513
-501
-478
-453
-444
-457
-470
-460
-409
-332
-247
-178
-129
-105
-92
-76
-52
-31
-33
-40
-21
42
148
278
402
502
572
632
697
777
863
931
951
902
786
604
390
203
89
57
75
112
156
195
214
190
132
85
86
142
218
275
292
279
267
263
247
213
175
142
98
48
23
34
40
-5
-109
-227
-319
-366
-392
-422
-475
-565
-679
-793
-878
-945
-1017
-1077
-1082
-1004
-861
-684
-504
-355
-271
-257
-260
-237
-190
-135
-67
24
118
187
223
225
208
187
174
172
191
251
352
466
558
619
658
669
654
622
593
579
574
576
579
589
601
605
584
524
432
337
278
254
228
175
112
77
65
48
-4
-94
-200
-290
-326
-298
-219
-116
-23
38
44
-1
-72
-126
-133
-106
-83
-95
-138
-200
-281
-370
-442
-474
-466
-426
-361
-277
-198
-161
-173
-211
-244
-268
-297
-323
-339
-330
-298
-252
-213
-195
-199
-225
-276
-347
-405
-411
-338
-207
-76
0
14
1
-11
-20
-38
-64
-82
-73
-20
77
207
338
429
454
434
429
487
581
634
587
473
364
291
232
164
101
65
64
84
105
114
111
124
185
309
475
631
733
758
728
673
614
548
485
431
382
336
288
280
323
397
456
462
421
327
182
-21
-243
-423
-521
-544
-531
-498
-457
-418
-424
-500
-650
-836
-1012
-1156
-1249
-1279
-1256
-1216
-1198
-1198
-1191
-1152
-1073
-946
-797
-669
-566
-463
-345
-219
-93
39
172
282
343
356
345
338
335
341
352
369
388
408
438
465
489
528
618
762
942
1116
1258
1343
1348
1255
1081
893
747
663
586
460
274
65
-128
-295
-428
-512
-545
-552
-562
-575
-598
-643
-702
-721
-671
-583
-517
-485
-451
-388
-317
-282
-285
-307
-327
-344
-349
-339
-312
-266
-189
-93
-19
4
-19
-66
-111
-143
-153
-135
-96
-49
-25
-38
-89
-153
-209
-230
-197
-120
-20
83
196
290
330
311
263
218
182
155
159
211
309
426
537
635
722
791
835
855
861
872
896
944
1009
1076
1117
1110
1050
965
908
881
834
715
538
368
235
112
-29
-167
-275
-338
-382
-432
-494
-550
-566
-526
-451
-384
-366
-404
-474
-538
-575
-586
-590
-591
-589
-592
-612
-642
-648
-596
-496
-372
-260
-190
-170
-201
-260
-336
-421
-494
-546
-578
-616
-650
-651
-605
-524
-437
-360
-322
-350
-435
-527
-569
-557
-512
-451
-381
-320
-293
-304
-329
-346
-337
-290
-219
-144
-72
11
106
192
272
352
419
434
400
389
481
665
843
916
863
745
625
548
497
443
360
274
236
259
310
342
348
341
320
273
205
130
60
-10
-81
-151
-196
-182
-105
-8
54
66
57
60
76
71
20
-56
-122
-157
-168
-159
-129
-73
-6
38
33
-14
-69
-129
-206
-294
-361
-374
-336
-266
-171
-53
88
225
329
383
391
387
398
429
448
423
364
297
245
224
241
300
372
431
465
480
468
399
270
142
89
124
189
240
281
336
386
416
455
552
684
751
675
496
325
244
240
242
181
46
-122
-285
-427
-539
-596
-583
-530
-477
-435
-391
-342
-314
-311
-307
-263
-181
-98
-54
-71
-147
-264
-385
-491
-582
-657
-686
-639
-531
-427
-375
-376
-392
-394
-382
-378
-398
-427
-435
-397
-313
-219
-153
-141
-167
-202
-241
-296
-363
-413
-411
-359
-287
-228
-186
-153
-138
-149
-180
-198
-188
-152
-111
-94
-129
-204
-277
-308
-306
-281
-224
-126
-6
84
127
156
212
290
343
355
336
326
320
298
246
180
138
158
239
332
367
304
173
30
-71
-118
-110
-60
17
101
181
246
290
325
383
477
580
659
707
728
700
620
537
514
546
567
513
402
279
169
59
-58
-143
-144
-42
118
262
336
327
264
187
133
115
120
127
126
123
114
103
89
78
67
41
6
-28
-43
-40
-32
-29
-30
-6
42
76
46
-35
-118
-155
-144
-101
-42
24
106
206
287
282
173
15
-101
-141
-138
-143
-196
-302
-443
-571
-648
-673
-673
-666
-654
-629
-596
-557
-495
-415
-348
-335
-370
-406
-408
-384
-358
-336
-295
-220
-111
17
142
234
277
272
245
233
261
321
371
398
422
453
465
429
358
264
149
20
-89
-140
-127
-85
-75
-130
-227
-327
-389
-414
-418
-429
-460
-492
-507
-500
-465
-388
-269
-134
-46
-21
-47
-98
-184
-304
-403
-431
-397
-367
-361
-352
-316
-276
-254
-247
-234
-216
-200
-171
-101
6
100
137
126
131
199
306
382
396
386
394
418
429
418
391
360
339
340
350
346
340
361
433
524
596
625
638
673
738
799
827
824
809
773
688
559
434
362
342
354
381
413
419
389
345
334
373
429
458
427
332
198
67
-23
-81
-148
-239
-325
-348
-292
-189
-97
-44
-13
16
38
15
-56
-145
-218
-267
-297
-312
-321
-330
-354
-392
-438
-466
-458
-402
-315
-225
-162
-146
-164
-174
-136
-57
9
25
-7
-56
-108
-167
-237
-318
-395
-461
-503
-507
-474
-425
-386
-370
-387
-444
-528
-591
-611
-590
-555
-500
-428
-347
-274
-225
-203
-195
-179
-125
-38
52
110
120
113
113
127
146
154
135
87
26
-25
-65
-86
-93
-87
-96
-124
-146
-151
-156
-167
-166
-154
-152
-170
-183
-169
-142
-133
-144
-135
-74
21
98
114
72
19
-2
12
32
45
51
69
99
128
135
112
71
56
98
184
255
279
282
326
425
520
547
504
435
373
322
283
265
280
336
415
464
433
325
209
144
132
150
179
233
312
389
433
438
423
394
352
301
259
219
175
140
152
215
269
257
194
146
146
183
226
247
233
184
116
48
-16
-78
-118
-112
-55
16
59
64
42
0
-62
-137
-220
-301
-370
-402
-403
-401
-414
-420
-398
-369
-356
-361
-362
-342
-278
-173
-65
-32
-100
-220
-306
-315
-279
-254
-271
-312
-336
-310
-246
-185
-160
-167
-193
-227
-249
-241
-197
-153
-133
-111
-51
46
134
171
160
130
122
146
188
215
212
187
169
174
175
124
33
-47
-74
-56
-25
12
52
87
90
52
2
-1
71
181
251
237
171
114
104
122
126
93
29
-33
-82
-133
-205
-274
-307
-306
-307
-333
-370
-413
-459
-504
-527
-526
-514
-496
-466
