-198
-156
-161
-207
-267
-311
-329
-311
-280
-277
-317
-362
-375
-365
-367
-387
-409
-422
-415
-380
-324
-268
-228
-207
-207
-216
-229
-229
-203
-141
-69
-36
-71
-135
-157
-114
-45
0
10
8
20
57
117
182
238
256
218
143
77
50
41
26
18
37
59
22
-84
-205
-267
-260
-216
-179
-149
-101
-43
-9
-34
-77
-94
-78
-48
-24
-13
-15
-23
-20
-15
-20
-36
-62
-77
-68
-26
25
51
60
80
129
186
221
239
246
261
278
278
259
208
166
149
154
174
198
233
254
244
211
170
154
184
256
338
387
404
426
485
570
646
705
749
767
734
639
534
476
477
518
571
621
643
616
542
443
352
280
211
121
28
-18
5
70
120
128
101
49
-20
-98
-172
-225
-254
-262
-273
-303
-338
-364
-382
-414
-458
-510
-552
-555
-490
-368
-250
-186
-182
-199
-210
-213
-220
-251
-277
-257
-185
-90
-22
-2
-40
-119
-193
-247
-300
-381
-467
-518
-519
-490
-461
-430
-392
-335
-284
-252
-263
-306
-338
-306
-203
-99
-66
-121
-226
-337
-426
-472
-463
-442
-454
-519
-574
-558
-497
-446
-450
-477
-508
-520
-482
-386
-257
-147
-72
-14
43
87
92
51
16
26
70
96
88
88
122
166
189
180
179
199
242
277
266
211
127
50
-25
-91
-101
-22
125
265
347
389
420
461
503
541
581
633
697
733
709
638
570
546
565
611
675
736
781
787
740
624
469
331
248
217
211
224
240
250
254
262
280
275
232
158
83
24
-24
-47
-43
-10
41
113
211
289
298
231
161
152
203
270
302
288
232
146
34
-93
-204
-272
-289
-286
-287
-298
-305
-302
-292
-275
-259
-250
-252
-250
-252
-267
-294
-297
-258
-196
-156
-180
-274
-426
-571
-651
-646
-603
-556
-518
-472
-418
-365
-341
-380
-479
-576
-596
-535
-448
-376
-314
-242
-174
-138
-132
-155
-179
-186
-151
-91
-57
-78
-137
-186
-195
-172
-133
-104
-77
-34
42
164
325
501
644
699
672
592
501
404
282
156
53
15
26
54
71
69
63
58
48
19
-26
-55
-42
-3
42
87
139
175
166
113
71
87
144
187
163
84
7
-16
12
35
29
-2
-25
-33
-41
-38
-35
-44
-81
-118
-107
-41
27
41
-19
-100
-134
-74
64
214
329
395
416
374
279
185
141
137
130
111
99
103
103
106
122
142
132
73
-1
-66
-109
-146
-203
-270
-337
-359
-345
-309
-282
-263
-218
-159
-102
-76
-63
-51
-57
-102
-177
-226
-212
-155
-97
-63
-49
-49
-50
-38
-1
34
38
3
-61
-128
-179
-201
-189
-170
-153
-151
-134
-99
-56
-21
8
49
89
127
149
162
155
122
74
60
113
235
369
464
501
494
500
527
540
474
334
186
83
25
-15
-52
-75
-54
23
116
168
174
177
195
196
145
58
-14
-43
-27
2
39
71
100
132
165
192
195
178
159
138
102
52
-10
-49
-48
-9
28
25
-5
-50
-93
-125
-124
-96
-95
-137
-196
-230
-235
-248
-267
-267
-222
-164
-150
-182
-223
-236
-224
-188
-121
-62
-55
-112
-186
-223
-209
-178
-156
-156
-164
-177
-205
-241
-281
-301
-305
-284
-236
-161
-79
-46
-88
-178
-227
-184
-58
106
240
299
279
225
168
108
42
-26
-69
-71
-21
44
81
74
32
-23
-78
-124
-146
-150
-136
-111
-78
-32
20
85
150
188
179
127
62
8
-28
-40
-36
-25
4
62
145
213
253
262
230
164
88
19
-65
-182
-294
-351
-314
-198
-46
86
162
200
233
271
281
235
147
47
-33
-74
-67
-17
45
103
157
190
188
146
84
17
-49
-92
-99
-94
-105
-124
-104
-36
37
78
85
101
128
153
168
168
144
104
93
137
204
239
219
169
112
58
8
-31
-52
-52
-35
-19
-27
-53
-63
-34
21
81
126
161
197
242
288
310
279
194
77
-34
-100
-116
-92
-50
6
65
102
92
49
22
37
67
63
15
-35
-45
-10
38
65
44
-7
-70
-119
-168
-234
-307
-382
-439
-462
-431
-370
-314
-266
-218
-187
-188
-197
-176
-136
-119
-144
-194
-237
-272
-294
-320
-341
-328
-276
-195
-129
-112
-154
-228
-271
-254
-191
-128
-75
-28
13
61
135
238
314
312
238
142
67
22
12
21
39
64
103
154
193
200
170
148
167
222
271
283
263
227
198
184
182
174
160
148
158
188
209
204
180
177
180
182
179
178
180
157
129
117
116
106
77
76
118
171
176
119
28
-68
-139
-172
-174
-152
-111
-58
-8
25
39
40
51
85
125
136
112
80
65
71
97
126
114
51
-7
-13
12
6
-26
-49
-48
-44
-38
-21
-5
-23
-80
-143
-189
-208
-216
-201
-154
-81
-16
-12
-78
-170
-227
-222
-177
-123
-101
-123
-173
-205
-202
-169
-129
-105
-88
-89
-91
-101
-94
-65
-31
-18
-37
-70
-103
-125
-120
-65
25
108
142
134
103
66
28
4
22
56
70
57
59
90
120
109
52
-24
-85
-114
-120
-138
-180
-220
-231
-202
-158
-120
-91
-70
-59
-69
-99
-136
-163
-164
-149
-144
-147
-152
-166
-200
-228
-203
-132
-54
27
104
145
101
-13
-95
-98
-41
5
1
-38
-91
-116
-100
-51
9
59
101
121
120
88
15
-66
-89
-11
129
242
286
265
211
164
147
160
168
166
167
185
218
236
214
154
90
86
140
212
250
255
262
279
302
307
293
260
219
166
91
-5
-98
-155
-170
-150
-108
-36
43
103
123
106
64
19
-16
-33
-36
-20
19
63
84
79
57
51
63
80
96
110
129
126
81
-12
-118
-194
-209
-148
-51
19
35
31
56
103
133
128
130
164
208
229
239
262
292
304
291
250
188
142
135
147
126
53
-33
-89
-105
-98
-90
-93
-103
-111
-100
-61
-23
-29
-106
-206
-284
-311
-295
-251
-212
-212
-258
-317
-357
-361
-322
-247
-165
-136
-161
-196
-189
-150
-122
-142
-196
-227
-202
-136
-80
-72
-114
-186
-252
-290
-299
-299
-278
-223
-143
-76
-34
-4
22
31
12
-23
-46
-41
-16
11
23
26
18
-4
-27
-37
-32
-41
-72
-102
-102
-63
-17
8
-22
-96
-165
-182
-129
-54
5
22
-2
-65
-157
-250
-291
-257
-177
-119
-122
-155
-159
-101
-19
41
70
90
114
118
101
91
108
138
154
169
196
230
260
259
218
143
69
36
45
66
75
72
82
113
167
226
279
322
383
471
554
574
507
390
282
230
217
213
192
161
137
116
80
31
1
9
46
70
59
23
13
50
113
175
240
311
367
369
316
224
135
83
96
169
244
283
273
250
247
273
318
356
360
312
237
163
107
64
33
16
5
-26
-93
-178
-261
-316
-332
-313
-276
-226
-161
-79
0
36
1
-90
-193
-277
-329
-339
-310
-261
-217
-185
-170
-201
-280
-361
-389
-350
-284
-233
-240
-318
-441
-560
-641
-698
-735
-749
-745
-711
-646
-542
-438
-368
-333
-314
-297
-286
-301
-357
-440
-506
-507
-429
-285
-121
10
60
36
-5
-26
-39
-78
-131
-158
-170
-207
-267
-310
-295
-251
-200
-144
-68
24
99
141
148
136
129
126
124
143
204
321
473
618
723
779
828
884
910
859
741
611
514
464
463
494
540
606
695
803
879
894
862
809
747
647
507
355
246
222
252
282
262
204
158
141
142
132
97
41
-27
-99
-181
-260
-315
-339
-347
-379
-453
-546
-619
-644
-624
-587
-550
-513
-480
-451
-433
-401
-327
-205
-61
64
145
176
186
220
302
406
495
546
587
640
703
756
782
788
776
749
723
702
690
681
678
679
660
618
551
471
383
302
245
210
172
100
-15
-154
-305
-488
-714
-952
-1141
-1270
-1372
-1485
-1637
-1833
-2062
-2284
-2456
-2546
-2535
-2433
-2256
-2017
-1742
-1483
-1286
-1140
-986
-803
-627
-517
-474
-442
-382
-295
-209
-127
-39
42
84
85
83
131
262
480
759
1057
1338
1578
1765
1906
2017
2131
2258
2382
2476
2539
2576
2582
2538
2439
2313
2187
2069
1930
1746
1508
1242
964
711
487
262
-6
-351
-733
-1117
-1481
-1821
-2112
-2322
-2448
-2516
-2542
-2527
-2463
-2353
-2193
-1986
-1758
-1527
-1310
-1144
-1074
-1106
-1187
-1262
-1295
-1275
-1208
-1108
-1003
-886
-754
-605
-458
-330
-215
-92
55
232
441
695
975
1263
1556
1856
2128
2324
2449
2544
2616
2646
2623
2595
2624
2744
2919
3067
3122
3074
2965
2826
2674
2488
2246
1932
1568
1206
893
619
328
-7
-340
-630
-897
-1198
-1542
-1904
-2269
-2618
-2916
-3121
-3246
-3305
-3309
-3247
-3119
-2955
-2778
-2578
-2305
-1977
-1676
-1500
-1482
-1575
-1699
-1766
-1745
-1678
-1614
-1552
-1469
-1339
-1165
-953
-736
-556
-433
-369
-346
-333
-285
-161
39
302
601
912
1198
1422
1571
1663
1747
1857
1996
2155
2346
2567
2760
2852
2853
2831
2841
2888
2941
2969
2929
2789
2573
2328
2097
1862
1601
1297
962
608
237
-149
-531
-878
-1185
-1476
-1794
-2145
-2516
-2856
-3114
-3266
-3311
-3269
-3128
-2901
-2624
-2347
-2091
-1851
-1647
-1507
-1431
-1404
-1408
-1439
-1473
-1465
-1395
-1275
-1148
-1023
-888
-748
-649
-628
-663
-686
-666
-603
-493
-322
-79
208
505
781
1029
1261
1483
1684
1853
2009
2184
2372
2541
2685
2853
3089
3364
3597
3734
3788
3812
3825
3836
3825
3761
3597
3314
2941
2535
2153
1804
1458
1077
673
291
-46
-360
-718
-1142
-1602
-2019
-2372
-2698
-3027
-3314
-3477
-3463
-3299
-3062
-2858
-2757
-2747
-2770
-2767
-2726
-2665
-2601
-2563
-2572
-2620
-2672
-2656
-2539
-2343
-2149
-2011
-1917
-1823
-1715
-1605
-1495
-1367
-1201
-1000
-763
-488
-175
163
507
831
1127
1411
1695
1985
2254
2485
2663
2806
2938
3073
3219
3369
3512
3622
3678
3692
3670
3611
3502
3350
3156
2919
2642
2337
2012
1660
1285
908
537
184
-151
-486
-862
-1307
-1793
-2267
-2661
-2942
-3120
-3226
-3252
-3167
-2981
-2765
-2599
-2494
-2417
-2348
-2314
-2357
-2455
-2538
-2540
-2478
-2381
-2271
-2136
-1974
-1821
-1698
-1615
-1543
-1471
-1389
-1301
-1213
-1091
-904
-648
-345
1
382
763
1100
1377
1618
1848
2078
2295
2486
2660
2843
3063
3314
3583
3850
4081
4266
4410
4509
4529
4454
4307
4090
3778
3352
2862
2377
1943
1574
1246
918
545
150
-224
-563
-924
-1352
-1817
-2253
-2628
-2947
-3214
-3401
-3467
-3407
-3251
-3054
-2850
-2662
-2496
-2373
-2325
-2369
-2487
-2627
-2746
-2841
-2912
-2984
-3062
-3106
-3060
-2910
-2721
-2570
-2476
-2403
-2309
-2161
-1944
-1656
-1332
-1018
-725
-425
-83
303
714
1126
1533
1955
2401
2860
3284
3635
3903
4101
4265
4416
4563
4667
4704
4678
4622
4557
4461
4304
4037
3638
3144
2653
2235
1876
1518
1124
688
227
-218
-616
-961
-1293
-1637
-1990
-2324
-2605
-2815
-2958
-3040
-3053
-2987
-2865
-2717
-2586
-2500
-2473
-2473
-2465
-2454
-2482
-2567
-2680
-2769
-2832
-2894
-2954
-2978
-2934
-2830
-2696
-2571
-2491
-2447
-2384
-2252
-2036
-1778
-1508
-1230
-927
-579
-177
281
767
1240
1666
2053
2402
2716
3012
3310
3611
3878
4101
4294
4461
4578
4617
4603
4560
4500
4386
4198
3937
3612
3248
2869
2495
2141
1810
1514
1242
948
597
191
-237
-680
-1141
-1607
-2045
-2414
-2678
-2809
-2800
-2694
-2556
-2424
-2321
-2261
-2262
-2321
-2425
-2552
-2687
-2828
-2956
-3053
-3112
-3139
-3137
-3092
-3003
-2914
-2849
-2804
-2757
-2710
-2680
-2649
-2586
-2460
-2253
-1952
-1565
-1138
-724
-339
36
421
797
1155
1506
1878
2260
2615
2924
3212
3492
3748
3959
4147
4346
4556
4737
4829
4785
4605
4332
4024
3701
3368
3037
2724
2429
2125
1793
1428
1047
666
295
-90
-528
-1030
-1566
-2054
-2426
-2634
-2677
-2591
-2438
-2289
-2187
-2144
-2151
-2202
-2308
-2474
-2682
-2885
-3033
-3108
-3134
-3137
-3140
-3157
-3183
-3193
-3174
-3148
-3150
-3187
-3226
-3215
-3104
-2862
-2499
-2041
-1532
-1009
-502
-30
360
559
528
408
544
1177
2223
3276
3906
4012
3872
3924
4349
4937
5327
5335
5092
4839
4710
4657
4565
4351
3990
3489
2867
2171
1465
830
323
-10
-176
-229
-269
-392
-665
-1099
-1628
-2139
-2515
-2702
-2691
-2522
-2262
-1977
-1720
-1541
-1488
-1579
-1786
-2071
-2402
-2728
-2991
-3159
-3223
-3195
-3107
-3021
-2994
-3036
-3116
-3178
-3179
-3101
-2987
-2897
-2839
-2752
-2569
-2266
-1858
-1388
-905
-436
37
537
1043
1498
1878
2218
2556
2900
3218
3495
3718
3889
4018
4130
4229
4295
4309
4278
4189
4024
3749
3384
2972
2577
2223
1879
1516
1153
841
545
170
-333
-900
-1425
-1844
-2147
-2326
-2375
-2287
-2075
-1791
-1517
-1309
-1182
-1118
-1097
-1145
-1300
-1564
-1835
-2022
-2113
-2180
-2255
-2299
-2267
-2168
-2077
-2069
-2169
-2323
-2450
-2514
-2533
-2511
-2428
-2257
-2007
-1685
-1292
-831
-326
184
667
1077
1393
1624
1819
2030
2303
2645
3010
3315
3523
3688
3886
4113
4289
4334
4237
4023
3716
3310
2833
2354
1958
1674
1453
1240
1004
738
432
66
-368
-852
-1326
-1706
-1959
-2114
-2204
-2206
-2085
-1859
-1593
-1308
-1040
-857
-834
-970
-1213
-1487
-1720
-1858
-1918
-1962
-2010
-2060
-2107
-2170
-2246
-2336
-2456
-2613
-2782
-2905
-2914
-2779
-2532
-2251
-1964
-1653
-1300
-902
-447
61
558
963
1251
1476
1682
1876
2050
2232
2488
2851
3263
3571
3667
3599
3493
3393
3207
2849
2327
1737
1211
839
642
546
475
378
234
38
-221
-530
-878
-1225
-1528
-1735
-1792
-1641
-1284
-794
-288
144
438
573
554
421
195
-123
-515
-914
-1242
-1458
-1555
-1539
-1430
-1286
-1177
-1191
-1353
-1597
-1806
-1918
-1939
-1899
-1798
-1668
-1530
-1347
-1033
-549
50
647
1108
1362
1465
1554
1689
1832
1946
2066
2243
2470
2672
2735
2583
2249
1855
1501
1174
787
288
-263
-719
-977
-1058
-1070
-1092
-1145
-1242
-1412
-1653
-1912
-2094
-2113
-1935
-1581
-1091
-480
224
936
1506
1829
1881
1713
1382
942
434
-74
-481
-702
-760
-744
-719
-695
-663
-638
-644
-675
-836
-1245
-1903
-2423
-2245
-1128
584
2108
2824
2710
2357
2421
3024
3753
4099
3917
3456
3060
2917
2983
3108
3091
2732
1896
629
-833
-2205
-3303
-4077
-4534
-4676
-4493
-4037
-3482
-3044
-2851
-2881
-3030
-3211
-3350
-3362
-3122
-2558
-1712
-728
258
1191
2015
2630
2911
2816
2418
1854
1218
523
-239
-1032
-1735
-2228
-2462
-2480
-2357
-2149
-1901
-1670
-1476
-1278
-980
-545
2
600
1231
1925
2702
3587
4557
5542
6361
6856
6996
6882
6628
6262
5784
5169
4390
3386
2127
660
-858
-2276
-3538
-4684
-5741
-6661
-7326
-7623
-7537
-7140
-6553
-5837
-5028
-4181
-3427
-2854
-2433
-2002
-1383
-493
630
1878
3146
4315
5202
5544
5180
4166
2719
1050
-717
-2455
-3975
-5057
-5571
-5556
-5194
-4674
-4106
-3506
-2890
-2273
-1659
-994
-197
788
1975
3336
4835
6413
7960
9276
10133
10433
10290
9909
9379
8654
7710
6602
5335
3808
1912
-330
-2745
-5089
-7169
-8910
-10271
-11136
-11301
-10682
-9403
-7748
-5963
-4229
-2704
-1495
-605
80
729
1549
2696
4168
5757
7204
8279
8751
8373
6987
4652
1636
-1674
-4867
-7599
-9614
-10758
-11019
-10542
-9572
-8338
-7009
-5695
-4463
-3316
-2162
-833
806
2747
4832
6869
8743
10409
11812
12787
13114
12689
11652
10302
8882
7488
6103
4633
2916
794
-1756
-4610
-7510
-10136
-12170
-13427
-13854
-13404
-12023
-9795
-7024
-4091
-1353
933
2617
3695
4244
4441
4600
5071
5960
7061
8047
8658
8660
7797
5884
2958
-704
-4657
-8408
-11529
-13677
-14599
-14222
-12762
-10658
-8342
-6087
-4046
-2306
-869
382
1642
3091
4817
6768
8774
10634
12173
13241
13648
13199
11847
9833
7599
5541
3807
2319
878
-717
-2570
-4691
-7020
-9406
-11535
-13010
-13565
-13097
-11586
-9081
-5827
-2252
1191
4089
6130
7193
7411
7067
6490
6064
6090
6612
7371
8003
8148
7463
5699
2845
-834
-4886
-8765
-11942
-14008
-14745
-14117
-12288
-9622
-6624
-3792
-1464
251
1442
2292
3012
3832
4982
6563
8399
10126
11421
12138
12200
11481
9911
7694
5286
3146
1519
387
-457
-1352
-2575
-4237
-6287
-8559
-10738
-12392
-13161
-12842
-11370
-8839
-5600
-2132
1145
3893
5815
6776
6886
6437
5807
5432
5629
6376
7350
8135
8339
7575
5597
2429
-1561
-5761
-9470
-12139
-13535
-13632
-12493
-10304
-7502
-4655
-2233
-466
656
1321
1800
2377
3313
4778
6707
8772
10523
11614
11908
11415
10191
8309
6000
3719
1955
943
519
267
-313
-1538
-3442
-5840
-8481
-11015
-12963
-13876
-13533
-11961
-9383
-6238
-3054
-246
1960
3440
4193
4415
4438
4585
5091
6046
7318
8555
9325
9226
7924
5297
1558
-2775
-7053
-10580
-12769
-13356
-12497
-10573
-8005
-5237
-2770
-1025
-126
184
400
981
2131
3806
5862
8096
10189
11704
12277
11835
10628
9014
7238
5474
3997
3113
2898
3068
3078
2322
419
-2512
-5930
-9219
-11900
-13555
-13859
-12746
-10493
-7587
-4603
-2054
-240
805
1180
1104
969
1251
2262
4020
6297
8626
10384
11008
10189
7870
4222
-283
-4923
-8917
-11654
-12803
-12380
-10740
-8442
-6041
-3974
-2499
-1657
-1265
-963
-325
972
2975
5433
7924
10029
11402
11831
11293
10041
8556
7299
6469
6011
5858
5967
6201
6213
5521
3650
501
-3444
-7345
-10524
-12638
-13493
-13011
-11345
-8926
-6338
-4167
-2739
-1974
-1543
-1197
-773
-51
1231
3147
5492
7824
9580
10261
9619
7672
4602
766
-3278
-6901
-9659
-11332
-11851
-11307
-10008
-8400
-6883
-5685
-4824
-4147
-3426
-2446
-1011
1009
3549
6246
8572
10088
10649
10387
9574
8539
7651
7212
7224
7423
7555
7561
7432
7010
5908
3705
368
-3523
-7135
-9922
-11689
-12403
-12128
-11025
-9288
-7230
-5322
-3871
-2756
-1668
-519
659
1960
3532
5358
7236
8855
9816
9806
8736
6666
3703
136
-3485
-6581
-8832
-10147
-10555
-10199
-9315
-8158
-6965
-5930
-5066
-4241
-3355
-2386
-1199
402
2407
4513
6343
7640
8316
8471
8301
8010
7807
7912
8333
8770
8890
8632
8121
7340
5984
3645
314
-3391
-6618
-8925
-10368
-11131
-11241
-10628
-9371
-7818
-6428
-5330
-4216
-2755
-976
884
2748
4691
6718
8606
9968
10448
9952
8632
6617
3925
705
-2583
-5401
-7439
-8634
-9056
-8814
-8056
-6987
-5873
-4928
-4151
-3402
-2596
-1757
-842
290
1697
3220
4592
5645
6421
7070
7656
8121
8440
8652
8698
8405
7703
6788
5895
4973
3593
1366
-1562
-4527
-6930
-8705
-10091
-11161
-11691
-11454
-10517
-9220
-7828
-6246
-4197
-1725
735
2790
4461
5976
7360
8406
8894
8801
8236
7227
5592
3196
265
-2685
-5242
-7245
-8594
-9143
-8841
-7832
-6400
-4836
-3336
-1964
-758
143
616
828
1180
1964
3093
4298
5427
6517
7578
8500
9135
9406
9259
8640
7596
6349
5208
4289
3362
1944
-210
-2852
-5446
-7643
-9418
-10847
-11810
-12028
-11402
-10205
-8854
-7470
-5840
-3776
-1452
717
2447
3831
5124
6396
7418
7923
7844
7201
5896
3772
932
-2173
-4981
-7100
-8353
-8697
-8171
-6957
-5385
-3851
-2569
-1527
-625
143
712
1120
1604
2450
3675
4999
6130
7063
7944
8796
9500
9989
10293
10371
10083
9314
8124
6670
5051
3111
649
-2227
-4983
-7157
-8704
-9812
-10560
-10860
-10645
-9996
-9152
-8250
-7117
-5461
-3312
-1042
1009
2789
4385
5785
6797
7159
6797
5889
4583
2761
314
-2507
-5189
-7370
-8903
-9698
-9625
-8660
-7031
-5168
-3506
-2179
-1035
46
931
1493
1871
2392
3226
4244
5173
5908
6627
7540
8597
9549
10241
10636
10650
10152
9194
7993
6656
4965
2625
-313
-3300
-5710
-7313
-8320
-8998
-9366
-9262
-8670
-7878
-7159
-6384
-5134
-3300
-1247
571
2069
3419
4680
5624
5970
5674
4955
3988
2626
599
-2046
-4810
-7156
-8848
-9852
-10074
-9400
-7936
-6095
-4367
-2999
-1909
-960
-222
136
178
284
827
1812
2924
3902
4798
5799
6925
8000
8872
9486
9782
9678
9152
8280
7155
5731
3775
1164
-1733
-4211
-5924
-7123
-8147
-8896
-9020
-8411
-7376
-6378
-5541
-4465
-2679
-325
1907
3511
4556
5316
5861
6031
5731
5096
4361
3482
2056
-190
-2957
-5571
-7577
-8899
-9558
-9442
-8454
-6778
-4890
-3237
-1940
-805
299
1197
1630
1639
1584
1724
2010
2300
2663
3341
4445
5834
7251
8464
9233
9323
8647
7411
5961
4481
2816
708
-1748
-4029
-5626
-6524
-7030
-7385
-7537
-7308
-6676
-5906
-5259
-4552
-3274
-1251
1024
2911
4189
5043
5605
5802
5536
4904
4169
3480
2610
1155
-954
-3289
-5321
-6810
-7724
-7992
-7462
-6124
-4294
-2492
-1040
142
1266
2264
2829
2817
2469
2178
2077
2052
2060
2359
3237
4636
6207
7649
8826
9556
9577
8783
7374
5610
3541
1062
-1705
-4299
-6207
-7266
-7749
-8048
-8318
-8351
-7972
-7328
-6718
-6086
-5003
-3223
-1049
923
2345
3287
3971
4400
4367
3793
2981
2271
1616
610
-972
-2864
-4579
-5847
-6704
-7210
-7213
-6457
-4960
-3165
-1570
-307
825
1926
2811
3215
3122
2776
2430
2113
1767
1569
1915
2988
4543
6212
7814
9244
10180
10234
9325
7792
6009
4029
1644
-1126
-3787
-5699
-6671
-7065
-7335
-7560
-7494
-7041
-6447
-5969
-5445
-4459
-2868
-1058
444
1426
2060
2509
2703
2478
1894
1257
750
171
-840
-2310
-3875
-5162
-6079
-6640
-6741
-6212
-5086
-3726
-2590
-1855
-1276
-557
289
1015
1499
1869
2295
2740
3019
3085
3237
3853
4964
6242
7445
8613
9765
10590
10633
9780
8347
6681
4742
2348
-358
-2820
-4551
-5512
-6029
-6399
-6592
-6395
-5793
-5096
-4504
-3800
-2635
-1067
475
1652
2443
2983
3298
3262
2803
2109
1471
872
-58
-1522
-3260
-4835
-6061
-6971
-7538
-7578
-6968
-5890
-4820
-4148
-3797
-3364
-2666
-1926
-1382
-926
-261
685
1639
2314
2755
3322
4256
5434
6567
7587
8630
9683
10346
10143
9018
7378
5568
3509
1066
-1518
-3677
-5028
-5638
-5892
-6075
-6101
-5715
-4957
-4165
-3481
-2653
-1436
26
1367
2358
3066
3688
4265
4584
4442
3900
3131
2092
590
-1364
-3439
-5242
-6591
-7483
-7882
-7649
-6805
-5739
-5023
-4925
-5144
-5134
-4576
-3599
-2504
-1453
-443
468
1118
1476
1819
2527
3719
5167
6526
7630
8539
9325
9757
9395
8130
6392
4627
2774
583
-1840
-3993
-5385
-5886
-5798
-5564
-5307
-4802
-3948
-2982
-2105
-1224
-201
904
1959
2902
3738
4485
5145
5630
5811
5609
4981
3816
2059
-93
-2219
-3962
-5195
-5942
-6212
-5975
-5364
-4772
-4610
-4905
-5263
-5227
-4638
-3632
-2427
-1170
-5
858
1265
1345
1512
2092
3087
4219
5227
6013
6671
7325
7846
7801
6927
5555
4237
3015
1464
-611
-2889
-4827
-6059
-6564
-6628
-6459
-5967
-5039
-3892
-2877
-2095
-1409
-686
112
940
1772
2715
3892
5215
6354
6998
6976
6206
4691
2612
318
-1803
-3469
-4585
-5190
-5374
-5278
-5155
-5254
-5605
-5967
-6020
-5580
-4664
-3407
-1951
-457
851
1819
2520
3169
3893
4621
5202
5513
5566
5540
5655
5925
6062
5728
4909
3918
2909
1608
-292
-2589
-4672
-6042
-6625
-6643
-6382
-5939
-5249
-4349
-3502
-2953
-2648
-2330
-1791
-985
73
1384
2932
4580
6058
7082
7455
7078
5955
4208
2090
-71
-2009
-3571
-4709
-5410
-5760
-5970
-6255
-6593
-6753
-6521
-5855
-4776
-3264
-1371
635
2328
3447
4097
4619
5198
5692
5860
5687
5388
5145
4971
4871
4919
5099
5198
5028
4561
3767
2482
635
-1587
-3778
-5426
-6146
-6026
-5579
-5178
-4800
-4363
-4024
-3931
-4019
-4009
-3583
-2544
-923
1084
3289
5472
7265
8261
8267
7396
5906
4035
1922
-312
-2464
-4302
-5720
-6810
-7710
-8434
-8862
-8840
-8318
-7359
-6031
-4297
-2140
228
2387
4012
5093
5777
6097
5948
5363
4629
4074
3746
3454
3046
2689
2747
3401
4365
5139
5471
5321
4541
2873
437
-2141
-4091
-5026
-5122
-4890
-4723
-4681
-4705
-4870
-5242
-5599
-5475
-4538
-2833
-644
1754
4141
6217
7644
8236
8074
7356
6201
4583
2493
108
-2281
-4478
-6473
-8249
-9640
-10385
-10313
-9516
-8309
-6972
-5523
-3835
-1895
102
1951
3566
4958
6026
6474
6040
4915
3662
2723
2112
1691
1504
1727
2491
3751
5236
6423
6924
6723
5969
4624
2683
485
-1456
-2851
-3706
-4169
-4504
-4961
-5585
-6159
-6401
-6091
-5107
-3443
-1231
1276
3727
5780
7263
8254
8932
9302
9138
8186
6402
3955
1074
-2018
-5065
-7755
-9787
-10981
-11305
-10883
-9965
-8759
-7347
-5727
-3960
-2085
-103
1944
3842
5279
5940
5655
4557
3084
1685
567
-204
-549
-348
396
1514
2767
3998
5127
6003
6476
6475
5916
4591
2462
-115
-2617
-4663
-6079
-6906
-7367
-7592
-7427
-6703
-5524
-4073
-2367
-354
1825
3915
5723
7225
8482
9482
10021
9800
8696
6792
4210
1067
-2344
-5539
-8102
-9880
-10899
-11218
-10883
-9977
-8682
-7194
-5592
-3775
-1662
631
2775
4406
5272
5297
4554
3210
1563
16
-1059
-1507
-1378
-777
197
1347
2418
3387
4490
5850
7139
7847
7703
6681
4769
2002
-1309
-4595
-7194
-8622
-8824
-8204
-7216
-5989
-4458
-2676
-807
1058
2908
4702
6347
7757
8853
9564
9851
9650
8838
7293
5020
2205
-846
-3800
-6384
-8401
-9698
-10197
-9936
-9064
-7721
-6024
-4093
-2100
-238
1337
2529
3312
3675
3610
3133
2310
1269
187
-731
-1310
-1452
-1159
-503
406
1452
2534
3613
4733
5907
6921
7356
6890
5502
3320
450
-2872
-6132
-8661
-9923
-9741
-8410
-6512
-4523
-2623
-907
467
1445
2221
3075
4086
5073
5815
6225
6285
5925
5102
3904
2505
1000
-617
-2378
-4221
-5956
-7328
-8124
-8182
-7417
-5930
-4047
-2176
-648
289
540
274
-154
-434
-391
-25
526
1034
1345
1397
1183
783
426
400
888
1857
3052
4125
4838
5194
5298
5154
4602
3507
2000
350
-1356
-3242
-5183
-6615
-6934
-5998
-4168
-2097
-403
660
1177
1266
946
419
141
426
1136
1856
2313
2493
2504
2363
1991
1352
569
-189
-924
-1784
-2779
-3617
-3944
-3702
-3173
-2656
-2276
-2089
-2228
-2724
-3338
-3643
-3339
-2385
-920
791
2398
3566
4117
4117
3817
3510
3380
3464
3769
4272
4791
4956
4469
3382
2077
1022
512
523
793
1130
1511
1840
1751
1012
-82
-874
-959
-502
-54
-117
-758
-1681
-2612
-3487
-4170
-4333
-3765
-2680
-1573
-815
-419
-133
247
731
1251
1798
2314
2563
2252
1290
-137
-1762
-3403
-4937
-6190
-6988
-7291
-7166
-6661
-5783
-4543
-2987
-1185
738
2665
4470
5946
6800
6877
6292
5313
4150
2896
1646
604
-35
-270
-326
-397
-412
-132
638
1896
3443
4960
6183
6997
7240
6574
4777
2151
-607
-2877
-4402
-5251
-5723
-6071
-6295
-6297
-6163
-6041
-5820
-5230
-4171
-2782
-1248
283
1698
2932
3952
4655
4880
4530
3592
2057
-31
-2453
-4821
-6757
-8013
-8488
-8208
-7273
-5816
-4031
-2197
-520
1029
2559
4051
5321
6193
6531
6216
5194
3577
1718
104
-862
-1070
-651
224
1379
2564
3472
3969
4219
4556
5203
6125
7043
7572
7399
6450
4788
2451
-386
-3178
-5216
-6168
-6240
-5899
-5573
-5507
-5696
-5931
-5946
-5547
-4642
-3295
-1720
-197
1018
1780
2149
2389
2756
3249
3586
3387
2423
749
-1321
-3356
-4986
-5932
-5994
-5163
-3764
-2358
-1340
-718
-281
86
391
693
1119
1697
2276
2669
2800
2743
2638
2618
2762
3058
3437
3799
4037
4038
3755
3244
2623
1970
1358
922
842
1171
1788
2463
2990
3264
3199
2633
1394
-406
-2335
-3912
-4910
-5423
-5769
-6210
-6681
-6922
-6871
-6685
-6334
-5547
-4187
-2484
-822
530
1517
2318
3120
3885
4396
4539
4390
3951
3072
1650
-160
-1968
-3393
-4285
-4749
-4907
-4779
-4413
-3952
-3434
-2708
-1641
-246
1402
3205
4930
6254
6929
6816
5901
4390
2720
1256
135
-612
-949
-963
-914
-1044
-1382
-1727
-1732
-1068
406
2555
4972
7047
8150
7992
6762
4855
2438
-462
-3572
-6293
-8105
-8990
-9327
-9476
-9415
-8841
-7578
-5788
-3806
-1863
-85
1423
2556
3307
3854
4470
5343
6371
7208
7496
7052
5874
4034
1666
-899
-3149
-4626
-5187
-5025
-4509
-3938
-3388
-2773
-2035
-1207
-314
655
1672
2589
3190
3316
3001
2479
1944
1379
684
-77
-739
-1208
-1468
-1474
-1158
-502
420
1438
2314
2869
3035
2852
2428
1966
1692
1674
1731
1657
1435
1057
245
-1296
-3323
-5076
-5902
-5734
-4945
-4003
-3181
-2485
-1861
-1357
-979
-520
243
1287
2390
3328
3988
4412
4810
5349
5941
6275
6095
5344
4051
2249
-3
-2443
-4610
-6078
-6737
-6821
-6607
-6192
-5528
-4638
-3654
-2655
-1531
-162
1301
2459
3007
3008
2745
2405
1970
1425
893
475
84
-514
-1408
-2420
-3220
-3614
-3615
-3290
-2587
-1443
-65
1115
1804
2157
2583
3297
4140
4805
5204
5389
5258
4382
2450
-203
-2647
-4006
-4065
-3242
-2168
-1219
-486
-40
-109
-730
-1449
-1657
-1137
-122
1032
2038
2700
2965
2917
2648
2218
1697
1143
497
-399
-1629
-3083
-4476
-5500
-5965
-5887
-5405
-4657
-3761
-2851
-2085
-1568
-1235
-868
-281
509
1296
1851
2034
1795
1176
303
-627
-1375
-1743
-1697
-1388
-1008
-689
-506
-492
-550
-451
75
1161
2736
4548
6292
7733
8742
9292
9418
9195
8722
8168
7612
6787
5113
2363
-879
-3638
-5382
-6247
-6601
-6674
-6506
-6119
-5710
-5573
-5717
-5689
-4956
-3423
-1442
580
2431
4076
5492
6518
6829
6186
4704
2769
669
-1560
-3839
-5856
-7257
-7979
-8230
-8203
-7844
-6929
-5365
-3390
-1395
405
1986
3256
3969
3940
3222
2094
875
-188
-998
-1506
-1645
-1413
-935
-335
370
1189
2039
2832
3532
4145
4659
5049
5272
5311
5242
5193
5224
5290
5373
5473
5441
4956
3811
2178
424
-1340
-3335
-5590
-7601
-8683
-8639
-7880
-7005
-6347
-5851
-5333
-4792
-4376
-4063
-3608
-2860
-1962
-1144
-457
228
1083
2159
3301
4212
4667
4616
4088
3086
1676
84
-1344
-2342
-2870
-3087
-3170
-3158
-2991
-2653
-2201
-1629
-811
310
1561
2582
3044
2889
2345
1718
1141
612
193
93
429
1052
1665
2116
2459
2728
2784
2485
1940
1496
1420
1679
2053
2418
2796
3163
3367
3293
3024
2730
2472
2124
1520
663
-228
-967
-1680
-2762
-4427
-6320
-7692
-8028
-7477
-6582
-5793
-5220
-4702
-4029
-3166
-2212
-1135
304
2189
4191
5796
6789
7368
7875
8439
8818
8617
7646
6062
4066
1660
-1136
-3923
-6077
-7239
-7549
-7396
-7056
-6539
-5775
-4854
-3998
-3259
-2412
-1238
138
1303
1921
2022
1892
1721
1444
985
513
337
522
771
701
198
-524
-1158
-1562
-1745
-1652
-1151
-241
794
1564
1851
1730
1462
1278
1254
1397
1775
2402
3070
3400
3183
2581
1991
1700
1631
1432
820
-91
-908
-1320
-1365
-1296
-1368
-1625
-1875
-1894
-1669
-1370
-1056
-578
199
1158
2046
2713
3206
3674
4155
4452
4209
3232
1661
-211
-2241
-4372
-6373
-7825
-8417
-8226
-7649
-7090
-6662
-6189
-5489
-4604
-3658
-2617
-1317
206
1618
2513
2746
2451
1873
1199
561
96
-68
91
432
747
881
879
916
1164
1642
2313
3176
4285
5562
6727
7475
7752
7779
7707
7424
6745
5714
4600
3663
2927
2191
1271
278
-462
-779
-915
-1316
-2235
-3486
-4549
-4944
-4585
-3815
-3111
-2756
-2742
-2866
-2965
-3041
-3172
-3297
-3230
-2905
-2480
-2122
-1771
-1189
-211
1028
2055
2338
1709
429
-1169
-2967
-4836
-6372
-7085
-6866
-6073
-5203
-4472
-3770
-2945
-2047
-1189
-248
1075
2797
4440
5377
5426
4910
4300
3850
3600
3540
3696
4013
4217
3974
3237
2356
1740
1506
1517
1645
1844
2073
2201
2105
1787
1417
1214
1308
1648
2006
2104
1793
1153
399
-282
-817
-1185
-1360
-1304
-1011
-565
-199
-298
-1262
-3114
-5253
-6770
-7150
-6653
-5984
-5677
-5735
-5769
-5442
-4770
-3890
-2684
-882
1375
3380
4456
4596
4373
4335
4567
4783
4693
4268
3621
2709
1308
-614
-2620
-4061
-4556
-4191
-3337
-2398
-1634
-1095
-722
-490
-402
-356
-128
401
1078
1605
1825
1852
1907
2062
2196
2222
2251
2438
2716
2773
2371
1597
747
29
-566
-1108
-1529
-1676
-1492
-1112
-712
-333
154
888
1855
2849
3614
4021
4119
4040
3848
3525
3058
2506
1962
1483
1049
642
179
-587
-1979
-3946
-5855
-6896
-6754
-5759
-4528
-3489
-2684
-1960
-1340
-1040
-1077
-1027
-432
665
1765
2443
2699
2812
2990
3138
2970
2299
1257
114
-1023
-2274
-3699
-5120
-6251
-6952
-7265
-7301
-7096
-6580
-5655
-4343
-2887
-1598
-582
326
1300
2285
3048
3437
3540
3563
3582
3441
2987
2343
1858
1728
1810
1847
1812
1918
2295
2797
3177
3462
3929
4741
5679
6333
6483
6206
5671
4883
3730
2204
572
-784
-1658
-2108
-2286
-2270
-2098
-1829
-1546
-1261
-909
-404
167
409
-255
-2019
-4320
-6176
-6964
-6813
-6241
-5637
-5045
-4423
-3879
-3673
-3820
-3881
-3266
-1850
-117
1344
2349
3111
3817
4395
4612
4352
3706
2842
1802
451
-1239
-3000
-4351
-4969
-4899
-4428
-3806
-3100
-2244
-1206
-76
1001
1980
2984
4097
5174
5902
6106
5915
5570
5170
4647
3989
3356
2960
2827
2765
2564
2156
1626
1067
503
-74
-650
-1185
-1656
-2048
-2322
-2388
-2155
-1624
-896
-164
347
478
247
-222
-787
-1344
-1772
-2002
-2122
-2306
-2657
-3142
-3643
-3974
-4043
-3988
-4149
-4636
-5122
-5059
-4162
-2630
-928
561
1754
2755
3600
4134
4205
3913
3568
3371
3211
2873
2345
1890
1752
1908
2035
1783
1079
181
-613
-1255
-1860
-2419
-2721
-2619
-2229
-1835
-1632
-1637
-1714
-1705
-1558
-1352
-1162
-891
-366
427
1266
1899
2212
2216
2013
1749
1558
1493
1553
1700
1780
1544
849
-182
-1238
-2068
-2560
-2736
-2609
-2181
-1494
-737
-136
255
605
1079
1617
1982
2022
1796
1480
1194
971
844
921
1290
1848
2331
2553
2602
2656
2708
2465
1610
170
-1338
-2283
-2429
-2116
-1844
-1885
-2186
-2573
-2909
-3151
-3246
-3013
-2221
-882
593
1692
2251
2557
2975
3593
4157
4319
3894
2977
1804
503
-970
-2626
-4212
-5356
-5896
-6015
-6016
-6051
-6049
-5820
-5243
-4315
-3084
-1518
401
2524
4502
6012
6917
7244
7051
6392
5396
4287
3234
2235
1178
-12
-1279
-2431
-3165
-3293
-2914
-2337
-1767
-1184
-488
346
1265
2143
2836
3255
3359
3068
2307
1190
94
-602
-796
-687
-538
-494
-567
-722
-891
-958
-777
-280
406
880
624
-575
-2294
-3709
-4231
-3921
-3298
-2839
-2633
-2448
-2074
-1589
-1242
-1052
-670
262
1644
2926
3640
3774
3690
3689
3774
3710
3314
2616
1735
658
-755
-2504
-4311
-5750
-6499
-6476
-5852
-4942
-4029
-3183
-2334
-1426
-511
369
1276
2294
3379
4295
4747
4575
3869
2907
1978
1261
804
555
445
411
387
273
-14
-478
-1023
-1495
-1774
-1880
-1903
-1872
-1725
-1423
-994
-451
224
972
1635
2074
2277
2333
2355
2414
2509
2583
2594
2526
2347
2010
1564
1205
1115
1263
1346
970
-66
-1510
-2720
-3090
-2568
-1662
-960
-635
-450
-161
192
365
242
33
83
485
953
1119
918
622
560
823
1197
1346
1095
526
-200
-1050
-2098
-3272
-4244
-4626
-4311
-3611
-3026
-2871
-3059
-3248
-3156
-2737
-2098
-1301
-319
838
1936
2586
2515
1880
1153
767
843
1249
1795
2303
2601
2518
1955
978
-99
-829
-915
-418
275
721
672
184
-450
-856
-757
-109
899
1976
2853
3320
3244
2653
1786
1023
648
719
1035
1284
1245
952
593
307
69
-275
-866
-1688
-2465
-2838
-2658
-2139
-1669
-1534
-1764
-2157
-2396
-2247
-1728
-1072
-509
-79
310
701
1001
1146
1241
1510
2022
2536
2573
1785
249
-1559
-3142
-4301
-5087
-5524
-5517
-5051
-4383
-3908
-3841
-3961
-3712
-2653
-865
1120
2764
3860
4471
4683
4481
3864
3047
2449
2377
2713
2961
2655
1723
504
-553
-1203
-1468
-1461
-1227
-767
-232
76
-51
-471
-736
-458
378
1432
2299
2787
2938
2840
2553
2175
1920
1990
2399
2890
3114
2891
2349
1762
1278
835
311
-297
-955
-1694
-2559
-3407
-3873
-3628
-2681
-1472
-597
-334
-429
-348
185
970
1614
1918
1959
1837
1511
912
152
-442
-555
-159
398
617
223
-702
-1851
-2930
-3755
-4236
-4319
-3995
-3366
-2715
-2385
-2507
-2814
-2819
-2206
-1063
267
1456
2309
2703
2534
1796
719
-240
-662
-469
58
552
835
935
932
833
632
395
270
357
577
730
649
334
-61
-308
-263
42
477
949
1395
1731
1876
1810
1597
1349
1208
1251
1425
1595
1668
1650
1570
1426
1209
960
735
516
176
-395
-1125
-1739
-1966
-1802
-1563
-1613
-2019
-2471
-2551
-2087
-1277
-487
44
326
484
559
486
268
112
257
681
1021
818
-103
-1539
-3086
-4408
-5318
-5722
-5588
-4985
-4132
-3329
-2795
-2539
-2329
-1832
-854
536
2096
3499
4426
4646
4194
3386
2606
2054
1683
1310
782
102
-569
-1071
-1360
-1478
-1415
-1112
-559
154
876
1521
2111
2731
3400
4021
4423
4502
4308
3970
3537
2961
2235
1455
757
245
-41
-125
-110
-89
-72
59
382
823
1180
1339
1329
1175
780
50
-873
-1630
-1871
-1569
-1058
-789
-958
-1392
-1755
-1830
-1628
-1279
-904
-557
-258
-68
-84
-313
-541
-458
32
642
856
342
-791
-2112
-3206
-3895
-4186
-4138
-3795
-3229
-2622
-2188
-2001
-1898
-1608
-978
-89
800
1422
1618
1369
807
223
-60
80
480
825
926
830
732
754
845
882
837
803
900
1131
1401
1580
1602
1478
1284
1092
921
764
626
550
561
613
625
571
511
540
666
812
893
950
1076
1282
1437
1366
1023
563
261
255
362
216
-309
-911
-1158
-945
-590
-488
-755
-1154
-1331
-1155
-837
-738
-1036
-1610
-2181
-2533
-2597
-2413
-2058
-1612
-1154
-803
-694
-878
-1242
-1581
-1725
-1614
-1304
-950
-765
-874
-1244
-1727
-2173
-2451
-2426
-2018
-1276
-417
300
715
852
872
1002
1407
2087
2840
3380
3512
3253
2822
2461
2275
2188
2112
2060
2093
2190
2231
2107
1810
1467
1253
1278
1468
1631
1637
1502
1305
1095
918
843
888
961
967
941
970
1075
1186
1247
1237
1142
931
597
191
-223
-642
-1139
-1735
-2303
-2634
-2670
-2589
-2652
-2941
-3247
-3266
-2905
-2393
-2047
-1977
-2030
-1979
-1716
-1292
-776
-160
591
1342
1771
1583
772
-341
-1338
-1949
-2155
-2112
-2012
-1978
-2046
-2191
-2346
-2383
-2141
-1531
-602
454
1398
2037
2258
2050
1561
1092
947
1215
1692
2060
2121
1915
1643
1460
1374
1309
1244
1221
1246
1227
1034
611
24
-567
-996
-1174
-1140
-1007
-861
-709
-516
-247
112
520
876
1089
1201
1336
1570
1801
1886
1757
1499
1177
736
78
-716
-1348
-1565
-1436
-1317
-1532
-2059
-2524
-2525
-1985
-1225
-660
-443
-387
-242
13
173
66
-212
-414
-374
-131
173
401
487
435
311
180
85
66
134
219
165
-133
-636
-1211
-1745
-2160
-2399
-2384
-2075
-1536
-945
-499
-291
-265
-270
-136
252
894
1663
2353
2773
2860
2737
2614
2614
2658
2582
2298
1843
1312
786
291
-176
-605
-941
-1109
-1072
-848
-517
-165
165
482
782
993
1038
911
691
500
459
628
942
1264
1490
1593
1565
1402
1136
859
681
654
726
712
385
-383
-1466
-2508
-3124
-3180
-2889
-2619
-2588
-2708
-2744
-2544
-2141
-1668
-1205
-722
-188
360
838
1189
1406
1495
1486
1405
1284
1125
896
534
7
-616
-1161
-1470
-1531
-1507
-1585
-1788
-1965
-1965
-1774
-1488
-1214
-995
-810
-580
-238
206
626
873
874
720
631
797
1191
1589
1753
1664
1475
1346
1247
1024
585
-2
-550
-941
-1204
-1479
-1854
-2255
-2493
-2426
-2067
-1515
-843
-102
627
1254
1748
2145
2484
2784
3020
3138
3092
2924
2732
2574
2403
2114
1658
1080
463
-147
-735
-1241
-1531
-1491
-1151
-688
-318
-169
-190
-195
-41
195
292
131
-170
-425
-562
-651
-745
-775
-631
-328
-59
-22
-240
-547
-750
-791
-746
-720
-765
-908
-1225
-1753
-2371
-2828
-2960
-2828
-2624
-2485
-2394
-2272
-2051
-1722
-1347
-1035
-850
-731
-512
-66
567
1186
1584
1714
1699
1705
1785
1912
2042
2165
2263
2268
2134
1895
1686
1622
1703
1813
1847
1772
1629
1465
1317
1234
1269
1457
1748
2027
2159
2066
1800
1536
1468
1633
1887
2032
1961
1695
1288
768
140
-564
-1232
-1727
-1955
-1995
-2054
-2331
-2831
-3332
-3565
-3424
-3048
-2650
-2358
-2171
-2039
-1938
-1819
-1608
-1269
-871
-580
-544
-765
-1075
-1271
-1279
-1166
-1035
-930
-844
-748
-653
-601
-615
-651
-639
-583
-541
-540
-533
-490
-446
-439
-441
-360
-104
346
920
1477
1888
2112
2191
2217
2273
2405
2578
2686
2618
2368
2049
1780
1606
1468
1305
1083
808
510
234
36
-66
-92
-93
-92
-71
17
199
438
643
728
695
606
512
422
335
244
120
-69
-323
-604
-864
-1052
-1062
-826
-436
-153
-205
-568
-1026
-1368
-1543
-1613
-1661
-1736
-1870
-2082
-2327
-2477
-2371
-1959
-1357
-795
-444
-308
-256
-129
112
389
601
731
829
892
832
573
175
-204
-447
-550
-624
-773
-1005
-1231
-1355
-1370
-1314
-1193
-952
-546
-11
556
1084
1555
1947
2184
2190
1996
1768
1688
1802
1988
2072
1981
1772
1567
1469
1532
1729
1980
2169
2186
1960
1482
854
250
-156
-291
-211
-56
62
132
211
351
550
763
941
1057
1116
1119
1039
834
514
141
-203
-458
-643
-813
-1045
-1388
-1831
-2311
-2721
-2996
-3116
-3076
-2901
-2668
-2480
-2380
-2335
-2266
-2145
-1970
-1747
-1497
-1296
-1221
-1255
-1272
-1147
-861
-503
-211
-65
-57
-101
-100
-31
68
125
98
-16
-199
-406
-584
-675
-639
-489
-276
-47
205
467
681
776
778
843
1130
1684
2369
2995
3406
3522
3352
3009
2692
2556
2613
2735
2732
2474
1965
1338
752
293
-16
-162
-153
-53
28
-17
-195
-392
-438
-232
158
563
852
999
1029
941
755
532
352
258
226
176
16
-312
-786
-1292
-1705
-1957
-2073
-2100
-2073
-2028
-2023
-2109
-2264
-2391
-2402
-2264
-2028
-1761
-1511
-1290
-1120
-1022
-1007
-1035
-1051
-1023
-940
-818
-700
-627
-605
-605
-613
-636
-670
-669
-586
-403
-158
82
240
278
212
117
75
137
301
515
718
888
1058
1280
1549
1810
1994
2076
2074
2036
2035
2080
2132
2142
2140
2174
2217
2161
1940
1630
1368
1246
1228
1210
1109
903
636
377
195
118
125
179
247
294
254
97
-141
-359
-480
-480
-386
-269
-204
-257
-426
-677
-964
-1261
-1551
-1826
-2096
-2360
-2603
-2776
-2856
-2849
-2782
-2646
-2428
-2132
-1784
-1454
-1209
-1096
-1060
-1027
-951
-853
-741
-600
-430
-258
-122
-23
59
172
355
599
843
1038
1172
1262
1287
1229
1100
966
879
838
811
762
679
562
457
450
595
843
1084
1247
1341
1411
1487
1580
1702
1847
1973
2024
1964
1805
1576
1301
1000
697
416
182
19
-95
-230
-440
-703
-934
-1076
-1109
-1067
-988
-909
-828
-712
-548
-350
-163
3
159
265
264
145
-10
-117
-165
-193
-234
-293
-394
-564
-822
-1134
-1419
-1583
-1592
-1500
-1388
-1323
-1319
-1359
-1378
-1312
-1144
-924
-707
-504
-301
-88
95
166
82
-84
-200
-196
-125
-75
-77
-97
-113
-147
-248
-426
-608
-685
-585
-349
-99
43
61
41
87
237
449
639
763
842
924
1011
1079
1136
1227
1373
1506
1557
1484
1339
1184
1068
1015
1023
1082
1149
1178
1133
1008
860
768
780
853
893
858
769
670
573
464
339
200
82
27
16
-13
-115
-242
-334
-371
-387
-408
-455
-547
-691
-879
-1089
-1301
-1463
-1520
-1451
-1291
-1118
-1006
-988
-1050
-1143
-1227
-1261
-1211
-1071
-878
-729
-716
-870
-1122
-1347
-1433
-1329
-1072
-754
-459
-228
-68
-1
-25
-76
-41
138
389
587
643
581
469
357
251
165
140
210
350
489
595
695
831
1001
1175
1345
1528
1717
1879
1974
1983
1908
1780
1631
1451
1234
973
702
461
295
242
278
349
394
393
360
297
208
118
58
46
75
99
75
-19
-141
-250
-321
-360
-394
-454
-549
-638
-689
-709
-740
-798
-854
-859
-805
-748
-778
-959
-1277
-1653
-1975
-2158
-2169
-2040
-1849
-1685
-1615
-1646
-1720
-1727
-1590
-1321
-996
-702
-500
-439
-536
-749
-984
-1152
-1197
-1084
-834
-552
-347
-242
-169
-64
95
278
450
589
699
788
860
906
952
1047
1213
1433
1661
1878
2068
2216
2287
2295
2309
2374
2479
2583
2640
2634
2574
2505
2468
2427
2288
2008
1639
1278
987
782
664
614
591
535
413
247
99
36
90
222
344
348
197
-52
-321
-560
-767
-930
-1045
-1107
-1137
-1188
-1331
-1577
-1862
-2095
-2231
-2259
-2211
-2130
-2044
-1982
-1980
-2084
-2276
-2459
-2523
-2418
-2181
-1899
-1663
-1523
-1454
-1400
-1337
-1268
-1174
-1001
-706
-324
41
305
452
536
597
647
681
713
768
840
905
932
933
950
1027
1168
1333
1486
1627
1774
1923
2036
2072
2001
1844
1662
1516
1397
1254
1078
919
819
742
591
349
111
8
71
230
393
493
503
434
338
254
172
71
-46
-166
-287
-433
-612
-821
-1021
-1139
-1123
-991
-837
-742
-729
-773
-841
-910
-968
-1012
-1054
-1089
-1116
-1151
-1227
-1359
-1532
-1720
-1889
-1997
-1998
-1874
-1657
-1414
-1192
-982
-749
-491
-277
-167
-155
-158
-120
-40
19
3
-80
-173
-184
-95
62
212
321
432
597
830
1081
1300
1490
1661
1777
1787
1685
1554
1471
1470
1511
1559
1612
1695
1821
1948
2029
2048
2021
1969
1894
1802
1722
1662
1597
1479
1306
1107
909
725
575
483
434
387
315
235
198
217
254
275
287
329
395
430
364
185
-78
-362
-637
-914
-1206
-1495
-1717
-1857
-1973
-2128
-2328
-2507
-2612
-2628
-2587
-2523
-2459
-2396
-2313
-2221
-2137
-2052
-1929
-1739
-1528
-1355
-1254
-1205
-1175
-1121
-1004
-818
-605
-414
-255
-113
2
48
24
-36
-53
1
114
242
341
406
468
586
772
978
1137
1221
1256
1266
1245
1199
1162
1183
1281
1436
1593
1683
1657
1515
1320
1143
1029
977
961
955
940
925
919
921
921
895
830
735
637
547
470
391
298
172
13
-160
-322
-447
-515
-511
-455
-398
-403
-484
-608
-712
-780
-823
-881
-957
-1034
-1093
-1142
-1229
-1366
-1500
-1542
-1463
-1319
-1178
-1056
-936
-802
-685
-623
-636
-707
-780
-803
-749
-655
-578
-556
-571
-570
-530
-462
-380
-268
-117
62
247
426
589
724
821
899
972
1037
1089
1134
1195
1279
1353
1386
1378
1382
1442
1534
1598
1589
1509
1406
1321
1269
1238
1195
1139
1081
1043
1032
1039
1041
1015
968
933
937
952
913
805
673
583
546
536
501
399
226
8
-213
-419
-605
-768
-909
-1040
-1172
-1295
-1398
-1506
-1650
-1823
-1969
-2043
-2043
-2002
-1966
-1961
-1980
-2002
-1988
-1925
-1809
-1641
-1421
-1167
-962
-866
-859
-853
-788
-686
-589
-514
-447
-376
-311
-275
-279
-291
-246
-110
86
275
390
424
406
378
378
398
428
468
532
633
756
887
1009
1118
1192
1205
1143
1033
918
815
715
619
553
534
546
552
545
542
568
634
725
793
798
748
694
670
636
539
373
188
37
-64
-123
-157
-173
-169
-149
-131
-140
-183
-246
-312
-362
-402
-450
-513
-563
-558
-490
-419
-405
-451
-504
-527
-531
-535
-524
-456
-345
-250
-218
-226
-235
-215
-152
-64
2
3
-47
-104
-159
-231
-321
-395
-408
-349
-249
-160
-99
-59
1
119
301
502
643
684
646
578
516
477
451
433
427
467
553
636
664
646
641
677
732
776
792
775
726
675
660
690
745
808
859
861
792
703
675
722
784
791
748
684
634
611
627
670
698
666
554
381
172
-50
-289
-569
-891
-1202
-1425
-1528
-1547
-1549
-1562
-1571
-1542
-1469
-1394
-1342
-1302
-1227
-1132
-1068
-1072
-1126
-1197
-1268
-1322
-1330
-1264
-1136
-1010
-950
-974
-1051
-1124
-1146
-1092
-981
-869
-805
-801
-831
-862
-872
-822
-678
-438
-181
9
105
140
176
244
345
463
579
681
739
740
698
655
652
695
761
817
850
878
911
930
922
906
930
1014
1120
1194
1198
1145
1065
1008
1002
1035
1066
1064
1040
1010
976
929
870
816
767
710
634
568
542
557
556
490
353
194
66
-3
-30
-62
-136
-246
-353
-427
-459
-474
-484
-481
-436
-355
-281
-248
-239
-206
-145
-100
-130
-237
-366
-451
-469
-463
-473
-509
-536
-534
-532
-579
-684
-778
-777
-658
-488
-384
-399
-492
-560
-557
-504
-441
-374
-289
-181
-84
-49
-88
-175
-255
-279
-208
-33
183
354
443
475
504
545
599
664
754
878
991
1041
1006
914
811
708
621
572
572
614
656
668
638
572
497
442
419
404
357
252
92
-94
-281
-441
-535
-558
-561
-607
-708
-810
-853
-824
-754
-681
-632
-607
-600
-584
-560
-540
-551
-604
-699
-829
-973
-1101
-1182
-1201
-1155
-1064
-956
-876
-834
-811
-770
-693
-604
-527
-493
-508
-549
-591
-618
-630
-619
-578
-504
-397
-268
-126
32
209
387
537
646
729
804
878
946
989
991
947
881
818
768
752
796
899
1006
1069
1095
1117
1159
1234
1341
1454
1527
1542
1506
1443
1354
1227
1058
881
747
677
636
563
423
218
3
-160
-213
-160
-61
13
19
-29
-96
-157
-217
-291
-373
-448
-522
-613
-709
-794
-869
-932
-950
-881
-731
-555
-426
-372
-377
-412
-461
-500
-511
-522
-573
-666
-775
-879
-975
-1059
-1108
-1096
-1031
-926
-825
-753
-689
-593
-426
-206
10
168
256
297
307
293
264
220
145
47
-28
-24
58
183
318
449
570
683
782
855
907
976
1096
1251
1381
1432
1394
1295
1180
1081
994
876
697
485
302
169
67
-37
-161
-298
-432
-511
-527
-513
-521
-562
-619
-681
-736
-763
-748
-714
-687
-689
-712
-735
-737
-696
-625
-535
-450
-401
-402
-445
-472
-449
-390
-350
-348
-371
-406
-466
-550
-637
-695
-714
-680
-590
-475
-383
-319
-252
-161
-63
22
89
151
216
270
284
236
151
93
99
156
229
306
401
516
614
674
707
750
812
869
901
912
927
954
984
1002
1007
998
965
888
774
663
589
551
538
550
578
590
569
525
457
359
236
126
51
-13
-109
-256
-425
-573
-699
-823
-945
-1028
-1028
-954
-851
-762
-697
-645
-588
-507
-390
-259
-160
-122
-139
-177
-229
-302
-388
-453
-480
-477
-441
-384
-353
-389
-459
-476
-419
-341
-288
-264
-247
-245
-268
-310
-333
-285
-152
6
107
142
166
222
287
323
310
276
256
258
251
204
130
64
54
146
322
515
648
705
720
725
741
774
837
931
1043
1136
1165
1114
990
825
636
444
273
145
59
-1
-65
-162
-298
-450
-568
-620
-603
-549
-498
-481
-495
-503
-470
-399
-311
-237
-203
-222
-276
-319
-321
-279
-233
-211
-227
-271
-339
-414
-472
-506
-514
-491
-430
-355
-310
-314
-331
-338
-328
-323
-319
-292
-227
-139
-73
-51
-68
-107
-152
-187
-182
-131
-54
25
94
146
166
158
157
185
229
236
163
27
-100
-150
-109
-26
63
179
348
544
697
785
841
908
976
1007
992
966
959
948
875
729
555
395
250
121
39
16
6
-56
-177
-311
-407
-443
-444
-443
-452
-440
-392
-324
-255
-193
-136
-91
-68
-76
-110
-143
-162
-172
-177
-171
-145
-128
-140
-165
-186
-203
-234
-287
-347
-393
-414
-417
-418
-411
-391
-364
-355
-378
-413
-421
-379
-310
-272
-291
-337
-366
-361
-333
-289
-230
-161
-92
-37
-11
6
43
114
187
225
239
266
329
410
482
522
535
549
575
607
615
588
546
519
528
554
556
523
474
449
435
410
368
326
306
306
307
272
183
75
6
-18
-26
-40
-41
-9
48
103
117
70
-41
-189
-322
-387
-364
-289
-212
-169
-172
-217
-290
-359
-383
-350
-289
-242
-229
-229
-212
-172
-120
-78
-51
-40
-43
-57
-75
-103
-129
-146
-150
-140
-98
0
119
191
194
158
119
57
-42
-141
-200
-228
-267
-317
-349
-348
-314
-241
-136
-27
33
34
-12
-68
-102
-114
-122
-147
-161
-142
-104
-76
-63
-41
18
116
223
302
327
307
271
249
257
266
227
104
-81
-259
-369
-390
-335
-242
-148
-93
-84
-110
-137
-144
-125
-86
-36
8
45
75
87
47
-38
-116
-139
-111
-75
-56
-66
-97
-129
-152
-162
-171
-171
-154
-114
-75
-60
-73
-98
-113
-113
-89
-28
78
201
287
304
272
242
243
267
295
312
327
