-355
-316
-237
-146
-81
-62
-91
-164
-267
-370
-467
-564
-654
-709
-721
-708
-693
-671
-622
-546
-458
-391
-363
-387
-454
-543
-619
-667
-684
-670
-632
-581
-544
-525
-493
-426
-304
-141
20
116
118
86
87
134
168
147
88
24
-7
-16
-9
7
35
72
116
173
239
322
411
487
533
539
499
403
278
188
170
194
188
149
137
187
271
340
374
367
341
334
382
472
536
516
421
302
218
169
130
102
90
86
63
27
-17
-62
-91
-69
7
93
164
229
314
421
516
544
465
315
182
121
108
94
68
38
20
14
27
54
86
135
211
291
301
201
42
-101
-189
-234
-245
-205
-87
106
319
478
536
518
478
460
472
480
448
372
284
207
123
35
-33
-60
-44
-3
27
1
-80
-155
-167
-120
-76
-85
-142
-202
-223
-222
-238
-309
-405
-489
-539
-557
-537
-486
-437
-405
-374
-339
-330
-361
-386
-355
-291
-245
-251
-288
-327
-369
-405
-424
-405
-363
-311
-278
-291
-343
-384
-371
-317
-273
-246
-198
-108
-22
2
-38
-107
-162
-199
-218
-208
-139
-9
147
280
370
407
397
360
329
334
349
324
220
64
-66
-106
-35
104
254
385
479
524
498
411
275
116
-43
-178
-279
-361
-419
-446
-451
-456
-466
-460
-424
-359
-269
-156
-54
10
41
59
60
17
-49
-93
-97
-76
-47
-2
36
37
2
-12
47
159
254
271
221
170
166
200
222
221
236
301
407
503
550
536
500
490
536
598
600
521
416
357
367
418
469
499
494
459
427
416
411
378
327
296
295
301
290
261
203
101
-20
-88
-84
-37
-5
-9
-59
-136
-202
-234
-229
-203
-170
-148
-162
-208
-268
-326
-367
-386
-390
-386
-365
-326
-306
-334
-389
-419
-412
-375
-306
-216
-149
-152
-206
-256
-272
-282
-318
-367
-397
-389
-344
-270
-190
-154
-183
-246
-280
-253
-181
-117
-129
-231
-375
-479
-510
-486
-444
-398
-344
-284
-212
-117
-5
84
122
109
54
-31
-127
-183
-181
-149
-121
-109
-104
-101
-100
-97
-106
-112
-96
-33
67
163
211
204
176
181
220
254
256
231
202
186
201
236
250
217
152
82
16
-23
10
127
264
350
373
383
423
483
524
528
523
535
545
514
439
375
351
364
388
415
443
456
444
391
311
225
160
125
117
111
88
50
35
54
70
53
1
-41
-39
18
120
225
282
254
154
26
-80
-143
-177
-198
-201
-162
-79
-6
9
-21
-29
18
83
90
18
-109
-239
-342
-376
-317
-204
-124
-138
-203
-257
-272
-281
-311
-362
-406
-440
-476
-518
-555
-577
-580
-551
-481
-400
-365
-386
-424
-424
-386
-342
-311
-270
-178
-40
111
211
225
151
20
-114
-227
-308
-363
-394
-397
-357
-276
-169
-42
98
224
290
283
240
210
195
178
138
99
75
63
43
23
33
76
124
153
182
213
222
189
143
149
223
314
373
396
398
385
360
320
283
269
289
331
360
361
335
297
242
184
135
101
59
1
-46
-64
-54
-41
-23
-8
2
-8
-32
-34
-2
57
123
185
240
265
269
275
308
342
325
263
179
94
-4
-117
-223
-285
-273
-208
-157
-158
-194
-199
-144
-49
43
70
-2
-155
-308
-374
-318
-191
-68
-4
3
-1
20
68
102
97
56
35
70
151
226
247
212
146
85
31
-25
-115
-246
-387
-467
-442
-340
-244
-193
-176
-158
-128
-110
-123
-182
-258
-294
-263
-186
-138
-167
-261
-359
-405
-396
-365
-344
-326
-293
-243
-198
-169
-132
-67
21
91
113
93
57
19
-18
-52
-76
-87
-90
-82
-64
-52
-70
-108
-120
-72
18
97
145
182
232
280
291
259
199
122
39
-23
-54
-47
-14
35
63
43
3
-10
30
105
187
260
307
318
287
227
160
128
145
199
243
247
216
172
144
129
127
135
165
209
237
220
168
125
119
136
142
130
139
201
293
341
289
153
14
-53
-50
-33
-48
-80
-96
-85
-35
56
170
252
262
194
86
-13
-57
-47
-32
-57
-109
-136
-109
-39
41
88
82
38
3
3
23
51
92
145
176
167
158
164
150
78
-20
-75
-79
-75
-111
-185
-264
-316
-340
-354
-366
-369
-355
-332
-320
-326
-348
-374
-395
-408
-407
-395
-366
-329
-294
-255
-196
-101
-6
39
19
-28
-62
-75
-103
-163
-243
-293
-263
-176
-91
-66
-73
-48
16
61
46
0
-26
-26
-20
-21
-29
-42
-63
-92
-125
-133
-89
20
158
280
349
349
283
177
59
-59
-158
-221
-229
-193
-142
-102
-67
-19
62
178
317
434
478
453
401
357
306
239
175
141
132
149
173
194
195
194
219
274
333
373
380
350
292
236
213
233
290
375
470
541
568
566
565
566
524
409
245
100
25
15
26
31
54
123
218
278
264
176
34
-120
-230
-253
-207
-162
-178
-251
-327
-353
-338
-305
-267
-211
-140
-82
-57
-69
-99
-120
-116
-121
-170
-261
-349
-403
-422
-420
-428
-468
-512
-529
-524
-543
-602
-660
-656
-570
-442
-331
-265
-223
-194
-202
-249
-303
-323
-315
-299
-293
-295
-290
-252
-166
-51
42
81
89
115
161
180
136
49
0
41
141
207
183
88
-18
-94
-136
-153
-163
-184
-227
-277
-280
-197
-53
74
135
146
149
146
126
91
61
54
81
142
208
236
224
196
179
176
171
189
254
341
385
345
265
198
173
172
154
111
62
21
-27
-84
-106
-76
-7
76
174
267
311
300
275
287
330
356
328
255
186
165
197
246
271
269
266
283
300
306
316
353
401
421
417
441
512
568
520
351
148
14
-17
-17
-74
-207
-350
-443
-470
-449
-409
-371
-351
-331
-298
-260
-234
-227
-222
-220
-218
-204
-172
-126
-84
-40
-7
-3
-42
-90
-101
-63
-5
39
59
58
48
48
73
117
147
120
46
-20
-46
-42
-30
-22
-31
-75
-116
-89
33
179
269
292
291
302
336
370
372
313
218
150
110
58
-40
-150
-244
-329
-426
-522
-562
-525
-447
-385
-354
-357
-411
-525
-683
-861
-1046
-1202
-1268
-1232
-1144
-1067
-1011
-961
-927
-912
-887
-817
-720
-645
-595
-530
-445
-360
-284
-194
-67
88
249
378
439
429
398
414
507
650
795
927
1049
1163
1264
1343
1401
1424
1422
1416
1425
1447
1433
1351
1227
1144
1142
1177
1198
1182
1128
1041
921
778
617
454
302
147
-34
-243
-460
-671
-889
-1127
-1375
-1595
-1751
-1845
-1893
-1910
-1905
-1895
-1867
-1786
-1643
-1477
-1317
-1151
-952
-734
-535
-375
-242
-110
37
180
288
369
471
623
797
937
1037
1109
1169
1238
1346
1490
1636
1753
1845
1935
2036
2158
2288
2392
2426
2392
2343
2333
2363
2388
2363
2260
2064
1757
1357
908
487
147
-97
-278
-459
-687
-981
-1311
-1630
-1909
-2142
-2384
-2705
-3121
-3544
-3818
-3852
-3658
-3318
-2914
-2521
-2209
-2020
-1952
-1970
-2043
-2147
-2253
-2315
-2299
-2204
-2063
-1916
-1780
-1657
-1515
-1317
-1061
-798
-596
-453
-312
-104
197
579
1020
1457
1843
2149
2411
2640
2814
2912
2948
2967
3012
3106
3239
3389
3521
3619
3674
3672
3587
3384
3027
2521
1918
1305
762
340
36
-218
-494
-824
-1170
-1471
-1714
-1941
-2217
-2566
-2940
-3242
-3395
-3382
-3241
-2985
-2627
-2209
-1824
-1559
-1438
-1429
-1483
-1570
-1661
-1707
-1656
-1507
-1302
-1111
-965
-849
-708
-500
-250
-23
125
198
238
311
470
737
1060
1359
1565
1686
1776
1873
1978
2065
2145
2244
2385
2581
2819
3049
3214
3296
3343
3395
3451
3492
3513
3520
3494
3419
3274
3039
2699
2274
1822
1372
923
470
5
-479
-1002
-1556
-2107
-2611
-3045
-3425
-3775
-4102
-4362
-4499
-4469
-4266
-3942
-3551
-3134
-2694
-2250
-1862
-1599
-1488
-1492
-1545
-1586
-1581
-1501
-1341
-1120
-907
-752
-655
-579
-505
-450
-430
-413
-352
-235
-81
75
203
268
251
173
96
77
147
288
455
630
827
1078
1370
1680
2002
2330
2624
2831
2958
3063
3196
3358
3505
3610
3644
3595
3455
3230
2933
2571
2170
1754
1332
885
390
-147
-701
-1251
-1809
-2374
-2927
-3422
-3843
-4174
-4389
-4440
-4288
-3942
-3455
-2916
-2420
-2030
-1752
-1575
-1493
-1506
-1570
-1625
-1631
-1580
-1471
-1293
-1074
-871
-736
-667
-632
-603
-563
-495
-388
-230
-25
208
434
634
813
991
1173
1349
1527
1698
1848
1951
2004
2058
2175
2402
2722
3062
3367
3629
3873
4099
4285
4407
4459
4439
4354
4195
3969
3694
3388
3052
2646
2132
1516
869
262
-288
-813
-1359
-1951
-2579
-3181
-3696
-4090
-4365
-4516
-4521
-4370
-4098
-3758
-3387
-3010
-2648
-2353
-2180
-2141
-2198
-2289
-2352
-2359
-2314
-2210
-2026
-1777
-1517
-1290
-1086
-888
-709
-565
-434
-290
-134
12
143
272
418
565
693
793
886
994
1111
1242
1381
1538
1726
1961
2241
2538
2823
3067
3276
3442
3571
3669
3739
3767
3709
3544
3276
2937
2559
2167
1767
1333
823
233
-387
-977
-1505
-1977
-2424
-2897
-3388
-3829
-4140
-4319
-4420
-4446
-4353
-4108
-3752
-3347
-2942
-2565
-2231
-1945
-1719
-1588
-1568
-1594
-1575
-1471
-1309
-1115
-909
-707
-540
-415
-329
-273
-221
-148
-63
4
57
159
341
563
771
944
1093
1213
1307
1388
1465
1548
1674
1890
2210
2585
2952
3288
3599
3893
4162
4396
4564
4637
4582
4414
4165
3871
3551
3210
2856
2489
2091
1648
1156
625
67
-484
-1022
-1586
-2217
-2888
-3509
-3993
-4287
-4389
-4331
-4152
-3868
-3496
-3086
-2704
-2387
-2138
-1950
-1802
-1662
-1539
-1483
-1528
-1619
-1663
-1610
-1480
-1321
-1181
-1079
-1019
-984
-975
-990
-1016
-1041
-1052
-1026
-928
-762
-554
-339
-118
110
329
539
753
997
1287
1619
1955
2275
2603
2969
3344
3666
3903
4071
4193
4271
4275
4168
3947
3666
3389
3144
2895
2574
2158
1671
1168
668
156
-370
-894
-1393
-1890
-2411
-2953
-3446
-3816
-4019
-4059
-3962
-3758
-3472
-3128
-2757
-2382
-2003
-1650
-1364
-1174
-1074
-1030
-1013
-983
-915
-821
-737
-689
-685
-724
-798
-875
-927
-954
-996
-1081
-1195
-1290
-1323
-1284
-1177
-1015
-822
-617
-410
-171
116
440
757
1054
1347
1659
2003
2384
2767
3097
3359
3604
3874
4136
4297
4301
4172
3988
3804
3600
3302
2885
2402
1926
1479
1055
666
321
-4
-368
-800
-1292
-1804
-2310
-2780
-3172
-3433
-3549
-3527
-3368
-3081
-2709
-2329
-1980
-1661
-1362
-1112
-954
-900
-914
-935
-941
-932
-928
-914
-887
-878
-925
-1022
-1135
-1263
-1419
-1590
-1738
-1851
-1948
-2024
-2041
-1955
-1759
-1510
-1259
-1017
-766
-487
-168
225
716
1299
1930
2563
3126
3566
3878
4089
4207
4240
4231
4235
4249
4228
4130
3948
3675
3287
2813
2316
1876
1501
1160
818
477
116
-307
-828
-1411
-2000
-2560
-3063
-3449
-3646
-3637
-3465
-3182
-2804
-2350
-1889
-1517
-1292
-1210
-1227
-1301
-1372
-1383
-1305
-1165
-1017
-922
-902
-960
-1064
-1180
-1301
-1446
-1645
-1865
-2041
-2105
-2068
-1965
-1819
-1620
-1362
-1056
-733
-425
-149
103
372
696
1099
1559
2032
2489
2915
3291
3605
3850
4040
4187
4289
4329
4259
4070
3805
3539
3277
2981
2617
2212
1805
1435
1111
811
500
152
-237
-681
-1186
-1741
-2315
-2857
-3308
-3599
-3687
-3575
-3285
-2859
-2366
-1891
-1513
-1272
-1181
-1217
-1292
-1314
-1265
-1198
-1164
-1152
-1124
-1059
-974
-900
-869
-900
-1016
-1223
-1489
-1760
-1956
-2028
-1952
-1770
-1563
-1386
-1223
-1028
-784
-510
-225
87
442
850
1293
1743
2176
2573
2925
3222
3462
3646
3773
3836
3827
3745
3597
3404
3196
2989
2764
2473
2093
1658
1238
875
566
305
80
-161
-483
-911
-1405
-1897
-2343
-2722
-3001
-3115
-3011
-2711
-2295
-1861
-1472
-1165
-964
-870
-859
-878
-903
-929
-970
-1032
-1097
-1107
-1021
-863
-726
-704
-827
-1053
-1313
-1552
-1752
-1905
-2000
-2009
-1911
-1715
-1479
-1260
-1069
-882
-659
-378
-29
384
841
1298
1724
2094
2415
2719
3040
3350
3600
3754
3826
3834
3781
3680
3518
3293
3007
2713
2452
2212
1945
1622
1267
897
541
198
-135
-511
-979
-1513
-2034
-2464
-2765
-2918
-2903
-2725
-2425
-2055
-1664
-1293
-978
-749
-614
-558
-571
-644
-756
-879
-979
-1034
-1008
-911
-816
-810
-909
-1058
-1215
-1379
-1565
-1753
-1896
-1955
-1923
-1826
-1688
-1516
-1315
-1105
-928
-783
-627
-396
-65
325
730
1137
1558
1993
2400
2724
2944
3098
3233
3340
3379
3332
3243
3138
3004
2795
2497
2134
1742
1353
989
667
399
160
-111
-469
-914
-1375
-1786
-2122
-2372
-2508
-2500
-2334
-2033
-1654
-1247
-859
-520
-267
-131
-117
-188
-293
-374
-406
-390
-335
-255
-188
-199
-304
-475
-680
-926
-1232
-1593
-1956
-2257
-2418
-2418
-2290
-2082
-1819
-1507
-1187
-916
-725
-579
-408
-156
183
575
975
1367
1753
2111
2410
2634
2772
2818
2788
2738
2698
2633
2484
2253
1987
1704
1400
1078
765
459
149
-160
-419
-625
-824
-1067
-1340
-1592
-1783
-1898
-1929
-1847
-1634
-1281
-824
-321
152
529
746
768
625
385
119
-105
-233
-237
-139
-4
97
119
65
-29
-160
-357
-630
-933
-1177
-1301
-1300
-1219
-1093
-938
-765
-612
-517
-487
-481
-444
-314
-49
328
742
1124
1456
1729
1941
2088
2187
2249
2264
2207
2080
1932
1810
1713
1585
1388
1122
821
488
129
-243
-598
-923
-1229
-1528
-1809
-2029
-2147
-2149
-2058
-1878
-1582
-1149
-642
-163
230
547
813
1007
1068
946
660
315
40
-113
-200
-309
-457
-591
-663
-687
-752
-926
-1217
-1529
-1735
-1771
-1666
-1490
-1268
-989
-658
-301
32
314
524
662
757
857
990
1149
1321
1506
1677
1778
1781
1709
1569
1334
1019
678
358
63
-193
-413
-643
-901
-1133
-1271
-1342
-1410
-1507
-1649
-1857
-2121
-2369
-2522
-2532
-2357
-1968
-1372
-600
315
1279
2139
2732
2993
2925
2591
2075
1452
788
140
-410
-800
-1010
-1063
-1029
-1017
-1105
-1299
-1537
-1763
-1929
-1977
-1850
-1507
-952
-212
650
1565
2433
3141
3616
3899
4092
4245
4313
4253
4112
3998
3963
3945
3831
3497
2858
1907
755
-449
-1614
-2680
-3573
-4240
-4700
-4951
-4936
-4625
-4113
-3533
-2983
-2539
-2249
-2094
-1987
-1862
-1640
-1218
-520
442
1594
2792
3836
4506
4703
4421
3682
2551
1190
-187
-1416
-2373
-2974
-3239
-3293
-3279
-3277
-3280
-3246
-3137
-2957
-2683
-2235
-1535
-586
553
1796
3011
4065
4916
5602
6132
6461
6560
6435
6116
5689
5253
4817
4292
3600
2677
1432
-159
-1934
-3648
-5158
-6422
-7400
-8038
-8275
-8038
-7319
-6265
-5098
-3961
-2937
-2120
-1567
-1214
-921
-552
15
846
1877
2955
3927
4642
4934
4680
3869
2589
980
-776
-2494
-4006
-5131
-5716
-5744
-5389
-4893
-4423
-4045
-3721
-3355
-2828
-2075
-1069
195
1687
3318
4955
6449
7674
8530
8977
9066
8917
8632
8208
7611
6877
6107
5348
4558
3583
2206
288
-2027
-4390
-6495
-8206
-9413
-9993
-9869
-9057
-7679
-5995
-4308
-2791
-1457
-355
421
879
1210
1640
2301
3197
4205
5151
5886
6272
6086
5105
3284
824
-1948
-4659
-6975
-8647
-9545
-9617
-8939
-7736
-6299
-4883
-3653
-2677
-1876
-1056
-48
1217
2734
4426
6162
7768
9091
9954
10207
9839
9005
7958
6887
5888
4955
4132
3507
3132
2876
2409
1321
-584
-3072
-5607
-7726
-9192
-9860
-9592
-8393
-6441
-4077
-1756
81
1220
1715
1704
1348
880
620
801
1503
2621
3921
5064
5721
5637
4659
2777
184
-2753
-5619
-8030
-9677
-10368
-10106
-9053
-7531
-5927
-4589
-3674
-3178
-2955
-2746
-2236
-1191
431
2492
4690
6654
8070
8787
8772
8099
6998
5810
4834
4233
4024
4129
4392
4663
4794
4537
3518
1474
-1421
-4547
-7213
-8969
-9606
-9090
-7587
-5416
-2966
-693
942
1717
1781
1440
927
472
406
989
2238
3927
5674
7023
7592
7190
5782
3429
381
-2903
-5891
-8153
-9424
-9634
-8940
-7648
-6129
-4747
-3770
-3265
-3099
-3066
-2944
-2462
-1369
369
2488
4578
6274
7340
7692
7365
6478
5240
4019
3252
3168
3620
4249
4762
5012
4947
4504
3531
1763
-853
-3859
-6436
-8024
-8533
-8108
-6894
-5109
-3070
-1144
298
1037
1191
1134
1114
1170
1368
1919
2953
4347
5769
6845
7287
7002
6003
4302
1959
-757
-3401
-5572
-7069
-7857
-7986
-7542
-6674
-5626
-4693
-4039
-3603
-3204
-2717
-2063
-1104
299
2112
4048
5692
6714
7014
6695
5925
4840
3647
2687
2272
2438
2902
3304
3441
3319
2988
2349
1090
-1038
-3819
-6551
-8516
-9414
-9297
-8325
-6683
-4628
-2467
-541
825
1476
1566
1394
1185
1062
1191
1734
2722
4005
5285
6187
6380
5727
4259
2087
-564
-3290
-5632
-7256
-8037
-8020
-7363
-6284
-5019
-3809
-2834
-2144
-1639
-1162
-567
320
1605
3238
4977
6492
7469
7683
7113
5948
4485
3046
1976
1557
1839
2548
3271
3696
3720
3364
2599
1216
-1013
-3922
-6788
-8800
-9630
-9454
-8566
-7151
-5314
-3230
-1267
126
777
975
1129
1366
1602
1885
2433
3403
4649
5745
6223
5903
4926
3460
1524
-804
-3182
-5143
-6375
-6861
-6762
-6256
-5452
-4451
-3427
-2563
-1891
-1259
-498
452
1603
2983
4586
6228
7570
8293
8284
7645
6584
5310
4009
2922
2332
2369
2824
3275
3439
3304
2981
2446
1434
-416
-3094
-5991
-8307
-9616
-9921
-9369
-8077
-6214
-4013
-1853
-170
810
1258
1501
1675
1748
1788
2024
2620
3518
4416
4929
4773
3890
2345
238
-2255
-4785
-6907
-8265
-8718
-8320
-7240
-5688
-3917
-2252
-1003
-304
1
213
607
1357
2550
4148
5940
7547
8571
8754
8094
6824
5268
3724
2467
1785
1841
2455
3204
3723
3875
3662
3048
1864
-164
-3018
-6084
-8442
-9566
-9524
-8645
-7181
-5311
-3229
-1262
146
743
760
665
731
961
1351
1972
2815
3720
4350
4360
3574
2108
157
-2124
-4548
-6765
-8375
-9103
-8919
-8024
-6724
-5267
-3825
-2587
-1742
-1306
-1053
-661
64
1158
2580
4256
6015
7531
8392
8309
7329
5817
4254
2970
2133
1880
2283
3161
4075
4599
4577
4114
3338
2179
348
-2215
-5011
-7195
-8239
-8149
-7255
-5861
-4147
-2245
-443
849
1441
1599
1752
2105
2618
3243
3984
4806
5546
5922
5677
4725
3186
1219
-1068
-3517
-5812
-7554
-8447
-8454
-7777
-6684
-5360
-3928
-2577
-1542
-938
-628
-308
276
1210
2446
3886
5365
6607
7281
7131
6162
4704
3231
2075
1374
1221
1657
2479
3260
3644
3549
3114
2440
1342
-527
-3155
-5885
-7850
-8636
-8365
-7385
-5952
-4212
-2304
-574
567
1020
1159
1395
1824
2334
2917
3675
4614
5509
5963
5648
4511
2763
613
-1790
-4254
-6414
-7898
-8510
-8311
-7511
-6343
-5003
-3679
-2577
-1860
-1497
-1252
-847
-127
935
2327
3969
5599
6782
7115
6474
5099
3464
2022
1029
596
799
1580
2577
3280
3420
3098
2534
1754
499
-1501
-4101
-6617
-8339
-9019
-8819
-7900
-6340
-4283
-2057
-154
1038
1566
1887
2342
2864
3313
3843
4692
5797
6778
7214
6854
5694
3899
1677
-796
-3252
-5309
-6646
-7175
-7004
-6306
-5224
-3959
-2773
-1910
-1431
-1179
-892
-354
510
1671
3067
4601
6018
6928
6997
6192
4780
3193
1843
982
720
1090
1992
3060
3773
3804
3224
2337
1331
30
-1871
-4319
-6706
-8342
-8954
-8710
-7868
-6574
-4921
-3096
-1470
-356
286
804
1428
2108
2736
3404
4265
5303
6239
6696
6434
5454
3876
1784
-698
-3234
-5347
-6679
-7130
-6795
-5837
-4450
-2896
-1496
-528
-67
43
72
243
682
1490
2757
4419
6112
7284
7532
6808
5389
3711
2198
1131
654
823
1538
2436
3036
3056
2550
1764
813
-488
-2420
-4854
-7145
-8649
-9202
-9026
-8374
-7336
-5905
-4199
-2603
-1502
-858
-296
393
1066
1579
2069
2782
3756
4700
5173
4894
3901
2377
442
-1792
-4043
-5874
-6918
-7078
-6522
-5507
-4195
-2676
-1157
53
772
1099
1321
1712
2397
3343
4477
5739
6959
7779
7836
7031
5596
3956
2538
1624
1304
1589
2368
3299
3924
3975
3540
2867
2017
699
-1419
-4127
-6624
-8182
-8696
-8454
-7657
-6339
-4572
-2652
-1108
-370
-309
-344
-104
280
599
995
1772
2966
4215
4954
4766
3624
1792
-462
-2920
-5263
-7033
-7889
-7794
-6977
-5701
-4143
-2462
-929
144
597
589
514
759
1471
2561
3899
5377
6785
7729
7815
6926
5346
3631
2266
1470
1280
1743
2800
4058
4900
4945
4310
3397
2405
1066
-1008
-3680
-6199
-7789
-8250
-7894
-7093
-5957
-4412
-2592
-1026
-224
-106
-106
160
579
911
1223
1809
2804
3928
4635
4499
3495
1867
-183
-2537
-4919
-6859
-7926
-8011
-7335
-6231
-4920
-3501
-2131
-1086
-571
-490
-466
-140
609
1696
3036
4529
5900
6700
6587
5610
4181
2825
1882
1448
1543
2229
3428
4713
5485
5404
4641
3644
2630
1309
-757
-3429
-5930
-7503
-7989
-7655
-6797
-5557
-4003
-2330
-958
-208
93
425
1002
1661
2244
2847
3630
4574
5418
5789
5394
4182
2275
-110
-2660
-4976
-6665
-7518
-7559
-6960
-5928
-4641
-3291
-2105
-1280
-893
-833
-838
-626
-54
868
2091
3487
4735
5417
5282
4375
2999
1603
612
250
540
1435
2784
4201
5137
5217
4494
3406
2343
1233
-359
-2593
-4990
-6752
-7401
-7028
-6091
-4954
-3666
-2197
-793
145
531
693
1003
1565
2279
3066
3959
4969
5913
6411
6139
5046
3323
1197
-1137
-3451
-5389
-6571
-6820
-6314
-5451
-4507
-3532
-2523
-1633
-1082
-914
-873
-576
158
1211
2349
3407
4255
4657
4365
3341
1870
438
-552
-954
-807
-168
928
2269
3377
3735
3216
2241
1347
572
-578
-2455
-4767
-6736
-7722
-7637
-6849
-5743
-4387
-2720
-966
378
1039
1267
1507
1949
2492
3040
3689
4550
5546
6316
6424
5667
4188
2301
267
-1703
-3360
-4431
-4759
-4428
-3719
-2892
-2042
-1167
-399
49
143
159
434
1049
1861
2730
3604
4355
4719
4435
3456
2042
618
-451
-1041
-1168
-834
-16
1172
2331
2931
2700
1898
1014
191
-966
-2834
-5207
-7346
-8571
-8686
-7941
-6696
-5162
-3456
-1818
-607
-15
157
302
671
1272
2035
2945
4017
5157
6051
6267
5580
4164
2417
661
-983
-2424
-3455
-3859
-3631
-3049
-2428
-1875
-1308
-710
-240
-20
112
527
1434
2657
3853
4830
5567
5960
5746
4777
3271
1728
553
-122
-345
-155
431
1330
2300
2949
2920
2187
1151
244
-557
-1721
-3556
-5767
-7633
-8552
-8396
-7488
-6271
-4957
-3542
-2129
-1045
-519
-395
-284
115
853
1813
2865
3943
4926
5482
5248
4172
2619
1035
-385
-1665
-2771
-3472
-3580
-3217
-2753
-2418
-2142
-1761
-1289
-853
-458
104
1047
2310
3580
4572
5222
5526
5350
4532
3181
1732
648
102
-40
45
316
830
1584
2393
2905
2799
2134
1316
605
-257
-1730
-3854
-6095
-7724
-8294
-7853
-6830
-5635
-4390
-3085
-1904
-1151
-864
-741
-416
272
1234
2277
3243
4063
4608
4638
4006
2872
1612
474
-535
-1487
-2304
-2791
-2875
-2721
-2570
-2456
-2221
-1790
-1295
-869
-400
399
1645
3098
4354
5168
5534
5472
4903
3834
2536
1446
820
626
700
948
1361
1947
2669
3368
3777
3662
3054
2199
1244
-3
-1792
-3995
-6056
-7347
-7532
-6769
-5592
-4468
-3459
-2425
-1484
-926
-773
-673
-224
684
1813
2816
3542
4059
4333
4123
3315
2187
1174
400
-358
-1286
-2189
-2703
-2769
-2738
-2905
-3128
-3084
-2739
-2342
-1975
-1367
-205
1403
2927
3877
4192
4106
3737
3030
2016
1007
372
215
353
564
820
1212
1757
2360
2868
3113
2921
2302
1501
665
-428
-2097
-4216
-6162
-7221
-7113
-6156
-5025
-4106
-3251
-2238
-1287
-821
-829
-774
-167
988
2242
3159
3660
3938
4040
3748
2981
2082
1445
1007
345
-725
-1868
-2623
-2951
-3232
-3683
-4046
-3947
-3433
-2851
-2339
-1619
-396
1150
2460
3126
3252
3154
2906
2350
1493
655
163
32
37
73
294
865
1698
2558
3281
3794
3957
3604
2773
1697
526
-839
-2477
-4179
-5439
-5815
-5314
-4439
-3683
-3003
-2096
-1042
-305
-28
222
911
1996
3034
3678
3999
4295
4642
4787
4577
4206
3881
3424
2487
1089
-338
-1403
-2149
-2870
-3616
-4058
-3937
-3448
-2968
-2515
-1754
-563
664
1410
1593
1552
1559
1522
1227
733
303
46
-218
-620
-959
-892
-350
368
934
1361
1849
2308
2271
1517
469
-300
-850
-1726
-3169
-4685
-5520
-5383
-4713
-4124
-3702
-3034
-1975
-964
-385
-28
584
1513
2360
2782
2905
3155
3733
4406
4856
5037
5037
4726
3832
2338
607
-923
-2119
-3115
-3945
-4358
-4144
-3487
-2795
-2225
-1631
-911
-224
225
463
711
1078
1395
1391
1001
395
-249
-893
-1487
-1823
-1675
-1087
-416
10
203
441
799
992
714
154
-144
1
25
-751
-2312
-3947
-4925
-5081
-4758
-4318
-3715
-2686
-1312
-88
649
1059
1447
1857
2159
2357
2690
3415
4510
5606
6301
6487
6256
5614
4471
2904
1208
-310
-1511
-2379
-2887
-3015
-2830
-2470
-2048
-1599
-1143
-691
-238
261
808
1359
1826
2104
2101
1777
1179
425
-283
-708
-736
-482
-203
-75
-82
-82
52
300
531
609
616
781
1109
1133
308
-1372
-3309
-4783
-5411
-5255
-4625
-3724
-2501
-997
356
1025
930
509
244
371
913
1841
3081
4439
5616
6320
6447
6054
5226
3997
2438
724
-889
-2155
-2955
-3340
-3492
-3524
-3424
-3149
-2755
-2357
-1956
-1420
-663
179
871
1274
1390
1234
796
134
-593
-1168
-1464
-1529
-1501
-1454
-1342
-1139
-883
-592
-179
428
1119
1641
1859
1900
1825
1311
-83
-2216
-4278
-5440
-5483
-4766
-3794
-2851
-1978
-1259
-975
-1268
-1770
-1822
-1101
188
1621
2918
4026
4956
5632
5905
5764
5392
4918
4188
2971
1323
-373
-1771
-2837
-3728
-4452
-4739
-4381
-3581
-2778
-2155
-1492
-584
411
1138
1455
1568
1736
1916
1799
1226
409
-300
-783
-1143
-1411
-1399
-937
-155
581
1063
1475
2094
2847
3316
3212
2787
2580
2699
2551
1574
17
-1300
-1888
-2011
-2192
-2600
-2931
-2890
-2604
-2467
-2508
-2289
-1479
-329
681
1444
2264
3388
4643
5590
5995
6016
5853
5338
4115
2182
33
-1801
-3196
-4322
-5203
-5580
-5270
-4491
-3703
-3146
-2702
-2154
-1471
-788
-210
291
749
1037
948
425
-314
-937
-1253
-1271
-1050
-602
70
825
1424
1692
1651
1500
1465
1662
2026
2477
3070
3943
4961
5549
5043
3280
769
-1706
-3584
-4700
-5170
-5156
-4737
-4012
-3265
-2825
-2720
-2591
-2011
-872
606
2115
3492
4715
5709
6244
6059
5126
3691
2045
324
-1450
-3158
-4573
-5506
-5956
-6093
-6066
-5871
-5419
-4732
-3975
-3278
-2655
-2052
-1482
-988
-578
-196
203
593
909
1130
1271
1329
1271
1112
939
829
798
796
780
808
1077
1826
3119
4706
6163
7167
7669
7791
7520
6568
4618
1840
-1057
-3284
-4524
-4998
-5123
-5089
-4776
-4096
-3273
-2620
-2096
-1345
-162
1240
2452
3219
3590
3742
3745
3547
3159
2737
2363
1847
891
-603
-2401
-4157
-5628
-6691
-7242
-7244
-6807
-6196
-5649
-5196
-4649
-3791
-2583
-1153
339
1773
2978
3739
3922
3565
2795
1742
604
-306
-675
-444
170
896
1630
2397
3196
3948
4631
5359
6234
7145
7742
7743
7208
6465
5658
4468
2435
-377
-3211
-5203
-6052
-6044
-5622
-4989
-4121
-3050
-2122
-1744
-1891
-2044
-1780
-1171
-515
146
1008
2093
3092
3615
3589
3229
2699
1836
380
-1609
-3712
-5569
-7118
-8369
-9092
-8950
-7933
-6466
-5043
-3812
-2623
-1386
-243
625
1258
1889
2632
3258
3420
3037
2389
1804
1397
1159
1178
1610
2438
3348
3922
3989
3740
3472
3333
3354
3623
4234
5051
5654
5649
5028
4205
3604
3206
2501
1075
-889
-2753
-4060
-4860
-5440
-5930
-6152
-5831
-4946
-3871
-3008
-2377
-1677
-799
-20
321
239
90
199
564
880
866
525
24
-645
-1679
-3090
-4491
-5418
-5711
-5535
-5119
-4545
-3839
-3096
-2476
-1985
-1392
-439
844
2165
3275
4166
4925
5506
5712
5423
4735
3901
3139
2530
2070
1775
1668
1671
1608
1364
1060
932
1083
1380
1715
2185
2923
3757
4286
4324
4140
4105
4240
4145
3365
1751
-371
-2430
-4013
-5047
-5593
-5678
-5423
-5126
-5072
-5333
-5801
-6285
-6552
-6370
-5591
-4192
-2359
-429
1273
2660
3749
4454
4619
4261
3548
2582
1328
-175
-1706
-2997
-3930
-4510
-4714
-4396
-3472
-2155
-856
148
914
1653
2509
3474
4434
5255
5822
5982
5531
4396
2786
1070
-460
-1642
-2373
-2603
-2387
-1900
-1406
-1122
-1042
-930
-522
266
1348
2592
3917
5243
6349
6921
6807
6190
5370
4479
3449
2122
313
-2032
-4654
-7061
-8836
-9764
-9831
-9222
-8267
-7186
-6044
-4910
-3913
-3064
-2211
-1184
82
1526
2976
4254
5284
6045
6471
6452
5968
5067
3803
2228
455
-1329
-2857
-3866
-4217
-3971
-3281
-2297
-1206
-274
282
427
312
93
-145
-383
-594
-710
-717
-762
-1078
-1707
-2411
-2847
-2796
-2211
-1204
31
1295
2415
3179
3421
3204
2818
2531
2425
2457
2634
3051
3739
4497
4962
4958
4633
4207
3700
3011
2181
1312
326
-1067
-2960
-4994
-6531
-7166
-6981
-6360
-5555
-4514
-3190
-1897
-1110
-895
-792
-357
400
1262
2191
3340
4751
6214
7370
7950
7888
7217
5877
3805
1190
-1502
-3849
-5707
-7138
-8178
-8770
-8845
-8435
-7706
-6804
-5751
-4499
-3094
-1697
-430
708
1715
2479
2816
2629
1998
1174
434
-45
-211
-107
161
452
698
957
1328
1826
2383
2914
3360
3750
4210
4820
5491
6076
6495
6681
6511
5954
5205
4503
3933
3382
2738
1886
723
-885
-2913
-5064
-6837
-7785
-7791
-7040
-5856
-4421
-2828
-1321
-352
-128
-314
-335
20
579
1104
1616
2226
2928
3440
3428
2800
1799
672
-584
-2086
-3789
-5463
-6897
-7992
-8728
-9075
-9018
-8549
-7728
-6641
-5362
-3932
-2386
-770
862
2407
3731
4702
5226
5248
4808
4049
3181
2404
1906
1793
2040
2488
2933
3201
3223
3078
2935
2930
3057
3255
3511
3862
4315
4789
5191
5471
5617
5567
5284
4816
4296
3761
3084
2149
960
-459
-2216
-4350
-6562
-8271
-9031
-8809
-7944
-6877
-5825
-4712
-3458
-2260
-1432
-960
-515
86
648
928
951
973
1195
1531
1632
1235
457
-386
-1204
-2162
-3287
-4320
-4961
-5120
-4955
-4689
-4395
-3947
-3243
-2392
-1536
-603
573
1962
3275
4219
4662
4640
4288
3740
3070
2389
1925
1899
2305
2874
3275
3335
3132
2880
2722
2641
2577
2569
2708
3001
3310
3456
3336
2980
2505
2035
1642
1384
1331
1527
1858
2053
1900
1384
659
-111
-823
-1523
-2423
-3687
-5175
-6520
-7450
-7944
-8106
-7942
-7349
-6229
-4749
-3290
-2186
-1371
-591
308
1213
1992
2662
3387
4293
5258
5902
5822
4966
3577
1866
-169
-2458
-4649
-6252
-7009
-7021
-6607
-5997
-5197
-4187
-3126
-2234
-1482
-645
357
1354
2124
2594
2834
2967
3032
2959
2705
2388
2182
2105
2084
2106
2244
2523
2847
3049
2996
2674
2189
1640
1088
598
258
125
221
558
1092
1686
2185
2516
2739
2975
3316
3747
4171
4508
4695
4600
3945
2465
151
-2626
-5286
-7343
-8571
-8985
-8742
-8053
-7073
-5863
-4505
-3172
-2016
-1032
-114
791
1637
2348
2871
3243
3563
3840
3875
3433
2517
1295
-141
-1801
-3576
-5162
-6253
-6707
-6567
-5998
-5206
-4351
-3554
-2930
-2560
-2372
-2153
-1697
-924
118
1316
2531
3616
4412
4759
4626
4202
3798
3599
3574
3589
3550
3421
3166
2751
2194
1628
1251
1193
1431
1860
2413
3081
3823
4553
5150
5503
5563
5403
5153
4781
4103
3014
1703
507
-356
-968
-1588
-2415
-3444
-4610
-5968
-7511
-8931
-9680
-9469
-8441
-7031
-5585
-4226
-2870
-1522
-417
185
382
554
959
1543
2175
2806
3425
3948
4175
3851
2828
1245
-548
-2275
-3824
-5061
-5768
-5792
-5220
-4299
-3346
-2604
-2121
-1714
-1179
-498
211
903
1673
2637
3754
4809
5535
5843
5843
5640
5181
4421
3536
2894
2714
2890
3093
3076
2835
2519
2229
1919
1539
1174
1026
1203
1596
1943
2039
1848
1449
904
233
-509
-1139
-1473
-1489
-1377
-1341
-1401
-1445
-1428
-1469
-1722
-2237
-2961
-3883
-5036
-6386
-7673
-8537
-8740
-8332
-7511
-6426
-5088
-3484
-1732
-34
1458
2772
3983
5080
5937
6434
6555
6408
6162
5874
5384
4440
2942
1057
-939
-2831
-4496
-5814
-6640
-6856
-6456
-5609
-4612
-3700
-2894
-2056
-1095
-34
1107
2400
3845
5238
6233
6604
6373
5775
5071
4399
3740
3056
2383
1775
1224
656
40
-578
-1075
-1317
-1247
-930
-503
-106
177
321
357
345
338
343
306
200
61
-43
-98
-127
-116
-77
-76
-228
-553
-979
-1401
-1733
-1968
-2195
-2571
-3159
-3823
-4245
-4147
-3436
-2280
-941
370
1557
2547
3194
3348
2978
2298
1669
1351
1329
1400
1428
1429
1432
1333
940
194
-672
-1305
-1600
-1810
-2206
-2747
-3179
-3336
-3251
-3046
-2776
-2401
-1881
-1321
-939
-790
-670
-283
433
1306
2103
2677
2984
3028
2865
2572
2291
2174
2303
2593
2884
3036
2984
2704
2209
1541
751
-64
-753
-1203
-1450
-1625
-1840
-2065
-2161
-1986
-1545
-987
-442
104
730
1413
1979
2264
2259
2098
1904
1692
1387
931
337
-384
-1307
-2546
-3963
-5124
-5583
-5310
-4587
-3742
-2919
-2181
-1514
-918
-411
-49
246
621
1141
1718
2278
2797
3220
3481
3582
3531
3179
2358
1119
-226
-1405
-2333
-3059
-3605
-3952
-4067
-3990
-3867
-3826
-3793
-3504
-2776
-1671
-368
1010
2370
3560
4434
4933
5056
4836
4375
3839
3356
2961
2583
2079
1334
406
-463
-1087
-1501
-1843
-2151
-2319
-2251
-1946
-1475
-899
-261
421
1120
1762
2195
2285
2052
1665
1290
954
634
339
110
-16
5
189
442
605
579
333
-183
-1042
-2189
-3377
-4223
-4414
-3883
-2904
-1900
-1140
-566
29
722
1415
1969
2387
2793
3247
3635
3767
3574
3174
2752
2395
2013
1447
596
-502
-1728
-2944
-4058
-5034
-5862
-6488
-6778
-6636
-6104
-5335
-4424
-3352
-2044
-495
1136
2588
3682
4457
5006
5295
5205
4747
4091
3400
2717
2012
1211
301
-624
-1383
-1882
-2165
-2347
-2488
-2572
-2523
-2287
-1896
-1412
-878
-277
421
1213
1996
2619
3025
3306
3556
3719
3677
3407
2977
2485
1980
1487
1030
632
293
-50
-509
-1191
-2086
-3008
-3681
-3904
-3649
-2999
-2122
-1271
-679
-372
-179
61
329
548
745
1068
1592
2190
2593
2615
2348
2028
1762
1388
713
-248
-1306
-2325
-3296
-4236
-5084
-5684
-5862
-5554
-4908
-4129
-3345
-2576
-1874
-1310
-867
-429
81
644
1243
1891
2523
2961
3034
2770
2378
2093
1978
1899
1729
1492
1306
1147
823
194
-626
-1333
-1700
-1729
-1535
-1180
-659
-25
611
1151
1586
1963
2349
2769
3166
3432
3498
3350
3015
2548
2031
1533
1090
726
461
232
-116
-712
-1510
-2257
-2669
-2611
-2182
-1617
-1122
-774
-520
-247
92
462
793
1068
1268
1320
1151
787
397
211
394
900
1451
1699
1475
827
-120
-1290
-2624
-3993
-5157
-5846
-5907
-5443
-4752
-4103
-3556
-3024
-2433
-1814
-1187
-490
397
1476
2589
3485
3973
4025
3774
3434
3152
2932
2713
2455
2102
1544
689
-419
-1563
-2440
-2844
-2767
-2392
-1887
-1331
-762
-237
198
590
1043
1623
2283
2912
3435
3853
4147
4199
3878
3187
2321
1532
988
682
472
199
-185
-656
-1258
-2102
-3167
-4144
-4593
-4255
-3252
-2003
-961
-345
-70
102
317
525
652
745
950
1309
1697
1894
1775
1369
816
223
-410
-1130
-1909
-2646
-3264
-3755
-4139
-4373
-4388
-4171
-3845
-3572
-3415
-3266
-2978
-2484
-1815
-1000
-59
950
1874
2539
2849
2861
2721
2540
2310
1984
1600
1288
1133
1080
981
757
462
237
187
288
424
443
293
21
-273
-534
-730
-805
-660
-223
466
1264
1979
2490
2800
2975
3065
3069
2989
2851
2705
2582
2455
2250
1893
1364
680
-122
-983
-1796
-2411
-2658
-2415
-1730
-847
-107
253
231
47
-29
154
548
990
1312
1429
1359
1172
967
809
728
680
579
325
-148
-876
-1859
-3014
-4116
-4897
-5202
-5069
-4644
-4077
-3472
-2880
-2323
-1807
-1261
-559
340
1300
2123
2704
2992
2960
2628
2105
1541
1055
687
386
57
-324
-706
-1072
-1475
-1937
-2347
-2497
-2262
-1715
-1077
-523
-76
365
925
1676
2570
3456
4156
4568
4653
4396
3801
2953
2017
1186
619
359
304
247
64
-211
-451
-587
-646
-670
-630
-478
-306
-322
-624
-1025
-1220
-1087
-790
-585
-602
-759
-885
-902
-877
-948
-1193
-1534
-1803
-1839
-1626
-1252
-840
-465
-204
-138
-340
-837
-1593
-2488
-3291
-3760
-3786
-3492
-3141
-2916
-2809
-2687
-2405
-1889
-1155
-324
433
977
1278
1403
1454
1483
1489
1471
1477
1547
1658
1734
1716
1611
1466
1340
1276
1318
1481
1750
2069
2359
2559
2648
2638
2562
2443
2309
2190
2106
2012
1824
1476
1010
553
246
170
325
637
1010
1370
1699
1961
2066
1933
1576
1150
861
847
1044
1213
1098
593
-203
-1072
-1775
-2151
-2190
-2062
-2022
-2243
-2666
-3049
-3173
-3013
-2715
-2449
-2289
-2206
-2121
-1970
-1760
-1558
-1431
-1349
-1198
-871
-412
0
199
170
35
-70
-118
-179
-366
-722
-1183
-1606
-1886
-2009
-2017
-1917
-1673
-1271
-767
-284
86
348
587
909
1372
1958
2566
3052
3322
3393
3378
3382
3405
3346
3109
2686
2131
1484
767
59
-518
-888
-1068
-1126
-1115
-1071
-1011
-941
-826
-594
-173
443
1137
1719
2044
2105
2029
1968
1990
2039
1973
1706
1273
788
308
-220
-878
-1683
-2535
-3249
-3694
-3881
-3955
-4053
-4219
-4389
-4442
-4240
-3729
-3012
-2300
-1780
-1471
-1213
-782
-64
828
1642
2155
2318
2210
1923
1478
882
222
-328
-640
-714
-629
-486
-410
-515
-794
-1075
-1130
-856
-362
113
358
344
232
226
448
894
1464
2033
2527
2924
3212
3356
3328
3154
2900
2618
2342
2092
1864
1620
1319
961
579
217
-101
-342
-489
-541
-528
-483
-424
-349
-229
-34
229
476
631
702
791
942
1071
1048
849
576
329
130
-40
-185
-297
-423
-610
-858
-1109
-1311
-1482
-1690
-2006
-2401
-2738
-2855
-2695
-2349
-2009
-1847
-1894
-2008
-1949
-1524
-725
239
1037
1418
1381
1119
842
637
498
397
324
267
190
55
-154
-426
-741
-1076
-1389
-1599
-1633
-1480
-1213
-957
-783
-668
-524
-294
26
403
791
1119
1316
1348
1264
1153
1090
1081
1086
1076
1034
942
768
525
296
177
193
274
325
301
201
26
-213
-463
-623
-605
-385
-20
394
749
953
998
977
1025
1208
1502
1802
1962
1844
1424
821
204
-323
-731
-1017
-1194
-1274
-1293
-1297
-1348
-1457
-1579
-1639
-1605
-1489
-1305
-1041
-677
-240
202
556
787
902
908
794
560
270
30
-93
-126
-169
-305
-571
-942
-1350
-1710
-1923
-1927
-1715
-1357
-928
-481
-88
122
66
-192
-453
-517
-320
53
451
754
917
957
934
925
976
1083
1196
1267
1260
1159
948
635
280
8
-35
204
639
1122
1557
1919
2177
2285
2231
2077
1896
1731
1614
1569
1594
1639
1659
1626
1534
1374
1133
805
396
-41
-408
-614
-650
-580
-472
-356
-265
-261
-412
-698
-989
-1179
-1272
-1358
-1474
-1599
-1744
-1960
-2264
-2558
-2713
-2671
-2495
-2304
-2165
-2074
-1995
-1908
-1801
-1649
-1429
-1178
-982
-896
-925
-1031
-1180
-1327
-1419
-1430
-1359
-1231
-1075
-932
-831
-789
-829
-936
-995
-852
-470
25
460
741
904
1044
1240
1501
1789
2076
2351
2595
2759
2824
2830
2848
2899
2938
2912
2797
2585
2275
1897
1534
1272
1165
1188
1253
1263
1203
1123
1055
968
831
672
545
465
396
302
189
93
53
69
85
44
-73
-252
-486
-790
-1164
-1570
-1943
-2233
-2415
-2500
-2524
-2549
-2629
-2777
-2955
-3079
-3087
-2960
-2728
-2429
-2131
-1909
-1808
-1776
-1692
-1465
-1083
-611
-129
271
508
552
455
328
244
218
221
245
290
362
466
592
717
829
963
1180
1468
1726
1835
1801
1721
1695
1742
1833
1946
2091
2281
2485
2648
2752
2821
2865
2878
2848
2765
2587
2306
1983
1697
1452
1207
938
662
411
186
-55
-360
-713
-1038
-1261
-1387
-1473
-1571
-1665
-1693
-1623
-1461
-1267
-1064
-867
-655
-452
-333
-367
-533
-727
-876
-1003
-1205
-1528
-1947
-2417
-2901
-3343
-3632
-3650
-3365
-2870
-2341
-1926
-1670
-1521
-1384
-1205
-972
-714
-445
-198
-11
85
81
-2
-141
-275
-349
-336
-280
-230
-219
-247
-302
-375
-421
-382
-220
39
351
687
995
1196
1237
1156
1057
1023
1099
1289
1584
1939
2287
2543
2656
2654
2617
2593
2569
2517
2441
2345
2226
2075
1916
1786
1696
1602
1432
1185
919
710
552
412
276
175
128
124
131
142
181
251
313
299
202
48
-138
-349
-561
-755
-944
-1154
-1388
-1621
-1834
-2024
-2199
-2343
-2441
-2493
-2526
-2562
-2597
-2617
-2605
-2528
-2349
-2068
-1738
-1462
-1310
-1278
-1305
-1320
-1294
-1217
-1109
-1000
-928
-901
-900
-884
-826
-740
-654
-585
-491
-315
-36
278
529
669
744
862
1087
1413
1762
2057
2263
2416
2589
2820
3062
3219
3243
3160
3016
2827
2598
2367
2178
2042
1914
1746
1541
1341
1174
1018
848
677
538
440
373
327
307
301
295
299
322
352
326
191
-50
-341
-634
-924
-1224
-1514
-1744
-1883
-1964
-2030
-2069
-2038
-1936
-1833
-1788
-1789
-1771
-1686
-1558
-1466
-1478
-1604
-1786
-1975
-2167
-2354
-2473
-2453
-2297
-2081
-1874
-1675
-1469
-1264
-1085
-926
-736
-479
-171
140
408
615
759
837
832
740
599
496
512
684
998
1392
1772
2037
2148
2138
2095
2071
2075
2078
2056
1999
1902
1781
1658
1546
1430
1315
1231
1227
1319
1498
1713
1878
1925
1837
1668
1501
1366
1239
1100
972
881
796
647
385
9
-441
-877
-1194
-1349
-1377
-1357
-1338
-1324
-1300
-1259
-1222
-1213
-1210
-1180
-1131
-1105
-1114
-1123
-1110
-1082
-1063
-1072
-1101
-1161
-1260
-1425
-1643
-1866
-2031
-2099
-2074
-2007
-1957
-1963
-1996
-1983
-1847
-1577
-1219
-837
-478
-182
7
85
81
65
76
112
142
162
207
292
407
502
535
501
435
391
396
444
518
605
696
792
914
1080
1279
1474
1643
1776
1870
1923
1948
1965
1969
1907
1738
1456
1144
900
792
808
868
890
832
704
513
285
67
-58
-43
81
249
417
567
643
584
378
106
-126
-242
-229
-138
-39
-1
-71
-271
-581
-914
-1154
-1231
-1159
-1022
-923
-912
-960
-1010
-1049
-1088
-1106
-1047
-871
-621
-387
-241
-193
-223
-291
-337
-300
-191
-109
-143
-295
-482
-633
-731
-791
-809
-771
-687
-595
-538
-509
-472
-388
-241
-46
167
363
525
629
657
611
530
473
451
399
265
77
-79
-150
-133
-50
93
277
462
595
647
639
618
619
641
671
719
810
938
1040
1058
1014
986
1017
1054
1020
899
748
623
529
438
348
289
289
347
421
460
423
329
217
127
59
20
26
80
136
130
35
-141
-367
-594
-771
-877
-942
-1012
-1121
-1276
-1491
-1747
-1994
-2159
-2200
-2148
-2062
-1991
-1924
-1832
-1706
-1568
-1438
-1305
-1169
-1043
-940
-852
-762
-691
-672
-716
-790
-844
-842
-784
-693
-583
-456
-295
-87
163
414
628
787
926
1075
1242
1420
1619
1844
2063
2207
2231
2164
2058
1957
1865
1801
1813
1921
2072
2153
2095
1930
1749
1620
1552
1513
1475
1441
1422
1408
1353
1223
1036
834
643
492
418
429
476
468
354
148
-81
-254
-337
-364
-408
-524
-719
-960
-1201
-1399
-1531
-1615
-1666
-1697
-1708
-1718
-1742
-1771
-1765
-1699
-1580
-1438
-1320
-1266
-1290
-1367
-1455
-1531
-1575
-1557
-1457
-1311
-1191
-1157
-1204
-1272
-1296
-1237
-1106
-936
-748
-544
-357
-247
-200
-124
56
311
561
773
945
1067
1126
1168
1257
1410
1593
1754
1865
1926
1939
1914
1858
1775
1663
1528
1401
1302
1214
1082
893
699
578
555
589
634
666
667
617
506
376
269
220
227
269
302
284
205
81
-65
-232
-437
-675
-918
-1127
-1288
-1406
-1500
-1594
-1701
-1826
-1965
-2092
-2157
-2151
-2133
-2157
-2188
-2142
-2010
-1857
-1738
-1638
-1530
-1418
-1334
-1291
-1274
-1252
-1185
-1058
-885
-699
-531
-395
-274
-135
55
278
482
631
747
885
1062
1266
1475
1681
1866
1985
2009
1977
1963
1976
1961
1893
1829
1829
1893
1997
2122
2224
2238
2146
2016
1945
1961
2007
2024
2000
1954
1887
1787
1657
1528
1410
1281
1129
965
801
626
435
224
1
-227
-428
-554
-595
-591
-596
-640
-741
-897
-1069
-1200
-1260
-1270
-1299
-1398
-1564
-1744
-1896
-2021
-2127
-2199
-2218
-2197
-2162
-2147
-2159
-2186
-2216
-2237
-2220
-2131
-1971
-1785
-1613
-1458
-1313
-1183
-1078
-985
-875
-709
-488
-254
-54
100
243
402
572
711
785
811
844
922
1013
1076
1102
1104
1096
1083
1077
1083
1104
1138
1165
1157
1086
956
802
680
644
673
701
673
626
608
633
684
743
798
829
844
870
921
963
956
887
803
758
752
732
641
483
287
73
-150
-368
-555
-702
-839
-994
-1165
-1291
-1327
-1296
-1273
-1310
-1386
-1444
-1446
-1411
-1376
-1354
-1325
-1273
-1205
-1135
-1066
-1007
-959
-894
-783
-641
-520
-449
-423
-411
-398
-368
-307
-211
-83
34
92
60
-22
-66
-27
87
235
380
501
612
741
899
1051
1178
1285
1373
1432
1464
1520
1624
1734
1773
1717
1612
1532
1497
1473
1422
1339
1241
1143
1062
1006
985
1017
1105
1199
1220
1134
989
862
802
798
810
809
780
694
516
248
-67
-371
-628
-825
-967
-1071
-1146
-1198
-1239
-1276
-1307
-1328
-1342
-1346
-1324
-1280
-1260
-1294
-1373
-1431
-1425
-1354
-1267
-1214
-1199
-1196
-1162
-1101
-1035
-991
-985
-1011
-1059
-1105
-1142
-1166
-1162
-1113
-1024
-917
-790
-638
-476
-356
-278
-204
-83
79
243
361
416
436
469
528
594
664
731
786
792
723
586
424
288
223
235
289
331
315
247
169
135
164
241
345
473
608
723
787
795
763
708
661
638
640
656
676
682
640
536
386
222
74
-26
-65
-58
-45
-70
-155
-286
-426
-537
-613
-669
-714
-726
-682
-580
-440
-287
-148
-40
47
123
181
199
189
195
239
293
327
332
318
289
244
192
132
62
-23
-97
-139
-151
-150
-132
-79
7
97
144
151
174
249
329
351
322
304
345
442
565
651
639
524
369
257
216
211
216
219
208
170
120
113
165
230
253
216
157
113
114
157
226
308
392
467
510
502
466
438
429
399
325
236
197
243
320
343
244
55
-147
-298
-391
-468
-564
-684
-807
-905
-962
-960
-905
-829
-771
-732
-682
-602
-517
-477
-502
-570
-646
-720
-781
-813
-817
-799
-783
-787
-826
-882
-919
-910
-856
-760
-610
-430
-289
-246
-293
-368
-406
-384
-330
-279
-262
-282
-322
-350
-336
-280
-217
-174
-158
-151
-141
-116
-82
-46
-2
82
211
352
468
578
714
861
964
986
957
920
897
857
776
676
612
609
636
660
680
720
768
804
829
848
846
807
754
722
707
674
600
505
429
392
368
323
263
227
232
250
252
227
191
173
199
264
317
330
313
322
395
525
648
690
618
456
270
118
26
-31
-82
-127
-151
-148
-143
-174
-258
-377
-491
-590
-683
-781
-861
-883
-836
-762
-714
-713
-742
-773
-777
-739
-672
-605
-556
-516
-473
-449
-458
-471
-447
-385
-348
-383
-479
-575
-631
-646
-647
-634
-590
-517
-432
-339
-223
-85
70
236
420
591
701
705
630
534
453
365
251
129
40
-10
-52
-102
-146
-185
-223
-246
-216
-142
-71
-21
45
171
332
475
556
595
620
645
663
660
631
571
480
342
165
-25
-168
-234
-243
-235
-240
-254
-257
-242
-229
-240
-283
-373
-512
-657
-747
-765
-756
-759
-767
-755
-730
-704
-694
-690
-697
-716
-736
-734
-691
-617
-533
-444
-343
-226
-89
68
238
411
564
677
740
765
783
821
880
947
1018
1080
1107
1074
989
902
862
875
891
871
808
737
701
725
797
878
937
964
954
889
774
626
491
411
400
424
413
318
151
-32
-172
-232
-201
-109
-19
35
51
36
-32
-160
-309
-425
-489
-512
-509
-502
-515
-580
-686
-807
-900
-931
-892
-818
-764
-766
-806
-849
-855
-820
-754
-686
-647
-648
-664
-662
-636
-612
-608
-610
-571
-453
-275
-102
1
18
7
59
202
372
455
422
339
305
350
434
494
507
491
478
488
539
658
843
1029
1134
1125
1035
917
800
698
610
511
386
241
113
31
-18
-65
-135
-226
-331
-423
-464
-424
-313
-187
-114
-129
-220
-339
-425
-437
-371
-269
-200
-219
-329
-473
-592
-668
-704
-721
-733
-736
-716
-667
-628
-639
-685
-711
-695
-670
-676
-699
-713
-696
-643
-554
-444
-333
-230
-141
-65
16
122
252
373
468
538
584
590
566
558
597
661
705
706
686
689
755
869
994
1096
1160
1163
1110
1053
1053
1118
1198
1235
1217
1165
1096
1011
892
724
523
329
173
26
-155
-371
-557
-647
-642
-594
-555
-543
-559
-601
-671
-748
-786
-755
-676
-606
-604
-673
-767
-823
-789
-668
-515
-401
-364
-389
-433
-457
-450
-431
-417
-404
-373
-321
-268
-239
-236
-236
-219
-183
-147
-128
-126
-135
-161
-196
-217
-205
-170
-126
-81
-37
-3
8
1
-4
-1
13
54
145
276
400
476
500
484
447
415
422
471
516
503
438
380
387
456
544
616
659
663
635
598
564
540
534
546
545
511
445
367
289
222
170
130
91
38
-38
-144
-268
-397
-521
-629
-712
-738
-693
-593
-495
-435
-412
-412
-417
-397
-332
-228
-107
10
115
190
199
114
-38
-178
-256
-287
-326
-401
-496
-590
-658
-682
-645
-557
-465
-412
-398
-378
-328
-257
-189
-141
-122
-137
-158
-133
-42
79
161
182
173
175
201
223
229
208
159
96
61
120
268
429
513
516
497
506
539
575
594
606
616
622
604
544
456
363
278
189
87
-5
-43
3
106
190
201
143
58
-5
-25
-17
-32
-89
-162
-216
-260
-318
-378
-404
-363
-275
-189
-146
-137
-127
-90
-26
53
119
129
84
30
-3
-51
-169
-353
-538
-653
-676
-617
-523
-427
-332
-234
-136
-56
3
34
60
107
196
299
371
393
368
304
207
101
27
1
14
31
40
42
61
105
159
209
239
249
240
225
226
268
355
460
519
489
400
334
333
352
333
268
190
119
64
27
-5
-57
-136
-219
-279
-308
-334
-386
-477
-572
-622
-587
-470
-300
-139
-47
-42
-87
-110
-71
12
68
54
-24
-114
-175
-189
-161
-113
-63
-32
-23
-38
-75
-130
-188
-233
-255
-251
-227
-189
-136
-91
-55
-30
-8
-9
-61
-161
-286
-392
-449
-438
-370
-280
-201
-134
-74
-12
45
89
111
112
105
103
103
106
134
191
264
325
369
408
449
501
540
545
499
421
356
321
305
288
266
251
250
258
261
244
203
135
60
-6
-53
-77
-65
-21
30
51
49
71
146
254
332
342
305
264
242
213
144
16
-153
-336
-487
-572
-602
-603
-599
-570
-515
-447
-377
-295
-212
-157
-136
-132
-143
-200
-299
-390
-428
-424
-404
-381
-348
-297
-229
-160
-116
-106
-120
-149
-209
-299
-376
-401
-363
-283
-183
-67
53
162
238
276
286
295
317
341
350
345
342
349
360
356
332
284
215
142
101
131
224
326
362
304
186
70
-22
-108
-196
-269
-300
-280
-219
-123
-4
120
230
304
327
302
266
268
317
372
401
416
449
494
523
507
447
369
315
288
256
219
202
220
256
290
301
267
184
69
-35
-103
-133
-136
-135
-141
-147
-142
-136
-146
-174
-195
-195
-174
-139
-101
-60
-28
-3
12
13
-16
-78
-148
-218
-321
-484
-676
-818
-862
-821
-727
-596
-438
-297
-209
-164
-129
-109
-126
-172
-194
-156
-76
-7
18
-17
-86
-150
-158
-99
-27
13
14
13
16
13
0
-24
-64
-146
-261
-368
-426
-422
-370
-282
-176
-71
12
70
115
160
206
253
307
382
483
586
655
