-27
13
118
266
407
481
472
393
294
215
156
89
-7
-93
-128
-112
-96
-107
-134
-144
-122
-76
-28
-7
-28
-89
-151
-179
-166
-121
-72
-48
-42
-42
-13
32
72
93
91
85
79
77
73
47
-3
-80
-150
-173
-111
10
119
163
164
180
233
296
332
339
343
362
409
462
505
516
492
459
429
411
377
306
193
55
-65
-131
-137
-97
-41
5
23
4
-33
-68
-93
-104
-106
-115
-143
-179
-196
-198
-220
-280
-354
-396
-378
-314
-245
-217
-233
-246
-224
-183
-162
-151
-111
-39
27
33
-22
-99
-134
-105
-51
-18
-21
-42
-61
-70
-60
-51
-72
-132
-206
-268
-317
-352
-357
-322
-260
-193
-144
-123
-128
-131
-105
-57
-12
-2
-24
-41
-22
19
36
1
-72
-128
-128
-66
16
83
135
174
189
153
78
8
-11
26
88
129
121
79
35
15
25
65
127
179
194
173
155
154
164
179
196
209
199
158
86
10
-47
-69
-63
-48
-17
28
81
123
150
181
212
228
211
176
146
125
104
71
41
27
27
24
6
-22
-66
-127
-191
-226
-227
-196
-148
-83
-25
7
22
44
81
113
122
113
106
116
140
176
215
255
275
254
190
95
15
-25
-30
-32
-40
-28
17
78
111
108
74
40
27
44
92
152
200
206
163
86
-1
-75
-122
-126
-93
-52
-39
-52
-79
-99
-118
-150
-207
-285
-355
-406
-424
-409
-350
-266
-189
-116
-46
23
74
114
161
202
221
202
163
126
109
109
119
112
88
62
66
101
128
105
32
-61
-144
-207
-250
-276
-274
-242
-213
-214
-256
-310
-345
-352
-334
-298
-253
-203
-144
-91
-76
-108
-156
-166
-119
-55
-37
-95
-202
-285
-300
-245
-184
-169
-211
-279
-320
-302
-223
-120
-30
36
89
140
168
140
51
-41
-77
-56
-23
3
40
97
150
180
199
240
304
367
402
395
366
328
301
277
248
198
150
133
145
165
172
182
197
200
186
175
174
139
42
-67
-108
-53
36
89
66
-9
-83
-94
-46
14
52
62
74
84
82
60
37
45
102
185
257
289
280
244
198
158
140
153
183
202
204
225
287
380
452
468
425
353
298
290
320
330
283
194
112
58
16
-29
-70
-99
-130
-178
-229
-270
-293
-303
-298
-280
-258
-225
-163
-77
-15
-19
-87
-167
-196
-142
-37
60
89
31
-89
-216
-311
-368
-387
-379
-369
-371
-369
-331
-280
-260
-277
-289
-268
-214
-140
-61
-9
0
-17
-29
-27
-23
-38
-74
-114
-136
-131
-107
-75
-36
11
54
62
9
-94
-194
-243
-240
-212
-181
-153
-140
-146
-154
-139
-115
-113
-136
-165
-203
-268
-341
-371
-334
-264
-213
-204
-227
-270
-315
-342
-337
-298
-230
-145
-81
-60
-70
-72
-62
-59
-63
-52
-6
71
167
258
333
379
392
365
300
234
205
225
276
336
381
391
376
363
368
364
333
305
319
365
382
352
314
318
357
397
417
415
385
342
301
273
250
228
208
192
178
176
190
212
244
297
360
399
394
345
273
200
135
69
-2
-49
-48
-10
22
17
-19
-60
-74
-58
-35
-16
8
57
121
173
186
155
102
72
82
95
63
8
-29
-38
-48
-69
-89
-126
-198
-302
-400
-469
-516
-550
-588
-616
-612
-562
-488
-415
-349
-281
-216
-179
-191
-230
-252
-226
-170
-142
-160
-206
-257
-333
-421
-456
-404
-306
-223
-154
-81
-16
2
-21
-50
-64
-70
-102
-170
-244
-285
-282
-268
-258
-241
-206
-167
-151
-163
-202
-246
-258
-220
-163
-122
-94
-51
-3
20
10
-8
13
85
202
314
388
437
497
565
590
536
421
295
197
148
135
125
103
81
91
139
212
265
271
240
212
201
172
113
38
-15
-36
-43
-48
-59
-61
-46
-31
-39
-78
-124
-169
-220
-288
-352
-377
-334
-246
-162
-118
-104
-61
56
234
422
593
736
828
842
782
685
579
475
383
317
284
275
270
259
249
257
285
319
336
310
243
169
124
102
96
95
107
125
128
115
97
87
76
53
4
-62
-108
-103
-74
-63
-87
-116
-137
-156
-191
-226
-239
-210
-160
-121
-112
-131
-156
-169
-160
-140
-142
-176
-211
-204
-164
-142
-156
-179
-184
-180
-192
-211
-224
-225
-231
-241
-235
-190
-108
-12
67
113
122
95
47
-1
-33
-63
-105
-171
-267
-380
-483
-522
-494
-435
-407
-418
-439
-456
-488
-556
-608
-607
-554
-489
-441
-408
-369
-299
-201
-115
-68
-59
-58
-59
-82
-133
-204
-260
-289
-282
-246
-199
-156
-116
-85
-78
-112
-175
-223
-204
-109
14
100
128
143
185
254
323
384
446
507
545
541
515
483
457
422
376
340
322
321
318
313
308
309
318
343
395
477
568
647
694
707
697
685
671
617
497
355
239
159
105
97
153
243
320
369
394
396
372
347
339
342
320
274
236
234
266
294
301
290
266
225
160
83
0
-81
-143
-164
-155
-160
-198
-259
-317
-369
-417
-449
-450
-418
-376
-343
-312
-278
-246
-233
-229
-226
-227
-243
-261
-272
-297
-350
-411
-439
-426
-384
-322
-258
-220
-248
-312
-365
-384
-395
-402
-369
-278
-172
-124
-167
-251
-304
-309
-299
-315
-337
-328
-284
-228
-172
-117
-87
-101
-147
-174
-160
-128
-101
-78
-40
13
66
92
82
42
0
-13
14
53
57
1
-84
-146
-163
-163
-168
-178
-155
-95
-22
29
49
49
40
40
48
59
70
91
127
155
153
138
144
170
170
123
50
2
-13
1
38
95
152
192
252
349
444
469
424
365
348
378
435
489
507
469
382
275
192
157
172
204
232
266
320
384
428
424
369
277
186
125
82
42
-10
-66
-111
-130
-119
-86
-34
36
111
151
155
150
147
115
47
-16
-47
-63
-87
-117
-136
-134
-110
-86
-91
-143
-211
-242
-211
-153
-114
-107
-121
-140
-169
-207
-247
-268
-251
-192
-114
-56
-35
-34
-23
8
30
8
-66
-144
-167
-119
-45
21
66
91
79
31
-13
-27
-17
-13
-33
-71
-98
-104
-98
-102
-106
-92
-56
-24
-25
-57
-82
-62
2
46
33
-32
-95
-134
-157
-188
-235
-272
-259
-182
-87
-33
-47
-103
-162
-197
-195
-155
-92
-42
-15
-10
-19
-31
-23
20
67
92
91
87
82
67
36
-25
-107
-186
-214
-175
-96
-30
-2
2
4
4
-1
-2
-2
-17
-36
-47
-30
3
60
135
211
255
265
259
244
215
172
130
83
22
-58
-133
-186
-214
-230
-245
-237
-195
-129
-71
-35
-7
25
60
84
103
118
124
93
20
-56
-96
-97
-102
-105
-74
5
83
127
174
261
371
461
524
566
563
506
447
437
444
421
371
333
306
252
168
80
24
-1
-11
-12
20
83
125
69
-87
-258
-365
-388
-350
-271
-173
-103
-94
-125
-145
-127
-83
-29
31
90
135
159
160
134
59
-51
-174
-264
-302
-298
-281
-268
-242
-191
-133
-110
-129
-154
-138
-84
-37
-35
-72
-107
-112
-91
-76
-91
-123
-147
-155
-160
-170
-164
-145
-125
-120
-118
-99
-56
14
93
154
164
119
64
34
6
-41
-93
-100
-56
1
37
44
25
-11
-47
-70
-73
-61
-31
18
83
148
189
184
164
172
224
285
313
315
316
348
414
494
545
544
504
452
393
320
247
198
161
106
21
-64
-115
-135
-142
-156
-169
-175
-167
-164
-192
-254
-311
-320
-299
-294
-330
-370
-382
-375
-374
-380
-362
-317
-282
-300
-375
-463
-498
-461
-375
-305
-280
-278
-280
-279
-288
-298
-312
-336
-366
-367
-302
-199
-114
-58
-1
55
71
37
-9
-14
42
142
249
326
382
426
472
506
535
566
610
660
687
686
660
639
620
586
522
445
365
291
234
210
214
207
164
101
66
75
81
39
-33
-77
-74
-70
-94
-132
-154
-176
-226
-309
-392
-425
-386
-285
-186
-133
-138
-158
-163
-144
-104
-54
0
46
76
77
46
-25
-103
-140
-111
-34
54
142
218
262
266
253
252
275
313
345
353
331
292
261
250
253
241
227
222
237
251
243
206
126
3
-139
-240
-286
-292
-314
-383
-485
-572
-609
-590
-529
-455
-399
-372
-373
-400
-455
-514
-528
-488
-443
-461
-545
-633
-654
-607
-544
-495
-468
-439
-399
-329
-246
-180
-145
-85
51
244
411
517
593
669
735
778
797
790
763
750
789
858
901
884
830
769
695
591
463
330
204
91
-5
-76
-109
-95
-62
-71
-157
-297
-429
-504
-504
-459
-416
-436
-549
-724
-899
-1007
-1037
-1003
-920
-795
-664
-578
-553
-555
-541
-509
-471
-441
-411
-374
-322
-256
-188
-153
-170
-204
-195
-84
118
356
563
726
852
968
1080
1201
1327
1442
1535
1592
1615
1595
1550
1511
1506
1529
1533
1486
1370
1193
965
723
508
337
187
39
-103
-235
-376
-546
-736
-912
-1064
-1222
-1419
-1630
-1792
-1859
-1836
-1780
-1724
-1672
-1595
-1499
-1408
-1328
-1235
-1110
-961
-827
-733
-688
-669
-653
-621
-561
-470
-346
-212
-76
54
192
318
420
509
617
766
955
1165
1351
1497
1628
1778
1942
2085
2190
2269
2321
2320
2252
2140
2021
1897
1737
1520
1264
998
737
477
223
1
-162
-274
-384
-539
-748
-975
-1181
-1347
-1486
-1624
-1788
-1965
-2104
-2161
-2154
-2132
-2113
-2080
-2017
-1925
-1813
-1698
-1599
-1521
-1452
-1384
-1321
-1255
-1180
-1089
-987
-862
-715
-568
-447
-345
-228
-86
69
232
416
634
874
1101
1308
1513
1745
1997
2221
2364
2432
2462
2490
2502
2469
2370
2211
2028
1856
1701
1545
1366
1152
924
699
483
272
68
-130
-340
-579
-831
-1059
-1251
-1417
-1578
-1736
-1889
-2013
-2075
-2048
-1939
-1769
-1571
-1398
-1283
-1223
-1174
-1118
-1059
-1014
-1007
-1025
-1032
-990
-908
-802
-673
-506
-311
-117
78
279
465
572
590
574
592
672
815
1000
1189
1324
1402
1462
1548
1656
1743
1772
1728
1628
1499
1378
1277
1215
1161
1073
940
803
725
703
708
700
665
601
521
437
337
205
58
-73
-193
-324
-467
-582
-632
-630
-629
-670
-758
-859
-953
-1019
-1050
-1024
-951
-869
-817
-806
-837
-898
-964
-996
-957
-863
-749
-672
-658
-700
-750
-748
-678
-583
-520
-503
-492
-451
-374
-276
-173
-85
-45
-56
-75
-68
-51
-55
-59
0
131
285
412
523
640
747
796
767
701
643
631
658
704
723
686
598
501
445
444
471
505
516
483
404
303
201
88
-38
-160
-265
-364
-471
-582
-689
-796
-899
-965
-975
-965
-989
-1043
-1090
-1107
-1102
-1080
-1042
-1025
-1053
-1102
-1114
-1082
-1044
-1021
-973
-858
-672
-459
-266
-115
3
108
230
369
514
657
807
969
1129
1280
1421
1553
1666
1735
1752
1747
1768
1844
1926
1965
1955
1937
1944
1957
1916
1775
1563
1356
1188
1028
834
616
413
250
106
-64
-289
-544
-780
-969
-1124
-1271
-1404
-1502
-1550
-1555
-1529
-1466
-1361
-1238
-1141
-1116
-1165
-1264
-1373
-1466
-1527
-1550
-1528
-1476
-1406
-1324
-1235
-1147
-1075
-1004
-910
-769
-574
-336
-80
146
338
563
866
1221
1544
1788
1972
2124
2262
2360
2395
2367
2318
2300
2320
2349
2332
2254
2133
2003
1852
1639
1355
1059
804
570
302
2
-257
-432
-544
-662
-847
-1099
-1374
-1625
-1840
-2016
-2137
-2190
-2171
-2102
-2008
-1922
-1865
-1831
-1819
-1843
-1912
-1998
-2053
-2063
-2033
-1980
-1917
-1862
-1814
-1743
-1607
-1398
-1173
-984
-847
-733
-613
-466
-263
-7
265
509
710
886
1034
1147
1230
1297
1366
1430
1500
1562
1599
1603
1606
1638
1705
1780
1832
1847
1829
1795
1761
1723
1671
1594
1504
1412
1305
1183
1043
903
757
605
451
294
123
-69
-283
-518
-754
-951
-1082
-1177
-1284
-1437
-1605
-1758
-1876
-1941
-1935
-1845
-1696
-1535
-1388
-1239
-1072
-889
-718
-581
-499
-484
-500
-468
-351
-200
-88
-14
79
205
331
405
418
395
374
401
495
636
784
921
1066
1223
1360
1452
1514
1579
1659
1746
1838
1931
2012
2055
2048
1993
1904
1810
1732
1651
1512
1278
964
632
348
147
-5
-159
-334
-522
-727
-950
-1176
-1377
-1544
-1681
-1784
-1849
-1882
-1880
-1832
-1735
-1600
-1464
-1367
-1345
-1403
-1513
-1653
-1803
-1920
-1939
-1847
-1691
-1514
-1321
-1126
-980
-921
-911
-871
-756
-586
-405
-235
-68
98
259
415
566
724
865
973
1025
1039
1055
1104
1186
1278
1412
1627
1903
2136
2243
2231
2162
2093
2030
1966
1881
1745
1546
1299
1045
839
697
586
447
262
44
-191
-444
-726
-1054
-1412
-1760
-2048
-2261
-2416
-2505
-2506
-2426
-2284
-2091
-1836
-1527
-1218
-961
-792
-736
-798
-937
-1074
-1151
-1172
-1146
-1066
-928
-782
-688
-656
-639
-581
-467
-336
-250
-222
-177
-20
254
561
807
964
1091
1244
1424
1593
1728
1839
1958
2113
2294
2453
2553
2630
2730
2837
2884
2841
2747
2620
2445
2204
1911
1592
1280
1015
784
531
215
-120
-408
-642
-885
-1181
-1515
-1839
-2104
-2274
-2340
-2317
-2233
-2072
-1832
-1533
-1241
-1014
-883
-860
-934
-1084
-1263
-1425
-1551
-1643
-1689
-1641
-1488
-1289
-1113
-978
-856
-734
-648
-613
-603
-578
-536
-487
-399
-217
69
406
732
1052
1365
1640
1812
1891
1931
1981
2035
2080
2132
2214
2313
2393
2425
2408
2358
2260
2095
1841
1535
1230
956
702
437
154
-124
-365
-572
-800
-1101
-1452
-1782
-2021
-2161
-2196
-2126
-1971
-1782
-1593
-1390
-1185
-1035
-1014
-1126
-1337
-1598
-1851
-2042
-2158
-2221
-2242
-2196
-2065
-1870
-1655
-1474
-1369
-1345
-1369
-1400
-1390
-1313
-1143
-902
-600
-243
162
604
1073
1556
1978
2260
2392
2456
2544
2692
2884
3060
3159
3164
3091
2954
2740
2448
2119
1811
1557
1353
1157
915
620
328
97
-82
-288
-583
-938
-1285
-1585
-1833
-2022
-2126
-2112
-1961
-1667
-1254
-785
-352
-42
124
166
115
-25
-258
-555
-863
-1138
-1384
-1582
-1690
-1671
-1540
-1364
-1192
-1048
-927
-835
-775
-732
-655
-472
-143
334
896
1464
1980
2441
2839
3153
3350
3444
3472
3466
3443
3365
3167
2814
2399
2024
1713
1358
881
283
-348
-910
-1358
-1733
-2095
-2402
-2552
-2541
-2496
-2546
-2710
-2939
-3178
-3355
-3379
-3174
-2710
-2004
-1155
-327
357
884
1285
1528
1548
1315
858
262
-352
-883
-1299
-1620
-1846
-1963
-1974
-1900
-1797
-1712
-1666
-1602
-1444
-1151
-729
-212
376
1040
1801
2664
3558
4374
5031
5494
5770
5850
5749
5503
5152
4656
3922
2935
1812
689
-406
-1492
-2544
-3450
-4132
-4556
-4752
-4774
-4670
-4450
-4157
-3882
-3688
-3526
-3298
-2958
-2516
-1961
-1248
-329
764
1894
2855
3476
3702
3542
3010
2127
981
-297
-1570
-2705
-3580
-4162
-4489
-4582
-4428
-4062
-3595
-3130
-2682
-2208
-1649
-994
-274
494
1367
2418
3615
4853
6010
7023
7808
8281
8418
8280
7927
7332
6399
5038
3283
1302
-705
-2623
-4388
-5922
-7089
-7765
-7882
-7512
-6857
-6081
-5190
-4156
-3086
-2158
-1409
-723
31
905
1886
2930
4001
5073
6048
6687
6749
6176
5054
3459
1433
-871
-3192
-5243
-6823
-7816
-8240
-8201
-7793
-7063
-6074
-4961
-3818
-2645
-1409
-110
1245
2660
4121
5571
6948
8191
9231
9968
10291
10129
9533
8654
7583
6259
4522
2311
-248
-2895
-5397
-7619
-9462
-10778
-11401
-11255
-10383
-8939
-7122
-5134
-3123
-1213
475
1834
2848
3633
4344
5082
5850
6597
7226
7611
7583
6970
5655
3627
1016
-1930
-4902
-7592
-9727
-11110
-11659
-11428
-10550
-9183
-7475
-5580
-3630
-1716
137
1938
3708
5441
7100
8583
9791
10666
11191
11350
11085
10338
9115
7563
5898
4244
2515
534
-1776
-4290
-6778
-9016
-10821
-12016
-12461
-12053
-10757
-8662
-6028
-3219
-527
1867
3807
5147
5863
6094
6057
5947
5883
5911
5998
6049
5891
5290
4034
2080
-423
-3213
-6009
-8519
-10420
-11443
-11457
-10554
-8994
-7094
-5064
-2997
-984
813
2275
3461
4544
5652
6796
7895
8829
9495
9829
9806
9410
8636
7495
6059
4504
3069
1837
607
-921
-2829
-4930
-6968
-8736
-10077
-10846
-10941
-10257
-8763
-6624
-4227
-1924
125
1845
3125
3875
4147
4121
4087
4275
4754
5358
5885
6143
5912
4942
3127
625
-2224
-5019
-7419
-9164
-10092
-10102
-9232
-7704
-5882
-4077
-2458
-1070
99
1098
2022
2989
4092
5344
6637
7810
8722
9282
9433
9184
8636
7876
6919
5796
4680
3747
2918
1829
162
-2078
-4599
-7061
-9174
-10687
-11381
-11152
-9985
-7993
-5499
-2984
-853
768
1879
2484
2612
2470
2365
2599
3316
4431
5607
6469
6746
6246
4795
2367
-741
-4024
-6964
-9180
-10428
-10606
-9764
-8127
-6095
-4118
-2484
-1190
-114
806
1589
2363
3322
4543
5895
7141
8043
8489
8480
8100
7461
6713
5969
5250
4586
4095
3823
3476
2525
669
-1910
-4744
-7429
-9623
-10996
-11282
-10457
-8673
-6244
-3634
-1398
122
908
1132
991
716
605
927
1863
3365
5117
6616
7436
7336
6182
3962
899
-2510
-5658
-8041
-9395
-9694
-9075
-7742
-6000
-4296
-3029
-2267
-1729
-1120
-333
667
1976
3605
5374
6956
8048
8445
8123
7249
6148
5192
4644
4525
4662
4920
5262
5519
5201
3816
1321
-1831
-5067
-7922
-9995
-10920
-10556
-9093
-6924
-4503
-2298
-718
89
276
175
90
287
984
2277
4046
5960
7577
8467
8312
6997
4615
1438
-2079
-5343
-7756
-8982
-9065
-8313
-7039
-5506
-4017
-2935
-2430
-2288
-2088
-1535
-592
726
2387
4274
6083
7433
8041
7879
7166
6227
5393
4930
4939
5239
5563
5806
5950
5715
4563
2239
-914
-4209
-7085
-9177
-10246
-10192
-9164
-7467
-5468
-3607
-2311
-1752
-1703
-1743
-1528
-897
202
1751
3636
5569
7087
7714
7237
5780
3606
961
-1915
-4652
-6815
-8035
-8232
-7625
-6556
-5289
-4052
-3089
-2520
-2216
-1874
-1254
-287
937
2298
3680
4925
5746
5911
5494
4842
4282
3991
4120
4799
5928
7075
7818
8046
7769
6732
4574
1410
-2099
-5237
-7610
-8985
-9310
-8736
-7613
-6236
-4902
-3912
-3443
-3352
-3346
-3142
-2499
-1298
359
2212
4076
5746
6886
7083
6222
4512
2308
-96
-2459
-4515
-5961
-6610
-6566
-6145
-5584
-4901
-4121
-3422
-2936
-2492
-1769
-682
542
1663
2660
3621
4490
5055
5182
5001
4803
4808
5086
5651
6483
7420
8118
8340
8099
7428
6035
3676
610
-2510
-5239
-7394
-8773
-9208
-8855
-8081
-7094
-6055
-5144
-4479
-3898
-3207
-2288
-1092
375
1928
3368
4620
5614
6084
5757
4677
3101
1241
-832
-2975
-4901
-6243
-6823
-6756
-6351
-5780
-5009
-4076
-3204
-2523
-1805
-783
489
1697
2682
3513
4282
4923
5303
5421
5441
5569
5867
6365
7073
7886
8431
8444
7999
7257
5983
3814
875
-2211
-4892
-6987
-8402
-9061
-8962
-8283
-7246
-6196
-5430
-4995
-4631
-4093
-3287
-2171
-718
980
2711
4280
5482
6108
5995
5163
3751
1942
-98
-2215
-4240
-5904
-6944
-7339
-7295
-6948
-6221
-5138
-4004
-3083
-2275
-1285
-58
1177
2168
2889
3480
4037
4481
4706
4825
5101
5663
6418
7250
8075
8677
8743
8255
7478
6490
4881
2367
-718
-3670
-6080
-7850
-8914
-9212
-8861
-8045
-6907
-5667
-4590
-3781
-3076
-2311
-1377
-228
1100
2408
3550
4510
5239
5524
5162
4142
2615
784
-1207
-3255
-5203
-6706
-7497
-7584
-7169
-6332
-5113
-3751
-2594
-1740
-946
-12
1011
1909
2622
3241
3867
4414
4761
4915
5058
5331
5736
6280
6994
7768
8220
8138
7677
7052
5968
3960
1070
-2051
-4777
-6855
-8216
-8822
-8699
-7967
-6782
-5471
-4403
-3704
-3147
-2497
-1672
-623
671
2068
3332
4352
5103
5459
5206
4271
2776
968
-964
-2942
-4861
-6447
-7380
-7648
-7516
-7106
-6262
-4956
-3565
-2466
-1599
-623
549
1659
2454
2959
3342
3682
3922
4035
4135
4415
4954
5725
6665
7647
8333
8380
7820
6933
5727
3816
1098
-1944
-4667
-6807
-8283
-9037
-9075
-8540
-7514
-6119
-4662
-3448
-2481
-1576
-664
276
1323
2477
3562
4427
5059
5406
5298
4626
3441
1863
-3
-2044
-4109
-5967
-7303
-7922
-7903
-7440
-6554
-5213
-3617
-2121
-881
244
1408
2577
3568
4277
4757
5110
5298
5236
5019
4928
5099
5441
5887
6475
7111
7421
7186
6534
5603
4054
1576
-1525
-4445
-6654
-8031
-8604
-8421
-7617
-6351
-4816
-3377
-2365
-1752
-1240
-688
-108
543
1336
2166
2846
3315
3563
3476
2874
1717
160
-1540
-3226
-4826
-6235
-7194
-7517
-7311
-6841
-6145
-5059
-3637
-2234
-1100
-101
983
2125
3085
3691
3963
4034
3949
3675
3286
3046
3216
3803
4702
5822
6979
7747
7789
7236
6424
5272
3337
588
-2369
-4844
-6574
-7491
-7621
-7111
-6223
-5086
-3864
-2829
-2125
-1597
-1040
-416
322
1211
2137
2845
3230
3307
3066
2481
1613
566
-621
-1937
-3364
-4798
-5990
-6640
-6705
-6404
-5887
-5026
-3747
-2331
-1167
-296
575
1592
2573
3238
3578
3750
3852
3808
3599
3398
3439
3815
4446
5281
6255
7187
7682
7556
7009
6263
5042
2937
144
-2549
-4593
-5988
-6810
-6997
-6567
-5760
-4736
-3598
-2491
-1599
-892
-226
521
1333
2089
2610
2804
2756
2545
2130
1430
546
-367
-1299
-2393
-3665
-4873
-5714
-6087
-6107
-5863
-5286
-4292
-3055
-1935
-1127
-461
270
988
1455
1613
1662
1763
1881
1914
1931
2150
2730
3623
4687
5841
6978
7800
7951
7457
6615
5475
3660
1139
-1500
-3632
-5175
-6220
-6686
-6560
-6046
-5294
-4342
-3355
-2546
-1901
-1242
-480
390
1289
2036
2476
2680
2794
2724
2259
1445
546
-308
-1271
-2496
-3844
-4944
-5525
-5648
-5546
-5246
-4534
-3341
-2056
-1166
-709
-342
99
411
410
246
204
383
707
1153
1818
2708
3728
4792
5922
7012
7765
7864
7341
6531
5636
4389
2462
52
-2277
-4206
-5798
-6992
-7562
-7417
-6775
-5791
-4519
-3040
-1575
-328
657
1525
2389
3111
3451
3431
3365
3412
3418
3151
2620
1951
1172
144
-1216
-2726
-4012
-4851
-5287
-5364
-4915
-3848
-2484
-1357
-743
-486
-345
-258
-295
-388
-309
106
742
1396
2045
2828
3758
4665
5445
6194
6950
7501
7550
7117
6473
5658
4286
2087
-604
-3213
-5476
-7327
-8511
-8756
-8175
-7111
-5746
-4136
-2467
-1028
62
886
1587
2172
2535
2638
2652
2799
3055
3171
2976
2526
1894
970
-388
-2059
-3638
-4754
-5331
-5479
-5224
-4511
-3434
-2349
-1605
-1235
-975
-634
-289
-61
140
514
1039
1538
1937
2359
2904
3553
4240
4917
5585
6173
6537
6486
6070
5439
4497
2839
413
-2234
-4576
-6530
-8053
-8762
-8463
-7480
-6219
-4735
-3096
-1604
-536
166
667
1090
1454
1715
1854
2026
2397
2826
2987
2765
2297
1591
488
-1037
-2664
-3987
-4801
-5162
-5166
-4799
-4013
-2958
-2008
-1457
-1237
-1067
-838
-633
-447
-76
590
1409
2196
2936
3733
4587
5380
5999
6468
6872
7192
7281
7029
6557
5923
4886
3065
564
-2096
-4471
-6422
-7749
-8172
-7715
-6754
-5553
-4095
-2461
-969
112
843
1444
2062
2618
2956
3060
3152
3359
3506
3360
2969
2486
1805
679
-886
-2539
-3905
-4808
-5243
-5261
-4879
-4130
-3215
-2476
-2122
-2040
-1984
-1867
-1692
-1345
-688
215
1154
2030
2911
3816
4605
5144
5469
5770
6184
6674
7050
7090
6685
5857
4602
2816
518
-1994
-4361
-6373
-7808
-8332
-7908
-6965
-5891
-4608
-3026
-1513
-540
-54
344
858
1359
1756
2160
2714
3377
3922
4128
3898
3272
2233
738
-1128
-3002
-4493
-5436
-5882
-5887
-5489
-4809
-4065
-3478
-3167
-3065
-2953
-2654
-2118
-1361
-431
521
1344
2054
2796
3548
4128
4455
4709
5088
5615
6140
6494
6514
6092
5232
3952
2194
-54
-2554
-4941
-6880
-8073
-8249
-7501
-6292
-4946
-3421
-1773
-437
242
461
655
1008
1421
1827
2310
2978
3771
4468
4856
4820
4301
3238
1666
-185
-1963
-3386
-4341
-4808
-4825
-4474
-3933
-3390
-2997
-2791
-2734
-2707
-2533
-2040
-1172
-57
1100
2183
3178
4055
4707
5006
4949
4729
4623
4766
5057
5334
5452
5266
4673
3716
2435
721
-1448
-3822
-5972
-7503
-8083
-7663
-6621
-5403
-4046
-2482
-994
-22
423
668
939
1264
1658
2156
2799
3615
4529
5272
5553
5263
4425
3099
1422
-356
-1977
-3276
-4145
-4532
-4520
-4315
-4048
-3750
-3466
-3331
-3317
-3177
-2654
-1756
-686
378
1376
2316
3189
3908
4317
4338
4087
3800
3608
3558
3695
4037
4335
4289
3837
3085
1909
58
-2369
-4897
-6965
-8190
-8373
-7762
-6801
-5703
-4335
-2867
-1810
-1461
-1499
-1472
-1171
-565
364
1613
3127
4763
6180
6974
6933
6145
4766
2958
951
-929
-2428
-3465
-4056
-4306
-4367
-4369
-4323
-4234
-4151
-4070
-3829
-3210
-2133
-709
817
2226
3419
4383
5014
5157
4806
4202
3639
3318
3326
3715
4416
5149
5464
5130
4289
3111
1414
-966
-3649
-5916
-7334
-7860
-7633
-6948
-6139
-5289
-4328
-3455
-2988
-2839
-2518
-1756
-673
582
2034
3711
5463
6992
7924
8037
7404
6262
4734
2855
803
-1125
-2738
-4003
-4915
-5451
-5647
-5562
-5233
-4727
-4161
-3572
-2829
-1794
-467
1001
2452
3757
4786
5373
5393
4883
4062
3213
2521
2105
2066
2538
3494
4618
5359
5429
4881
3804
2015
-485
-3214
-5564
-7256
-8160
-8159
-7479
-6644
-5920
-5148
-4344
-3761
-3409
-2885
-1893
-448
1287
3158
4981
6586
7810
8405
8193
7240
5768
3907
1763
-434
-2379
-3931
-5122
-6007
-6596
-6875
-6842
-6497
-5902
-5152
-4296
-3209
-1714
188
2229
4046
5385
6105
6120
5461
4381
3208
2181
1444
1233
1707
2763
4012
5108
5759
5787
5163
3995
2327
156
-2281
-4583
-6447
-7732
-8301
-8231
-7882
-7551
-7075
-6207
-5030
-3806
-2530
-1014
801
2760
4652
6318
7616
8453
8743
8438
7480
5902
3837
1537
-763
-2934
-4920
-6574
-7679
-8152
-8110
-7693
-6911
-5764
-4404
-3043
-1733
-341
1248
2900
4262
5053
5267
5012
4326
3311
2224
1336
796
735
1277
2374
3799
5267
6422
6859
6481
5550
4284
2538
242
-2301
-4674
-6635
-8018
-8690
-8812
-8651
-8188
-7179
-5691
-4049
-2334
-335
1972
4275
6215
7642
8558
8983
8883
8181
6890
5179
3246
1168
-1033
-3254
-5284
-6902
-7965
-8477
-8550
-8242
-7511
-6338
-4860
-3265
-1630
50
1692
3078
4017
4475
4513
4120
3262
2113
1075
480
400
776
1595
2794
4165
5458
6480
7024
6885
6119
4997
3672
1952
-286
-2833
-5290
-7377
-8852
-9575
-9618
-9091
-7873
-5819
-3232
-673
1595
3643
5407
6625
7160
7178
6913
6495
5927
5152
4115
2797
1209
-653
-2734
-4871
-6793
-8241
-9029
-9093
-8499
-7415
-5955
-4176
-2227
-460
786
1462
1772
1896
1858
1642
1297
915
583
415
526
940
1525
2149
2850
3779
4917
6027
6802
7064
6781
6044
4943
3418
1300
-1382
-4266
-6909
-8978
-10152
-10197
-9246
-7679
-5616
-2973
-17
2573
4378
5548
6343
6784
6794
6415
5789
5096
4442
3730
2722
1357
-180
-1747
-3389
-5087
-6554
-7462
-7721
-7440
-6716
-5570
-4062
-2393
-922
13
372
393
298
109
-126
-228
-39
391
921
1481
2069
2655
3161
3581
4017
4555
5118
5596
5993
6284
6197
5419
4007
2272
303
-2074
-4743
-7161
-8802
-9431
-8934
-7349
-5086
-2654
-235
2113
4031
5112
5381
5204
4815
4287
3663
3004
2364
1836
1396
843
-19
-1156
-2354
-3448
-4408
-5243
-5857
-6015
-5531
-4566
-3530
-2687
-1955
-1249
-770
-780
-1230
-1781
-2130
-2141
-1761
-973
121
1287
2270
3009
3627
4237
4746
5014
5084
5165
5298
5340
5183
4843
4232
3157
1665
76
-1379
-2796
-4256
-5561
-6297
-6137
-4989
-3206
-1392
95
1395
2609
3377
3321
2673
2048
1725
1533
1294
1044
865
743
587
286
-194
-735
-1182
-1555
-2012
-2589
-3098
-3352
-3358
-3276
-3220
-3202
-3215
-3303
-3502
-3764
-3973
-3962
-3534
-2552
-1062
690
2422
3904
4937
5431
5500
5370
5107
4664
4099
3614
3286
3018
2738
2472
2182
1732
1141
629
357
161
-235
-976
-1881
-2532
-2534
-1980
-1444
-1308
-1297
-951
-410
-199
-483
-837
-833
-490
-145
-17
27
289
776
1140
1143
974
862
636
-34
-1146
-2322
-3274
-4020
-4721
-5395
-5898
-6096
-6036
-5839
-5546
-5022
-4078
-2642
-848
1048
2845
4441
5704
6408
6426
5881
5038
4046
2951
1893
1170
1006
1345
1943
2610
3319
3993
4367
4233
3783
3396
3104
2494
1300
-268
-1717
-2737
-3347
-3807
-4260
-4431
-3957
-3004
-2194
-1820
-1541
-993
-298
208
455
668
1048
1544
1942
2128
2142
1955
1396
359
-1018
-2506
-3989
-5402
-6626
-7455
-7715
-7362
-6518
-5328
-3824
-2026
-181
1350
2452
3294
3981
4398
4458
4270
3952
3467
2774
1994
1370
1105
1256
1740
2450
3355
4426
5493
6257
6483
6175
5577
4933
4201
3066
1336
-785
-2864
-4598
-5814
-6362
-6245
-5698
-4899
-3810
-2510
-1400
-793
-560
-401
-214
-19
230
544
848
1114
1391
1574
1423
858
37
-932
-2134
-3558
-4897
-5766
-6041
-5842
-5309
-4472
-3338
-2001
-706
272
824
1088
1276
1493
1750
2065
2444
2813
3032
3024
2891
2829
2957
3232
3564
3939
4386
4837
5129
5148
4885
4381
3631
2697
1812
1209
839
290
-794
-2349
-3897
-4977
-5438
-5420
-5088
-4471
-3510
-2341
-1404
-1127
-1490
-2014
-2323
-2438
-2516
-2471
-2055
-1176
-57
922
1504
1699
1626
1263
453
-759
-2005
-2907
-3397
-3654
-3788
-3742
-3439
-2923
-2334
-1800
-1321
-804
-194
469
1162
1933
2809
3692
4392
4768
4827
4717
4558
4336
3976
3519
3102
2794
2517
2164
1790
1570
1582
1679
1696
1669
1818
2178
2417
2080
1068
-309
-1671
-2824
-3727
-4444
-5078
-5586
-5810
-5759
-5672
-5629
-5374
-4665
-3591
-2358
-1058
319
1761
3182
4380
5122
5338
5141
4584
3582
2147
483
-1124
-2469
-3459
-4127
-4538
-4646
-4341
-3681
-2897
-2116
-1255
-250
825
1840
2758
3587
4311
4830
4964
4620
3944
3226
2601
1994
1372
881
665
674
751
836
1042
1512
2237
2984
3476
3686
3877
4195
4329
3664
1814
-957
-3918
-6403
-8156
-9183
-9504
-9103
-8036
-6495
-4849
-3526
-2663
-1972
-1111
-81
924
1844
2758
3669
4474
5033
5230
5053
4584
3828
2635
967
-895
-2562
-3844
-4746
-5234
-5236
-4800
-4126
-3409
-2730
-2040
-1281
-484
189
667
1086
1648
2318
2817
2919
2680
2348
2060
1763
1399
1073
921
949
1092
1346
1741
2258
2859
3484
3941
3977
3555
2872
2166
1498
798
-186
-1701
-3652
-5500
-6734
-7285
-7323
-6916
-6026
-4705
-3090
-1459
-144
752
1505
2404
3372
4168
4739
5200
5575
5763
5659
5243
4579
3736
2653
1214
-569
-2454
-4166
-5570
-6633
-7314
-7523
-7184
-6325
-5144
-3913
-2761
-1614
-410
735
1680
2438
3139
3812
4287
4318
3822
2975
2046
1170
377
-242
-537
-493
-253
9
216
394
644
1061
1631
2244
2733
3030
3192
3354
3524
3480
2904
1638
-116
-1899
-3212
-3817
-3732
-3171
-2353
-1434
-502
294
719
695
476
465
808
1334
1766
1965
2016
2121
2341
2442
2157
1474
542
-614
-2095
-3871
-5657
-7079
-7848
-7887
-7301
-6272
-4933
-3409
-1923
-741
27
470
704
735
573
353
314
611
1148
1597
1672
1405
1064
823
626
361
89
8
213
565
881
1178
1689
2571
3718
4804
5499
5763
5871
6084
6373
6523
6331
5547
3970
1755
-563
-2515
-3978
-4947
-5368
-5204
-4545
-3582
-2670
-2163
-2109
-2201
-2193
-2161
-2252
-2393
-2311
-1809
-920
74
843
1257
1376
1212
593
-583
-2115
-3606
-4785
-5613
-6151
-6386
-6239
-5669
-4783
-3805
-2892
-2027
-1120
-168
828
1912
3103
4239
5073
5382
5077
4239
3131
2018
1022
240
-168
-82
420
1142
1931
2733
3546
4364
5138
5805
6360
6779
6974
6860
6537
6205
5944
5629
5033
3926
2179
-39
-2346
-4437
-6251
-7709
-8606
-8830
-8506
-7855
-7038
-6181
-5302
-4308
-3167
-2042
-1104
-333
383
1079
1737
2343
2810
2994
2811
2218
1128
-476
-2308
-3912
-5030
-5672
-5850
-5486
-4596
-3345
-1933
-531
726
1815
2796
3640
4199
4397
4295
3947
3401
2727
2005
1222
409
-313
-801
-972
-788
-263
467
1281
2153
3049
3825
4400
4886
5453
6111
6657
6789
6306
5309
4149
3105
2201
1411
734
43
-1002
-2616
-4666
-6770
-8554
-9745
-10214
-10016
-9256
-8034
-6483
-4868
-3446
-2317
-1428
-698
-58
537
1103
1679
2348
3192
4118
4905
5320
5258
4706
3725
2445
1025
-391
-1666
-2597
-3023
-2992
-2778
-2611
-2557
-2578
-2632
-2611
-2362
-1821
-1055
-183
683
1409
1885
2063
1999
1767
1453
1137
902
826
957
1230
1493
1647
1717
1729
1654
1494
1398
1558
2074
2853
3622
4090
4133
3838
3330
2693
1995
1316
656
-94
-1150
-2652
-4482
-6271
-7642
-8407
-8495
-7961
-6968
-5693
-4152
-2377
-580
1018
2428
3811
5200
6480
7469
8021
8091
7860
7529
7017
6014
4420
2509
568
-1384
-3425
-5405
-6956
-7747
-7735
-7161
-6363
-5505
-4569
-3598
-2802
-2318
-1960
-1423
-628
223
917
1359
1494
1244
633
-140
-754
-973
-804
-435
-45
357
844
1392
1823
1997
1972
1953
2080
2357
2748
3293
4037
4912
5639
5869
5456
4607
3688
2915
2279
1746
1390
1225
1017
367
-904
-2575
-4155
-5218
-5557
-5230
-4443
-3413
-2238
-1035
-72
403
417
292
328
620
1100
1679
2292
2902
3399
3495
2836
1363
-578
-2577
-4488
-6349
-8034
-9204
-9543
-9028
-7991
-6857
-5808
-4734
-3583
-2543
-1790
-1184
-416
614
1702
2564
3055
3199
3064
2672
2034
1293
774
797
1405
2312
3170
3824
4302
4612
4684
4489
4167
4006
4266
4974
5931
6878
7635
8020
7772
6717
4988
3048
1390
259
-465
-1053
-1632
-2128
-2570
-3258
-4430
-5877
-7016
-7398
-7027
-6230
-5298
-4278
-3068
-1767
-765
-428
-673
-1055
-1205
-1136
-1044
-1001
-848
-402
270
810
851
364
-396
-1207
-2090
-3094
-4093
-4829
-5119
-4957
-4493
-3907
-3248
-2424
-1390
-297
641
1376
2036
2720
3378
3859
4077
4097
4090
4129
4113
3927
3686
3644
3881
4151
4132
3774
3331
3068
2972
2800
2426
2085
2131
2599
3135
3397
3334
3049
2547
1732
629
-477
-1174
-1281
-1067
-984
-1239
-1665
-2075
-2531
-3257
-4313
-5414
-6068
-5999
-5405
-4711
-4141
-3558
-2811
-1974
-1364
-1212
-1419
-1533
-1189
-436
403
1176
2013
2964
3817
4211
3918
2947
1560
51
-1450
-2963
-4345
-5270
-5535
-5266
-4751
-4189
-3640
-3033
-2270
-1341
-379
544
1511
2578
3556
4088
3960
3244
2202
1078
9
-915
-1527
-1620
-1143
-301
630
1512
2282
2809
2966
2808
2513
2214
1951
1779
1733
1795
1906
2044
2169
2186
2009
1653
1254
1010
1079
1496
2148
2870
3526
3959
3894
3009
1221
-1113
-3351
-4977
-5850
-6074
-5802
-5142
-4227
-3269
-2490
-2045
-1871
-1718
-1314
-601
256
1067
1770
2376
2822
2955
2581
1623
280
-1048
-2075
-2874
-3649
-4386
-4858
-4940
-4760
-4527
-4321
-4037
-3527
-2788
-2038
-1505
-1175
-818
-304
290
814
1257
1696
2188
2709
3164
3481
3684
3861
4015
4034
3877
3676
3604
3685
3794
3814
3730
3625
3570
3573
3582
3609
3746
4088
4621
5161
5456
5337
4826
4079
3258
2452
1652
800
-144
-1145
-2147
-3147
-4262
-5605
-7122
-8519
-9425
-9629
-9152
-8154
-6806
-5245
-3579
-1935
-533
377
741
749
632
449
150
-242
-597
-779
-767
-722
-938
-1583
-2474
-3239
-3695
-3929
-4021
-3902
-3421
-2578
-1527
-602
-49
142
317
724
1297
1786
2149
2564
3124
3669
3909
3718
3247
2868
2836
3115
3465
3801
4210
4734
5181
5327
5106
4616
3982
3333
2784
2370
2054
1842
1824
2000
2204
2202
1897
1341
668
-51
-831
-1693
-2501
-2979
-2947
-2515
-1974
-1571
-1428
-1593
-2089
-2905
-4016
-5339
-6673
-7687
-8073
-7688
-6623
-5154
-3634
-2317
-1266
-440
166
551
854
1308
2025
2854
3553
3947
4003
3766
3348
2823
2165
1322
402
-389
-971
-1444
-1896
-2260
-2444
-2429
-2296
-2164
-2114
-2085
-1912
-1482
-865
-178
570
1462
2480
3416
4047
4327
4390
4412
4470
4528
4453
4124
3550
2829
2005
1050
13
-920
-1532
-1721
-1552
-1201
-849
-565
-333
-147
-47
-29
-15
84
277
548
869
1174
1324
1230
946
593
209
-299
-1003
-1881
-2751
-3432
-3865
-4199
-4578
-4919
-4887
-4224
-2988
-1525
-166
979
1996
2946
3654
3785
3217
2259
1402
853
452
15
-459
-807
-931
-863
-757
-789
-971
-1172
-1274
-1344
-1543
-1912
-2274
-2395
-2219
-1885
-1570
-1325
-1071
-702
-210
285
662
945
1265
1690
2139
2478
2645
2686
2691
2704
2696
2614
2464
2295
2162
2051
1910
1706
1463
1206
939
625
234
-232
-672
-972
-1093
-1107
-1064
-923
-655
-325
-62
78
103
17
-167
-359
-385
-121
366
826
1025
899
515
-103
-1026
-2228
-3462
-4351
-4669
-4466
-3999
-3532
-3153
-2740
-2186
-1578
-1133
-842
-466
213
1107
1960
2567
2913
3102
3236
3274
3044
2448
1624
841
207
-360
-945
-1473
-1841
-2032
-2118
-2155
-2190
-2222
-2141
-1787
-1145
-379
370
1117
1908
2665
3225
3502
3544
3476
3401
3334
3185
2856
2330
1696
1031
357
-281
-784
-1108
-1304
-1405
-1389
-1316
-1342
-1519
-1676
-1601
-1231
-635
79
777
1283
1472
1319
883
257
-442
-1084
-1544
-1731
-1608
-1239
-797
-461
-377
-649
-1341
-2352
-3363
-3942
-3800
-2990
-1866
-824
1
721
1421
1995
2285
2320
2325
2533
2946
3329
3434
3257
2995
2792
2622
2349
1846
1097
250
-485
-1056
-1615
-2266
-2911
-3382
-3637
-3720
-3660
-3450
-3100
-2572
-1810
-835
186
1079
1797
2391
2858
3078
2960
2578
2170
1918
1812
1709
1455
980
305
-441
-1142
-1793
-2434
-3019
-3420
-3529
-3309
-2798
-2148
-1538
-980
-348
432
1216
1807
2137
2332
2567
2884
3104
2958
2364
1546
827
363
101
-59
-146
-147
-109
-208
-623
-1304
-1901
-2038
-1667
-1098
-691
-534
-429
-128
390
857
996
831
668
774
1103
1392
1458
1364
1309
1427
1646
1719
1405
662
-324
-1297
-2147
-2885
-3501
-3884
-3960
-3812
-3617
-3516
-3544
-3600
-3464
-2916
-1925
-659
629
1713
2413
2642
2464
2041
1526
1050
724
611
669
794
884
895
808
614
310
-74
-436
-633
-564
-260
167
611
1002
1288
1426
1383
1148
808
579
650
1031
1525
1921
2122
2123
1911
1470
888
384
168
248
405
353
-72
-770
-1441
-1789
-1755
-1490
-1160
-833
-519
-220
96
484
916
1274
1431
1342
1029
559
52
-332
-477
-342
40
602
1179
1495
1298
591
-364
-1275
-2020
-2606
-3040
-3298
-3400
-3388
-3291
-3139
-2978
-2805
-2491
-1877
-938
145
1082
1661
1877
1927
2039
2278
2526
2606
2462
2201
1991
1859
1623
1054
121
-964
-1890
-2439
-2583
-2444
-2187
-1864
-1453
-935
-408
-23
176
361
810
1652
2706
3600
4030
3992
3677
3229
2617
1798
904
154
-329
-605
-827
-1137
-1597
-2169
-2724
-3106
-3172
-2884
-2327
-1632
-870
-26
921
1871
2581
2828
2601
2128
1633
1182
725
313
119
273
664
970
863
224
-800
-1902
-2811
-3432
-3786
-3895
-3720
-3281
-2747
-2357
-2262
-2427
-2653
-2677
-2286
-1488
-534
277
875
1371
1836
2197
2341
2255
2009
1717
1432
1149
845
527
190
-174
-527
-744
-725
-485
-147
191
522
878
1235
1456
1422
1133
753
492
512
830
1312
1729
1899
1809
1561
1286
1098
1090
1281
1585
1842
1933
1807
1467
927
213
-583
-1267
-1635
-1637
-1448
-1337
-1425
-1573
-1509
-1094
-466
110
498
784
1097
1409
1578
1542
1414
1337
1329
1272
1024
476
-379
-1421
-2453
-3323
-4001
-4509
-4848
-4978
-4899
-4685
-4411
-4037
-3437
-2516
-1278
161
1616
2860
3708
4089
4063
3792
3415
2952
2368
1667
971
383
-60
-423
-798
-1207
-1559
-1730
-1713
-1625
-1551
-1427
-1157
-742
-271
195
663
1159
1712
2344
3003
3566
3906
3977
3773
3310
2648
1918
1283
888
748
707
541
150
-381
-955
-1569
-2227
-2775
-2946
-2607
-1898
-1161
-671
-480
-411
-242
103
510
808
956
1013
1050
1046
975
854
731
599
413
145
-163
-490
-890
-1409
-2013
-2570
-2974
-3223
-3442
-3733
-4075
-4315
-4335
-4141
-3827
-3471
-3048
-2462
-1660
-745
102
785
1340
1821
2238
2547
2707
2669
2455
2154
1859
1583
1293
972
632
273
-86
-393
-614
-763
-854
-806
-525
19
749
1563
2377
3135
3792
4294
4564
4521
4128
3462
2701
2054
1630
1411
1315
1261
1184
1011
720
343
-82
-574
-1114
-1562
-1687
-1392
-867
-509
-615
-1129
-1665
-1815
-1458
-817
-252
-20
-124
-362
-521
-539
-502
-454
-337
-78
248
425
233
-408
-1381
-2405
-3216
-3706
-3958
-4111
-4235
-4290
-4194
-3908
-3437
-2810
-2056
-1224
-386
378
1045
1645
2202
2676
3008
3185
3226
3126
2877
2509
2115
1799
1629
1577
1522
1302
876
403
114
135
410
782
1097
1286
1364
1397
1413
1394
1301
1141
959
810
701
587
431
269
215
362
718
1152
1416
1303
820
211
-240
-433
-478
-547
-707
-913
-1132
-1446
-1961
-2645
-3272
-3557
-3368
-2836
-2265
-1930
-1930
-2155
-2365
-2306
-1830
-995
-60
682
1069
1121
917
520
-26
-653
-1249
-1685
-1866
-1834
-1738
-1738
-1870
-2072
-2237
-2283
-2177
-1938
-1617
-1296
-1020
-773
-443
90
856
1742
2527
2999
3100
3010
3014
3257
3611
3814
3677
3247
2754
2427
2293
2222
2072
1846
1595
1324
956
454
-123
-630
-911
-875
-537
-31
471
819
978
1013
1079
1285
1641
2041
2362
2516
2450
2161
1705
1184
660
133
-420
-972
-1469
-1879
-2232
-2586
-2967
-3315
-3538
-3575
-3441
-3198
-2912
-2630
-2355
-2044
-1622
-1047
-406
117
364
343
213
133
167
273
376
416
360
170
-182
-675
-1186
-1576
-1780
-1822
-1750
-1572
-1287
-913
-541
-276
-116
105
568
1261
1964
2424
2561
2494
2463
2642
3026
3420
3595
3440
3041
2611
2338
2250
2207
2027
1623
1023
306
-430
-1086
-1580
-1870
-1948
-1843
-1659
-1547
-1614
-1826
-2020
-2003
-1656
-1009
-223
457
849
886
648
284
-61
-309
-474
-643
-892
-1207
-1496
-1685
-1765
-1807
-1909
-2134
-2423
-2613
-2575
-2352
-2115
-1985
-1934
-1813
-1503
-1000
-412
127
571
948
1312
1668
1970
2147
2168
2045
1809
1488
1121
781
524
370
294
280
329
399
380
164
-235
-632
-805
-669
-350
-85
-45
-222
-447
-498
-243
281
904
1418
1710
1809
1846
1938
2103
2245
2253
2086
1768
1347
868
363
-132
-572
-926
-1191
-1422
-1671
-1968
-2283
-2515
-2542
-2256
-1672
-913
-154
478
937
1269
1578
1967
2433
2841
3028
2928
2617
2229
1865
1546
1232
892
517
135
-206
-473
-682
-899
-1192
-1561
-1909
-2085
-2001
-1695
-1268
-793
-292
189
554
736
758
709
628
496
281
12
-262
-526
-805
-1101
-1377
-1589
-1698
-1710
-1675
-1697
-1842
-2070
-2242
-2230
-2025
-1741
-1523
-1415
-1338
-1143
-766
-253
284
766
1173
1509
1778
1980
2135
2249
2299
2226
2016
1727
1432
1161
889
592
295
51
-133
-308
-518
-716
-795
-689
-411
-19
433
885
1272
1520
1563
1374
1030
712
593
700
912
1046
1009
823
577
338
109
-143
-427
-730
-1035
-1324
-1587
-1824
-2027
-2140
-2095
-1879
-1595
-1357
-1221
-1165
-1148
-1121
-1043
-898
-720
-538
-371
-232
-154
-167
-232
-284
-269
-201
-153
-186
-307
-460
-588
-680
-761
-835
-853
-760
-559
-331
-156
-52
36
162
319
475
599
666
663
632
675
877
1209
1562
1830
1960
1937
1800
1616
1466
1388
1362
1304
1128
833
514
285
197
225
321
439
578
756
964
1156
1283
1343
1366
1409
1482
1556
1550
1416
1186
968
845
797
719
515
165
-293
-799
-1285
-1679
-1929
-2029
-2013
-1922
-1779
-1568
-1290
-978
-711
-539
-452
-420
-408
-403
-393
-415
-527
-777
-1143
-1531
-1829
-1976
-1985
-1876
-1655
-1332
-981
-703
-558
-527
-539
-513
-409
-251
-107
-25
-16
-87
-217
-313
-281
-143
-13
15
-4
40
218
515
875
1234
1504
1589
1464
1251
1147
1256
1489
1641
1564
1268
879
534
302
190
165
196
276
382
465
474
425
394
433
526
624
679
651
497
239
-25
-187
-217
-169
-118
-120
-200
-337
-490
-619
-699
-714
-676
-656
-739
-956
-1257
-1546
-1724
-1753
-1666
-1543
-1444
-1386
-1350
-1311
-1248
-1151
-1029
-891
-733
-529
-284
-62
61
67
15
-14
40
160
278
330
291
194
100
89
189
365
536
630
627
573
552
619
746
836
810
656
451
311
316
444
607
738
822
865
883
923
1050
1284
1575
1843
2030
2128
2152
2113
2010
1845
1638
1418
1225
1084
1006
966
931
878
796
668
498
329
233
230
287
342
345
260
73
-162
-357
-458
-512
-630
-875
-1219
-1585
-1912
-2160
-2298
-2317
-2261
-2220
-2293
-2484
-2691
-2774
-2678
-2460
-2225
-2031
-1867
-1701
-1526
-1380
-1280
-1197
-1090
-964
-841
-704
-523
-333
-216
-232
-349
-493
-605
-686
-756
-818
-838
-778
-628
-413
-182
47
314
669
1095
1483
1715
1742
1627
1500
1470
1564
1751
1986
2236
2442
2562
2606
2646
2720
2790
2778
2639
2390
2080
1782
1554
1406
1292
1151
951
693
404
130
-84
-193
-197
-134
-70
-69
-156
-302
-450
-548
-573
-539
-474
-427
-459
-609
-857
-1126
-1357
-1546
-1738
-1969
-2228
-2466
-2617
-2636
-2532
-2363
-2193
-2030
-1869
-1732
-1667
-1663
-1647
-1550
-1367
-1128
-834
-487
-142
95
173
146
115
143
207
266
289
289
300
331
361
378
409
503
672
850
955
929
819
711
667
702
792
908
999
1044
1049
1036
1025
1046
1156
1364
1604
1783
1855
1854
1828
1812
1815
1836
1851
1806
1660
1443
1242
1148
1173
1241
1235
1064
729
308
-83
-345
-433
-352
-167
16
80
-44
-329
-672
-952
-1117
-1198
-1275
-1390
-1503
-1538
-1474
-1358
-1268
-1256
-1334
-1471
-1593
-1637
-1617
-1602
-1630
-1680
-1709
-1700
-1665
-1637
-1656
-1720
-1775
-1748
-1620
-1436
-1260
-1110
-975
-840
-704
-566
-437
-321
-203
-49
140
322
456
524
530
487
425
378
379
434
545
693
838
952
1038
1136
1281
1493
1752
2005
2205
2321
2366
2367
2347
2304
2201
2009
1730
1430
1178
1007
874
718
501
252
26
-124
-200
-250
-323
-409
-452
-417
-348
-315
-355
-444
-529
-573
-565
-518
-462
-415
-374
-334
-303
-309
-375
-498
-660
-842
-1022
-1171
-1267
-1344
-1443
-1559
-1608
-1529
-1335
-1086
-832
-607
-435
-333
-288
-237
-104
120
347
471
460
379
308
289
311
359
417
446
397
236
3
-208
-309
-293
-210
-107
-17
52
88
94
81
73
85
122
169
205
233
259
278
271
229
173
147
179
248
312
356
423
550
720
867
943
955
928
876
789
678
564
461
373
317
324
362
371
324
255
203
183
195
234
286
320
308
233
129
67
117
258
391
422
347
232
129
54
6
-25
-47
-73
-108
-168
-286
-463
-662
-845
-1005
-1152
-1281
-1371
-1422
-1446
-1439
-1400
-1336
-1274
-1228
-1210
-1227
-1254
-1234
-1122
-945
-776
-668
-630
-651
-717
-795
-843
-825
-737
-585
-376
-127
120
313
427
474
495
554
667
789
845
833
809
814
854
928
1031
1138
1198
1186
1129
1076
1065
1109
1207
1339
1461
1515
1473
1350
1170
966
788
693
690
722
730
716
691
644
534
367
201
95
55
24
-35
-105
-137
-128
-112
-124
-169
-229
-293
-350
-394
-434
-487
-559
-621
-657
-671
-695
-735
-785
-834
-900
-1011
-1147
-1252
-1278
-1243
-1201
-1187
-1196
-1198
-1171
-1122
-1065
-1019
-981
-955
-937
-914
-854
-763
-682
-657
-672
-690
-711
-758
-829
-858
-798
-638
-428
-211
-29
99
173
244
378
607
911
1196
1367
1389
1331
1294
1336
1459
1627
1797
1896
1875
1751
1602
1494
1444
1407
1343
1240
1111
981
862
761
675
624
620
662
722
795
882
949
929
785
571
371
235
162
129
121
126
128
94
11
-116
-285
-496
-734
-947
-1093
-1172
-1211
-1255
-1328
-1423
-1504
-1568
-1656
-1787
-1925
-2013
-2037
-2017
-1979
-1939
-1901
-1878
-1877
-1895
-1905
-1851
-1688
-1418
-1096
-787
-524
-302
-99
93
274
441
588
726
854
967
1052
1119
1202
1322
1456
1553
1575
1524
1438
1358
1297
1257
1250
1281
1323
1335
1315
1290
1288
1306
1334
1351
1326
1247
1139
1055
998
947
896
873
900
948
970
953
904
829
708
526
294
55
-165
-357
-532
-680
-788
-858
-908
-981
-1114
-1321
-1540
-1694
-1745
-1727
-1702
-1714
-1765
-1845
-1923
-1957
-1922
-1839
-1726
-1596
-1483
-1422
-1407
-1373
-1283
-1140
-969
-805
-672
-593
-554
-525
-472
-394
-317
-264
-222
-154
-51
60
136
163
158
164
201
271
365
495
661
824
938
1002
1070
1191
1379
1593
1758
1812
1762
1667
1593
1551
1541
1549
1558
1552
1537
1519
1503
1477
1420
1336
1261
1239
1274
1316
1325
1299
1248
1148
970
730
488
295
170
99
58
13
-48
-123
-195
-252
-319
-447
-656
-877
-1027
-1087
-1107
-1149
-1259
-1449
-1691
-1924
-2099
-2196
-2206
-2132
-2015
-1912
-1840
-1773
-1695
-1632
-1590
-1548
-1485
-1400
-1316
-1265
-1264
-1285
-1273
-1189
-1042
-868
-675
-466
-242
-15
219
466
709
931
1122
1296
1434
1515
1533
1531
1553
1597
1635
1638
1613
1560
1480
1378
1285
1226
1208
1198
1159
1070
928
773
649
580
551
534
516
502
510
539
584
616
613
563
472
360
258
182
121
49
-54
-197
-365
-543
-721
-900
-1081
-1273
-1490
-1713
-1890
-1975
-1986
-1981
-1996
-2014
-1983
-1855
-1618
-1306
-1008
-792
-679
-624
-560
-447
-321
-237
-224
-241
-232
-183
-116
-77
-81
-94
-57
50
183
286
331
318
279
250
277
353
430
475
488
490
474
442
412
427
504
637
781
880
911
910
941
1027
1133
1219
1270
1307
1340
1354
1320
1238
1138
1065
1039
1041
1041
1009
935
824
700
604
562
550
516
436
339
277
254
228
166
68
-39
-138
-218
-257
-247
-219
-209
-234
-259
-249
-202
-165
-205
-345
-546
-727
-820
-809
-757
-746
-839
-1010
-1190
-1307
-1339
-1320
-1296
-1280
-1267
-1261
-1273
-1305
-1334
-1328
-1260
-1129
-955
-793
-697
-670
-663
-612
-504
-361
-190
34
303
565
760
868
901
889
871
857
818
715
560
399
243
85
-78
-241
-400
-547
-649
-682
-649
-573
-450
-281
-84
94
217
302
389
491
562
574
544
528
575
701
882
1063
1183
1204
1151
1053
931
785
627
484
375
298
220
112
-23
-138
-220
-326
-526
-818
-1123
-1342
-1410
-1326
-1142
-925
-721
-535
-364
-205
-57
97
263
425
557
637
658
622
533
401
249
100
-8
-59
-76
-121
-228
-363
-459
-478
-421
-301
-153
-40
-10
-47
-87
-71
11
127
220
262
274
298
358
445
540
620
675
713
743
769
780
756
716
674
630
566
488
432
406
357
237
52
-117
-190
-162
-109
-112
-166
-211
-205
-163
-118
-92
-84
-74
-54
-16
28
62
82
85
76
37
-34
-120
-178
-183
-152
-114
-95
-103
-128
-137
-127
-112
-116
-133
-142
-143
-149
-170
-207
-264
-318
-342
-333
-322
-331
-350
-355
-340
-326
-335
-371
-416
-456
-488
-518
-521
-472
-378
-278
-218
-221
-284
-364
-406
-375
-291
-190
-109
-67
-68
-92
-120
-150
-206
-310
-442
-565
-654
-707
-748
-792
-836
-846
-792
-674
-519
-359
-188
9
232
436
585
695
794
878
919
916
900
895
892
874
852
847
866
869
811
694
559
428
282
120
-4
-34
16
62
41
-45
-144
-207
-207
-151
-76
-7
71
202
393
593
738
805
812
800
822
907
1033
1147
1195
1159
1035
849
634
400
138
-132
-345
-460
-505
-553
-646
-776
-895
-970
-986
-963
-921
-870
-806
-721
-635
-581
-566
-559
-542
-507
-450
-370
-298
-258
-227
-169
-89
-50
-76
-146
-216
-257
-246
-167
-42
74
116
76
11
-16
11
51
64
61
72
123
224
379
569
747
871
946
985
977
918
847
807
791
767
719
642
534
417
347
358
419
464
457
397
307
225
161
92
-13
-152
-295
-432
-584
-748
-896
-1017
-1131
-1233
-1285
-1274
-1242
-1235
-1245
-1244
-1221
-1182
-1134
-1084
-1043
-1014
-997
-991
-993
-979
-921
-815
-692
-599
-541
-500
-448
-381
-289
-169
-55
23
54
63
45
-8
-70
-90
-66
-56
-100
-157
-147
-36
150
353
535
696
851
1020
1184
1325
1447
1564
1691
1816
1910
1934
1846
1654
1403
1164
972
832
717
595
450
275
84
-99
-227
-269
-232
-148
-58
-6
-2
-21
-28
-30
-41
-38
23
148
278
353
359
320
281
259
244
202
115
7
-79
-122
-144
-179
-238
-301
-336
-352
-390
-470
-576
-672
-741
-784
-793
-766
-725
-704
-711
-731
-746
-739
-680
-559
-382
-177
27
190
265
248
188
172
255
429
626
802
956
1083
1151
1129
1043
926
807
689
574
475
390
321
259
205
154
107
73
36
-17
-95
-187
-269
-313
-310
-292
-288
-292
-279
-243
-217
-228
-288
-377
-475
-552
-591
-601
-612
-662
-751
-850
-909
-907
-857
-806
-790
-807
-821
-800
-742
-661
-590
-568
-622
-720
-803
-820
-762
-679
-627
-634
-677
-720
-732
-702
-636
-551
-449
-306
-121
84
284
468
638
791
897
911
822
676
556
512
535
563
542
474
395
344
316
299
277
246
223
233
294
393
501
590
658
710
747
767
762
744
751
824
976
1159
1318
1419
1468
1480
1442
1334
1152
930
713
522
354
196
55
-56
-150
-265
-421
-589
-699
-708
-625
-512
-432
-417
-461
-533
-587
-591
-538
-434
-298
-166
-75
-46
-67
-107
-136
-140
-126
-127
-173
-271
-406
-554
-686
-775
-827
-870
-922
-972
-988
-953
-891
-832
-767
-676
-571
-489
-434
-378
-288
-153
14
176
294
372
440
530
635
714
749
756
791
866
944
989
982
924
824
728
671
660
661
658
650
622
542
396
204
-5
-220
-440
-644
-801
-898
-947
-972
-986
-1002
-1027
-1055
-1059
-998
-872
-701
-501
-289
-92
72
200
303
392
447
450
382
249
88
-55
-153
-191
-174
-139
-148
-236
-383
-521
-600
-605
-553
-485
-431
-403
-375
-325
-255
-188
-151
-134
-103
-25
92
211
321
439
575
723
873
1020
1138
1163
1060
864
684
593
584
583
538
459
397
374
361
308
175
-14
-178
-238
-183
-72
33
86
82
29
-35
-62
-26
56
137
178
180
175
190
214
213
169
81
-29
-135
-231
-315
-396
-463
-516
-557
-596
-636
-672
-718
-807
-948
-1077
-1101
-997
-828
-675
-567
-486
-422
-372
-318
-220
-39
214
483
696
816
858
860
852
847
845
847
847
842
819
766
668
540
427
360
327
296
244
163
63
-42
-136
-201
-231
-240
-252
-283
-337
-401
-450
-445
-361
-218
-67
59
151
233
323
421
512
575
611
626
630
618
587
538
487
442
375
242
32
-200
-392
-532
-664
-809
-947
-1044
-1078
-1046
-973
-911
-889
-889
-861
-792
-707
-616
-509
-372
-229
-105
-10
76
173
278
361
389
371
360
382
416
406
326
185
14
-154
-301
-409
-490
-553
-598
-612
-594
-564
-526
-479
-428
-400
-402
-408
-369
-249
