-11
51
77
30
-59
-111
-80
14
125
222
275
265
204
135
108
133
186
243
284
295
259
199
147
125
131
160
214
283
353
392
381
324
264
244
276
331
359
315
209
103
47
32
14
-34
-78
-102
-107
-134
-187
-213
-145
31
230
358
371
323
296
330
399
462
486
478
443
385
295
168
28
-65
-41
111
295
394
395
377
402
432
407
344
311
334
379
402
393
357
292
209
121
54
10
-16
-50
-85
-86
-40
16
34
32
35
50
46
31
18
-9
-75
-177
-267
-303
-271
-185
-107
-87
-148
-258
-382
-483
-537
-561
-595
-674
-766
-810
-786
-731
-680
-626
-554
-466
-386
-338
-319
-305
-293
-310
-365
-429
-456
-448
-440
-459
-501
-531
-525
-477
-438
-447
-494
-528
-499
-406
-282
-175
-114
-85
-50
-8
12
5
13
63
137
174
141
61
17
75
224
381
463
447
367
274
219
223
273
320
342
346
353
373
431
523
615
661
637
575
512
463
410
328
225
131
61
2
-53
-97
-118
-118
-89
-50
-17
-2
17
66
152
239
272
250
218
218
234
243
250
262
261
218
142
78
58
93
156
212
226
206
192
216
255
266
221
142
71
50
58
41
-32
-108
-116
-33
102
223
279
260
204
166
156
134
79
6
-38
-46
-48
-86
-172
-262
-317
-331
-324
-292
-209
-73
70
150
140
70
2
-44
-89
-149
-183
-132
-24
52
25
-66
-165
-242
-294
-317
-327
-352
-391
-411
-386
-332
-278
-225
-176
-155
-189
-259
-298
-261
-166
-63
17
67
89
107
136
177
196
182
139
72
-18
-108
-154
-128
-44
28
43
-16
-100
-154
-169
-157
-151
-132
-84
4
90
133
116
36
-92
-236
-335
-365
-335
-262
-161
-72
-29
-24
-3
69
162
217
214
190
192
210
186
93
-36
-140
-175
-146
-90
-41
-22
-34
-66
-85
-66
-23
-1
-23
-68
-99
-110
-132
-183
-250
-288
-282
-255
-250
-276
-286
-241
-127
9
125
216
298
361
368
312
245
217
221
196
118
26
3
77
205
305
336
309
272
246
215
147
46
-23
-2
91
179
208
189
173
184
215
238
246
236
224
222
220
189
115
39
7
32
95
181
278
364
414
409
367
320
301
297
279
232
165
113
87
78
52
14
-18
-54
-105
-172
-220
-243
-255
-273
-294
-298
-272
-223
-156
-79
-12
7
-36
-102
-139
-115
-67
-35
-33
-44
-65
-110
-174
-234
-275
-316
-363
-407
-425
-404
-343
-257
-192
-173
-197
-219
-219
-205
-217
-266
-315
-320
-260
-176
-116
-100
-103
-75
-9
52
59
31
17
28
29
0
-42
-64
-42
30
116
150
107
26
-18
5
52
59
15
-57
-125
-193
-286
-398
-488
-503
-430
-322
-226
-150
-66
35
124
163
154
126
100
79
82
120
179
222
248
272
292
293
279
289
323
348
318
247
204
229
287
294
220
120
75
118
214
298
327
314
305
307
284
212
126
80
83
97
78
14
-69
-137
-164
-163
-167
-182
-168
-93
6
69
73
52
48
76
128
175
178
124
62
42
74
96
69
7
-38
-31
-7
-6
-34
-38
12
83
133
147
150
130
89
33
-16
-55
-95
-120
-105
-27
85
183
227
210
158
115
106
123
130
96
10
-128
-300
-453
-523
-514
-496
-522
-555
-527
-434
-329
-253
-178
-55
104
227
257
209
130
40
-85
-231
-338
-342
-261
-182
-183
-283
-385
-387
-253
-72
47
78
77
113
164
180
131
54
14
34
80
90
49
-2
-20
-14
-9
-5
12
48
81
73
16
-49
-47
49
197
318
371
369
354
350
339
310
267
230
193
151
87
-12
-147
-260
-289
-255
-241
-311
-424
-509
-521
-470
-367
-232
-94
22
91
104
62
15
22
92
173
215
224
221
214
189
155
128
125
151
174
161
108
66
84
136
148
80
-25
-96
-76
9
80
52
-73
-220
-322
-359
-354
-332
-308
-276
-236
-206
-213
-246
-264
-253
-241
-255
-267
-250
-196
-132
-76
-34
-23
-28
-32
-13
23
66
139
242
340
375
340
259
165
89
61
85
129
171
215
264
313
350
380
418
467
492
452
369
315
338
408
459
434
331
177
38
-44
-68
-93
-155
-239
-281
-248
-165
-75
-5
41
56
29
-35
-110
-162
-176
-165
-152
-150
-155
-159
-159
-166
-180
-180
-141
-71
-14
6
-5
-22
-39
-48
-26
18
55
43
0
-37
-45
-34
-19
-4
-3
-17
-34
-34
-26
-24
-20
13
58
87
97
107
121
118
97
65
31
8
26
110
216
273
243
166
90
19
-65
-153
-215
-236
-222
-205
-205
-219
-216
-186
-158
-168
-227
-312
-365
-342
-245
-148
-109
-129
-179
-228
-258
-255
-225
-185
-138
-90
-68
-71
-75
-50
2
56
91
98
89
63
54
90
171
245
249
199
154
162
201
221
206
163
132
119
101
51
-24
-94
-148
-199
-248
-265
-237
-172
-88
-8
50
67
52
20
-7
-12
12
56
97
98
44
-64
-175
-240
-238
-198
-169
-182
-225
-250
-208
-125
-53
-20
-2
24
53
68
63
48
45
75
141
225
309
388
472
563
646
720
790
853
881
869
841
813
763
659
516
387
299
229
150
60
-18
-73
-95
-89
-64
-60
-96
-172
-271
-384
-517
-650
-774
-881
-943
-917
-792
-620
-488
-443
-495
-610
-716
-752
-699
-587
-479
-421
-438
-497
-553
-553
-472
-323
-166
-54
15
86
199
344
477
561
600
628
678
739
788
832
886
931
952
973
1036
1130
1196
1183
1102
997
906
852
845
866
863
790
660
511
366
214
40
-148
-319
-445
-553
-713
-951
-1207
-1396
-1490
-1544
-1606
-1684
-1762
-1815
-1835
-1803
-1715
-1577
-1433
-1324
-1246
-1157
-1037
-906
-786
-683
-594
-517
-440
-338
-212
-86
40
186
362
557
748
943
1133
1285
1359
1376
1396
1465
1573
1697
1820
1940
2043
2106
2116
2075
1994
1870
1680
1404
1076
770
561
448
359
208
-28
-307
-576
-819
-1058
-1317
-1589
-1851
-2085
-2288
-2436
-2486
-2426
-2273
-2074
-1850
-1630
-1426
-1232
-1057
-928
-880
-880
-874
-839
-808
-807
-812
-795
-737
-647
-553
-467
-387
-273
-110
98
331
564
791
1012
1238
1453
1624
1736
1827
1947
2084
2172
2191
2206
2283
2419
2541
2602
2604
2585
2578
2563
2497
2369
2195
2005
1802
1580
1323
1030
741
488
271
56
-186
-452
-721
-972
-1214
-1483
-1778
-2047
-2249
-2416
-2605
-2803
-2945
-3002
-3003
-2972
-2876
-2675
-2374
-2026
-1708
-1473
-1323
-1195
-1052
-911
-842
-848
-861
-805
-674
-533
-428
-370
-331
-278
-178
-25
138
261
366
513
702
839
870
870
964
1175
1410
1570
1636
1656
1683
1728
1749
1722
1695
1734
1834
1934
1964
1912
1807
1707
1645
1565
1375
1056
702
436
281
180
60
-83
-214
-316
-432
-617
-865
-1096
-1250
-1354
-1473
-1643
-1835
-2036
-2242
-2452
-2645
-2781
-2809
-2694
-2452
-2167
-1930
-1754
-1570
-1327
-1071
-883
-769
-672
-545
-407
-310
-295
-335
-348
-268
-118
44
186
331
502
691
857
955
989
1014
1100
1250
1423
1593
1770
1964
2156
2308
2380
2354
2254
2158
2133
2204
2336
2470
2541
2527
2452
2362
2289
2221
2128
1963
1702
1344
934
528
159
-191
-553
-917
-1236
-1488
-1718
-1969
-2218
-2383
-2407
-2290
-2086
-1853
-1657
-1544
-1526
-1581
-1665
-1755
-1808
-1800
-1741
-1696
-1720
-1806
-1892
-1915
-1853
-1751
-1645
-1526
-1371
-1175
-992
-841
-696
-478
-153
215
532
747
905
1048
1176
1283
1396
1549
1747
1971
2202
2404
2528
2540
2453
2347
2299
2331
2375
2358
2269
2141
1989
1795
1553
1317
1148
1043
930
734
457
155
-124
-366
-598
-868
-1212
-1629
-2076
-2504
-2875
-3166
-3348
-3387
-3273
-3041
-2759
-2481
-2243
-2035
-1845
-1666
-1532
-1474
-1478
-1493
-1475
-1414
-1327
-1252
-1219
-1230
-1251
-1231
-1139
-977
-785
-617
-488
-374
-236
-55
169
416
638
812
957
1112
1287
1471
1650
1806
1925
2013
2086
2173
2301
2482
2702
2909
3055
3117
3121
3114
3119
3090
2971
2759
2519
2300
2101
1884
1636
1379
1130
863
533
143
-262
-641
-1005
-1376
-1735
-2035
-2230
-2327
-2370
-2392
-2383
-2308
-2163
-1987
-1837
-1735
-1679
-1654
-1645
-1627
-1576
-1497
-1411
-1331
-1260
-1220
-1223
-1245
-1223
-1134
-1006
-877
-754
-633
-499
-341
-161
9
143
253
378
518
646
750
851
975
1109
1252
1412
1597
1800
2002
2190
2362
2524
2660
2745
2771
2766
2751
2727
2677
2606
2520
2392
2178
1853
1459
1067
729
433
131
-218
-621
-1043
-1441
-1780
-2054
-2262
-2399
-2478
-2547
-2638
-2739
-2810
-2827
-2795
-2730
-2634
-2510
-2381
-2276
-2217
-2208
-2226
-2234
-2208
-2147
-2076
-2014
-1967
-1920
-1832
-1683
-1513
-1367
-1239
-1074
-844
-572
-301
-50
175
393
629
891
1153
1376
1534
1628
1694
1768
1875
2012
2181
2372
2575
2789
3007
3199
3300
3280
3162
3005
2857
2735
2626
2474
2219
1871
1506
1190
924
660
350
-5
-367
-690
-970
-1238
-1508
-1731
-1870
-1925
-1916
-1863
-1799
-1750
-1686
-1576
-1430
-1295
-1197
-1132
-1113
-1146
-1210
-1268
-1308
-1344
-1391
-1449
-1513
-1549
-1533
-1455
-1336
-1208
-1083
-968
-853
-742
-638
-530
-388
-191
17
192
344
528
762
1010
1240
1451
1648
1818
1948
2009
2013
2016
2113
2333
2601
2804
2903
2943
2964
2948
2845
2654
2436
2249
2091
1904
1621
1238
811
429
133
-114
-370
-653
-947
-1252
-1550
-1803
-1972
-2068
-2129
-2151
-2087
-1930
-1770
-1701
-1734
-1803
-1856
-1874
-1864
-1850
-1872
-1954
-2062
-2132
-2124
-2054
-1954
-1850
-1759
-1683
-1609
-1539
-1504
-1507
-1508
-1456
-1339
-1188
-1019
-816
-560
-270
3
230
437
684
1001
1356
1682
1933
2106
2245
2401
2613
2862
3097
3264
3323
3255
3076
2842
2596
2345
2083
1837
1627
1446
1251
1017
743
435
104
-236
-537
-751
-901
-1070
-1329
-1638
-1898
-2027
-2031
-1959
-1853
-1741
-1645
-1583
-1556
-1552
-1556
-1555
-1566
-1622
-1721
-1817
-1847
-1816
-1757
-1696
-1631
-1563
-1494
-1396
-1253
-1091
-961
-881
-816
-713
-529
-277
-8
221
403
567
718
838
930
1070
1331
1705
2115
2474
2748
2956
3117
3232
3275
3236
3140
3043
2972
2900
2790
2632
2432
2171
1820
1397
985
669
462
287
56
-236
-536
-822
-1100
-1357
-1540
-1637
-1685
-1720
-1729
-1699
-1623
-1494
-1310
-1117
-1001
-986
-1042
-1123
-1211
-1288
-1347
-1410
-1501
-1600
-1653
-1623
-1522
-1395
-1293
-1238
-1219
-1178
-1076
-923
-774
-665
-623
-796
-1313
-2026
-2324
-1666
-125
1519
2440
2355
1679
1166
1378
2259
3137
3386
2946
2341
2092
2343
2854
3238
3232
2881
2468
2165
1828
1161
150
-878
-1563
-1835
-1830
-1656
-1379
-1104
-962
-972
-1082
-1245
-1448
-1633
-1730
-1714
-1625
-1494
-1344
-1214
-1151
-1159
-1208
-1253
-1260
-1225
-1189
-1210
-1308
-1448
-1588
-1727
-1891
-2074
-2205
-2203
-2038
-1731
-1361
-1026
-792
-643
-526
-424
-337
-251
-121
77
351
704
1109
1525
1901
2205
2410
2525
2611
2733
2911
3088
3198
3226
3203
3174
3137
3071
2945
2714
2348
1843
1287
799
435
144
-173
-531
-889
-1195
-1444
-1658
-1829
-1930
-1940
-1882
-1783
-1618
-1350
-1020
-723
-528
-431
-389
-385
-413
-484
-574
-651
-725
-847
-1024
-1127
-1024
-728
-401
-215
-231
-389
-553
-594
-510
-379
-279
-205
-125
-30
90
240
434
670
940
1218
1463
1668
1828
1947
2013
2043
2087
2184
2307
2372
2311
2132
1896
1679
1502
1315
1055
716
314
-145
-639
-1101
-1480
-1793
-2051
-2225
-2316
-2428
-2632
-2883
-3047
-3049
-2901
-2644
-2300
-1876
-1380
-868
-454
-235
-228
-354
-522
-680
-834
-989
-1143
-1261
-1279
-1129
-830
-507
-280
-161
-45
128
294
348
263
124
53
123
352
697
1112
1561
2010
2400
2677
2865
3015
3143
3203
3161
3035
2855
2616
2302
1925
1524
1129
753
380
-2
-375
-712
-1028
-1364
-1728
-2053
-2315
-2556
-2804
-3018
-3150
-3208
-3213
-3153
-2990
-2691
-2234
-1645
-984
-333
246
705
997
1111
1069
923
699
397
27
-399
-833
-1213
-1451
-1501
-1391
-1199
-972
-711
-395
-35
319
628
899
1165
1454
1779
2167
2636
3168
3704
4152
4431
4532
4545
4577
4641
4642
4435
3925
3177
2378
1650
950
165
-699
-1550
-2294
-2882
-3271
-3458
-3507
-3489
-3454
-3414
-3380
-3357
-3380
-3465
-3550
-3502
-3212
-2679
-1984
-1240
-541
62
547
878
999
863
479
-91
-747
-1391
-1952
-2403
-2712
-2852
-2835
-2710
-2487
-2140
-1661
-1130
-643
-223
180
629
1126
1642
2177
2794
3532
4348
5120
5749
6204
6500
6656
6655
6434
5869
4885
3579
2210
966
-154
-1246
-2282
-3146
-3777
-4238
-4607
-4903
-5083
-5102
-4970
-4760
-4569
-4407
-4202
-3852
-3307
-2569
-1670
-669
382
1439
2433
3237
3705
3757
3401
2659
1559
210
-1197
-2493
-3599
-4463
-4995
-5105
-4830
-4320
-3719
-3081
-2407
-1716
-1041
-391
258
934
1692
2597
3649
4771
5869
6888
7771
8445
8848
8962
8764
8218
7281
5944
4225
2259
259
-1596
-3258
-4747
-6015
-6967
-7500
-7594
-7307
-6771
-6117
-5448
-4819
-4248
-3695
-3129
-2538
-1861
-965
204
1546
2893
4138
5195
5914
6131
5731
4718
3169
1244
-880
-3014
-4988
-6635
-7820
-8423
-8382
-7781
-6834
-5761
-4646
-3491
-2306
-1147
-56
968
1988
3072
4256
5531
6890
8291
9588
10559
11073
11168
10914
10235
8957
6982
4384
1404
-1631
-4411
-6756
-8613
-9926
-10555
-10413
-9603
-8379
-6993
-5596
-4253
-3014
-1934
-1062
-349
351
1228
2383
3780
5289
6751
7998
8831
9022
8411
6992
4889
2277
-670
-3705
-6525
-8832
-10437
-11281
-11385
-10804
-9624
-8007
-6184
-4366
-2661
-1083
379
1755
3085
4402
5732
7091
8462
9775
10920
11755
12140
11981
11278
10021
8139
5577
2473
-893
-4226
-7256
-9717
-11428
-12342
-12477
-11845
-10540
-8791
-6848
-4881
-3004
-1335
84
1290
2333
3247
4142
5161
6346
7561
8612
9333
9580
9158
7886
5746
2969
-94
-3169
-6083
-8641
-10595
-11742
-12053
-11642
-10675
-9288
-7597
-5718
-3755
-1768
192
2044
3726
5269
6748
8154
9384
10372
11136
11653
11786
11398
10500
9196
7517
5336
2551
-703
-4043
-7089
-9635
-11572
-12812
-13290
-12999
-11946
-10227
-8136
-6014
-4020
-2139
-400
1101
2349
3417
4395
5390
6528
7795
8966
9767
10017
9587
8351
6285
3523
352
-2883
-5882
-8438
-10390
-11556
-11814
-11215
-9970
-8319
-6455
-4540
-2710
-1027
527
2021
3506
4997
6495
7994
9454
10764
11786
12442
12677
12388
11504
10110
8374
6327
3847
880
-2410
-5716
-8690
-10989
-12410
-12980
-12840
-12035
-10598
-8721
-6729
-4866
-3224
-1841
-701
283
1240
2247
3362
4642
6086
7559
8798
9497
9441
8537
6783
4221
1033
-2413
-5673
-8407
-10414
-11582
-11885
-11367
-10159
-8476
-6598
-4724
-2930
-1228
356
1848
3314
4774
6174
7473
8679
9770
10691
11392
11832
11925
11570
10755
9558
8032
6075
3552
496
-2826
-6049
-8828
-10894
-12134
-12584
-12271
-11158
-9335
-7137
-4954
-3006
-1417
-278
411
822
1162
1611
2343
3485
4979
6556
7851
8516
8312
7149
5065
2193
-1160
-4528
-7453
-9648
-10976
-11428
-11108
-10188
-8822
-7165
-5426
-3760
-2192
-665
873
2450
4041
5571
6977
8257
9377
10221
10716
10914
10876
10565
9927
9064
8114
7047
5573
3414
568
-2669
-5879
-8672
-10719
-11875
-12159
-11611
-10238
-8174
-5805
-3598
-1856
-679
-15
312
534
859
1443
2429
3847
5517
7087
8173
8487
7843
6186
3590
336
-3090
-6159
-8505
-9980
-10568
-10374
-9607
-8484
-7163
-5796
-4552
-3520
-2581
-1488
-34
1786
3779
5680
7312
8594
9476
9940
10065
10007
9832
9488
8916
8208
7468
6555
5088
2812
-162
-3431
-6560
-9126
-10849
-11626
-11501
-10462
-8570
-6186
-3886
-2087
-889
-237
18
111
309
790
1723
3239
5265
7377
8984
9631
9134
7521
4937
1660
-1853
-5017
-7354
-8669
-9029
-8623
-7758
-6780
-5932
-5257
-4712
-4238
-3723
-2979
-1832
-208
1818
3983
5950
7483
8517
9054
9136
8916
8630
8405
8166
7810
7382
6936
6224
4778
2349
-832
-4276
-7483
-9956
-11322
-11523
-10777
-9276
-7244
-5091
-3317
-2195
-1725
-1762
-1996
-1991
-1443
-317
1350
3521
5959
8109
9347
9321
8040
5770
2869
-273
-3214
-5530
-6962
-7482
-7196
-6345
-5344
-4604
-4269
-4208
-4238
-4174
-3754
-2734
-1076
1057
3358
5437
6946
7766
7996
7822
7466
7186
7183
7461
7865
8230
8401
8118
6973
4698
1451
-2239
-5802
-8724
-10564
-11122
-10585
-9310
-7598
-5759
-4213
-3279
-2994
-3191
-3578
-3723
-3227
-1975
-99
2237
4789
7106
8622
8927
7898
5715
2820
-259
-3050
-5162
-6341
-6587
-6154
-5393
-4677
-4341
-4474
-4840
-5085
-4993
-4462
-3389
-1745
317
2503
4486
5987
6884
7263
7346
7357
7504
7941
8673
9485
10099
10343
10045
8851
6411
2849
-1179
-4938
-7961
-9955
-10734
-10342
-9066
-7260
-5341
-3845
-3178
-3298
-3853
-4484
-4830
-4449
-3074
-840
1862
4624
7020
8590
8999
8154
6210
3531
633
-1994
-4031
-5334
-5930
-5994
-5743
-5388
-5147
-5205
-5520
-5791
-5658
-4919
-3568
-1749
268
2203
3837
5009
5619
5736
5617
5609
5975
6851
8178
9658
10837
11362
11090
9940
7739
4455
510
-3323
-6394
-8390
-9225
-9007
-8087
-6890
-5690
-4724
-4260
-4378
-4781
-5101
-5104
-4579
-3309
-1327
1047
3441
5545
7022
7570
7066
5622
3521
1154
-1095
-2964
-4279
-4999
-5277
-5408
-5581
-5843
-6217
-6688
-7031
-6886
-6040
-4557
-2693
-764
950
2279
3185
3724
4008
4202
4507
5120
6186
7675
9300
10563
11059
10701
9584
7663
4805
1216
-2457
-5521
-7617
-8611
-8589
-7895
-6993
-6076
-5177
-4486
-4274
-4478
-4715
-4612
-3918
-2528
-574
1579
3627
5400
6724
7356
7162
6173
4548
2556
549
-1211
-2628
-3737
-4619
-5344
-5900
-6237
-6415
-6516
-6448
-5974
-4978
-3530
-1798
-23
1494
2547
3157
3471
3629
3776
4103
4788
5931
7470
9133
10470
11092
10870
9868
8083
5408
1959
-1725
-4922
-7174
-8336
-8460
-7794
-6803
-5869
-5111
-4584
-4444
-4678
-4892
-4629
-3714
-2203
-235
1919
3905
5481
6550
7025
6826
5973
4584
2862
1069
-550
-1878
-2927
-3784
-4573
-5357
-6052
-6544
-6800
-6795
-6362
-5362
-3870
-2121
-342
1237
2397
3067
3360
3439
3450
3614
4186
5303
6902
8724
10289
11037
10719
9482
7500
4717
1240
-2343
-5290
-7249
-8222
-8338
-7855
-7147
-6442
-5750
-5182
-4975
-5104
-5134
-4696
-3738
-2339
-569
1377
3146
4464
5200
5338
4909
4021
2827
1505
206
-1019
-2153
-3136
-3963
-4762
-5639
-6481
-7063
-7230
-6869
-5899
-4397
-2600
-743
966
2294
3113
3510
3675
3743
3844
4156
4827
5909
7367
9009
10380
10911
10335
8860
6837
4359
1409
-1725
-4474
-6419
-7442
-7603
-7114
-6407
-5839
-5434
-5066
-4763
-4548
-4191
-3427
-2237
-761
869
2413
3534
4091
4213
4033
3514
2601
1432
260
-751
-1661
-2599
-3565
-4444
-5212
-5921
-6529
-6846
-6698
-6038
-4943
-3554
-2014
-425
1097
2343
3144
3515
3627
3643
3719
4011
4652
5690
7102
8704
10061
10620
10151
8867
7065
4749
1873
-1208
-3812
-5475
-6193
-6212
-5804
-5236
-4692
-4207
-3761
-3398
-3121
-2768
-2160
-1226
19
1483
2913
3986
4552
4666
4392
3680
2475
922
-663
-2012
-3114
-4116
-5017
-5653
-5974
-6173
-6418
-6626
-6566
-6095
-5226
-4052
-2681
-1213
210
1371
2066
2287
2232
2144
2189
2475
3108
4172
5689
7505
9177
10110
9963
8842
7036
4641
1719
-1365
-4022
-5842
-6734
-6749
-6062
-5059
-4185
-3620
-3307
-3152
-3083
-2927
-2465
-1564
-205
1504
3267
4649
5368
5471
5133
4370
3081
1389
-251
-1484
-2400
-3317
-4271
-5023
-5452
-5728
-6034
-6327
-6371
-5933
-4985
-3713
-2351
-995
312
1398
2014
2074
1749
1311
1018
1087
1664
2813
4526
6641
8675
9945
10047
9048
7196
4574
1381
-1824
-4410
-6125
-6973
-6945
-6147
-5017
-4045
-3384
-2958
-2680
-2447
-2080
-1465
-531
825
2580
4335
5550
6021
5947
5547
4821
3662
2151
659
-475
-1278
-2062
-2910
-3624
-4058
-4318
-4557
-4784
-4854
-4551
-3744
-2552
-1261
-56
1013
1844
2222
2051
1450
660
-17
-245
247
1528
3474
5788
7955
9341
9562
8717
7120
4895
2056
-1090
-3928
-5996
-7210
-7639
-7379
-6703
-5989
-5419
-4914
-4374
-3742
-2957
-1979
-853
438
1946
3520
4764
5370
5384
5028
4423
3489
2192
758
-421
-1197
-1811
-2516
-3248
-3818
-4224
-4541
-4713
-4589
-4098
-3213
-1980
-587
670
1609
2177
2330
2070
1572
1074
699
555
852
1789
3340
5280
7267
8845
9526
9116
7786
5771
3139
54
-3030
-5601
-7400
-8319
-8329
-7655
-6802
-6122
-5553
-4927
-4214
-3441
-2526
-1433
-192
1167
2585
3803
4521
4699
4548
4186
3502
2394
1034
-238
-1268
-2175
-3089
-3901
-4429
-4665
-4735
-4676
-4407
-3879
-3095
-2081
-937
132
962
1521
1802
1781
1514
1139
802
679
1015
1994
3548
5445
7426
9185
10266
10264
9149
7217
4722
1806
-1243
-3959
-5991
-7218
-7606
-7290
-6661
-6118
-5669
-5119
-4408
-3634
-2780
-1742
-495
902
2349
3675
4643
5131
5201
4972
4417
3428
2054
606
-639
-1689
-2696
-3629
-4332
-4749
-4954
-4960
-4741
-4334
-3780
-3023
-2048
-1015
-150
446
788
893
808
653
559
638
1009
1816
3107
4784
6664
8499
9876
10313
9635
8098
6018
3440
436
-2569
-5051
-6769
-7685
-7828
-7425
-6855
-6278
-5561
-4678
-3790
-2937
-1970
-799
537
1990
3424
4554
5159
5286
5122
4747
4116
3186
2042
828
-364
-1536
-2631
-3527
-4181
-4637
-4865
-4761
-4363
-3828
-3265
-2662
-2040
-1492
-1080
-799
-609
-476
-383
-293
-107
318
1073
2167
3577
5233
6977
8565
9637
9808
8955
7319
5176
2552
-452
-3389
-5766
-7433
-8366
-8532
-8089
-7411
-6665
-5749
-4692
-3678
-2703
-1579
-326
878
1996
3077
4009
4626
4926
5011
4914
4584
3954
3020
1868
632
-601
-1760
-2717
-3349
-3633
-3630
-3413
-3091
-2779
-2547
-2375
-2208
-2019
-1856
-1788
-1763
-1618
-1281
-803
-160
749
1931
3267
4681
6137
7539
8739
9548
9654
8821
7170
5023
2490
-414
-3373
-5846
-7581
-8598
-8939
-8686
-8067
-7233
-6158
-4923
-3757
-2719
-1644
-486
620
1626
2633
3635
4481
5056
5380
5504
5416
5009
4214
3129
1934
698
-560
-1679
-2430
-2791
-2922
-2948
-2901
-2820
-2780
-2823
-2926
-3000
-2942
-2719
-2341
-1793
-1080
-244
711
1818
3030
4221
5343
6414
7349
8008
8360
8389
7892
6681
4873
2723
314
-2291
-4824
-6975
-8580
-9504
-9659
-9191
-8406
-7420
-6192
-4842
-3586
-2488
-1506
-684
17
753
1614
2477
3230
3878
4457
4927
5142
4912
4225
3338
2463
1537
476
-550
-1325
-1843
-2214
-2508
-2796
-3139
-3513
-3885
-4221
-4351
-4015
-3188
-2136
-1054
105
1433
2838
4112
5097
5797
6335
6772
7057
7233
7471
7751
7679
6866
5340
3371
1081
-1541
-4309
-6815
-8667
-9627
-9640
-8919
-7850
-6689
-5440
-4194
-3237
-2733
-2451
-2116
-1630
-968
-40
1107
2285
3396
4456
5386
5989
6141
5855
5213
4299
3203
2032
911
-117
-1152
-2309
-3523
-4609
-5461
-6096
-6510
-6600
-6220
-5292
-3883
-2175
-352
1451
3078
4352
5236
5869
6376
6770
7019
7185
7364
7617
7834
7764
7148
5917
4202
2142
-230
-2831
-5305
-7182
-8248
-8588
-8333
-7608
-6696
-5952
-5487
-5181
-4914
-4632
-4213
-3557
-2627
-1422
44
1585
2954
4082
5082
5982
6654
6960
6881
6444
5607
4297
2547
556
-1493
-3517
-5402
-6946
-8050
-8715
-8872
-8431
-7494
-6243
-4686
-2755
-589
1518
3310
4635
5449
5852
6013
6059
6085
6166
6284
6352
6326
6243
6094
5749
5016
3834
2401
954
-524
-2181
-3878
-5262
-6168
-6674
-6878
-6922
-6984
-7009
-6716
-6067
-5340
-4591
-3574
-2236
-845
468
1797
3173
4519
5850
7164
8281
8916
8854
8040
6553
4508
1968
-910
-3759
-6194
-8027
-9221
-9756
-9674
-9104
-8144
-6864
-5382
-3806
-2117
-286
1544
3145
4387
5266
5823
6123
6201
6052
5666
5138
4593
4113
3749
3542
3498
3561
3652
3649
3435
2912
1928
277
-1970
-4331
-6290
-7676
-8483
-8676
-8282
-7433
-6196
-4701
-3271
-2142
-1145
-35
1183
2452
3843
5327
6648
7633
8289
8569
8279
7281
5589
3355
833
-1722
-4136
-6244
-7823
-8754
-9098
-8937
-8340
-7466
-6485
-5416
-4207
-2924
-1620
-252
1208
2656
3947
4925
5407
5359
4953
4396
3783
3224
2860
2759
2912
3373
4093
4819
5239
5186
4527
3264
1665
-6
-1847
-3943
-5916
-7245
-7851
-7875
-7308
-6222
-4923
-3586
-2098
-481
1051
2401
3577
4419
4821
5006
5178
5170
4783
4167
3586
3055
2433
1595
485
-818
-2163
-3458
-4674
-5677
-6302
-6536
-6480
-6204
-5770
-5257
-4692
-4039
-3256
-2282
-1062
312
1586
2562
3229
3611
3685
3484
3207
3090
3272
3720
4260
4678
4840
4725
4337
3674
2762
1690
593
-351
-953
-1196
-1348
-1747
-2372
-2875
-3011
-2792
-2230
-1312
-201
812
1671
2409
2825
2573
1651
428
-708
-1542
-1996
-2088
-1875
-1320
-401
685
1589
2119
2288
2167
1742
936
-251
-1602
-2839
-3932
-5014
-6016
-6658
-6816
-6606
-6133
-5377
-4322
-3024
-1589
-144
1204
2446
3565
4364
4653
4506
4234
4038
3824
3396
2719
1931
1167
442
-245
-783
-954
-546
483
1909
3389
4779
6057
6902
6762
5496
3627
1747
90
-1274
-2305
-3097
-3780
-4328
-4763
-5294
-6011
-6658
-6954
-6837
-6216
-4881
-2798
-240
2445
4923
6799
7718
7567
6455
4611
2342
-44
-2309
-4227
-5584
-6334
-6643
-6688
-6516
-6116
-5501
-4687
-3690
-2537
-1278
-4
1136
2056
2757
3202
3255
2917
2426
2017
1752
1629
1736
2100
2651
3265
3846
4301
4646
4994
5448
6040
6759
7450
7834
7782
7392
6598
4999
2388
-861
-4056
-6673
-8432
-9343
-9643
-9521
-8840
-7539
-5978
-4603
-3410
-2175
-926
167
1102
1929
2556
2932
3180
3431
3683
3891
3951
3691
3001
1971
731
-681
-2234
-3788
-5151
-6181
-6803
-7040
-7007
-6784
-6361
-5700
-4788
-3659
-2371
-953
668
2528
4431
6058
7233
7946
8178
7924
7274
6343
5191
3937
2789
1902
1279
927
890
1178
1685
2255
2728
2974
2922
2648
2314
1922
1128
-404
-2471
-4422
-5737
-6373
-6506
-6384
-6210
-6049
-5789
-5484
-5343
-5350
-5130
-4428
-3317
-1918
-237
1612
3366
4875
6097
6941
7224
6821
5679
3859
1562
-952
-3493
-5878
-7804
-8977
-9340
-9019
-8133
-6733
-4873
-2688
-418
1677
3450
4900
5990
6584
6621
6212
5484
4536
3531
2676
2044
1585
1257
1015
795
566
332
76
-190
-326
-181
290
1048
2035
3124
4048
4543
4492
4008
3354
2670
1745
202
-1890
-3908
-5189
-5628
-5543
-5310
-5079
-4789
-4304
-3663
-3116
-2844
-2769
-2645
-2356
-1913
-1381
-721
144
1298
2694
4170
5488
6441
6865
6655
5813
4412
2611
592
-1415
-3225
-4678
-5664
-6150
-6234
-6033
-5585
-4903
-4035
-3010
-1748
-200
1565
3341
4878
5925
6348
6182
5534
4456
3041
1547
266
-723
-1505
-2125
-2548
-2788
-2909
-2903
-2670
-2061
-952
701
2766
4957
6932
8411
9232
9416
9044
8072
6273
3571
323
-2761
-5132
-6710
-7744
-8447
-8834
-8833
-8398
-7589
-6510
-5260
-3823
-2194
-478
1143
2587
3835
4828
5504
5904
6126
6144
5833
5049
3713
1834
-412
-2721
-4781
-6377
-7361
-7690
-7423
-6698
-5696
-4631
-3658
-2777
-1903
-1034
-261
373
893
1307
1552
1527
1178
564
-160
-813
-1290
-1531
-1493
-1173
-630
21
626
1037
1227
1321
1524
1968
2686
3675
4950
6485
8106
9458
10197
10222
9656
8688
7435
5889
3826
1004
-2415
-5783
-8460
-10290
-11393
-11840
-11612
-10761
-9341
-7500
-5561
-3876
-2427
-933
700
2275
3640
4861
5988
6989
7766
8170
7948
6996
5459
3573
1438
-876
-3171
-5160
-6611
-7465
-7814
-7816
-7580
-7154
-6585
-5933
-5185
-4272
-3161
-1950
-763
332
1344
2216
2808
3005
2910
2809
2953
3335
3827
4374
5005
5630
6026
6015
5576
4862
4061
3369
2899
2760
2966
3411
3880
4244
4469
4445
3975
3030
1920
1012
453
135
-184
-872
-2197
-4073
-6039
-7692
-8898
-9651
-9877
-9516
-8611
-7244
-5611
-4011
-2677
-1439
-1
1679
3320
4755
6027
7177
8066
8470
8227
7280
5701
3617
1171
-1493
-4107
-6335
-7935
-8910
-9363
-9374
-8966
-8171
-7070
-5775
-4357
-2781
-1038
748
2409
3907
5303
6505
7232
7221
6478
5242
3813
2383
1081
46
-569
-713
-515
-240
-103
-125
-183
-135
62
406
876
1482
2194
2916
3509
3909
4127
4144
3862
3259
2492
1798
1294
930
600
135
-723
-2173
-4068
-5962
-7456
-8383
-8664
-8242
-7182
-5621
-3676
-1534
413
1890
2986
3927
4716
5245
5585
5869
6107
6224
6158
5760
4839
3351
1434
-769
-3145
-5479
-7479
-8932
-9792
-10090
-9885
-9204
-8055
-6491
-4667
-2814
-1059
577
2128
3537
4697
5481
5799
5604
4917
3820
2457
1049
-151
-972
-1425
-1619
-1664
-1584
-1397
-1120
-814
-490
-55
679
1777
3088
4423
5729
6984
8002
8553
8569
8170
7504
6684
5782
4817
3804
2800
1876
982
-53
-1423
-3167
-5031
-6566
-7405
-7524
-7094
-6338
-5412
-4450
-3484
-2571
-1891
-1589
-1502
-1224
-586
268
1102
1870
2534
3050
3333
3268
2681
1536
51
-1513
-3094
-4741
-6306
-7526
-8244
-8533
-8478
-8093
-7339
-6244
-4911
-3502
-2165
-941
190
1208
1977
2453
2755
3062
3419
3787
4156
4503
4769
4934
5090
5272
5368
5248
4941
4541
4085
3558
2961
2354
1852
1577
1555
1719
2005
2375
2748
2994
3044
2921
2670
2293
1817
1358
1080
1062
1205
1304
1151
576
-614
-2516
-4936
-7346
-9163
-10062
-10071
-9499
-8628
-7538
-6111
-4429
-2858
-1763
-1095
-531
138
881
1591
2225
2733
3119
3392
3529
3366
2830
2034
1160
273
-626
-1448
-2076
-2455
-2593
-2487
-2235
-1984
-1798
-1601
-1394
-1278
-1251
-1132
-752
-109
773
1855
3007
4030
4797
5237
5254
4839
4140
3357
2572
1850
1249
795
411
39
-326
-658
-887
-894
-575
84
1050
2232
3493
4619
5423
5756
5520
4712
3511
2249
1183
362
-281
-782
-1171
-1546
-2040
-2747
-3765
-5137
-6697
-7995
-8552
-8165
-6941
-5163
-3144
-1180
563
1983
2970
3384
3267
2934
2762
2893
3187
3454
3578
3539
3315
2847
1990
691
-841
-2218
-3236
-4019
-4752
-5402
-5795
-5863
-5731
-5586
-5490
-5315
-4877
-4166
-3375
-2686
-2028
-1192
-107
1050
2072
2873
3441
3729
3679
3322
2772
2182
1683
1356
1199
1197
1371
1772
2348
2957
3507
4013
4519
5017
5468
5790
5866
5587
4953
4045
2935
1682
401
-709
-1426
-1626
-1351
-773
-137
332
542
534
353
-62
-839
-2066
-3655
-5289
-6522
-7060
-6968
-6512
-5927
-5288
-4592
-3821
-3008
-2244
-1639
-1179
-737
-186
459
1075
1531
1777
1907
2065
2260
2272
1874
1074
114
-853
-1914
-3208
-4628
-5797
-6371
-6246
-5582
-4589
-3397
-2015
-497
981
2201
3151
4009
4923
5872
6755
7493
8010
8224
8049
7432
6409
5174
4010
3066
2284
1553
873
312
-132
-559
-1034
-1495
-1754
-1626
-1077
-251
633
1419
2010
2300
2168
1601
704
-332
-1328
-2151
-2780
-3283
-3742
-4172
-4525
-4742
-4741
-4507
-4136
-3849
-3796
-3934
-4037
-3899
-3422
-2618
-1532
-308
881
1900
2714
3262
3419
3163
2691
2311
2166
2188
2219
2180
2123
2194
2442
2686
2612
2129
1448
783
111
-670
-1480
-2110
-2442
-2501
-2408
-2341
-2421
-2599
-2684
-2607
-2425
-2142
-1565
-540
825
2201
3273
3869
3975
3726
3278
2687
1905
1033
338
23
-25
-84
-367
-895
-1574
-2256
-2824
-3261
-3579
-3705
-3487
-2887
-2056
-1180
-351
417
1103
1678
2114
2421
2710
3170
3863
4545
4793
4395
3555
2662
1931
1301
597
-309
-1440
-2645
-3669
-4338
-4702
-4853
-4775
-4397
-3744
-2881
-1837
-692
386
1257
1924
2410
2707
2814
2813
2734
2604
2506
2559
2679
2552
1910
785
-587
-2037
-3494
-4867
-6013
-6848
-7319
-7393
-7082
-6500
-5727
-4743
-3487
-1979
-283
1527
3339
4969
6227
7005
7259
6972
6185
5036
3752
2540
1541
797
317
59
-39
-88
-229
-544
-977
-1303
-1314
-915
-162
837
1902
2767
3178
3054
2530
1830
1117
504
85
-41
176
647
1124
1291
996
359
-328
-842
-1087
-1064
-861
-716
-908
-1555
-2499
-3411
-3970
-3995
-3531
-2764
-1881
-918
120
1079
1648
1642
1179
634
328
403
810
1431
2144
2895
3619
4105
4032
3225
1879
361
-1102
-2515
-3878
-5048
-5798
-5980
-5622
-4938
-4188
-3503
-2799
-1936
-892
209
1228
2115
2891
3552
3985
3978
3433
2523
1635
1026
666
337
-106
-667
-1258
-1811
-2314
-2822
-3345
-3746
-3781
-3281
-2322
-1162
-97
696
1207
1574
1915
2214
2371
2383
2370
2423
2506
2517
2394
2128
1759
1365
1041
884
968
1298
1768
2175
2244
1773
766
-503
-1661
-2435
-2698
-2454
-1819
-1028
-274
359
832
1054
997
783
561
386
322
519
1031
1675
2149
2288
2041
1410
424
-791
-2091
-3324
-4313
-4852
-4935
-4806
-4730
-4732
-4680
-4544
-4411
-4286
-4007
-3416
-2466
-1263
-17
1011
1681
2050
2246
2322
2323
2350
2525
2826
3101
3183
3032
2721
2296
1717
942
57
-731
-1194
-1214
-841
-228
525
1366
2176
2713
2830
2620
2346
2218
2311
2585
2909
3105
3038
2679
2043
1203
336
-278
-477
-321
-35
174
128
-308
-1179
-2285
-3239
-3655
-3384
-2559
-1516
-592
41
400
556
493
147
-413
-906
-1018
-654
-34
481
632
407
-31
-509
-1059
-1798
-2677
-3366
-3584
-3412
-3167
-3072
-3111
-3166
-3126
-2977
-2805
-2688
-2497
-1944
-873
524
1857
2812
3329
3541
3622
3609
3397
2901
2236
1617
1176
884
630
300
-188
-810
-1401
-1782
-1894
-1798
-1528
-1025
-238
753
1749
2557
3086
3332
3393
3408
3432
3396
3235
2990
2717
2380
1926
1350
691
28
-490
-716
-660
-525
-505
-606
-736
-907
-1203
-1591
-1863
-1818
-1379
-618
254
939
1253
1244
1074
793
358
-221
-781
-1138
-1209
-1011
-663
-328
-141
-85
-79
-152
-493
-1214
-2190
-3161
-3957
-4544
-4943
-5170
-5207
-5012
-4555
-3903
-3195
-2512
-1813
-1036
-227
496
1045
1393
1568
1667
1811
2011
2166
2194
2175
2276
2566
2913
3070
2838
2160
1169
103
-833
-1561
-2067
-2263
-1986
-1167
1
1152
1988
2466
2754
3013
3240
3340
3306
3271
3376
3598
3772
3701
3328
2732
2078
1508
1075
708
290
-202
-688
-1098
-1515
-2039
-2616
-2980
-2852
-2159
-1142
-212
346
553
636
742
821
731
425
12
-352
-632
-936
-1395
-2015
-2656
-3116
-3287
-3230
-3127
-3107
-3174
-3260
-3297
-3255
-3169
-3092
-2991
-2734
-2243
-1598
-976
-451
-7
394
731
925
937
796
604
444
369
368
368
309
267
395
713
1049
1238
1292
1291
1312
1440
1763
2277
2887
3549
4215
4728
4859
4500
3763
2884
2089
1479
1029
696
526
573
800
1039
1125
1007
796
691
839
1203
1599
1853
1914
1814
1567
1119
431
-455
-1371
-2093
-2470
-2531
-2485
-2527
-2715
-2956
-3127
-3128
-2919
-2523
-2027
-1526
-1098
-769
-552
-491
-657
-1040
-1494
-1862
-2093
-2275
-2499
-2797
-3128
-3428
-3678
-3897
-4089
-4178
-4056
-3685
-3127
-2482
-1809
-1112
-377
388
1116
1733
2203
2586
2938
3213
3268
3012
2537
2118
2009
2226
2524
2622
2463
2213
2088
2157
2303
2342
2195
1990
1917
1965
1887
1466
796
229
67
321
757
1119
1315
1375
1370
1348
1339
1348
1391
1559
1959
2548
3030
3076
2583
1743
834
33
-655
-1300
-1933
-2460
-2696
-2540
-2159
-1939
-2172
-2784
-3362
-3510
-3168
-2634
-2282
-2252
-2360
-2324
-2031
-1615
-1266
-1024
-732
-198
571
1282
1521
1055
24
-1157
-2101
-2671
-2993
-3240
-3404
-3309
-2840
-2123
-1436
-958
-665
-389
27
609
1226
1699
1944
2012
2022
2079
2259
2562
2910
3180
3265
3127
2799
2359
1858
1345
896
618
524
501
384
120
-208
-444
-466
-241
177
711
1289
1873
2395
2765
2916
2868
2725
2588
2497
2385
2145
1697
1048
294
-419
-952
-1242
-1340
-1382
-1520
-1838
-2288
-2757
-3116
-3284
-3262
-3104
-2883
-2604
-2247
-1837
-1446
-1134
-935
-864
-876
-878
-791
-624
-430
-282
-267
-458
-849
-1360
-1909
-2449
-2927
-3248
-3288
-2992
-2440
-1826
-1337
-1070
-992
-962
-812
-463
-14
380
678
997
1474
2070
2564
2710
2459
2037
1778
1888
2283
2648
2667
2308
1848
1604
1623
1672
1498
1078
616
343
323
423
476
426
393
528
865
1252
1475
1441
1238
1068
1071
1245
1467
1610
1608
1499
1370
1292
1266
1230
1144
1033
925
776
460
-138
-991
-1897
-2565
-2797
-2636
-2317
-2087
-2003
-1940
-1748
-1389
-978
-686
-612
-703
-765
-617
-244
177
454
527
457
308
86
-223
-625
-1073
-1470
-1712
-1798
-1836
-1954
-2167
-2358
-2399
-2245
-1927
-1473
-916
-341
113
372
479
582
771
978
1045
889
624
500
721
1255
1823
2080
1877
1342
744
287
21
-114
-197
-244
-208
-63
112
184
70
-160
-319
-168
417
1325
2232
2818
2979
2838
2605
2404
2231
2016
1742
1493
1386
1439
1532
1477
1135
512
-252
-999
-1634
-2099
-2324
-2272
-1993
-1619
-1282
-1084
-1088
-1285
-1603
-1907
-2049
-1958
-1711
-1433
-1160
-802
-309
242
651
745
505
45
-483
-976
-1358
-1613
-1795
-1987
-2172
-2255
-2197
-2090
-2033
-2048
-2059
-1966
-1698
-1287
-885
-675
-706
-811
-743
-387
124
542
735
787
922
1299
1863
2346
2467
2150
1575
1058
859
1021
1338
1525
1478
1335
1291
1390
1544
1620
1569
1444
1385
1488
1698
1859
1868
1762
1673
1734
2009
2427
2770
2813
2546
2186
1982
1966
1976
1843
1550
1230
1018
935
881
733
415
-74
-666
-1270
-1805
-2263
-2664
-3017
-3270
-3326
-3135
-2780
-2439
-2277
-2338
-2509
-2584
-2363
-1825
-1167
-685
-538
-667
-883
-1034
-1087
-1096
-1134
-1222
-1317
-1354
-1328
-1338
-1537
-2012
-2669
-3277
-3633
-3709
-3611
-3442
-3199
-2797
-2163
-1278
-248
714
1400
1778
2035
2372
2826
3258
3526
3598
3529
3400
3273
3171
3077
2952
2766
2537
2335
2230
2238
2291
2287
2168
1946
1687
1456
1273
1137
1070
1126
1318
1596
1863
2005
1966
1761
1498
1274
1105
962
836
748
704
677
573
262
-326
-1116
-1910
-2518
-2876
-3071
-3274
-3619
-4105
-4602
-4952
-5077
-5003
-4800
-4511
-4146
-3711
-3226
-2704
-2166
-1657
-1220
-841
-468
-73
319
659
880
920
777
518
211
-118
-444
-731
-951
-1109
-1218
-1270
-1240
-1137
-1021
-945
-838
-543
-25
537
909
1034
1062
1205
1589
2178
2798
3255
3499
3629
3769
3947
4115
4215
4210
4069
3769
3342
2855
2354
1844
1306
758
250
-135
-330
-320
-176
-4
109
135
104
132
341
766
1270
1655
1827
1838
1802
1768
1713
1568
1260
762
125
-548
-1166
-1678
-2073
-2360
-2544
-2639
-2683
-2765
-2965
-3267
-3517
-3534
-3273
-2863
-2469
-2161
-1917
-1697
-1482
-1256
-1009
-741
-495
-350
-350
-469
-653
-887
-1171
-1454
-1644
-1709
-1694
-1664
-1626
-1535
-1367
-1140
-915
-744
-680
-747
-919
-1089
-1121
-926
-499
60
628
1099
1444
1682
1835
1914
1931
1938
2002
2162
2423
2741
3059
3324
3508
3575
3495
3286
3025
2791
2606
2410
2136
1761
1332
916
562
303
154
114
156
278
456
650
818
950
1019
944
660
226
-197
-473
-598
-679
-833
-1085
-1370
-1627
-1855
-2091
-2323
-2507
-2599
-2622
-2634
-2669
-2704
-2689
-2604
-2457
-2300
-2176
-2120
-2112
-2111
-2086
-2035
-1981
-1929
-1876
-1806
-1711
-1584
-1414
-1180
-852
-422
32
384
525
439
196
-65
-194
-109
161
525
917
1320
1722
2090
2372
2518
2529
2452
2367
2339
2403
2538
2687
2760
2685
2428
2021
1584
1291
1251
1431
1687
1883
1955
1935
1880
1837
1781
1644
1388
1077
824
707
717
799
885
912
822
574
178
-288
-685
-891
-859
-631
-321
-57
79
84
-17
-195
-426
-689
-974
-1286
-1616
-1935
-2170
-2265
-2260
-2271
-2374
-2528
-2649
-2701
-2684
-2593
-2410
-2138
-1829
-1580
-1476
-1505
-1566
-1553
-1444
-1293
-1182
-1165
-1217
-1270
-1304
-1350
-1407
-1409
-1293
-1067
-796
-562
-400
-272
-121
63
225
329
386
439
538
737
1062
1447
1781
1995
2140
2313
2556
2818
2995
3054
3044
3058
3108
3102
2911
2498
1964
1461
1051
716
448
287
250
299
394
506
609
700
800
937
1076
1147
1118
1018
895
762
589
346
34
-283
-523
-666
-793
-1001
-1291
-1572
-1753
-1818
-1830
-1876
-1999
-2152
-2258
-2296
-2304
-2322
-2367
-2434
-2488
-2446
-2242
-1915
-1582
-1341
-1188
-1070
-961
-873
-814
-747
-613
-397
-157
-11
-37
-216
-463
-687
-802
-746
-529
-237
45
313
591
870
1122
1343
1535
1695
1831
1952
2048
2078
2047
1993
1958
1912
1815
1686
1594
1581
1612
1626
1574
1454
1301
1177
1154
1254
1439
1598
1627
1499
1285
1078
898
735
591
511
497
493
419
270
126
54
43
13
-93
-274
-462
-607
-694
-750
-790
-822
-841
-857
-886
-936
-999
-1054
-1088
-1098
-1124
-1202
-1348
-1511
-1618
-1623
-1567
-1545
-1619
-1787
-1982
-2136
-2200
-2182
-2117
-2034
-1924
-1797
-1692
-1655
-1674
-1689
-1638
-1499
-1293
-1062
-836
-618
-412
-242
-150
-152
-241
-376
-467
-412
-189
119
401
608
747
870
1014
1198
1426
1698
2018
2371
2718
2988
3114
3090
2994
2893
2781
2603
2364
2126
1946
1803
1650
1444
1176
897
707
695
828
982
1025
958
862
814
813
808
769
709
656
623
594
538
442
300
125
-48
-176
-259
-365
-565
-883
-1268
-1662
-2024
-2340
-2588
-2737
-2781
-2749
-2680
-2573
-2413
-2204
-1998
-1858
-1805
-1810
-1800
-1724
-1582
-1430
-1325
-1306
-1369
-1458
-1501
-1468
-1387
-1298
-1233
-1211
-1222
-1215
-1133
-954
-710
-436
-123
235
614
942
1165
1301
1391
1474
1555
1635
1730
1873
2083
2326
2502
2510
2354
2140
1994
1965
2012
2056
2043
1987
1931
1896
1869
1859
1879
1925
1966
1974
1934
1861
1768
1661
1532
1385
1221
1023
787
559
402
321
276
234
175
68
-106
-331
-550
-709
-820
-938
-1097
-1286
-1485
-1677
-1861
-2024
-2179
-2344
-2518
-2671
-2773
-2808
-2799
-2800
-2817
-2816
-2763
-2692
-2671
-2726
-2820
-2885
-2869
-2752
-2563
-2357
-2183
-2060
-1966
-1860
-1704
-1499
-1265
-1024
-764
-474
-156
160
447
684
876
1043
1240
1499
1820
2151
2440
2658
2800
2859
2837
2749
2627
2512
2434
2422
2464
2516
2525
2481
2415
2346
2272
2191
2129
2131
2212
2336
2445
2486
2412
2209
1910
1608
1384
1262
1196
1122
1016
882
726
535
291
-2
-323
-645
-950
-1232
-1481
-1695
-1883
-2070
-2267
-2446
-2582
-2689
-2790
-2855
-2834
-2744
-2655
-2630
-2656
-2686
-2681
-2629
-2546
-2463
-2392
-2327
-2241
-2119
-1944
-1714
-1461
-1244
-1099
-1008
-930
-840
-742
-630
-486
-298
-66
203
481
693
791
791
765
790
907
1111
1314
1409
1367
1293
1311
1451
1652
1853
2029
2153
2195
2175
2158
2189
2242
2266
2261
2251
2253
2254
2237
2194
2116
1994
1823
1610
1388
1170
975
817
712
657
621
564
463
322
154
-16
-169
-300
-408
-502
-595
-702
-808
-894
-973
-1095
-1264
-1444
-1582
-1685
-1789
-1917
-2034
-2097
-2116
-2151
-2243
-2346
-2396
-2366
-2299
-2234
-2153
-2043
-1902
-1754
-1617
-1523
-1502
-1532
-1540
-1476
-1383
-1320
-1281
-1184
-968
-665
-365
-124
64
260
509
780
998
1114
1164
1191
1218
1231
1239
1249
1275
1323
1382
1435
1468
1478
1461
1411
1359
1373
1500
1721
1969
2185
2337
2407
2392
2313
2228
2176
2154
2123
2066
1978
1877
1760
1616
1404
1090
679
237
-144
-416
-599
-756
-918
-1070
-1197
-1322
-1471
-1635
-1782
-1882
-1900
-1808
-1631
-1438
-1287
-1177
-1097
-1071
-1122
-1221
-1290
-1304
-1317
-1385
-1492
-1583
-1625
-1616
-1564
-1495
-1463
-1509
-1603
-1670
-1638
-1515
-1361
-1212
-1032
-784
-491
-220
-13
137
249
327
375
423
495
620
774
937
1070
1157
1212
1260
1314
1348
1330
1267
1204
1185
1203
1209
1173
1092
986
862
746
666
645
683
756
842
911
949
969
1004
1069
1129
1138
1088
1019
969
949
946
941
920
886
838
753
613
440
250
30
-228
-477
-635
-643
-527
-370
-269
-267
-351
-478
-607
-721
-819
-927
-1054
-1190
-1288
-1331
-1342
-1353
-1374
-1381
-1358
-1319
-1272
-1214
-1144
-1082
-1041
-996
-926
-842
-776
-740
-731
-749
-784
-813
-784
-665
-469
-280
-180
-177
-195
-156
-58
33
60
23
-29
-56
-31
35
112
165
187
209
281
432
635
829
968
1073
1182
1320
1462
1556
1570
1525
1480
1458
1430
1356
1247
1157
1117
1099
1039
910
757
661
647
658
620
513
352
152
-65
-264
-410
-499
-531
-519
-487
-494
-562
-660
-724
-738
-749
-794
-854
-850
-736
-563
-438
-412
-455
-510
-559
-591
-599
-601
-641
-741
-863
-952
-985
-971
-941
-918
-901
-862
-790
-711
-639
-559
-432
-250
-40
161
324
443
524
573
590
573
525
461
414
393
379
334
249
167
142
196
296
387
426
408
374
372
429
536
652
736
755
717
652
590
532
489
487
545
634
700
723
750
804
845
806
684
552
458
400
352
297
230
166
138
161
208
235
216
167
121
103
110
126
134
111
31
-109
-259
-370
-426
-457
-486
-510
-511
-493
-476
-470
-456
-417
-389
-417
-513
-643
-759
-832
-856
-876
-957
-1114
-1297
-1448
-1557
-1629
-1654
-1609
-1495
-1343
-1200
-1084
-969
-826
-676
-568
-513
-473
-420
-370
-342
-313
-251
-139
-6
119
206
253
283
319
394
500
613
697
773
854
931
997
1080
1221
1389
1506
1528
1484
1424
1369
1295
1175
1005
823
668
551
464
399
357
317
261
184
103
40
11
39
137
275
394
455
468
462
456
451
434
387
285
126
-68
-252
-396
-507
-608
-705
-790
-873
-959
-1039
-1092
-1108
-1097
-1080
-1091
-1129
-1143
-1080
-945
-785
-627
-481
-352
-257
-203
-194
-210
-235
-249
-252
-241
-219
-190
-168
-161
-160
-156
-148
-130
-97
-27
78
199
315
413
493
560
630
718
829
955
1100
1257
1417
1546
1618
1613
1551
1473
1400
1318
1207
1085
971
868
745
600
458
352
302
305
339
378
402
406
401
396
386
354
285
196
123
75
34
-25
-97
-164
-230
-314
-436
-565
-664
-731
-797
-872
-927
-947
-941
-930
-926
-947
-1002
-1080
-1173
-1295
-1455
-1616
-1723
-1736
-1687
-1639
-1637
-1686
-1750
-1799
-1815
-1775
-1662
-1476
-1260
-1073
-935
-801
-618
-391
-170
16
163
280
369
445
534
617
639
555
406
274
220
254
352
491
661
858
1084
1334
1562
1710
1777
1814
1853
1875
1838
1745
1622
1487
1340
1166
983
822
705
616
516
393
274
160
33
-89
-139
-101
-49
-64
-143
-217
-224
-164
-105
-109
-177
-247
-275
-279
-290
-311
-333
-364
-426
-524
-635
-734
-791
-793
-783
-814
-906
-985
-974
-879
-777
-732
-717
-665
-557
-420
-299
-203
-113
-11
105
217
294
317
295
266
262
289
335
375
412
457
515
591
692
823
947
1014
1004
967
951
965
988
1004
1004
978
923
858
816
808
809
785
721
613
469
319
208
179
221
276
277
202
81
-32
-102
-123
-128
-153
-221
-334
-461
-558
-604
-615
-618
-629
-644
-681
-749
-830
-870
-853
-828
-834
-856
-863
-870
-897
-933
-951
-954
-963
-977
-957
-874
-747
-632
-578
-595
-661
-744
-819
-876
-927
-992
-1074
-1154
-1196
-1173
-1078
-939
-799
-695
-621
-560
-503
-455
-398
-301
-152
21
169
253
282
302
371
516
689
836
944
1059
1198
1321
1368
1348
1311
1279
1223
1140
1059
1000
963
942
932
914
872
808
737
664
596
533
487
466
468
476
466
440
409
371
332
311
324
335
296
193
69
-24
-61
-56
-31
-4
16
28
32
43
66
103
141
164
155
98
-13
-161
-290
-341
-299
-212
-150
-141
-157
-159
-144
-143
-180
-249
-311
-320
-264
-171
-110
-114
-155
-189
-194
-189
-184
-201
-255
-328
-366
-334
-271
-240
-251
-243
-146
31
223
361
414
409
406
448
535
615
644
602
506
368
201
32
-88
-132
-140
-187
-296
-443
-578
-681
-732
-715
-653
-615
-667
-785
-864
-830
-701
-538
-370
-188
5
184
327
418
432
360
234
87
-78
-272
-467
-594
-611
-547
-489
-496
-551
-585
-554
-486
-443
-444
-440
-375
-255
-148
-94
-66
-14
76
173
234
227
164
102
84
67
-12
-156
-294
-371
-364
-298
-208
-136
-78
-11
93
239
402
547
630
637
584
522
490
505
557
641
745
848
901
876
785
678
604
578
593
611
595
520
404
277
153
27
-98
-191
-222
-192
-126
-41
39
72
19
-96
-195
-221
-179
-124
-107
-128
-140
-115
-75
-56
-57
-52
-41
-47
-88
-144
-184
-187
-157
-114
-79
-51
-9
42
70
49
-18
-95
-153
-174
-140
-67
11
50
34
-20
-70
-72
-19
56
110
124
94
22
-67
-120
-114
-65
-22
-15
-41
-85
-130
-177
-226
-246
-210
-113
11
124
211
274
312
304
246
173
134
134
145
153
160
157
139
105
87
90
104
110
100
88
76
43
-26
-106
-135
-104
-68
-88
-170
-280
-395
-480
-482
-378
-217
-77
22
112
212
298
341
333
287
242
245
303
366
356
237
46
-132
-249
-322
-387
-441
-457
-440
-450
-524
-630
-689
-659
-575
-495
-441
-404
-375
-359
-340
-321
-317
-339
-372
-348
-251
-142
-123
-208
-321
-380
-388
-383
-376
-329
-222
-105
-62
-119
-205
-223
-147
-25
88
178
244
285
304
321
344
359
360
356
364
361
332
280
234
232
273
334
389
448
498
528
544
573
614
639
619
565
507
475
467
443
361
230
115
74
110
177
229
237
211
171
141
112
81
53
63
123
210
264
243
163
94
99
166
219
199
98
-68
-264
-426
-488
-447
-367
-309
-264
-200
-116
-38
5
1
-55
-121
-128
-56
21
37
8
-20
-54
-126
-227
-301
-315
-302
-325
-399
-478
-517
-502
-434
-324
-198
-86
1
67
121
155
170
170
168
175
179
168
134
108
123
177
233
245
208
163
151
160
127
35
-75
-153
-179
-155
-64
80
234
332
354
324
281
255
257
286
317
308
244
153
74
24
-28
-98
-159
-186
-188
-212
-265
-323
-380
-443
-504
-534
-505
-428
-344
-309
-341
-425
-510
-568
-589
-596
-622
-675
-738
-784
-804
-789
-727
-610
-482
-404
-394
-408
-385
-316
-231
-163
-107
-39
47
137
207
267
300
265
157
38
-11
39
173
371
588
739
754
648
531
473
451
409
341
296
293
318
345
372
407
451
517
599
671
705
691
652
628
632
643
611
521
415
352
348
371
375
349
312
297
326
404
493
544
532
488
463
460
428
322
167
36
-36
-99
-202
-345
-480
-576
-619
-602
-538
-468
-443
-465
-487
-471
-441
-442
-475
-491
-466
-437
-446
-492
-540
-576
-593
-572
-498
-407
-361
-388
-439
-457
-453
-468
-486
-441
-321
-209
-179
-218
-262
-268
-249
-218
-169
-76
61
207
326
405
443
447
428
407
379
318
209
85
-23
-102
-158
-165
-91
59
223
328
354
336
326
346
383
424
462
475
434
349
263
197
134
55
-17
-54
-47
-21
0
-9
-68
-177
-295
-370
-385
-373
-382
-420
-454
-458
-444
-457
-515
-588
-634
-625
-571
-501
-454
-456
-480
-477
-414
-308
-195
-86
46
205
341
402
391
374
396
446
511
591
670
690
637
567
546
555
533
477
472
566
697
750
680
556
459
434
460
500
503
458
386
321
264
197
127
84
104
176
265
292
203
15
-172
-254
-223
-146
-106
-121
-169
-215
-243
-258
-272
-288
-278
-226
-152
-107
-122
-175
-222
-257
-312
-405
-514
-585
-590
-549
-495
-473
-501
-565
-614
-597
-526
-451
-424
-432
-438
-420
-385
-335
-264
-198
-163
-178
-204
-192
-128
-43
29
91
145
189
207
188
136
71
28
27
69
135
201
243
261
275
288
271
213
155
159
223
281
272
205
123
57
3
-44
-60
-19
73
175
237
241
187
94
-1
-46
-13
61
128
169
196
