80
34
53
82
57
-6
-26
41
127
143
83
22
45
156
274
296
178
-8
-137
-149
-98
-87
-148
-244
-312
-318
-291
-280
-315
-358
-358
-295
-198
-101
-24
22
35
28
30
52
57
13
-71
-155
-207
-214
-181
-135
-101
-82
-54
-7
56
124
170
157
63
-62
-125
-76
38
114
94
-7
-126
-212
-223
-162
-59
23
26
-48
-146
-201
-191
-134
-51
26
54
7
-77
-144
-178
-181
-140
-51
43
80
45
-22
-67
-60
-15
35
52
23
-9
19
121
228
247
158
43
0
48
115
126
87
48
46
79
108
99
56
40
98
178
207
185
202
292
383
394
322
229
134
39
-50
-97
-84
-31
24
56
70
85
97
71
-25
-184
-341
-418
-397
-347
-339
-365
-374
-342
-283
-216
-136
-55
2
19
6
-21
-39
-31
11
81
142
164
148
119
99
112
170
247
294
291
256
211
143
75
53
90
135
144
124
88
40
-5
-10
35
88
85
0
-132
-259
-344
-402
-467
-525
-519
-416
-247
-90
3
14
-41
-108
-145
-143
-132
-135
-144
-135
-83
-4
52
48
-19
-110
-167
-153
-88
-22
6
17
46
107
194
280
339
349
318
281
286
336
391
420
428
438
448
441
407
340
258
209
233
300
327
263
133
6
-66
-80
-65
-75
-127
-173
-166
-113
-76
-93
-141
-153
-84
53
178
204
110
-37
-133
-126
-39
70
163
223
241
196
89
-37
-120
-131
-105
-107
-177
-301
-424
-486
-472
-401
-311
-236
-193
-165
-128
-89
-71
-68
-68
-62
-64
-80
-104
-118
-125
-153
-212
-272
-283
-266
-269
-304
-320
-279
-199
-122
-82
-92
-140
-200
-232
-209
-140
-66
-29
-28
-23
21
97
168
201
186
126
40
-56
-152
-234
-289
-295
-248
-147
-10
128
224
248
213
169
151
163
169
151
117
97
123
181
217
178
84
4
-10
34
104
157
171
149
133
161
222
272
267
217
170
180
242
302
304
249
179
162
207
250
219
119
34
11
26
9
-55
-143
-198
-190
-125
-44
11
26
17
1
-14
-13
26
78
100
81
56
68
121
196
260
284
268
234
211
185
142
87
61
82
129
160
141
78
1
-40
-45
-45
-85
-174
-259
-264
-162
-20
74
96
90
104
146
199
243
243
181
77
-23
-94
-172
-294
-436
-521
-500
-412
-340
-349
-412
-454
-419
-331
-256
-230
-238
-238
-218
-179
-136
-97
-65
-46
-37
-41
-50
-64
-88
-120
-136
-108
-39
52
147
234
280
259
177
69
-29
-94
-96
-33
55
96
58
-52
-178
-260
-256
-185
-102
-54
-58
-83
-94
-78
-75
-122
-199
-211
-112
39
140
159
140
121
108
81
68
98
175
232
217
142
62
12
-23
-64
-119
-161
-159
-109
-68
-83
-152
-212
-199
-108
14
90
104
88
83
101
123
117
55
-57
-166
-225
-242
-245
-246
-224
-160
-55
71
169
199
160
99
45
6
-7
2
9
-26
-65
-41
75
235
361
404
364
305
296
366
470
536
521
453
393
381
395
372
287
168
87
78
115
150
164
159
141
128
141
176
197
173
131
106
110
111
76
31
7
3
-19
-55
-68
-69
-100
-180
-258
-292
-284
-268
-270
-265
-238
-182
-127
-91
-68
-34
21
83
140
170
169
148
135
137
147
145
114
49
-32
-109
-162
-195
-227
-261
-276
-259
-223
-201
-205
-218
-188
-105
-7
46
56
67
120
199
245
206
81
-67
-168
-206
-231
-278
-332
-344
-307
-266
-265
-293
-299
-276
-250
-250
-252
-224
-173
-139
-148
-175
-162
-92
-3
47
43
4
-41
-91
-147
-184
-176
-112
-38
-20
-91
-215
-327
-395
-434
-458
-454
-412
-335
-244
-174
-137
-116
-80
-26
6
-5
-47
-72
-48
25
110
155
142
100
76
81
81
54
6
-36
-54
-25
56
160
239
263
247
221
215
256
334
408
444
450
471
522
567
550
471
389
367
405
449
444
392
325
283
265
257
231
170
83
4
-33
-32
-26
-23
-10
26
83
127
120
60
3
5
50
94
110
113
111
108
97
67
25
-11
-8
30
81
127
192
280
358
382
346
292
256
256
289
328
324
263
190
172
198
198
124
-7
-139
-219
-234
-211
-173
-117
-26
71
99
19
-115
-215
-225
-199
-215
-309
-436
-509
-480
-371
-276
-271
-358
-472
-554
-592
-590
-551
-478
-409
-361
-323
-285
-262
-278
-314
-328
-296
-240
-181
-144
-139
-150
-148
-113
-60
-20
-21
-67
-151
-244
-333
-430
-535
-612
-590
-455
-274
-122
-19
46
77
65
22
-42
-112
-166
-181
-162
-145
-151
-192
-260
-337
-405
-458
-487
-471
-379
-213
-30
104
137
98
35
6
13
41
76
115
152
169
176
199
255
311
334
327
338
398
484
559
611
643
655
645
638
659
702
737
755
765
764
735
681
640
649
708
757
739
651
565
541
557
544
470
367
276
219
199
194
162
94
29
25
70
105
80
-2
-106
-211
-292
-328
-319
-302
-307
-331
-346
-343
-320
-286
-259
-267
-302
-326
-298
-223
-125
-33
32
53
30
-16
-70
-106
-114
-108
-102
-88
-34
66
171
241
281
329
393
459
499
502
457
356
202
42
-58
-58
12
79
88
26
-74
-180
-281
-402
-556
-726
-866
-956
-1016
-1058
-1075
-1086
-1136
-1242
-1359
-1434
-1448
-1417
-1339
-1221
-1090
-1003
-987
-1017
-1027
-971
-850
-694
-538
-418
-347
-306
-251
-171
-88
-16
59
162
296
436
564
673
773
885
1018
1152
1253
1304
1336
1388
1474
1567
1613
1565
1418
1204
991
829
725
648
547
391
196
3
-155
-269
-363
-477
-639
-851
-1071
-1248
-1334
-1326
-1247
-1132
-976
-772
-559
-389
-287
-203
-105
6
97
158
194
198
172
132
114
131
179
244
327
444
599
755
871
948
1029
1152
1324
1531
1755
1996
2252
2505
2693
2751
2667
2486
2276
2045
1768
1443
1125
857
632
407
172
-72
-324
-582
-838
-1101
-1394
-1695
-1943
-2108
-2259
-2454
-2656
-2748
-2669
-2466
-2233
-2006
-1770
-1534
-1370
-1349
-1464
-1621
-1716
-1715
-1666
-1624
-1602
-1562
-1460
-1280
-1050
-832
-669
-563
-488
-418
-314
-147
89
357
651
978
1350
1743
2119
2440
2685
2846
2914
2903
2855
2830
2850
2869
2829
2711
2546
2367
2173
1921
1573
1123
611
85
-410
-856
-1267
-1661
-2017
-2301
-2509
-2678
-2832
-2964
-3063
-3098
-3045
-2897
-2674
-2395
-2100
-1831
-1623
-1473
-1367
-1303
-1258
-1196
-1114
-1040
-988
-929
-829
-691
-543
-404
-279
-147
11
183
333
428
484
538
650
843
1115
1398
1627
1793
1933
2093
2288
2518
2767
2980
3103
3124
3100
3101
3124
3103
2982
2765
2505
2240
1992
1749
1483
1175
826
469
122
-209
-547
-907
-1289
-1698
-2128
-2554
-2894
-3089
-3132
-3073
-2947
-2764
-2526
-2243
-1940
-1644
-1359
-1080
-820
-615
-499
-464
-460
-435
-380
-318
-263
-189
-63
108
274
396
475
509
499
447
378
314
285
320
420
544
653
751
862
1022
1228
1451
1637
1754
1817
1873
1941
1993
2003
1970
1922
1863
1759
1563
1270
913
524
139
-214
-512
-758
-952
-1096
-1221
-1387
-1646
-1985
-2328
-2602
-2773
-2850
-2847
-2764
-2595
-2343
-2030
-1702
-1396
-1108
-816
-536
-311
-175
-126
-145
-208
-274
-299
-280
-238
-202
-186
-189
-209
-257
-351
-482
-595
-619
-527
-353
-160
-2
104
181
281
457
717
1025
1320
1568
1766
1927
2081
2229
2348
2395
2353
2262
2185
2156
2147
2097
1945
1686
1365
1058
792
539
251
-60
-337
-559
-772
-1057
-1417
-1757
-1966
-2031
-2030
-2042
-2062
-2027
-1886
-1612
-1211
-730
-267
74
230
223
110
-46
-203
-330
-413
-462
-509
-549
-551
-499
-434
-420
-471
-563
-652
-718
-741
-690
-533
-279
10
286
552
830
1101
1333
1519
1671
1793
1897
1992
2112
2277
2481
2648
2684
2558
2314
2027
1746
1497
1271
1045
790
506
224
-32
-261
-502
-781
-1109
-1477
-1850
-2175
-2410
-2551
-2607
-2561
-2412
-2198
-1964
-1712
-1427
-1138
-902
-749
-670
-666
-751
-905
-1054
-1142
-1188
-1234
-1283
-1280
-1177
-982
-766
-613
-556
-574
-618
-651
-637
-572
-454
-297
-88
185
525
916
1302
1625
1871
2089
2311
2513
2662
2742
2759
2719
2647
2583
2520
2421
2235
1947
1581
1192
844
531
221
-96
-382
-624
-862
-1126
-1421
-1729
-2031
-2303
-2489
-2564
-2515
-2352
-2080
-1718
-1313
-896
-496
-156
66
172
200
181
103
-33
-211
-394
-539
-607
-601
-569
-586
-699
-882
-1071
-1187
-1205
-1128
-978
-773
-530
-253
65
414
762
1075
1373
1693
2021
2286
2439
2511
2571
2645
2695
2671
2568
2443
2327
2187
1950
1601
1195
801
440
97
-219
-471
-648
-809
-1045
-1397
-1795
-2116
-2279
-2316
-2313
-2301
-2237
-2054
-1767
-1436
-1109
-787
-461
-156
82
211
221
117
-78
-339
-620
-880
-1086
-1240
-1331
-1341
-1289
-1230
-1197
-1189
-1210
-1257
-1257
-1131
-872
-545
-201
146
505
890
1304
1724
2089
2369
2613
2875
3157
3406
3565
3611
3548
3409
3231
3024
2752
2383
1935
1480
1073
699
315
-102
-518
-906
-1254
-1576
-1889
-2185
-2422
-2575
-2673
-2764
-2833
-2809
-2651
-2388
-2088
-1770
-1412
-1008
-630
-377
-302
-376
-543
-779
-1085
-1440
-1774
-2005
-2104
-2090
-2002
-1880
-1764
-1684
-1639
-1604
-1538
-1376
-1078
-669
-223
206
629
1085
1576
2075
2535
2931
3236
3455
3625
3770
3889
3943
3906
3800
3665
3508
3280
2935
2499
2050
1645
1246
810
344
-83
-432
-739
-1081
-1508
-1996
-2462
-2816
-3044
-3187
-3270
-3251
-3084
-2769
-2369
-1934
-1485
-1037
-634
-334
-173
-148
-233
-384
-588
-845
-1129
-1359
-1496
-1584
-1676
-1777
-1847
-1874
-1848
-1758
-1605
-1383
-1078
-690
-248
231
777
1396
2014
2541
2955
3307
3612
3838
3958
3990
3961
3876
3715
3500
3288
3114
2938
2669
2251
1713
1127
541
-64
-694
-1290
-1750
-2060
-2314
-2602
-2907
-3150
-3301
-3387
-3411
-3326
-3091
-2712
-2213
-1625
-1003
-421
46
380
584
673
636
462
140
-308
-796
-1209
-1475
-1607
-1648
-1624
-1543
-1442
-1367
-1329
-1319
-1308
-1258
-1116
-846
-438
93
737
1474
2247
2956
3510
3873
4056
4129
4172
4206
4161
3954
3608
3214
2830
2431
1977
1462
925
401
-107
-633
-1169
-1643
-1992
-2240
-2482
-2764
-3054
-3276
-3399
-3414
-3303
-3036
-2609
-2070
-1470
-855
-255
284
699
922
946
850
728
570
279
-197
-752
-1226
-1549
-1777
-1973
-2120
-2164
-2101
-1995
-1922
-1903
-1890
-1800
-1582
-1209
-670
31
791
1435
1849
2163
2711
3671
4850
5740
5979
5577
4838
4087
3457
2888
2192
1265
225
-649
-1117
-1227
-1209
-1327
-1657
-2151
-2744
-3390
-4042
-4565
-4823
-4736
-4301
-3537
-2477
-1217
87
1256
2167
2781
3104
3146
2900
2383
1677
910
173
-528
-1211
-1823
-2283
-2568
-2745
-2847
-2830
-2673
-2462
-2324
-2278
-2209
-1956
-1445
-705
208
1260
2421
3595
4668
5544
6181
6594
6811
6805
6445
5608
4344
2896
1511
227
-1056
-2370
-3550
-4388
-4804
-4890
-4771
-4505
-4101
-3636
-3252
-3047
-2972
-2874
-2627
-2193
-1580
-755
321
1597
2877
3927
4603
4853
4654
3987
2869
1381
-337
-2095
-3689
-4938
-5706
-5936
-5692
-5141
-4446
-3690
-2908
-2150
-1482
-938
-463
41
641
1357
2211
3244
4465
5804
7084
8083
8641
8784
8614
8092
6992
5184
2869
447
-1828
-3924
-5832
-7364
-8264
-8446
-8064
-7340
-6364
-5121
-3708
-2404
-1457
-882
-453
36
645
1354
2205
3305
4639
5986
7007
7460
7275
6441
4929
2765
174
-2468
-4839
-6763
-8151
-8874
-8843
-8122
-6959
-5609
-4192
-2752
-1388
-266
588
1346
2224
3268
4365
5429
6508
7682
8876
9824
10227
10014
9337
8301
6751
4472
1562
-1532
-4386
-6848
-8936
-10568
-11508
-11562
-10793
-9505
-7959
-6221
-4298
-2381
-757
460
1431
2381
3411
4469
5492
6488
7473
8308
8666
8228
6892
4785
2088
-1011
-4200
-7063
-9271
-10705
-11358
-11214
-10295
-8754
-6864
-4898
-3033
-1353
124
1401
2530
3622
4791
6052
7323
8518
9588
10481
11066
11153
10628
9589
8181
6367
3924
838
-2502
-5576
-8107
-10086
-11514
-12231
-12035
-10920
-9172
-7151
-5038
-2891
-877
689
1680
2315
2978
3869
4951
6095
7230
8276
9046
9218
8484
6747
4163
989
-2508
-5980
-8990
-11119
-12160
-12082
-10998
-9116
-6797
-4400
-2180
-230
1420
2704
3585
4154
4668
5337
6174
7050
7885
8707
9516
10139
10283
9743
8633
7230
5624
3547
798
-2364
-5361
-7815
-9704
-11077
-11774
-11512
-10214
-8195
-5950
-3754
-1619
352
1819
2548
2729
2814
3090
3581
4252
5133
6207
7195
7634
7139
5635
3303
371
-2935
-6283
-9178
-11145
-11968
-11684
-10419
-8330
-5742
-3147
-979
640
1873
2904
3754
4391
4924
5572
6398
7174
7643
7823
7951
8109
8045
7462
6443
5378
4396
3093
1060
-1507
-3997
-6062
-7811
-9358
-10467
-10694
-9845
-8198
-6245
-4213
-2050
110
1743
2449
2454
2386
2597
3020
3544
4257
5240
6237
6686
6081
4356
1831
-1142
-4360
-7517
-10043
-11401
-11475
-10524
-8855
-6661
-4161
-1714
275
1618
2479
3172
3820
4322
4663
5077
5806
6726
7470
7787
7778
7637
7357
6721
5729
4747
4058
3325
1890
-391
-2981
-5296
-7235
-8887
-10096
-10399
-9494
-7596
-5318
-3108
-1007
980
2478
3040
2769
2332
2295
2715
3389
4252
5367
6559
7305
7002
5430
2858
-265
-3644
-7011
-9849
-11517
-11737
-10754
-8973
-6648
-3960
-1256
993
2487
3330
3897
4460
5012
5470
5947
6598
7286
7640
7491
7087
6751
6485
6017
5316
4718
4411
3943
2622
338
-2328
-4800
-6973
-8886
-10279
-10615
-9615
-7578
-5186
-2902
-802
1066
2321
2620
2168
1644
1563
1970
2722
3781
5111
6362
6890
6137
4035
992
-2442
-5871
-8942
-11173
-12080
-11566
-9973
-7777
-5311
-2830
-647
953
1929
2543
3158
3960
4870
5720
6449
7065
7425
7266
6530
5563
4843
4491
4245
3956
3840
4028
4019
3052
911
-1845
-4554
-6960
-9021
-10429
-10645
-9402
-7112
-4574
-2316
-376
1269
2288
2334
1622
914
837
1486
2608
3978
5387
6467
6667
5548
3136
-57
-3423
-6606
-9361
-11254
-11808
-10971
-9155
-6873
-4446
-2083
-2
1599
2677
3460
4320
5444
6668
7669
8280
8489
8259
7476
6186
4764
3689
3125
2880
2856
3167
3696
3781
2735
504
-2325
-5103
-7436
-9122
-9892
-9426
-7645
-5011
-2305
-111
1423
2325
2521
2053
1362
1131
1764
3120
4740
6198
7190
7433
6583
4387
996
-2937
-6602
-9487
-11344
-11980
-11294
-9529
-7228
-4911
-2887
-1244
85
1227
2269
3326
4586
6144
7773
8993
9439
9051
7977
6384
4546
2918
1949
1719
2005
2637
3498
4142
3801
2068
-723
-3826
-6640
-8805
-10033
-10038
-8681
-6220
-3382
-958
683
1584
1801
1337
474
-133
111
1307
3104
5009
6592
7487
7329
5804
2860
-1075
-5192
-8704
-11158
-12372
-12259
-10917
-8743
-6311
-4069
-2222
-765
457
1608
2779
4044
5507
7133
8598
9439
9352
8345
6639
4553
2536
1131
685
1071
1923
3006
4087
4559
3707
1429
-1643
-4724
-7321
-9117
-9791
-9112
-7191
-4600
-2150
-420
505
788
514
-169
-806
-749
329
2228
4408
6331
7575
7804
6774
4414
953
-3045
-6808
-9665
-11269
-11617
-10930
-9536
-7755
-5847
-4029
-2491
-1202
134
1798
3765
5776
7632
9221
10306
10485
9522
7647
5396
3295
1718
940
1052
1896
3192
4554
5351
4862
2883
-76
-3204
-5937
-7916
-8819
-8400
-6740
-4297
-1791
117
1095
1234
839
224
-281
-310
426
1932
3937
5951
7397
7807
7000
5049
2134
-1441
-5138
-8281
-10381
-11292
-11153
-10251
-8915
-7375
-5761
-4190
-2748
-1331
343
2427
4723
6840
8505
9589
9921
9264
7617
5391
3218
1622
889
1035
1769
2748
3763
4557
4527
3136
550
-2436
-5054
-6941
-7954
-7965
-6900
-4989
-2831
-1121
-196
69
-17
-258
-504
-470
198
1629
3560
5531
7077
7783
7333
5661
3014
-189
-3501
-6510
-8873
-10389
-11009
-10836
-10091
-9018
-7756
-6343
-4787
-3084
-1156
1077
3523
5863
7722
8900
9323
8940
7751
6019
4172
2572
1455
1023
1280
1900
2543
3078
3272
2606
806
-1705
-4122
-5881
-6776
-6812
-6054
-4655
-2913
-1319
-319
-16
-159
-415
-551
-363
355
1707
3549
5505
7100
7932
7742
6486
4294
1401
-1862
-5020
-7592
-9311
-10137
-10143
-9475
-8382
-7092
-5684
-4133
-2430
-590
1361
3359
5268
6922
8166
8850
8793
7866
6211
4311
2653
1491
935
1090
1795
2644
3334
3739
3519
2189
-232
-3033
-5345
-6690
-6975
-6381
-5167
-3607
-1968
-641
31
13
-407
-868
-1114
-936
-133
1382
3447
5651
7434
8308
8017
6600
4211
1036
-2534
-5847
-8311
-9740
-10238
-9932
-8938
-7478
-5803
-4108
-2465
-841
849
2609
4318
5838
7064
7900
8162
7639
6305
4488
2705
1309
445
269
873
1978
3106
3982
4436
4006
2238
-630
-3700
-6118
-7518
-7881
-7305
-5954
-4112
-2221
-807
-183
-264
-707
-1223
-1585
-1498
-654
952
2983
4964
6459
7099
6670
5196
2813
-259
-3600
-6597
-8750
-9886
-10020
-9265
-7878
-6258
-4710
-3303
-1920
-458
1091
2661
4217
5745
7134
8096
8283
7512
5922
3940
2013
420
-574
-605
426
2004
3489
4644
5373
5166
3492
585
-2613
-5254
-7019
-7883
-7819
-6795
-5064
-3216
-1886
-1322
-1327
-1565
-1787
-1762
-1214
40
1911
4076
6096
7491
7853
6998
5013
2158
-1169
-4423
-7050
-8723
-9391
-9150
-8168
-6687
-5021
-3460
-2154
-985
321
1911
3637
5269
6702
7867
8537
8369
7199
5288
3161
1239
-254
-975
-459
1275
3402
5081
6175
6774
6410
4506
1324
-2082
-4793
-6534
-7377
-7381
-6521
-5012
-3481
-2636
-2599
-2899
-3044
-2958
-2650
-1879
-360
1819
4169
6131
7342
7623
6878
5070
2307
-991
-4197
-6797
-8599
-9560
-9615
-8748
-7161
-5250
-3427
-1862
-415
1149
2818
4343
5596
6678
7616
8079
7641
6218
4226
2187
386
-1015
-1580
-789
1285
3773
5801
7196
8041
7903
6103
2732
-1158
-4458
-6733
-8041
-8441
-7873
-6491
-4888
-3786
-3411
-3418
-3429
-3397
-3271
-2701
-1323
776
3093
5109
6505
7074
6611
5003
2365
-897
-4224
-7098
-9192
-10307
-10342
-9375
-7719
-5793
-3949
-2342
-873
653
2264
3787
5120
6328
7371
7901
7510
6115
4056
1803
-282
-1830
-2328
-1356
945
3850
6541
8612
9901
10039
8488
5265
1228
-2540
-5442
-7346
-8213
-8041
-7018
-5599
-4339
-3603
-3355
-3365
-3422
-3337
-2787
-1459
630
3071
5334
7008
7810
7496
5950
3315
-33
-3593
-6811
-9172
-10377
-10433
-9568
-8058
-6195
-4292
-2604
-1171
203
1693
3257
4735
6091
7288
8026
7837
6575
4589
2394
360
-1147
-1660
-844
1225
4056
6939
9217
10536
10741
9605
6951
3154
-888
-4318
-6691
-7888
-8012
-7359
-6310
-5217
-4371
-3906
-3757
-3688
-3414
-2679
-1351
526
2730
4905
6641
7523
7259
5819
3460
501
-2810
-6091
-8736
-10235
-10528
-9918
-8698
-7044
-5151
-3385
-2052
-1067
-3
1402
2979
4410
5565
6368
6578
5933
4452
2448
357
-1336
-2128
-1689
-32
2538
5537
8354
10339
11132
10734
9255
6688
3200
-649
-4076
-6509
-7788
-8130
-7884
-7294
-6441
-5477
-4637
-4017
-3456
-2719
-1729
-513
913
2539
4204
5534
6118
5777
4569
2610
-6
-3008
-5899
-8165
-9502
-9874
-9405
-8274
-6633
-4713
-2862
-1366
-208
849
1943
3019
3990
4779
5220
5084
4302
3070
1694
418
-548
-933
-507
785
2804
5289
7860
10009
11230
11247
10136
8123
5333
1930
-1612
-4609
-6658
-7810
-8280
-8138
-7397
-6211
-4915
-3790
-2861
-1966
-1003
-5
1026
2171
3363
4331
4840
4820
4160
2703
552
-1897
-4288
-6407
-7993
-8776
-8699
-7933
-6721
-5316
-3876
-2433
-1043
92
889
1571
2372
3170
3627
3566
3083
2385
1588
742
5
-284
172
1368
3051
4937
6875
8752
10280
10986
10637
9496
7855
5526
2266
-1538
-5004
-7493
-8937
-9564
-9500
-8634
-6941
-4837
-2966
-1588
-507
425
1092
1383
1467
1665
2137
2706
3010
2824
2159
1086
-436
-2431
-4649
-6554
-7674
-7965
-7695
-7008
-5784
-3984
-2015
-520
168
306
393
626
831
884
978
1355
1898
2252
2267
2178
2285
2615
3015
3510
4378
5815
7608
9236
10210
10313
9599
8166
5927
2719
-1199
-5026
-7931
-9572
-10034
-9486
-8050
-5974
-3712
-1788
-519
98
260
215
163
246
580
1240
2136
2978
3440
3339
2627
1316
-502
-2572
-4500
-5894
-6560
-6542
-5984
-5002
-3730
-2422
-1429
-978
-1010
-1221
-1278
-1004
-365
594
1747
2814
3509
3741
3643
3380
3070
2930
3225
4041
5180
6394
7569
8587
9146
8863
7668
5884
3821
1387
-1589
-4759
-7347
-8815
-9166
-8622
-7376
-5664
-3870
-2383
-1463
-1137
-1243
-1527
-1778
-1791
-1376
-482
736
2038
3210
4003
4146
3477
2038
57
-2091
-3972
-5282
-5944
-5998
-5509
-4650
-3716
-2989
-2576
-2437
-2411
-2250
-1705
-695
676
2158
3455
4348
4776
4801
4503
4023
3603
3471
3683
4110
4591
5032
5386
5619
5654
5347
4607
3624
2746
1895
503
-1682
-4070
-5866
-6918
-7501
-7681
-7259
-6206
-4840
-3663
-3028
-2884
-2847
-2639
-2257
-1638
-502
1276
3311
4964
5846
5951
5400
4203
2325
-48
-2384
-4134
-5145
-5622
-5722
-5398
-4674
-3834
-3184
-2738
-2280
-1632
-782
258
1543
3073
4655
5958
6681
6750
6300
5490
4406
3198
2167
1596
1514
1712
1970
2292
2893
3868
4916
5533
5560
5265
4784
3694
1474
-1717
-5007
-7532
-9022
-9715
-9831
-9262
-7869
-5936
-4123
-2856
-2029
-1345
-744
-317
49
719
1923
3453
4816
5654
5893
5539
4484
2604
59
-2621
-4804
-6155
-6708
-6641
-6097
-5168
-3964
-2653
-1487
-586
214
1209
2505
3918
5122
5834
5956
5537
4612
3181
1425
-247
-1423
-1861
-1520
-541
818
2359
3900
5184
5992
6253
5963
5110
3859
2501
1097
-623
-2836
-5302
-7538
-9101
-9790
-9628
-8772
-7397
-5715
-4064
-2756
-1847
-1137
-403
436
1383
2465
3686
4911
5848
6232
5971
5095
3668
1780
-398
-2596
-4476
-5747
-6310
-6171
-5365
-4015
-2442
-979
234
1159
1719
1935
2041
2301
2746
3176
3377
3298
3040
2677
2173
1520
903
588
643
934
1324
1784
2280
2708
2959
3043
3054
2969
2572
1698
629
-110
-401
-800
-1877
-3503
-4966
-5733
-5886
-5795
-5579
-4974
-3786
-2311
-1129
-466
-22
513
984
1108
1020
1192
1822
2637
3251
3546
3658
3678
3432
2629
1269
-251
-1526
-2511
-3349
-4029
-4369
-4276
-3832
-3147
-2227
-1062
243
1491
2538
3392
4068
4418
4230
3464
2350
1201
249
-381
-656
-638
-442
-198
-61
-197
-649
-1252
-1706
-1693
-980
404
2120
3732
4961
5738
5997
5546
4116
1665
-1327
-3990
-5660
-6344
-6483
-6413
-6120
-5545
-4886
-4456
-4248
-3866
-2948
-1514
213
2146
4295
6488
8273
9139
8800
7310
4952
2092
-866
-3506
-5437
-6405
-6389
-5594
-4355
-2966
-1668
-700
-227
-180
-290
-310
-151
190
716
1390
2025
2318
2031
1188
10
-1262
-2498
-3572
-4204
-4102
-3223
-1886
-442
919
2117
3055
3735
4320
5015
5878
6690
7066
6780
6040
5204
4229
2585
-110
-3520
-6729
-8915
-9865
-9835
-9061
-7533
-5333
-2892
-802
686
1693
2406
2849
2964
2889
2959
3382
3988
4457
4672
4688
4421
3632
2200
282
-1748
-3486
-4668
-5248
-5325
-5037
-4538
-4011
-3588
-3277
-2996
-2688
-2341
-1920
-1316
-418
735
1921
2854
3354
3360
2906
2133
1284
551
-44
-529
-800
-636
47
1059
2124
3128
4116
5069
5843
6301
6356
5891
4868
3521
2291
1464
905
213
-950
-2453
-3816
-4599
-4802
-4679
-4409
-3982
-3342
-2552
-1783
-1197
-746
-265
346
1031
1762
2572
3455
4320
5016
5357
5157
4306
2773
506
-2436
-5571
-8136
-9644
-10140
-9807
-8633
-6632
-4173
-1838
6
1367
2420
3193
3522
3309
2752
2169
1644
951
-44
-1092
-1768
-1936
-1822
-1656
-1369
-798
-30
555
696
590
725
1385
2405
3458
4437
5432
6370
6927
6836
6172
5252
4324
3446
2635
1847
882
-636
-2757
-5000
-6638
-7327
-7210
-6590
-5623
-4325
-2863
-1645
-1120
-1294
-1720
-1932
-1901
-1792
-1459
-509
1139
2979
4350
4925
4743
3886
2277
-69
-2690
-4782
-5855
-6059
-5773
-5148
-4171
-3003
-1959
-1316
-1086
-957
-525
315
1313
2250
3072
3688
3847
3387
2380
1085
-175
-1105
-1556
-1499
-986
-184
651
1347
1848
2136
2225
2272
2539
3200
4219
5361
6368
7148
7709
7927
7557
6572
5323
4236
3459
2718
1503
-557
-3274
-5986
-8044
-9234
-9681
-9529
-8794
-7509
-5914
-4384
-3138
-2092
-1079
-107
774
1662
2710
3854
4804
5286
5190
4555
3463
2044
481
-999
-2201
-3019
-3457
-3557
-3357
-2890
-2251
-1639
-1237
-1087
-1102
-1180
-1281
-1407
-1589
-1853
-2164
-2408
-2487
-2405
-2228
-1948
-1452
-664
347
1417
2453
3456
4347
4887
4889
4442
3872
3442
3217
3139
3162
3290
3468
3556
3499
3436
3472
3401
2904
1995
1070
490
259
1
-790
-2395
-4534
-6587
-8081
-8987
-9415
-9304
-8514
-7092
-5367
-3665
-2133
-723
564
1607
2318
2851
3489
4324
5207
5964
6497
6644
6179
4949
2978
457
-2229
-4639
-6533
-7855
-8524
-8446
-7715
-6585
-5269
-3910
-2622
-1469
-421
553
1453
2244
2839
3144
3140
2861
2337
1665
1053
712
753
1197
1983
2907
3666
4051
4050
3753
3242
2631
2116
1900
2064
2530
3125
3685
4131
4443
4537
4259
3601
2817
2206
1859
1698
1606
1408
758
-724
-3073
-5820
-8243
-9815
-10359
-9875
-8389
-6020
-3178
-496
1455
2519
2891
2875
2691
2572
2813
3588
4757
5887
6509
6330
5295
3512
1142
-1625
-4500
-7066
-8898
-9748
-9618
-8703
-7296
-5659
-3976
-2424
-1199
-416
48
467
1021
1664
2241
2676
2943
3009
2765
2117
1129
132
-392
-218
454
1226
1873
2330
2556
2532
2296
1931
1533
1255
1201
1346
1610
1984
2446
2905
3281
3501
3445
3036
2448
2003
1877
1997
2210
2308
1998
948
-930
-3327
-5637
-7357
-8382
-8855
-8833
-8153
-6727
-4781
-2800
-1178
55
1103
2075
2851
3331
3607
3862
4142
4289
4061
3334
2184
759
-896
-2780
-4754
-6483
-7665
-8190
-8136
-7621
-6681
-5357
-3808
-2333
-1181
-370
292
999
1758
2417
2818
2910
2722
2243
1428
347
-650
-1134
-901
-76
1111
2485
3866
4996
5668
5898
5891
5829
5751
5592
5323
4994
4627
4118
3325
2298
1375
916
1005
1412
1852
2214
2565
2957
3297
3395
3117
2368
1040
-833
-2900
-4690
-6056
-7168
-8120
-8689
-8581
-7701
-6220
-4494
-2822
-1299
135
1371
2179
2538
2733
2994
3214
3192
2855
2246
1321
-52
-1953
-4238
-6493
-8235
-9148
-9134
-8244
-6688
-4855
-3122
-1661
-504
319
804
1116
1470
1980
2602
3187
3522
3449
3013
2387
1731
1164
898
1122
1843
2850
3858
4644
5087
5165
4895
4340
3641
2992
2511
2196
2024
1985
1992
1874
1584
1302
1266
1533
1911
2156
2204
2183
2208
2168
1813
1035
-74
-1426
-3129
-5246
-7505
-9347
-10343
-10505
-10088
-9263
-7946
-6060
-3758
-1468
413
1698
2415
2627
2414
1918
1365
992
952
1270
1792
2243
2397
2202
1740
1039
61
-1139
-2316
-3169
-3543
-3487
-3197
-2889
-2673
-2559
-2537
-2592
-2584
-2204
-1197
456
2481
4449
5916
6614
6546
5879
4826
3641
2643
2027
1733
1550
1356
1129
789
206
-585
-1268
-1464
-1046
-169
969
2282
3682
4949
5828
6240
6244
5906
5234
4266
3053
1601
-59
-1779
-3295
-4400
-4974
-5022
-4727
-4501
-4741
-5415
-6051
-6124
-5548
-4605
-3644
-2813
-2062
-1304
-554
4
248
323
549
1072
1711
2274
2787
3435
4252
5000
5253
4699
3416
1762
53
-1649
-3314
-4733
-5631
-5887
-5710
-5505
-5605
-5967
-6218
-6061
-5501
-4640
-3376
-1519
872
3412
5581
6994
7516
7240
6362
5080
3667
2513
1927
1915
2124
2173
1913
1500
1149
908
723
630
873
1651
2884
4206
5226
5724
5642
4973
3736
2097
448
-769
-1338
-1377
-1129
-786
-496
-348
-351
-491
-824
-1410
-2268
-3491
-5138
-6977
-8435
-9135
-9161
-8868
-8448
-7801
-6712
-5066
-3074
-1086
718
2443
4094
5405
6108
6242
6095
5899
5689
5269
4371
2883
929
-1269
-3547
-5706
-7441
-8417
-8486
-7737
-6491
-5139
-3930
-2858
-1772
-584
713
2149
3819
5735
7633
9021
9504
9052
7933
6443
4814
3304
2247
1828
1924
2154
2168
1838
1263
608
13
-384
-419
-12
661
1235
1426
1210
719
60
-711
-1510
-2201
-2667
-2868
-2850
-2689
-2407
-2017
-1667
-1593
-1889
-2372
-2793
-3055
-3237
-3492
-4000
-4798
-5633
-6087
-5862
-4973
-3650
-2173
-680
793
2207
3324
3871
3808
3444
3200
3272
3594
3997
4402
4759
4909
4586
3645
2247
806
-301
-967
-1325
-1562
-1739
-1867
-2034
-2378
-2891
-3376
-3583
-3351
-2690
-1761
-788
124
983
1799
2550
3240
3826
4134
3975
3372
2582
1877
1368
1021
728
397
5
-370
-653
-895
-1226
-1694
-2197
-2616
-2911
-3101
-3173
-3075
-2759
-2211
-1464
-587
330
1219
2009
2570
2838
2887
2885
2876
2814
2696
2588
2464
2194
1636
658
-845
-2731
-4500
-5542
-5562
-4670
-3269
-1817
-620
289
994
1392
1313
841
438
540
1191
2026
2616
2869
3059
3436
3796
3629
2656
1104
-563
-2080
-3459
-4752
-5861
-6614
-6939
-6904
-6597
-6073
-5371
-4538
-3581
-2496
-1274
62
1497
2998
4461
5662
6331
6297
5626
4652
3795
3307
3126
3056
2916
2610
2098
1399
611
-109
-597
-750
-586
-261
36
202
249
269
347
526
758
900
773
331
-253
-687
-803
-681
-496
-329
-126
154
432
550
416
21
-660
-1745
-3193
-4625
-5482
-5539
-5050
-4455
-3968
-3553
-3065
-2429
-1654
-812
63
1035
2146
3303
4271
4884
5146
5210
5192
5032
4530
3575
2294
918
-399
-1622
-2717
-3616
-4240
-4558
-4596
-4398
-4000
-3436
-2737
-1905
-895
325
1664
2963
4085
4947
5428
5383
4741
3652
2487
1709
1529
1745
1870
1517
612
-637
-1915
-2956
-3663
-4089
-4294
-4263
-3972
-3500
-2983
-2463
-1864
-1165
-482
19
303
498
777
1219
1710
2021
1976
1615
1159
827
699
750
961
1336
1778
2000
1633
574
-825
-1898
-2224
-1933
-1502
-1186
-841
-219
670
1546
2100
2196
1990
1841
2037
2499
2944
3243
3515
3814
3928
3530
2461
847
-948
-2509
-3586
-4202
-4554
-4804
-4966
-5018
-5062
-5264
-5589
-5719
-5320
-4331
-2990
-1617
-437
509
1257
1734
1761
1350
854
720
1134
1921
2706
3164
3184
2876
2404
1881
1365
920
561
256
-1
-192
-334
-487
-656
-764
-691
-396
58
554
1061
1634
2276
2843
3145
3111
2852
2542
2286
2073
1861
1630
1368
1030
479
-467
-1848
-3334
-4337
-4446
-3761
-2764
-1936
-1470
-1296
-1241
-1209
-1186
-1159
-1067
-820
-343
319
977
1398
1519
1473
1415
1332
1133
811
430
9
-514
-1170
-1962
-2876
-3870
-4787
-5383
-5432
-4868
-3852
-2635
-1386
-149
1022
1988
2594
2791
2694
2568
2668
3084
3713
4380
4888
5052
4755
4085
3269
2502
1793
1036
165
-784
-1755
-2738
-3694
-4473
-4871
-4751
-4113
-3089
-1894
-731
294
1157
1878
2492
3036
3461
3666
3583
3279
2903
2547
2181
1706
1086
359
-459
-1428
-2549
-3610
-4245
-4209
-3619
-2860
-2299
-1983
-1664
-1049
-75
1066
2083
2782
3150
3328
3425
3391
3103
2610
2194
2077
2189
2195
1825
1062
86
-930
-1916
-2826
-3569
-4035
-4163
-4016
-3774
-3670
-3848
-4251
-4653
-4797
-4521
-3810
-2810
-1753
-791
138
1196
2381
3438
4055
4112
3749
3272
2940
2796
2671
2371
1866
1244
640
134
-294
-731
-1172
-1471
-1497
-1365
-1370
-1707
-2219
-2528
-2331
-1587
-477
781
1998
3039
3812
4287
4483
4424
4112
3602
3019
2475
1943
1284
412
-561
-1412
-2000
-2428
-2911
-3532
-4107
-4321
-3981
-3183
-2247
-1517
-1120
-927
-695
-256
403
1192
2001
2769
3459
3982
4127
3661
2512
897
-813
-2278
-3350
-4091
-4665
-5166
-5530
-5668
-5618
-5494
-5291
-4827
-3901
-2531
-973
445
1559
2441
3315
4321
5363
6139
6370
6025
5350
4668
4149
3736
3268
2651
1921
1160
428
-262
-937
-1624
-2237
-2585
-2533
-2216
-1952
-1949
-2096
-2077
-1660
-865
123
1098
1908
2468
2808
3021
3160
3219
3191
3109
2959
2634
1983
937
-392
-1697
-2633
-3077
-3229
-3398
-3686
-3900
-3747
-3113
-2175
-1263
-629
-306
-114
192
785
1660
2647
3486
3948
3976
3689
3217
2552
1649
627
-241
-799
-1139
-1490
-2023
-2756
-3628
-4524
-5310
-5834
-5962
-5650
-4975
-4100
-3215
-2476
-1908
-1326
-452
820
2269
3462
4093
4188
4041
3895
3758
3517
3132
2664
2168
1640
1055
420
-245
-948
-1679
-2301
-2593
-2475
-2148
-1877
-1642
-1149
-182
1108
2301
3038
3268
3199
3073
2975
2830
2539
2100
1630
1235
930
625
220
-332
-963
-1485
-1678
-1498
-1183
-1051
-1212
-1463
-1548
-1395
-1133
-959
-999
-1246
-1539
-1642
-1403
-895
-388
-158
-266
-538
-733
-749
-691
-722
-897
-1104
-1216
-1269
-1430
-1832
-2442
-3086
-3525
-3567
-3182
-2526
-1828
-1249
-853
-607
-361
104
924
2015
3100
3826
3944
3477
2763
2262
2234
2595
3042
3324
3381
3285
3136
2994
2867
2725
2503
2152
1670
1123
616
238
61
115
394
769
1021
970
579
-25
-640
-1057
-1204
-1151
-987
-717
-356
-37
89
0
-198
-401
-537
-508
-240
173
445
322
-183
-792
-1187
-1256
-1154
-1135
-1305
-1539
-1664
-1634
-1512
-1310
-995
-647
-500
-745
-1319
-1912
-2209
-2105
-1715
-1229
-788
-501
-484
-792
-1285
-1663
-1691
-1350
-756
-24
716
1280
1480
1238
647
-39
-508
-545
-207
229
457
376
148
65
363
1066
1949
2630
2794
2406
1749
1226
1090
1302
1607
1695
1393
762
85
-338
-374
-121
174
288
158
-98
-343
-524
-647
-666
-562
-408
-298
-231
-124
47
211
250
108
-140
-325
-341
-204
4
212
326
235
-89
-519
-851
-971
-971
-1075
-1427
-1931
-2345
-2503
-2428
-2248
-2037
-1771
-1454
-1199
-1111
-1119
-1006
-689
-297
-40
16
-42
-65
54
313
612
820
888
851
761
689
712
873
1118
1345
1511
1653
1825
2055
2302
2444
2364
2093
1825
1730
1812
1918
1881
1650
1328
1080
1004
1097
1275
1418
1418
1215
859
509
340
386
484
424
129
-325
-789
-1141
-1315
-1345
-1329
-1371
-1493
-1645
-1722
-1625
-1335
-918
-496
-160
49
138
123
3
-195
-389
-480
-433
-318
-263
-362
-596
-824
-900
-797
-628
-547
-640
-879
-1134
-1297
-1348
-1329
-1247
-1097
-944
-887
-935
-974
-864
-591
-251
29
176
198
140
88
148
417
939
1619
2221
2474
2269
1714
1025
414
21
-106
-51
10
-85
-392
-877
-1443
-1936
-2196
-2120
-1684
-947
-91
629
1009
1042
861
632
465
397
368
251
-16
-365
-626
-661
-489
-284
-254
-463
-803
-1090
-1185
-1021
-598
-3
566
881
832
551
305
321
648
1183
1780
2300
2641
2690
2384
1777
1077
547
328
378
522
567
388
8
-422
-734
-908
-1059
-1306
-1634
-1888
-1913
-1693
-1353
-1022
-744
-498
-301
-203
-200
-174
-11
241
409
371
189
-15
-179
-319
-437
-474
-347
-54
288
509
533
381
100
-259
-588
-744
-657
-395
-114
44
46
-34
-99
-105
-66
10
124
274
432
579
705
812
865
824
687
529
453
509
677
903
1154
1422
1686
1879
1921
1801
1607
1456
1446
1607
1886
2131
2168
1927
1499
1038
637
323
128
122
311
572
688
515
71
-481
-955
-1248
-1368
-1382
-1365
-1352
-1337
-1305
-1300
-1403
-1634
-1907
-2095
-2152
-2136
-2153
-2249
-2370
-2428
-2384
-2250
-2040
-1768
-1508
-1374
-1420
-1555
-1609
-1469
-1180
-885
-719
-725
-865
-1059
-1221
-1294
-1244
-1051
-729
-333
43
308
415
399
354
361
430
518
585
628
656
686
743
870
1069
1275
1406
1452
1474
1528
1608
1677
1737
1824
1962
2101
2154
2084
1981
1989
2157
2364
2431
2270
1923
1514
1165
937
833
857
992
1170
1256
1131
754
180
-459
-1018
-1388
-1560
-1611
-1618
-1612
-1597
-1584
-1572
-1542
-1465
-1309
-1030
-626
-238
-47
-130
-397
-694
-918
-1030
-1064
-1097
-1210
-1426
-1707
-1968
-2098
-2035
-1783
-1409
-994
-621
-356
-244
-266
-320
-260
2
409
800
1026
1043
890
634
344
98
-46
-66
30
219
445
628
737
785
803
802
813
890
1031
1166
1219
1202
1198
1248
1309
1322
1270
1196
1142
1120
1114
1102
1090
1097
1129
1151
1105
982
822
687
588
509
420
303
168
70
65
117
107
-62
-360
-655
-798
-755
-635
-621
-789
-1019
-1149
-1132
-1056
-1005
-996
-998
-981
-943
-902
-897
-946
-1045
-1213
-1508
-1937
-2381
-2649
-2627
-2362
-1994
-1667
-1474
-1445
-1527
-1590
-1498
-1229
-869
-554
-339
-217
-161
-158
-207
-300
-436
-589
-707
-718
-595
-390
-194
-71
-7
46
107
184
314
563
949
1401
1802
2079
2249
2378
2512
2663
2826
2984
3079
3029
2800
2464
2171
2016
1968
1914
1761
1523
1279
1115
1016
878
618
299
72
14
55
86
27
-137
-363
-557
-639
-603
-472
-278
-74
65
70
-45
-198
-280
-251
-181
-215
-462
-894
-1382
-1789
-2052
-2165
-2127
-1944
-1695
-1474
-1346
-1297
-1281
-1265
-1229
-1163
-1044
-860
-633
-439
-361
-427
-593
-800
-994
-1134
-1163
-1054
-832
-570
-357
-233
-190
-165
-118
-25
110
307
574
862
1084
1187
1173
1066
901
756
762
1004
1456
2009
2508
2806
2821
2612
2341
2119
1927
1664
1301
914
608
400
200
-68
-380
-617
-683
-590
-410
-205
17
245
427
502
462
365
268
184
101
-2
-134
-292
-455
-605
-741
-890
-1088
-1340
-1626
-1909
-2132
-2216
-2108
-1842
-1498
-1153
-861
-681
-660
-778
-957
-1095
-1134
-1098
-1049
-1020
-1010
-1005
-993
-973
-964
-980
-992
-960
-862
-726
-593
-514
-515
-571
-596
-498
-258
67
416
758
1083
1327
1406
1276
1018
832
900
1252
1733
2141
2369
2405
2268
1989
1648
1373
1232
1209
1214
1180
1106
1020
936
836
717
597
518
513
580
678
740
718
603
407
153
-128
-386
-548
-580
-513
-421
-370
-371
-418
-486
-551
-609
-666
-725
-756
-701
-531
-262
40
283
379
292
45
-290
-633
-903
-1039
-1041
-959
-870
-829
-850
-891
-877
-763
-577
-404
-311
-304
-356
-428
-505
-586
-684
-807
-941
-1029
-1004
-823
-492
-88
274
510
602
549
389
200
103
149
311
521
696
766
678
463
208
14
-54
28
242
509
727
824
818
772
719
645
563
499
459
409
301
120
-110
-328
-459
-463
-341
-146
55
221
355
489
637
779
848
809
693
588
541
520
463
360
229
61
-158
-396
-579
-670
-702
-722
-731
-687
-561
-388
-241
-171
-158
-177
-229
-331
-447
-494
-400
-175
63
165
79
-103
-257
-324
-325
-300
-281
-293
-331
-348
-318
-274
-306
-461
-698
-918
-1035
-1022
-882
-640
-351
-104
36
79
86
86
87
110
200
371
577
738
758
581
237
-160
-481
-656
-680
-618
-526
-416
-260
-77
94
228
367
559
803
1037
1181
1205
1132
1017
905
838
835
877
901
877
835
822
853
921
1001
1055
1051
999
941
875
738
490
183
-62
-170
-142
-65
-61
-195
-410
-558
-559
-446
-293
-137
-11
32
-15
-109
-203
-299
-419
-561
-723
-923
-1165
-1416
-1617
-1731
-1734
-1629
-1456
-1296
-1197
-1120
-960
-674
-356
-162
-176
-350
-597
-825
-964
-983
-922
-850
-789
-724
-663
-641
-664
-694
-696
-655
-545
-333
-41
234
399
427
385
382
512
767
1040
1238
1347
1410
1459
1528
1658
1855
2057
2188
2203
2125
2000
1872
1754
1653
1563
1454
1289
1056
796
533
281
75
-31
-9
104
268
432
542
545
438
274
126
54
53
74
48
-65
-269
-554
-897
-1238
-1496
-1622
-1614
-1514
-1387
-1305
-1306
-1367
-1409
-1384
-1321
-1287
-1317
-1364
-1353
-1239
-1058
-911
-879
-952
-1042
-1072
-1039
-968
-888
-799
-716
-651
-595
-527
-436
-328
-223
-140
-88
-57
-22
41
133
220
255
240
264
428
729
1044
1257
1352
1380
1398
1429
1451
1434
1364
1253
1113
949
795
694
649
628
620
663
793
999
1200
1325
1346
1298
1224
1142
1052
948
823
654
435
179
-73
-266
-361
-372
-363
-386
-436
-492
-560
-658
-756
-797
-748
-634
-504
-423
-450
-590
-811
-1067
-1341
-1592
-1736
-1732
-1619
-1501
-1431
-1419
-1439
-1466
-1451
-1333
-1089
-794
-570
-487
-510
-573
-631
-660
-666
-655
-623
-545
-410
-250
-91
96
342
637
913
1111
1195
1182
1125
1108
1180
1337
1515
1632
1657
1612
1533
1435
1325
1244
1229
1287
1385
1464
1479
1419
1313
1187
1067
968
905
855
779
667
568
544
618
753
856
856
762
659
611
629
690
758
793
758
643
435
117
-310
-778
-1176
-1426
-1538
-1620
-1782
-2052
-2359
-2606
-2741
-2760
-2664
-2456
-2170
-1876
-1645
-1509
-1457
-1439
-1397
-1301
-1168
-1035
-942
-897
-888
-886
-873
-842
-779
-665
-517
-416
-425
-527
-622
-615
-476
-260
-66
41
89
157
279
430
587
746
898
1016
1088
1120
1125
1131
1172
1255
1358
1448
1482
1410
1241
1049
905
809
754
773
901
1088
1215
1197
1048
866
754
747
789
804
751
667
595
537
460
362
297
282
261
135
-118
-425
-661
-759
-757
-745
-770
-818
-863
-893
-907
-919
-935
-940
-896
-805
-716
-662
-626
-570
-473
-349
-207
-66
42
93
72
-14
-147
-301
-436
-515
-529
-523
-552
-633
-725
-740
-630
-403
-119
160
385
540
638
704
764
833
923
1012
1066
1050
983
916
893
929
1008
1093
1136
1101
999
871
723
536
307
98
-17
-13
63
117
97
17
-44
-36
43
171
328
474
555
550
495
423
360
325
318
297
215
58
-136
-318
-464
-591
-733
-911
-1102
-1260
-1352
-1371
-1336
-1252
-1136
-1017
-934
-903
-907
-923
-934
-939
-932
-897
-823
-727
-640
-591
-594
-655
-742
-784
-716
-547
-362
-240
-210
-239
-279
-305
-339
-404
-484
-531
-522
-481
-449
-425
-353
-187
51
255
343
348
380
524
750
970
1099
1104
1014
895
814
787
768
691
542
375
263
245
297
359
385
366
333
337
406
518
627
698
727
717
676
609
532
456
395
357
329
301
262
220
193
173
141
76
-6
-80
-141
-165
-124
-32
41
19
-90
-199
-223
-134
12
131
190
213
237
255
247
206
146
98
81
93
117
139
143
115
63
22
27
65
100
123
136
138
139
162
218
269
282
248
201
178
193
215
190
117
56
46
45
-12
-130
-275
-407
-497
-526
-497
-456
-430
-430
-456
-503
-544
-558
-548
-539
-539
-546
-551
-549
-515
-410
-225
-21
111
136
92
28
-47
-140
-220
-233
-162
-69
-35
-88
-187
-274
-320
-334
-340
-346
-355
-376
-409
-449
-471
-450
-374
-251
-120
-12
55
76
57
21
12
69
210
391
509
475
287
30
-193
-336
-388
-375
-348
-340
-328
-277
-200
-160
-186
-238
-248
-192
-112
-70
-90
-135
-146
-92
-3
82
147
217
293
347
372
402
459
504
474
366
239
154
131
137
146
150
175
231
286
293
237
160
123
157
253
372
470
526
543
536
513
479
428
366
319
326
395
479
519
490
400
285
168
55
-78
-231
-362
-434
-455
-458
-438
-370
-246
-94
36
115
151
188
258
353
436
470
447
395
366
368
378
367
316
212
43
-133
-241
-263
-240
-211
-161
-74
31
106
113
57
-8
-12
75
193
249
198
74
-55
-160
-244
-304
-332
-348
-388
-480
-589
-667
-687
-645
-556
-447
-366
-353
-393
-439
-451
-425
-369
-279
-161
-45
27
49
47
23
-36
-121
-187
-227
-259
-279
-254
-177
-93
-41
-29
-46
-83
-114
-131
-137
-113
-27
117
263
350
372
351
315
278
252
255
303
387
456
451
366
248
149
78
24
-18
-38
-36
-38
-79
-163
-264
-352
-405
-413
-400
-418
-513
-658
-768
-792
-765
-768
-830
-887
-877
-795
-691
-594
-494
-381
-265
-164
-88
-47
-42
-40
-6
71
172
279
384
463
497
484
467
498
612
795
989
1121
1168
1156
1138
1130
1099
1024
938
885
872
850
799
727
646
558
483
460
504
566
576
500
351
178
29
-57
-76
-67
-82
-147
-233
-291
-290
-252
-218
-206
-201
-196
-189
-190
-197
-212
-235
-253
-252
-220
-184
-187
-244
-328
-393
-426
-434
-408
-354
-302
-311
-402
-516
-565
-515
-425
-375
-368
-364
-345
-332
-316
-289
-283
-318
-367
-372
-333
-295
-267
-227
-151
-39
87
190
225
166
45
-66
-91
-2
166
331
402
356
248
167
162
206
259
306
371
471
592
687
735
742
716
637
499
332
185
62
-57
-166
-246
-297
-344
-390
-434
-473
-537
-628
-713
-732
-657
-508
-331
-190
-136
-194
-329
-460
-500
-422
-277
-147
-83
-83
-112
-149
-177
-196
-202
-192
-186
-216
-304
-436
-575
-676
-704
-645
-523
-397
-316
-292
-310
-351
-390
-391
-330
-214
-75
52
147
211
251
286
326
386
470
557
617
630
637
670
719
751
764
775
789
793
806
859
945
1000
