206
285
354
372
320
232
122
5
-115
-196
-213
-161
-52
74
191
284
361
430
480
494
463
403
343
297
259
217
201
226
276
305
300
266
211
154
118
121
144
162
176
199
225
220
148
14
-142
-264
-319
-316
-292
-282
-281
-266
-209
-123
-52
-34
-58
-74
-46
17
84
140
193
244
277
281
259
234
228
240
243
228
224
256
312
337
303
231
159
105
67
58
89
150
206
239
254
261
251
235
237
270
308
316
313
340
397
417
348
227
139
122
138
145
130
102
65
20
-27
-58
-53
-13
26
16
-31
-73
-91
-119
-178
-257
-316
-330
-305
-277
-305
-402
-513
-556
-531
-514
-563
-664
-753
-790
-770
-732
-716
-732
-746
-723
-675
-639
-630
-624
-583
-505
-422
-371
-366
-394
-424
-442
-446
-450
-454
-442
-396
-320
-237
-149
-55
54
156
228
254
242
225
235
266
279
285
306
353
393
414
414
383
294
158
45
17
73
149
187
167
127
135
221
347
438
472
466
444
411
400
427
464
456
393
321
277
263
252
208
125
13
-82
-119
-70
43
161
240
256
214
130
66
75
145
206
203
168
154
176
201
205
197
203
213
200
154
106
87
91
100
113
133
155
157
118
35
-82
-180
-211
-163
-87
-8
77
178
269
322
333
309
251
169
90
37
22
23
13
-16
-48
-81
-130
-196
-212
-121
37
154
174
151
157
210
264
262
185
82
21
11
13
-7
-28
-45
-64
-108
-162
-205
-231
-256
-303
-358
-399
-425
-454
-467
-421
-318
-221
-182
-184
-193
-200
-215
-224
-213
-199
-178
-150
-127
-145
-204
-261
-293
-315
-329
-318
-277
-254
-298
-414
-561
-667
-705
-693
-669
-603
-467
-297
-168
-106
-69
-46
-63
-100
-103
-45
25
64
69
42
-17
-76
-77
-11
65
100
106
133
189
244
258
221
139
44
-26
-47
-27
7
46
90
116
98
45
10
15
34
36
39
76
147
221
260
263
249
245
269
314
354
377
389
416
450
462
421
344
270
234
220
190
83
-110
-322
-460
-454
-332
-170
-56
-18
-21
-9
54
166
308
460
594
678
679
612
537
497
495
477
415
321
246
236
286
347
358
336
341
415
529
615
626
559
453
350
294
295
315
294
203
81
-1
0
51
87
69
6
-67
-132
-187
-236
-278
-322
-385
-459
-518
-539
-547
-565
-588
-600
-586
-535
-460
-424
-477
-578
-637
-630
-608
-607
-596
-549
-475
-421
-407
-423
-444
-448
-442
-435
-440
-463
-508
-554
-556
-497
-409
-328
-246
-134
12
164
286
317
210
-7
-216
-327
-335
-306
-282
-245
-165
-47
44
81
98
171
319
473
549
519
449
418
440
459
414
310
206
155
154
173
176
145
69
-26
-97
-113
-87
-57
-55
-92
-157
-215
-220
-151
-37
83
188
279
344
376
395
417
432
422
389
347
302
260
223
186
134
69
1
-48
-61
-33
8
31
24
18
44
99
167
217
247
267
275
260
232
221
238
242
201
140
100
99
116
134
155
169
179
191
210
198
132
55
40
98
146
131
75
38
52
118
204
257
237
167
101
62
22
-53
-156
-260
-341
-387
-408
-419
-426
-417
-380
-332
-292
-278
-274
-253
-212
-171
-167
-200
-259
-318
-379
-444
-514
-572
-594
-569
-488
-370
-240
-130
-44
17
54
59
39
3
-36
-62
-54
-13
48
94
89
44
-12
-36
-21
26
81
103
77
32
19
70
173
293
374
379
324
256
236
266
291
256
180
125
107
80
-6
-130
-227
-241
-176
-74
12
49
23
-22
-13
71
176
233
236
220
198
152
82
24
26
85
155
188
162
108
70
63
46
-19
-119
-209
-270
-326
-394
-460
-488
-458
-380
-290
-223
-188
-174
-174
-196
-220
-220
-189
-139
-91
-46
-16
-7
-23
-54
-88
-139
-211
-297
-366
-380
-333
-234
-124
-44
-5
18
58
98
109
90
61
50
93
208
346
432
432
399
400
427
433
396
364
374
426
487
524
512
470
447
457
457
410
343
312
332
376
410
421
401
358
299
223
111
-42
-195
-292
-308
-281
-263
-263
-247
-188
-90
3
42
-3
-89
-136
-127
-107
-119
-148
-176
-228
-304
-371
-389
-360
-322
-287
-260
-253
-273
-308
-329
-315
-279
-241
-217
-208
-202
-191
-178
-179
-190
-201
-209
-224
-237
-218
-143
-33
55
79
34
-47
-123
-176
-203
-203
-174
-122
-59
2
39
34
8
1
40
88
92
68
96
229
415
535
525
432
336
267
204
145
124
153
217
288
361
436
514
577
600
566
469
320
128
-75
-239
-321
-322
-291
-270
-267
-260
-231
-187
-139
-106
-76
-34
19
58
54
2
-81
-164
-230
-281
-316
-323
-260
-107
76
184
146
24
-70
-55
49
175
248
221
105
-43
-147
-175
-141
-72
8
82
129
155
196
270
346
344
246
107
13
-10
-6
-29
-95
-174
-233
-272
-297
-321
-335
-333
-308
-239
-113
44
147
126
-8
-159
-239
-234
-186
-161
-191
-280
-383
-447
-439
-364
-249
-135
-51
-2
36
76
119
151
161
164
174
195
201
163
95
32
19
48
57
-10
-149
-279
-317
-237
-83
57
150
224
320
425
495
490
403
257
104
5
-26
-14
13
58
120
175
194
198
227
300
378
411
400
385
390
382
323
213
95
21
-1
5
0
-30
-60
-64
-51
-48
-67
-84
-71
-23
53
149
237
280
254
202
175
186
192
161
106
65
49
35
-16
-122
-267
-400
-460
-426
-327
-225
-159
-123
-119
-153
-219
-284
-324
-345
-361
-373
-381
-377
-360
-326
-300
-307
-329
-330
-286
-211
-128
-66
-53
-76
-93
-70
-47
-77
-141
-170
-126
-63
-42
-91
-191
-298
-354
-326
-236
-146
-96
-90
-104
-123
-132
-111
-55
40
156
276
354
350
273
178
132
155
218
268
261
191
110
75
112
185
242
243
177
70
-30
-88
-108
-107
-71
23
139
189
132
10
-96
-148
-153
-150
-167
-185
-165
-113
-80
-82
-104
-141
-208
-284
-318
-287
-220
-165
-149
-155
-142
-83
-19
-8
-50
-94
-118
-128
-114
-51
59
183
299
390
444
469
501
557
626
688
752
810
821
750
644
585
592
616
617
629
693
786
849
855
813
767
733
713
664
569
455
374
361
398
446
455
409
304
160
6
-119
-180
-188
-188
-243
-365
-517
-650
-744
-816
-895
-993
-1086
-1129
-1117
-1077
-1034
-993
-959
-932
-890
-817
-718
-633
-583
-579
-613
-654
-653
-583
-480
-417
-428
-473
-474
-396
-284
-210
-183
-142
-30
154
356
521
640
746
857
952
986
937
835
733
676
673
706
735
740
720
675
594
478
349
237
150
78
3
-95
-232
-408
-589
-746
-864
-956
-1051
-1134
-1175
-1174
-1188
-1267
-1372
-1419
-1368
-1267
-1176
-1124
-1111
-1129
-1150
-1127
-1035
-901
-756
-632
-552
-526
-501
-404
-231
-44
108
254
434
677
958
1207
1361
1426
1471
1538
1625
1691
1714
1701
1693
1744
1869
2018
2115
2121
2068
2018
2000
1982
1932
1855
1772
1673
1536
1361
1146
883
576
262
-22
-271
-504
-741
-1009
-1324
-1653
-1925
-2114
-2252
-2397
-2556
-2695
-2744
-2657
-2454
-2213
-1992
-1809
-1657
-1519
-1373
-1208
-1040
-868
-675
-458
-248
-73
75
211
340
443
541
682
889
1115
1281
1364
1410
1498
1668
1894
2124
2311
2455
2579
2685
2749
2746
2695
2612
2488
2300
2060
1823
1617
1427
1206
930
604
250
-102
-440
-767
-1077
-1351
-1589
-1825
-2090
-2386
-2708
-3042
-3357
-3592
-3686
-3619
-3403
-3091
-2739
-2390
-2081
-1841
-1682
-1580
-1505
-1447
-1413
-1423
-1475
-1539
-1567
-1520
-1404
-1254
-1091
-907
-695
-484
-295
-109
110
370
650
922
1186
1436
1659
1857
2071
2327
2587
2780
2880
2916
2921
2906
2884
2875
2892
2918
2913
2844
2711
2531
2311
2037
1706
1341
967
592
229
-102
-385
-626
-852
-1052
-1218
-1353
-1493
-1671
-1892
-2135
-2393
-2661
-2883
-2962
-2839
-2568
-2264
-2013
-1816
-1626
-1427
-1257
-1154
-1102
-1024
-857
-606
-349
-139
26
175
322
437
494
511
519
538
546
521
475
455
515
671
888
1099
1278
1423
1525
1563
1534
1486
1471
1527
1671
1876
2084
2245
2357
2446
2508
2500
2409
2269
2141
2043
1960
1849
1675
1427
1136
853
603
369
122
-128
-363
-582
-811
-1075
-1389
-1740
-2105
-2459
-2772
-3023
-3194
-3283
-3281
-3186
-2999
-2733
-2420
-2123
-1898
-1767
-1690
-1615
-1491
-1297
-1060
-821
-630
-498
-419
-366
-321
-292
-302
-347
-408
-471
-558
-677
-771
-773
-666
-513
-377
-273
-189
-99
1
105
205
296
399
545
753
1032
1349
1658
1925
2144
2331
2500
2654
2796
2920
2998
2989
2871
2664
2404
2144
1924
1759
1606
1399
1104
750
392
75
-199
-476
-817
-1249
-1729
-2189
-2575
-2851
-2977
-2924
-2716
-2426
-2153
-1966
-1862
-1785
-1665
-1495
-1324
-1198
-1130
-1102
-1085
-1069
-1049
-1014
-953
-856
-745
-643
-565
-487
-389
-275
-181
-114
-39
96
296
513
688
807
899
996
1135
1320
1518
1681
1816
1984
2220
2487
2713
2862
2934
2945
2913
2877
2875
2923
2993
3041
3019
2907
2710
2469
2209
1906
1526
1096
695
358
43
-314
-729
-1177
-1617
-2046
-2476
-2888
-3219
-3393
-3381
-3224
-3000
-2777
-2587
-2433
-2306
-2194
-2098
-2021
-1958
-1884
-1782
-1680
-1612
-1578
-1521
-1410
-1282
-1216
-1247
-1327
-1377
-1358
-1272
-1142
-983
-786
-551
-312
-124
3
104
226
381
563
757
949
1144
1365
1606
1807
1923
1989
2088
2257
2447
2596
2684
2739
2789
2832
2824
2716
2502
2241
2014
1835
1634
1330
904
446
66
-184
-364
-563
-839
-1188
-1555
-1889
-2168
-2400
-2566
-2635
-2594
-2460
-2251
-1992
-1723
-1498
-1334
-1223
-1144
-1076
-1008
-939
-886
-879
-915
-935
-877
-743
-617
-567
-594
-655
-731
-802
-844
-853
-854
-865
-860
-807
-703
-571
-420
-250
-45
219
559
960
1373
1764
2111
2412
2651
2821
2923
2984
3033
3097
3190
3283
3319
3244
3063
2831
2587
2336
2071
1792
1507
1220
949
686
403
70
-319
-733
-1137
-1490
-1783
-2026
-2239
-2400
-2462
-2385
-2180
-1895
-1592
-1332
-1126
-972
-857
-806
-825
-879
-919
-923
-920
-925
-933
-929
-922
-943
-1005
-1088
-1144
-1154
-1152
-1200
-1318
-1463
-1533
-1476
-1324
-1162
-1036
-905
-726
-478
-174
153
469
767
1073
1403
1719
1981
2186
2369
2545
2682
2751
2754
2728
2702
2668
2569
2364
2075
1786
1546
1325
1086
828
577
323
25
-332
-711
-1036
-1276
-1480
-1731
-2047
-2342
-2512
-2512
-2364
-2124
-1837
-1536
-1255
-1030
-856
-692
-511
-364
-317
-370
-451
-497
-504
-505
-550
-651
-796
-949
-1074
-1147
-1173
-1196
-1253
-1354
-1454
-1501
-1465
-1394
-1355
-1356
-1320
-1156
-865
-509
-152
206
600
1058
1539
1960
2264
2468
2637
2823
3036
3241
3390
3440
3394
3281
3136
2947
2701
2400
2077
1764
1462
1159
850
541
241
-49
-333
-612
-911
-1231
-1538
-1774
-1922
-2024
-2095
-2080
-1918
-1639
-1344
-1097
-887
-674
-468
-340
-349
-481
-654
-807
-936
-1087
-1274
-1472
-1631
-1729
-1771
-1773
-1754
-1739
-1735
-1731
-1694
-1593
-1429
-1251
-1107
-997
-875
-704
-497
-268
-10
306
682
1096
1516
1934
2335
2674
2904
3028
3119
3233
3355
3430
3418
3325
3165
2935
2647
2303
1922
1528
1160
823
460
28
-443
-857
-1153
-1369
-1570
-1790
-1998
-2144
-2190
-2129
-1984
-1775
-1511
-1206
-877
-552
-259
-39
79
99
43
-76
-271
-553
-898
-1228
-1451
-1532
-1527
-1496
-1446
-1373
-1311
-1297
-1310
-1327
-1343
-1377
-1406
-1381
-1245
-979
-627
-273
33
319
660
1063
1445
1724
1896
2035
2173
2309
2432
2558
2675
2722
2663
2536
2400
2251
2037
1716
1302
843
386
-38
-420
-764
-1063
-1315
-1535
-1747
-1984
-2241
-2485
-2644
-2679
-2594
-2409
-2134
-1742
-1245
-684
-137
331
671
849
891
827
677
451
187
-69
-313
-553
-776
-936
-1012
-1026
-1014
-1004
-1030
-1117
-1263
-1402
-1462
-1405
-1247
-1021
-726
-326
173
713
1224
1680
2089
2448
2749
2959
3044
3016
2950
2907
2878
2800
2658
2483
2292
2076
1810
1477
1052
548
30
-430
-813
-1128
-1342
-1423
-1422
-1468
-1651
-1928
-2183
-2318
-2328
-2253
-2111
-1889
-1552
-1096
-570
-56
384
722
959
1096
1112
982
673
239
-213
-558
-757
-856
-915
-978
-1024
-1018
-931
-793
-675
-648
-702
-757
-731
-620
-459
-260
22
429
935
1486
2035
2570
3053
3421
3604
3571
3369
3086
2761
2354
1848
1323
886
531
172
-252
-744
-1278
-1818
-2317
-2745
-3084
-3281
-3296
-3172
-3057
-3056
-3150
-3219
-3164
-2975
-2696
-2330
-1808
-1080
-190
742
1584
2211
2538
2547
2294
1844
1280
654
-10
-700
-1352
-1844
-2111
-2205
-2224
-2207
-2125
-1932
-1629
-1239
-797
-300
250
816
1346
1841
2363
2960
3613
4276
4896
5420
5798
6014
6060
5908
5533
4938
4097
2956
1557
72
-1306
-2512
-3553
-4422
-5075
-5471
-5610
-5544
-5332
-4992
-4510
-3918
-3344
-2883
-2546
-2260
-1968
-1638
-1231
-676
85
1040
2068
2986
3643
3974
3956
3561
2784
1695
447
-816
-2017
-3122
-4046
-4649
-4858
-4741
-4403
-3889
-3224
-2480
-1736
-1022
-323
407
1206
2104
3083
4121
5180
6185
7042
7677
8069
8222
8148
7849
7300
6481
5411
4119
2595
874
-918
-2622
-4174
-5538
-6666
-7491
-7946
-7981
-7617
-6968
-6168
-5278
-4360
-3500
-2777
-2190
-1688
-1179
-549
268
1255
2331
3427
4406
5073
5247
4868
3948
2555
794
-1147
-3060
-4747
-6058
-6884
-7186
-7019
-6496
-5744
-4847
-3879
-2876
-1924
-1111
-470
197
1204
2685
4462
6184
7601
8642
9399
9989
10393
10440
9987
9060
7865
6588
5286
3838
2090
5
-2295
-4643
-6870
-8793
-10232
-11049
-11160
-10525
-9216
-7386
-5240
-3021
-1035
497
1520
2147
2506
2772
3151
3812
4769
5868
6822
7295
7049
6007
4209
1733
-1240
-4398
-7346
-9736
-11329
-12006
-11788
-10792
-9216
-7290
-5235
-3227
-1395
186
1532
2740
3924
5141
6386
7638
8864
10003
10948
11559
11684
11239
10260
8869
7215
5408
3483
1353
-1058
-3659
-6175
-8343
-10018
-11108
-11519
-11181
-10104
-8386
-6229
-3870
-1529
580
2228
3285
3813
3993
4002
4017
4197
4612
5182
5764
6170
6132
5368
3754
1412
-1427
-4479
-7429
-9922
-11654
-12404
-12089
-10810
-8857
-6590
-4298
-2148
-251
1295
2477
3397
4257
5224
6338
7500
8555
9387
9938
10136
9908
9229
8157
6808
5331
3929
2718
1598
267
-1463
-3486
-5539
-7437
-9071
-10267
-10779
-10414
-9142
-7129
-4673
-2059
467
2636
4132
4782
4717
4304
3892
3667
3697
4013
4568
5173
5494
5196
4066
2101
-522
-3508
-6491
-9065
-10863
-11686
-11515
-10445
-8660
-6447
-4156
-2077
-360
996
2078
3002
3874
4829
5980
7295
8580
9613
10229
10339
9906
8963
7581
5908
4180
2683
1566
698
-293
-1702
-3470
-5342
-7157
-8882
-10332
-11162
-11085
-10051
-8212
-5837
-3200
-525
1926
3805
4873
5201
5071
4751
4439
4327
4531
5002
5514
5713
5233
3883
1715
-1064
-4165
-7191
-9700
-11353
-11968
-11491
-10009
-7796
-5277
-2883
-891
635
1774
2634
3342
4083
5043
6279
7656
8946
9944
10514
10574
10098
9108
7663
5918
4112
2532
1351
502
-366
-1629
-3361
-5347
-7343
-9188
-10661
-11458
-11347
-10275
-8391
-6027
-3506
-1058
1104
2664
3448
3588
3444
3343
3523
4106
5035
6093
6963
7249
6546
4709
1941
-1384
-4903
-8181
-10694
-12006
-11978
-10755
-8671
-6129
-3552
-1329
268
1189
1625
1869
2181
2768
3779
5222
6912
8564
9912
10750
10937
10438
9326
7811
6193
4776
3729
2989
2267
1128
-692
-3068
-5601
-8015
-10142
-11689
-12248
-11624
-9954
-7585
-4929
-2362
-170
1413
2203
2258
1941
1709
1852
2537
3800
5466
7096
8172
8256
7087
4678
1321
-2524
-6332
-9533
-11609
-12276
-11583
-9834
-7474
-4981
-2771
-1131
-149
321
601
1033
1863
3187
4929
6860
8655
9989
10622
10499
9780
8725
7530
6340
5355
4775
4646
4689
4353
3094
798
-2187
-5366
-8374
-10814
-12215
-12242
-10921
-8575
-5714
-2864
-422
1341
2211
2149
1496
820
576
986
2120
3856
5791
7356
8038
7481
5562
2476
-1298
-5135
-8415
-10621
-11476
-10985
-9408
-7223
-5006
-3231
-2119
-1676
-1738
-1977
-1962
-1321
146
2311
4782
7081
8858
9867
9963
9211
7954
6628
5521
4784
4493
4686
5207
5606
5228
3652
982
-2263
-5596
-8630
-10942
-12044
-11690
-10038
-7564
-4841
-2345
-405
775
1098
728
121
-188
159
1315
3218
5525
7621
8873
8847
7398
4646
994
-2968
-6557
-9156
-10384
-10203
-8899
-6925
-4819
-3084
-2065
-1813
-2102
-2560
-2806
-2482
-1308
766
3420
6096
8282
9683
10172
9773
8708
7423
6342
5703
5524
5740
6200
6545
6198
4656
1910
-1546
-5052
-8114
-10351
-11439
-11189
-9695
-7362
-4786
-2510
-840
121
360
24
-467
-582
17
1413
3487
5899
8072
9397
9423
7972
5145
1368
-2695
-6322
-8917
-10136
-9949
-8659
-6754
-4767
-3134
-2129
-1796
-1966
-2334
-2543
-2243
-1182
688
3069
5409
7203
8247
8586
8315
7573
6641
5874
5515
5596
6004
6508
6714
6071
4152
1032
-2684
-6238
-9114
-10991
-11623
-10912
-9106
-6764
-4514
-2783
-1741
-1368
-1523
-1939
-2188
-1815
-589
1401
3844
6315
8267
9124
8506
6418
3185
-632
-4364
-7367
-9200
-9665
-8834
-7075
-4979
-3146
-2000
-1674
-1988
-2538
-2886
-2720
-1847
-198
2102
4614
6722
7953
8268
7939
7275
6535
5990
5858
6143
6705
7390
7973
7950
6709
4035
375
-3443
-6774
-9266
-10681
-10802
-9645
-7596
-5279
-3320
-2099
-1704
-1960
-2582
-3165
-3252
-2499
-849
1517
4254
6837
8616
9094
8126
5880
2656
-1111
-4752
-7529
-8963
-9057
-8123
-6544
-4663
-2907
-1721
-1307
-1441
-1636
-1514
-938
87
1541
3293
5023
6301
6846
6687
6127
5545
5257
5485
6302
7534
8817
9819
10292
9901
8203
5016
799
-3528
-7119
-9568
-10763
-10662
-9316
-7094
-4677
-2736
-1624
-1370
-1827
-2696
-3518
-3760
-3098
-1564
574
2999
5335
7021
7459
6433
4218
1291
-1928
-4992
-7351
-8571
-8624
-7863
-6718
-5476
-4339
-3549
-3278
-3395
-3467
-3093
-2178
-839
794
2610
4340
5570
5996
5679
5030
4491
4352
4768
5792
7246
8706
9796
10328
10032
8408
5196
914
-3376
-6817
-9087
-10137
-9951
-8636
-6558
-4335
-2576
-1595
-1350
-1624
-2160
-2568
-2382
-1372
304
2312
4348
6053
6917
6499
4789
2215
-707
-3623
-6184
-7924
-8516
-8052
-6964
-5696
-4523
-3590
-3008
-2833
-2883
-2701
-1885
-464
1230
2923
4467
5609
6028
5600
4549
3365
2555
2470
3210
4664
6503
8245
9470
9892
9182
6932
3188
-1275
-5373
-8389
-10045
-10279
-9173
-7040
-4411
-1978
-319
356
236
-368
-1118
-1564
-1300
-202
1531
3571
5503
6801
6964
5759
3356
284
-2840
-5518
-7426
-8317
-8142
-7141
-5742
-4345
-3236
-2587
-2360
-2317
-2136
-1529
-321
1413
3337
5061
6306
6854
6534
5378
3746
2197
1276
1355
2501
4433
6616
8505
9686
9830
8555
5654
1516
-2912
-6677
-9251
-10406
-10084
-8507
-6221
-3854
-1907
-703
-345
-677
-1340
-1872
-1834
-1005
493
2349
4245
5781
6446
5842
3987
1270
-1790
-4698
-7006
-8378
-8681
-8056
-6852
-5423
-4041
-2946
-2307
-2021
-1736
-1167
-280
898
2358
3946
5275
5949
5822
5026
3832
2515
1385
876
1415
3014
5150
7172
8758
9740
9713
8128
4967
941
-3020
-6321
-8626
-9626
-9213
-7712
-5721
-3744
-2085
-933
-422
-527
-975
-1287
-1091
-320
850
2271
3736
4808
4957
3945
1973
-596
-3420
-6134
-8245
-9329
-9298
-8411
-6988
-5270
-3528
-2162
-1406
-1048
-678
-137
492
1253
2286
3492
4468
4918
4860
4435
3697
2741
1885
1642
2365
3931
5842
7656
9172
10095
9813
7844
4502
710
-2767
-5621
-7587
-8292
-7635
-6031
-4103
-2303
-867
32
275
-51
-544
-678
-168
920
2378
3998
5447
6212
5859
4282
1711
-1475
-4809
-7753
-9775
-10570
-10158
-8820
-6905
-4777
-2841
-1439
-654
-236
107
518
1030
1732
2637
3499
3962
3923
3511
2829
1924
1060
708
1235
2634
4560
6573
8342
9633
10006
8877
6104
2390
-1319
-4475
-6849
-8088
-7963
-6716
-4917
-3039
-1396
-222
353
342
-22
-285
-28
789
1990
3461
5095
6425
6820
5983
4090
1442
-1697
-4957
-7771
-9597
-10238
-9874
-8808
-7255
-5464
-3828
-2662
-1914
-1272
-536
269
1084
1920
2710
3215
3207
2697
1853
793
-350
-1210
-1269
-247
1658
3978
6262
8230
9592
9867
8553
5692
2014
-1662
-4879
-7341
-8642
-8589
-7475
-5830
-4003
-2192
-637
397
824
865
947
1375
2173
3260
4610
6067
7147
7330
6452
4682
2212
-801
-3993
-6784
-8651
-9438
-9298
-8430
-6977
-5167
-3386
-1926
-780
202
1072
1818
2496
3142
3585
3565
3029
2187
1257
267
-736
-1446
-1400
-379
1427
3620
5831
7785
9116
9327
8009
5260
1723
-1858
-4986
-7321
-8566
-8624
-7699
-6149
-4313
-2505
-1008
-22
452
643
910
1512
2519
3877
5460
6983
7997
8098
7121
5154
2396
-845
-4090
-6760
-8436
-9039
-8706
-7619
-5990
-4170
-2536
-1269
-314
435
1042
1608
2271
3028
3640
3812
3475
2753
1764
575
-600
-1360
-1384
-598
885
2871
5027
6921
8144
8341
7231
4772
1370
-2300
-5585
-8060
-9480
-9762
-8989
-7398
-5379
-3372
-1724
-601
14
295
511
932
1700
2834
4212
5599
6662
7059
6551
5063
2707
-228
-3285
-5913
-7676
-8416
-8179
-7081
-5369
-3480
-1824
-523
476
1173
1547
1769
2116
2669
3196
3407
3226
2729
1945
892
-180
-862
-887
-229
1105
3085
5414
7468
8691
8853
7914
5780
2529
-1322
-4956
-7746
-9452
-10071
-9676
-8428
-6614
-4631
-2885
-1620
-847
-435
-214
111
888
2240
3904
5503
6774
7484
7313
6027
3705
727
-2407
-5225
-7346
-8525
-8658
-7796
-6191
-4262
-2401
-856
270
945
1235
1338
1489
1829
2264
2607
2747
2679
2329
1636
803
229
149
584
1598
3297
5470
7494
8749
9083
8641
7370
4950
1472
-2287
-5427
-7581
-8783
-9064
-8468
-7198
-5585
-3981
-2685
-1805
-1268
-938
-616
47
1252
2781
4247
5540
6653
7242
6794
5179
2798
181
-2355
-4647
-6439
-7345
-7166
-6160
-4820
-3424
-2036
-839
-166
-79
-233
-212
97
537
961
1371
1736
1847
1509
846
245
-33
76
698
2026
3989
6142
7915
8916
9066
8435
6952
4412
1001
-2569
-5564
-7694
-8874
-9041
-8278
-6902
-5287
-3790
-2705
-2083
-1741
-1434
-952
-79
1188
2617
4027
5387
6490
6873
6262
4835
2931
749
-1556
-3683
-5221
-5899
-5770
-5147
-4264
-3182
-2033
-1193
-916
-1030
-1143
-1058
-856
-637
-355
97
635
995
1009
784
509
337
465
1142
2383
3935
5534
7009
8049
8301
7688
6368
4358
1561
-1738
-4848
-7129
-8390
-8754
-8411
-7485
-6153
-4733
-3581
-2794
-2221
-1675
-1075
-354
577
1775
3178
4582
5690
6271
6258
5655
4470
2783
845
-990
-2394
-3212
-3480
-3321
-2803
-2014
-1197
-671
-535
-636
-804
-979
-1137
-1163
-911
-371
259
749
1043
1205
1277
1328
1538
2027
2711
3485
4429
5583
6648
7090
6665
5648
4411
2895
758
-1915
-4501
-6479
-7857
-8742
-9004
-8578
-7726
-6726
-5600
-4288
-2938
-1770
-864
-60
832
1812
2715
3492
4320
5212
5822
5791
5175
4243
3076
1626
42
-1297
-2116
-2451
-2527
-2515
-2439
-2318
-2237
-2270
-2353
-2378
-2252
-1917
-1307
-460
492
1425
2299
3056
3556
3702
3549
3262
3007
2920
3078
3509
4109
4659
4898
4753
4371
3784
2682
723
-1923
-4648
-6945
-8667
-9747
-10001
-9316
-7868
-6059
-4297
-2841
-1800
-1175
-870
-699
-442
75
928
2076
3417
4773
5900
6540
6506
5769
4428
2702
880
-756
-2011
-2807
-3174
-3240
-3147
-3031
-3026
-3204
-3427
-3442
-3078
-2297
-1078
551
2388
4080
5281
5776
5514
4659
3544
2489
1749
1507
1819
2558
3543
4598
5464
5753
5269
4233
2943
1335
-853
-3502
-6013
-7777
-8616
-8734
-8458
-7969
-7249
-6255
-5197
-4343
-3686
-2936
-1966
-915
109
1216
2525
3947
5293
6455
7394
7968
7908
7029
5424
3372
1114
-1215
-3412
-5173
-6308
-6915
-7205
-7185
-6709
-5787
-4619
-3301
-1730
113
1980
3549
4647
5274
5464
5229
4591
3664
2683
1921
1572
1705
2210
2837
3350
3703
3938
3942
3499
2660
1858
1464
1248
534
-1016
-3046
-4969
-6557
-7853
-8755
-8985
-8376
-7054
-5355
-3603
-1967
-514
638
1405
1947
2609
3586
4781
6042
7260
8225
8574
8000
6414
3953
924
-2233
-5128
-7489
-9089
-9672
-9142
-7763
-6056
-4415
-2927
-1590
-523
167
627
1172
1956
2855
3657
4230
4493
4353
3766
2830
1778
868
277
95
344
932
1705
2548
3414
4135
4386
3973
3116
2258
1520
562
-977
-2908
-4687
-5945
-6690
-6931
-6578
-5660
-4391
-2916
-1268
397
1803
2821
3541
4058
4358
4423
4355
4321
4391
4416
4128
3353
2115
520
-1345
-3315
-5055
-6204
-6654
-6561
-6113
-5391
-4517
-3718
-3156
-2762
-2344
-1764
-952
128
1409
2676
3683
4260
4293
3705
2575
1215
59
-560
-518
110
1106
2153
2870
2975
2449
1545
594
-184
-641
-585
172
1623
3369
4650
4800
3776
2088
233
-1580
-3103
-3907
-3768
-2918
-1781
-691
67
202
-413
-1592
-2907
-3874
-4164
-3652
-2299
-114
2590
5065
6546
6723
5712
3689
871
-2293
-5153
-7176
-8123
-8016
-7090
-5735
-4377
-3338
-2740
-2472
-2273
-1917
-1296
-359
910
2382
3751
4673
4932
4503
3505
2108
505
-1010
-2079
-2474
-2246
-1582
-662
395
1502
2621
3731
4844
6003
7215
8373
9326
9973
10062
9134
6901
3683
172
-3110
-5976
-8248
-9649
-9996
-9398
-8220
-6812
-5288
-3639
-1980
-521
725
1926
3126
4144
4831
5207
5294
4966
4090
2714
1067
-684
-2493
-4256
-5703
-6589
-6909
-6779
-6247
-5310
-4126
-3015
-2202
-1616
-1038
-435
37
286
421
556
670
710
688
638
597
652
921
1425
2063
2695
3259
3784
4324
4869
5361
5821
6317
6851
7257
7293
6792
5783
4469
3054
1529
-288
-2451
-4636
-6385
-7417
-7744
-7433
-6566
-5326
-4015
-2904
-2088
-1562
-1314
-1373
-1648
-1873
-1739
-1169
-325
652
1811
3145
4354
4994
4881
4092
2670
558
-2077
-4720
-6868
-8339
-9164
-9332
-8825
-7758
-6360
-4812
-3167
-1425
384
2179
3891
5475
6820
7724
7964
7447
6271
4705
3046
1479
129
-841
-1270
-1185
-795
-319
118
449
660
840
1146
1732
2644
3728
4690
5336
5703
5856
5733
5153
3947
1988
-583
-3323
-5729
-7532
-8606
-8863
-8336
-7224
-5706
-3976
-2330
-1047
-201
276
464
502
579
798
1198
1809
2518
3004
3009
2531
1648
376
-1150
-2558
-3494
-3841
-3681
-3075
-2081
-836
376
1249
1649
1669
1448
1077
699
564
850
1481
2196
2729
2938
2789
2273
1400
263
-886
-1751
-2148
-2081
-1641
-963
-214
418
802
916
858
817
1016
1650
2768
4184
5516
6402
6720
6550
6027
5206
4000
2247
8
-2339
-4441
-6249
-7811
-8984
-9638
-9839
-9658
-9025
-7919
-6444
-4636
-2462
-53
2289
4331
6017
7334
8239
8695
8685
8166
7095
5456
3273
665
-2117
-4754
-6962
-8468
-8990
-8378
-6789
-4613
-2291
-204
1374
2317
2642
2429
1859
1181
580
56
-486
-1101
-1786
-2523
-3256
-3878
-4257
-4252
-3724
-2633
-1106
584
2156
3435
4364
4938
5144
5028
4744
4479
4326
4289
4412
4691
4939
4873
4423
3778
3151
2568
1920
1053
-167
-1738
-3477
-5102
-6400
-7263
-7679
-7642
-7073
-5916
-4371
-2896
-1819
-1074
-441
114
558
1100
2104
3670
5475
7036
7977
8126
7377
5640
2980
-190
-3225
-5636
-7252
-8032
-7942
-7142
-6051
-5110
-4498
-4160
-3959
-3786
-3543
-3082
-2202
-868
638
1895
2621
2711
2127
1014
-217
-1079
-1266
-705
505
2126
3849
5389
6518
7083
7093
6707
6108
5431
4816
4388
4140
3973
3853
3799
3701
3303
2480
1393
350
-421
-790
-743
-510
-559
-1236
-2460
-3851
-5139
-6289
-7255
-7820
-7714
-6888
-5580
-4140
-2725
-1270
265
1691
2801
3636
4399
5154
5782
6118
6044
5435
4202
2379
125
-2304
-4628
-6593
-8053
-8934
-9203
-8892
-8153
-7159
-5982
-4621
-3106
-1530
85
1797
3610
5328
6634
7294
7236
6447
4968
2996
930
-808
-1948
-2390
-2146
-1370
-371
527
1135
1466
1641
1782
1927
2078
2293
2636
2992
3120
2924
2548
2152
1733
1271
872
642
550
526
641
1002
1544
1916
1635
420
-1573
-3849
-5921
-7454
-8250
-8188
-7380
-6044
-4417
-2740
-1331
-416
105
487
919
1468
2231
3275
4552
5847
6828
7155
6640
5291
3233
645
-2147
-4700
-6693
-8034
-8709
-8613
-7705
-6232
-4653
-3297
-2171
-1098
13
1086
2029
2834
3500
3865
3686
2907
1759
539
-590
-1527
-2117
-2220
-1819
-1024
1
1066
1995
2705
3215
3578
3823
3974
4096
4234
4350
4321
4032
3489
2815
2143
1554
1135
1009
1226
1670
2171
2639
3072
3468
3820
4057
3975
3277
1819
-222
-2405
-4250
-5506
-6219
-6564
-6606
-6289
-5665
-4943
-4280
-3604
-2730
-1614
-413
688
1632
2445
3103
3507
3541
3100
2164
862
-624
-2198
-3827
-5339
-6472
-7066
-7142
-6798
-6143
-5332
-4487
-3657
-2876
-2213
-1678
-1213
-756
-253
371
1140
1933
2590
3036
3315
3478
3595
3755
4020
4385
4816
5231
5446
5264
4633
3693
2657
1679
875
395
399
896
1643
2337
2828
3128
3215
2994
2511
2025
1845
2023
2359
2559
2472
2062
1325
257
-1071
-2552
-4177
-5990
-7814
-9208
-9786
-9512
-8621
-7346
-5877
-4384
-3081
-2133
-1585
-1271
-957
-558
-172
145
511
1066
1783
2520
3140
3534
3637
3434
2958
2216
1272
321
-411
-894
-1299
-1776
-2337
-2907
-3419
-3802
-3984
-3852
-3250
-2055
-296
1811
3953
5783
7030
7550
7320
6405
4998
3429
2022
963
271
-131
-345
-418
-413
-463
-642
-747
-432
413
1542
2666
3699
4620
5269
5333
4615
3233
1554
-80
-1482
-2499
-2958
-2835
-2355
-1865
-1597
-1581
-1694
-1792
-1805
-1773
-1810
-2056
-2523
-2985
-3134
-2888
-2481
-2108
-1760
-1310
-757
-204
236
517
690
821
921
971
1050
1308
1788
2390
2994
3496
3720
3471
2683
1434
-183
-2054
-3916
-5426
-6355
-6722
-6699
-6445
-6014
-5408
-4663
-3868
-3032
-2003
-665
826
2120
3019
3588
3923
3970
3617
2952
2256
1828
1782
2030
2416
2845
3258
3535
3523
3201
2708
2203
1717
1213
727
405
368
584
886
1141
1311
1412
1413
1259
981
726
685
892
1173
1255
1002
456
-239
-983
-1728
-2439
-3122
-3894
-4905
-6061
-7003
-7328
-6921
-5888
-4437
-2771
-1103
380
1518
2146
2177
1723
1092
541
165
-48
-72
161
668
1271
1596
1328
545
-416
-1339
-2263
-3126
-3624
-3526
-2923
-2068
-1121
-157
742
1477
1956
2153
2217
2389
2785
3304
3828
4325
4730
4884
4668
4126
3406
2668
2059
1684
1576
1699
1964
2201
2200
1851
1194
336
-634
-1576
-2300
-2689
-2783
-2667
-2371
-1958
-1599
-1482
-1664
-2058
-2547
-3033
-3397
-3477
-3113
-2306
-1284
-361
313
787
1143
1342
1352
1231
1057
751
180
-627
-1421
-1946
-2146
-2144
-2047
-1810
-1328
-601
208
875
1305
1564
1774
1962
2107
2306
2767
3564
4531
5387
5889
5884
5303
4157
2477
342
-2013
-4223
-5944
-6985
-7314
-7049
-6425
-5615
-4658
-3573
-2506
-1609
-831
30
1064
2110
2923
3357
3401
3061
2333
1271
34
-1150
-2066
-2600
-2749
-2597
-2281
-1961
-1826
-1980
-2374
-2778
-2909
-2543
-1604
-195
1449
3069
4483
5541
6080
5989
5345
4394
3385
2478
1758
1330
1246
1419
1611
1585
1277
813
372
72
-75
-134
-243
-544
-1054
-1599
-1985
-2151
-2162
-2043
-1784
-1372
-838
-211
470
1119
1607
1776
1547
970
261
-374
-806
-1004
-968
-800
-695
-827
-1276
-2029
-3030
-4121
-5080
-5643
-5627
-4988
-3914
-2755
-1775
-1060
-588
-335
-218
-59
342
1109
2222
3463
4490
5056
5141
4824
4183
3323
2473
1888
1719
1914
2269
2539
2528
2097
1183
-122
-1552
-2760
-3476
-3535
-2940
-1844
-492
878
2077
2923
3283
3149
2675
2057
1484
1072
873
832
808
628
169
-570
-1428
-2136
-2459
-2344
-1969
-1583
-1364
-1333
-1453
-1634
-1803
-1898
-1910
-1813
-1504
-884
29
1037
1832
2143
1919
1353
705
138
-232
-249
225
1113
2080
2689
2664
1999
858
-575
-2113
-3485
-4392
-4635
-4245
-3476
-2687
-2142
-1899
-1889
-2022
-2184
-2168
-1734
-750
662
2155
3284
3730
3419
2506
1233
-153
-1392
-2215
-2416
-2004
-1211
-384
200
425
300
-124
-770
-1472
-1945
-1893
-1197
-5
1373
2641
3632
4268
4490
4260
3670
2985
2507
2401
2606
2943
3225
3337
3194
2754
2068
1302
636
141
-217
-528
-897
-1370
-1827
-2072
-2025
-1821
-1602
-1418
-1216
-937
-532
-18
497
887
1091
1129
1030
834
613
482
498
592
552
152
-704
-1933
-3373
-4832
-6121
-7055
-7525
-7513
-7080
-6341
-5459
-4575
-3735
-2893
-1966
-940
154
1279
2441
3600
4589
5168
5197
4724
3892
2846
1720
700
19
-136
222
880
1545
1995
2095
1780
1108
294
-388
-727
-584
92
1198
2429
3418
3929
3940
3565
2934
2162
1392
821
658
966
1564
2092
2244
1913
1192
274
-627
-1346
-1790
-1962
-1925
-1799
-1717
-1757
-1930
-2164
-2362
-2420
-2288
-1964
-1477
-870
-224
325
592
446
-94
-803
-1357
-1500
-1138
-331
768
1921
2817
3129
2642
1357
-454
-2366
-3992
-5179
-5882
-6002
-5413
-4227
-2849
-1686
-883
-344
48
346
580
837
1204
1688
2139
2370
2298
1948
1382
655
-96
-663
-875
-713
-294
223
664
875
760
375
-77
-350
-299
67
696
1506
2376
3070
3361
3158
2562
1792
1065
509
198
205
567
1176
1782
2174
2319
2286
2116
1838
1536
1334
1265
1209
972
468
-215
-945
-1655
-2299
-2758
-2895
-2643
-2020
-1100
-23
975
1656
1895
1741
1367
927
491
69
-289
-525
-696
-1015
-1695
-2762
-4022
-5206
-6094
-6570
-6622
-6275
-5562
-4519
-3312
-2220
-1461
-988
-559
35
804
1626
2426
3204
3915
4372
4312
3596
2351
897
-432
-1452
-2079
-2261
-1992
-1383
-626
83
616
942
1134
1333
1663
2184
2864
3595
4222
4616
4689
4381
3689
2722
1717
949
589
606
824
1053
1187
1187
1002
614
91
-407
-744
-894
-921
-919
-969
-1129
-1386
-1646
-1771
-1719
-1558
-1399
-1253
-1034
-673
-256
9
-41
-367
-776
-1062
-1107
-898
-473
91
705
1236
1485
1214
336
-966
-2286
-3275
-3839
-4084
-4113
-3948
-3612
-3216
-2912
-2802
-2837
-2845
-2607
-2009
-1078
52
1209
2268
3122
3663
3765
3423
2832
2295
1986
1889
1922
2013
2077
2001
1721
1248
659
64
-392
-582
-463
-90
444
1046
1606
2008
2192
2178
2032
1831
1706
1780
2060
2391
2553
2422
2039
1546
1061
635
259
-68
-341
-571
-837
-1245
-1841
-2535
-3109
-3328
-3073
-2433
-1648
-911
-250
381
909
1154
1000
526
-55
-553
-873
-1032
-1088
-1081
-998
-858
-774
-929
-1434
-2196
-2978
-3598
-4027
-4312
-4467
-4476
-4344
-4082
-3710
-3276
-2810
-2249
-1478
-469
648
1707
2605
3325
3868
4188
4181
3806
3193
2600
2212
2057
2017
1955
1767
1442
1040
640
305
48
-136
-259
-287
-187
37
309
548
720
857
985
1087
1158
1286
1600
2116
2658
2996
3057
2934
2738
2492
2154
1666
1019
241
-602
-1499
-2469
-3446
-4210
-4499
-4241
-3596
-2814
-2036
-1286
-553
104
566
768
771
747
861
1193
1695
2219
2604
2765
2670
2258
1451
257
-1161
-2558
-3730
-4567
-5068
-5288
-5280
-5057
-4611
-3994
-3298
-2606
-1914
-1150
-223
854
1952
2890
3562
3986
4227
4286
4067
3525
2789
2120
1697
1522
1457
1328
1019
533
-34
-588
-1093
-1537
-1854
-1964
-1803
-1411
-921
-480
-120
229
626
1034
1386
1675
1942
2211
2454
2607
2607
2412
2030
1522
972
449
-35
-518
-1066
-1737
-2533
-3352
-3993
-4270
-4124
-3654
-3015
-2285
-1459
-523
405
1115
1437
1433
1334
1373
1596
1894
2130
2235
2179
1915
1375
503
-648
-1928
-3102
-3973
-4439
-4556
-4475
-4297
-4012
-3606
-3164
-2799
-2506
-2170
-1692
-1044
-238
744
1867
3022
4011
4664
4913
4831
4540
4135
3653
3129
2624
2194
1827
1424
866
109
-758
-1559
-2134
-2418
-2403
-2090
-1508
-784
-114
361
622
762
896
1094
1347
1603
1838
2045
2162
2063
1686
1122
520
-29
-484
-808
-958
-957
-928
-1048
-1411
-1926
-2386
-2628
-2627
-2436
-2104
-1633
-1040
-370
274
782
1081
1200
1265
1426
1762
2246
2777
3221
3488
3499
3188
2491
1413
57
-1385
-2657
-3570
-4089
-4296
-4250
-3961
-3478
-2924
-2421
-2030
-1720
-1408
-936
-190
836
2015
3176
4129
4711
4826
4462
3719
2809
1972
1313
776
282
-176
-605
-1071
-1629
-2231
-2762
-3129
-3311
-3308
-3103
-2675
-2090
-1500
-1045
-728
-429
-61
336
661
905
1169
1538
1956
2294
2457
2428
2219
1867
1464
1088
728
298
-274
-968
-1665
-2211
-2487
-2502
-2352
-2127
-1853
-1505
-1055
-508
73
592
1004
1360
1750
2184
2597
2945
3216
3386
3365
3089
2540
1712
615
-697
-2064
-3251
-4069
-4530
-4787
-4946
-4950
-4725
-4327
-3885
-3435
-2894
-2198
-1353
-396
681
1829
2887
3671
4103
4208
4045
3691
3259
2825
2400
1982
1590
1215
762
159
-560
-1284
-1933
-2449
-2802
-2945
-2853
-2537
-2049
-1485
-922
-399
98
596
1099
1609
2147
2714
3249
3630
3774
3704
3504
3222
2840
2332
1726
1100
505
-87
-726
-1409
-2009
-2369
-2415
-2211
-1882
-1544
-1245
-969
-643
-238
206
598
866
1013
1103
1224
1418
1676
1942
2148
2195
2036
1672
1139
427
-471
-1485
-2445
-3175
-3632
-3883
-4041
-4179
-4306
-4360
-4248
-3929
-3442
-2843
-2150
-1333
-368
705
1758
2601
3096
3233
3126
2931
2750
2578
2325
1907
1320
649
6
-534
-948
-1266
-1543
-1796
-1980
-2015
-1894
-1672
-1398
-1067
-671
-257
132
496
859
1210
1530
1836
2163
2507
2827
3080
3258
3352
3333
3173
2860
2401
1841
1203
483
-316
-1094
-1708
-2080
-2254
-2350
-2488
-2727
-2978
-3072
-2883
-2440
-1865
-1293
-811
-419
-48
385
911
1473
1951
2217
2210
1946
1441
670
-370
-1564
-2693
-3551
-4032
-4143
-3961
-3599
-3177
-2775
-2418
-2097
-1789
-1465
-1122
-756
-331
243
1003
1850
2590
3075
3279
3287
3242
3271
3367
3380
3153
2716
2245
1891
1662
1440
1108
622
59
-429
-703
-725
-570
-361
-198
-118
-118
-172
-249
-306
-293
-127
271
920
1716
2458
2956
3123
2977
2574
1986
1304
645
106
-301
-658
-1063
-1550
-2025
-2380
-2583
-2716
-2846
-2926
-2843
-2546
-2129
-1722
-1424
-1269
-1279
-1399
-1460
-1263
-738
-18
675
1189
1465
1498
1311
962
557
194
-40
-126
-85
33
149
147
-90
-568
-1149
-1633
-1907
-1975
-1879
-1651
-1290
-820
-320
81
295
326
268
245
367
671
1088
1476
1735
1838
1796
1636
1391
1096
760
409
120
-39
-72
-44
-19
-55
-218
-531
-946
-1352
-1629
-1686
-1502
-1113
-566
126
914
1660
2168
2347
2285
2198
2279
2586
3029
3438
3644
3543
3107
2369
1416
391
-533
-1180
-1444
-1376
-1182
-1102
-1255
-1611
-2050
-2421
-2580
-2469
-2162
-1800
-1502
-1322
-1251
-1216
-1154
-1066
-1019
-1044
-1072
-958
-600
-60
475
808
885
768
525
171
-281
-776
-1223
-1562
-1766
-1847
-1846
-1822
-1852
-1986
-2216
-2465
-2605
-2511
-2128
-1492
-719
57
733
1288
1760
2205
2647
3045
3318
3406
3330
3168
2977
2761
2486
2127
1700
1260
864
520
212
-36
-173
-160
-2
246
486
609
571
438
317
295
413
659
974
1261
1451
1501
1416
1253
1092
993
925
811
568
196
-232
-634
-985
-1344
-1788
-2343
-2911
-3323
-3451
-3294
-2950
-2548
-2182
-1883
-1615
-1289
-821
-205
427
888
1062
992
825
691
636
635
641
604
471
223
-89
-350
-478
-490
-447
-379
-288
-192
-153
-212
-323
-392
-348
-196
38
332
644
872
948
921
941
1115
1406
1711
1952
2111
2155
2026
1700
1228
696
175
-280
-615
-793
-816
-736
-611
-486
-359
-224
-106
-47
-40
-23
72
248
462
659
788
808
711
529
314
85
-152
-398
-652
-904
-1164
-1444
-1748
-2035
-2245
-2332
-2291
-2155
-2003
-1930
-1960
-2021
-2015
-1904
-1723
-1513
-1312
-1130
-952
-754
-536
-325
-138
19
153
244
284
285
269
249
239
252
282
313
329
339
353
354
333
300
284
319
420
590
808
1040
1247
1388
1453
1474
1527
1656
1853
2058
2215
2291
2288
2198
1990
1667
1301
1032
950
1064
1297
1563
1788
1915
1885
1686
1361
976
568
127
-314
-671
-845
-838
-738
-654
-645
-699
-791
-890
-961
-966
-900
-769
-600
-436
-346
-389
-594
-930
-1305
-1615
-1791
-1839
-1804
-1754
-1741
-1781
-1840
-1857
-1799
-1666
-1472
-1213
-905
-590
-303
-49
186
396
564
691
768
768
662
482
320
263
334
471
586
631
616
581
547
510
441
339
215
101
19
-25
-40
-49
-84
-167
-249
-233
-44
265
546
681
673
617
608
662
721
727
679
614
549
454
300
82
-194
-523
-877
-1172
-1319
-1271
-1065
-786
-522
-332
-229
-179
-143
-102
-66
-40
-3
66
169
270
341
374
401
445
477
429
276
87
-34
-49
-20
-13
-48
-94
-138
-213
-357
-550
-717
-786
-744
-628
-490
-376
-319
-312
-335
-341
-279
-129
56
199
265
272
242
182
109
67
97
180
261
281
232
129
10
-76
-92
-36
56
141
187
174
122
71
80
167
319
479
585
591
515
425
383
429
571
817
1123
1406
1569
1549
1366
1108
865
691
583
534
510
447
301
103
-80
-245
-425
-607
-721
-716
-601
-409
-177
33
170
226
230
186
61
-150
-396
-595
-702
-709
-641
-528
-417
-369
-417
-552
-730
-895
-983
-957
-821
-617
-398
-235
-190
-286
-454
-585
-623
-596
-553
-495
-374
-159
91
289
360
322
241
162
85
-26
-178
-355
-540
-712
-847
-924
-956
-980
-1021
-1061
-1067
-1002
-855
-638
-376
-101
146
338
485
615
746
882
1032
1188
1314
1378
1379
1342
1294
1244
1195
1154
1133
1148
1188
1214
1170
1036
855
698
586
466
310
164
108
159
252
303
278
187
83
0
-47
-68
-54
-3
60
89
64
16
-14
-27
-63
-163
-333
-536
-747
-945
-1123
-1253
-1319
-1328
-1301
-1273
-1279
-1337
-1407
-1430
-1371
-1257
-1149
-1094
-1105
-1165
-1258
-1358
-1418
-1388
-1255
-1055
-845
-690
-616
-604
-589
-522
-399
-234
-34
197
428
619
758
870
1000
1167
1360
1560
1751
1914
2031
2090
2093
2057
1996
1926
1852
1766
1669
1571
1483
1391
1261
1097
927
777
630
476
327
231
224
298
407
482
496
473
451
423
368
260
106
-83
-280
-455
-588
-692
-805
-943
-1093
-1224
-1337
-1441
-1531
-1564
-1514
-1379
-1211
-1056
-932
-838
-786
-777
-795
-808
-801
-784
-772
-773
-779
-789
-810
-841
-876
-919
-991
-1094
-1173
-1161
-1024
-796
-562
-397
-329
-303
-276
-242
-215
-190
-154
-97
-7
133
334
585
876
1184
1493
1757
1925
1962
1882
1741
1582
1439
1324
1264
1276
1368
1495
1571
1517
1324
1061
822
673
632
672
733
757
715
606
466
351
300
301
322
335
341
341
315
241
121
-5
-82
-91
-52
-20
-31
-85
-162
-256
-372
-500
-626
-751
-893
-1060
-1259
-1490
-1730
-1934
-2071
-2145
-2171
-2150
-2063
-1919
-1753
-1631
-1590
-1631
-1705
-1750
-1736
-1663
-1545
-1381
-1186
-988
-811
-665
-534
-417
-298
-161
-7
127
191
209
247
349
487
615
722
812
874
878
836
819
886
1047
1263
1469
1614
1686
1714
1728
1734
1739
1758
1810
1896
2007
2095
2098
1987
1808
1645
1540
1477
1425
1368
1297
1204
1080
921
726
495
240
-1
-193
-332
-430
-508
-573
-627
-653
-633
-568
-485
-415
-378
-389
-454
-563
-686
-807
-935
-1077
-1227
-1351
-1420
-1437
-1435
-1448
-1467
-1466
-1452
-1464
-1525
-1607
-1650
-1612
-1495
-1319
-1133
-979
-892
-878
-907
-953
-1001
-1043
-1037
-924
-673
-322
41
368
632
833
961
1036
1090
1146
1211
1276
1324
1336
1309
1253
1178
1085
987
898
848
877
974
1079
1122
1095
1019
905
749
574
428
339
322
353
397
418
399
336
221
79
-43
-98
-87
-44
-3
9
-20
-70
-110
-141
-168
-185
-163
-109
-52
-27
-51
-135
-274
-431
-555
-614
-603
-552
-494
-441
-388
-336
-311
-355
-494
-719
-996
-1278
-1502
-1615
-1610
-1520
-1403
-1312
-1270
-1254
-1204
-1095
-949
-800
-652
-496
-331
-170
-31
64
98
75
22
-16
-16
47
177
332
452
521
578
649
715
767
825
916
1032
1166
1307
1432
1498
1490
1438
1361
1286
1205
1125
1041
980
952
929
872
775
669
562
460
372
310
247
159
68
12
-12
-54
-138
-234
-301
-326
-333
-342
-346
-335
-320
-334
-406
-513
-607
-638
-573
-424
-230
-50
67
96
39
-70
-189
-308
-436
-565
-651
-674
-673
-701
-743
-755
-711
-647
-610
-616
-638
-623
-531
-363
-156
45
212
344
442
486
449
357
287
294
362
430
468
474
465
440
388
323
266
236
219
196
175
173
182
164
102
15
-51
-68
-34
41
133
204
217
165
83
16
-22
-53
-85
-89
-64
-39
-54
-107
-179
-239
-270
-254
-204
-151
-131
-156
-207
-239
-211
-119
-13
52
78
117
205
313
366
328
212
71
-46
-119
-165
-227
-307
-387
-431
-441
-434
-450
-519
-636
-751
-817
-834
-819
-774
-702
-624
-568
-540
-525
-508
-475
-431
-379
-331
-287
-243
-191
-138
-105
-102
-127
-152
-155
-124
-59
19
104
184
267
347
425
508
619
743
836
870
865
881
942
1032
1110
1146
1137
1095
1024
920
790
669
581
521
466
421
403
407
413
434
494
595
698
773
822
857
881
891
890
853
765
626
470
320
167
-7
-195
-347
-433
-454
-444
-422
-398
-368
-361
-403
-509
-651
-786
-874
-899
-873
-827
-780
-725
-671
-640
-658
-695
-707
-675
-628
-590
-553
-502
-427
-345
-271
-221
-195
-198
-227
-276
-325
-349
-346
-305
-241
-168
-135
-157
-214
-270
-310
-341
-378
-413
-424
-407
-399
-438
-504
-546
-540
-509
-458
-370
-247
-126
-46
-5
14
28
56
113
205
292
330
298
238
210
253
346
434
480
487
492
521
574
642
720
820
934
1054
1150
1194
1152
1022
827
611
413
256
140
45
-52
-169
-314
-471
-601
-646
-609
-546
-504
-485
-466
-459
-480
-525
-599
-702
-811
-875
-875
-833
-797
-796
-845
-924
-984
-988
-933
-841
-730
-606
-468
-310
-131
54
211
322
386
435
496
582
673
736
763
762
761
766
779
803
837
894
985
1107
1223
1287
1301
1306
1322
1313
1244
1135
1034
974
952
953
962
962
957
959
991
1059
1137
1174
1150
1080
1013
960
894
788
639
483
338
202
41
-152
-358
-532
-654
-749
-855
-1003
-1191
-1382
-1521
-1586
-1605
-1601
-1582
-1571
-1599
-1654
-1681
-1630
-1503
-1364
-1250
-1148
-1026
-904
-835
-837
-881
-933
-976
-1004
-1009
-1008
-1031
-1079
-1108
-1074
-965
-825
-706
-620
-534
-408
-233
-37
142
273
347
383
406
422
407
343
255
191
188
239
319
395
447
476
488
480
459
445
455
492
555
655
780
883
920
893
846
817
804
797
803
848
930
1010
1027
964
859
757
674
609
564
537
516
500
479
418
282
79
-161
-419
-672
-883
-1003
-1032
-1007
-973
-944
-899
-819
-702
-585
-496
-430
-348
-226
-94
-2
36
48
60
63
30
-23
-58
-43
16
90
129
89
-25
-181
-311
-364
-309
-178
-31
82
154
216
296
397
500
594
683
771
848
901
914
898
885
892
898
859
767
654
554
476
410
358
315
281
248
203
142
93
76
96
136
178
228
307
422
519
531
456
358
283
207
99
-31
-153
-270
-419
-609
-822
-1028
-1215
-1378
-1487
-1529
-1517
-1479
-1436
-1410
-1412
-1442
-1468
-1446
-1344
-1158
-926
-719
-587
-532
-513
-497
-472
-439
-398
-333
-239
-130
-41
-4
-39
-133
-259
-383
-470
-502
-464
-359
-225
-100
8
108
195
267
330
383
420
448
507
602
689
731
729
707
670
618
568
546
558
607
681
763
822
841
824
783
725
649
568
509
479
477
498
536
569
574
553
530
514
486
432
377
371
426
502
539
520
471
399
290
123
-99
-335
-524
-616
-621
-572
-508
-456
-437
-452
-478
-474
-411
-289
-136
-9
56
46
-18
-102
-157
-177
-206
-285
-383
-439
-447
-462
-537
-647
-733
-747
-670
-513
-310
-130
-22
13
8
-8
-26
-44
-64
-96
-148
-224
-290
-313
-281
-208
-101
45
206
346
443
504
535
551
578
635
702
743
745
687
582
461
381
361
398
480
580
675
731
729
664
566
484
447
439
417
350
243
122
19
-75
-177
-283
-376
-442
-509
-595
-682
-736
-738
-712
-696
-710
-751
-806
-863
-907
-918
-879
-771
-598
-390
-203
-79
-19
0
1
4
26
62
95
104
86
31
-69
-204
-342
-457
-557
-664
-772
-845
-854
-800
-712
-608
-484
-327
-151
4
127
221
278
274
222
165
138
133
123
94
50
5
-20
-2
63
153
242
310
361
391
399
395
394
409
442
487
530
563
579
569
546
520
494
453
422
430
485
546
569
545
483
418
370
355
338
280
173
48
-53
-118
-137
-122
-108
-135
-206
-258
-239
-153
-46
49
126
176
185
153
116
90
